0 0.5847477890625 0.24194701406250002 0.4102442 0.2822343421875 0.43691964531250005 0.3977783921875 0.611423234375 0.35749106406250003 0.5847477890625 0.24194701406250002
0 0.47153255312500003 1 0.8622801421874999 0.9097888109375001 0.7534085171875 0.4382139984375 0.30136170624999997 0.5425772281250001 0.40696607343749996 1 0.47153255312500003 1
1 0.8074698218749999 0.4586174578125 0.758279359375 0.4699739703125 0.7665697421875 0.5058835687500001 0.81576020625 0.4945270546875 0.8074698218749999 0.4586174578125
1 0.9532473937500001 0.7588316078124999 0.909918375 0.7688349 0.9297468734375001 0.8547215609375 0.9730758921874999 0.84471826875 0.9532473937500001 0.7588316078124999
1 0.9270230171874999 0.5329947078124999 0.8766602640625001 0.544621865625 0.8899979874999999 0.6023938906249999 0.9403607390625 0.5907667328125 0.9270230171874999 0.5329947078124999
1 0.8555674218749999 0.46395549843749995 0.8321520906250001 0.46936135312499994 0.8433293468749999 0.517775365625 0.8667446765625 0.5123695109375 0.8555674218749999 0.46395549843749995
1 0.7616970546874999 0.36721734375000004 0.7441279453125 0.3712734921875 0.752418328125 0.4071830890625 0.7699874390625 0.403126940625 0.7616970546874999 0.36721734375000004
1 0.64456753125 0.33011481875 0.618807621875 0.3360619609375 0.6278197234375 0.3750976625 0.6535796328125001 0.36915051875 0.64456753125 0.33011481875
1 0.3061186484375 0.36549991875 0.23818678593749998 0.381183225 0.250802790625 0.435829146875 0.318734653125 0.42014584062500004 0.3061186484375 0.36549991875
1 0.43059900156250003 0.1673356625 0.3884422703125 0.1770683109375 0.3963717953125 0.21141485468750001 0.438528525 0.20168220781250001 0.43059900156250003 0.1673356625
1 0.44699047031249994 0.206314065625 0.404833740625 0.2160467125 0.41276326562500004 0.2503932578125 0.4549199953125 0.24066060937499997 0.44699047031249994 0.206314065625
1 0.082372034375 0.5931349781249999 0.0448892359375 0.6017885640625 0.0585878171875 0.6611236421875 0.096070615625 0.65247005625 0.082372034375 0.5931349781249999