0 0.8345970984375001 0.5711884953124999 0.8183902875 0.4169909828125 0.70205194375 0.4292186359375 0.71825875625 0.583416146875 0.8345970984375001 0.5711884953124999
0 0.8890525140625 0.6754346124999999 0.875734934375 0.5487263078125 0.813577315625 0.5552593359375 0.8268948953124999 0.6819676421875001 0.8890525140625 0.6754346124999999
0 0.6419886859374999 0.931027165625 0.6220123171874999 0.7409647078125 0.48972018593750005 0.7548691703125 0.5096965546875001 0.9449316281250001 0.6419886859374999 0.931027165625
0 0.5646795296875 0.7627095484375 0.5469652218750001 0.594169165625 0.40352615781249995 0.60924521875 0.42124046562500006 0.7777856015625 0.5646795296875 0.7627095484375
1 0.346411628125 0.43395819687500004 0.332842528125 0.3048568234375 0.2754710453125 0.310886809375 0.289040146875 0.4399881828125 0.346411628125 0.43395819687500004
1 0.402974325 0.389340428125 0.39581249218750003 0.3212001375 0.3288687375 0.3282362109375 0.3360305703125 0.3963765 0.402974325 0.389340428125
1 0.865555128125 0.743160203125 0.8596509046874999 0.6869852562500001 0.802279421875 0.6930152421875 0.808183646875 0.7491901890625 0.865555128125 0.743160203125
1 0.695139203125 0.854144 0.687098678125 0.7776435109375 0.637683371875 0.78283726875 0.645723896875 0.8593377578125001 0.695139203125 0.854144
1 0.2544398609375 1 0.24584982968750002 0.9182713234375001 0.14863531562500001 0.9284889812499999 0.1561514265625 1 0.2544398609375 1
1 0.4896916671875 0.11073413750000001 0.48089657656250007 0.02705444375 0.42512047500000005 0.0329167484375 0.433915565625 0.11659644218750001 0.4896916671875 0.11073413750000001
1 0.9023364109375 0.24983961406250002 0.8990698953124999 0.21876080468749998 0.8703737953124999 0.2217768859375 0.873640309375 0.25285569531249996 0.9023364109375 0.24983961406250002
1 0.679859321875 0.724012684375 0.6739550984375 0.6678377359375001 0.6468543765625 0.6706861375 0.6527586015625 0.7268610843750001 0.679859321875 0.724012684375
1 0.10039271406250001 0.6688987046875 0.0159308703125 0.677776003125 0.0213336859375 0.7291803531250001 0.10579552968749999 0.72030305625 0.10039271406250001 0.6688987046875
1 0.123912315625 1 0.12102024062500001 0.9724837375 0.08277258750000001 0.9765037281250001 0.08524214531249999 1 0.123912315625 1