0 0.2052988671875 0.6574144468750001 0.18649739999999998 0.5387066546875 0.0994367890625 0.5524957015624999 0.11823825624999999 0.67120349375 0.2052988671875 0.6574144468750001
0 0.155807796875 0.76504415625 0.13945061718750001 0.66176899375 0.077720096875 0.6715461484375 0.094077275 0.7748213109375001 0.155807796875 0.76504415625
0 0.7523940859375 0.8129320796874999 0.72588333125 0.6455497703125 0.57233895 0.6698688125000001 0.598849703125 0.8372511203125 0.7523940859375 0.8129320796874999
1 0.8932218046875 0.892838678125 0.87535894375 0.780057015625 0.7914671656250001 0.79334416875 0.8093300265625001 0.90612583125 0.8932218046875 0.892838678125
1 1 0.6859831187500001 0.999266034375 0.6813490421874999 0.916958671875 0.6943852484375 0.9259829859375 0.7513625187499999 1 0.7396393765625 1 0.6859831187500001
1 0.9515885609374999 0.247149221875 0.93278709375 0.1284414296875 0.8678877390625 0.138720478125 0.8866892078124999 0.25742827031250004 0.9515885609374999 0.247149221875
1 0.46064914999999995 0 0.455024653125 0.0008908328125 0.4685611234375 0.0863567390625 0.566692075 0.0708143234375 0.5554761890625 0 0.46064914999999995 0
1 0.3883970140625 0.4714349953125 0.374107703125 0.3812158390625 0.30762393125 0.391745834375 0.3219132421875 0.481964990625 0.3883970140625 0.4714349953125
1 0.271054821875 0.29410026093749997 0.2565773015625 0.2026927921875 0.19801561406249998 0.21196805156249998 0.21249313593750002 0.303375521875 0.271054821875 0.29410026093749997
1 0.0389583828125 0.406305196875 0.032190148437499996 0.36357224375 0.0005429671875 0.368584665625 0.007311203125 0.41131761874999995 0.0389583828125 0.406305196875
1 0.7210787234375 0.553820475 0.7054719406250001 0.45528312968750007 0.6374037515625 0.466064071875 0.653010534375 0.5646014171875 0.7210787234375 0.553820475
1 0.62237010625 0.6887037921875 0.6103368734375 0.612728953125 0.561261109375 0.620501790625 0.5732943421875001 0.6964766296875 0.62237010625 0.6887037921875
1 0.6281328125 0.6123545078125 0.6211763671874999 0.5684332421875 0.5705161859375 0.5764570265625 0.5774726296875 0.6203782921875 0.6281328125 0.6123545078125
1 0.6206014468750001 0.564869934375 0.6115771343749999 0.5078926625 0.5577686953125001 0.51641508125 0.566793009375 0.573392353125 0.6206014468750001 0.564869934375
1 0.6477893546875 0.5009390875 0.63763578125 0.43683194218750004 0.60123535 0.44259720312499995 0.6113889234375 0.5067043499999999 0.6477893546875 0.5009390875
1 0.9027097718749999 0.37902066875 0.89688014375 0.3422138453125 0.8303963718749999 0.35274384062499997 0.8362259999999999 0.3895506640625 0.9027097718749999 0.37902066875
1 0.6737758453125 0.367828846875 0.6677580078124999 0.32983371093749997 0.620266659375 0.3373556015625 0.6262844984375 0.3753507375 0.6737758453125 0.367828846875
1 0.7566183203125 0.3376620890625 0.7515415328125 0.305608515625 0.7103878515625001 0.31212661875 0.7154646390625 0.34418019218749996 0.7566183203125 0.3376620890625
1 0.539350853125 1 0.5798119374999999 0.9935915937500001 0.5749233593749999 0.9627263328125 0.5258475953125 0.9704991703125 0.53052006875 1 0.539350853125 1
1 0.53214423125 1 0.516525596875 0.9013878265624999 0.4389714859375 0.9136711921874999 0.45264462656250004 1 0.53214423125 1
1 0.48230281093749994 0.8082352125 0.47121062968749994 0.7382019359374999 0.4253037 0.7454728796875 0.43639588125 0.81550615625 0.48230281093749994 0.8082352125
0 0.372305959375 0.8719140031249999 0.347863075 0.7175876984375 0.2639712953125 0.7308748515625 0.28841418124999996 0.8852011546874999 0.372305959375 0.8719140031249999
0 0.36135062812499996 0.7105869015625 0.3464966875 0.6168028078125001 0.25153456875 0.6318433296875 0.2663885109375 0.7256274234375 0.36135062812499996 0.7105869015625