1 0.626203125 0.0785208328125 0.527640625 0.0785208328125 0.527640625 0.1650625 0.626203125 0.1650625 0.626203125 0.0785208328125
1 0.7067265625 0.05609375 0.6189921875 0.05609375 0.6189921875 0.11378124999999999 0.7067265625 0.11378124999999999 0.7067265625 0.05609375
1 0.7163515625 0.2035208328125 0.6165859375 0.2035208328125 0.6165859375 0.2772291671875 0.7163515625 0.2772291671875 0.7163515625 0.2035208328125
1 0.8485625000000001 0.17146875 0.7235625 0.17146875 0.7235625 0.27082291718749996 0.8485625000000001 0.27082291718749996 0.8485625000000001 0.17146875
0 0.8100937500000001 0.40384374999999995 0.6875 0.40384374999999995 0.6875 0.5064062500000001 0.8100937500000001 0.5064062500000001 0.8100937500000001 0.40384374999999995
1 0.8906328125 0.5144375 0.8064921875 0.5144375 0.8064921875 0.5881458328125 0.8906328125 0.5881458328125 0.8906328125 0.5144375
1 0.7091328125 0.4054479171875 0.6298046875 0.4054479171875 0.6298046875 0.4455104171875 0.7091328125 0.4455104171875 0.7091328125 0.4054479171875
1 0.6069765625 0.42146875 0.5637109375 0.42146875 0.5637109375 0.4679479171875 0.6069765625 0.4679479171875 0.6069765625 0.42146875
1 0.5733203125 0.4535208328125 0.5228359375 0.4535208328125 0.5228359375 0.49839583281250005 0.5733203125 0.49839583281250005 0.5733203125 0.4535208328125
1 0.6310078125 0.47435416718749995 0.5781171875 0.47435416718749995 0.5781171875 0.5304375 0.6310078125 0.5304375 0.6310078125 0.47435416718749995
1 0.4711484375 0.60096875 0.3942265625 0.60096875 0.3942265625 0.67628125 0.4711484375 0.67628125 0.4711484375 0.60096875
1 0.2043203125 0.41665625000000006 0.1273984375 0.41665625000000006 0.1273984375 0.4807604171875 0.2043203125 0.4807604171875 0.2043203125 0.41665625000000006
1 0 0.5576875 0.0661015625 0.5576875 0.0661015625 0.4951875 0 0.4951875 0 0.5576875
1 0.1971171875 0.8397395828124999 0.12500781249999998 0.8397395828124999 0.12500781249999998 0.9455104171875 0.1971171875 0.9455104171875 0.1971171875 0.8397395828124999
1 0.55528125 0.8269270828125 0.46875 0.8269270828125 0.46875 0.9022395828124999 0.55528125 0.9022395828124999 0.55528125 0.8269270828125
1 1 0.3413541671875 0.9182734375000001 0.3413541671875 0.9182734375000001 0.3862291671875 1 0.3862291671875 1 0.3413541671875
1 0.9891875000000001 0.2980625 0.8774062499999999 0.2980625 0.8774062499999999 0.3493541671875 0.9891875000000001 0.3493541671875 0.9891875000000001 0.2980625
1 1 0.42467708281250005 0.9242812499999999 0.42467708281250005 0.9242812499999999 0.48878125 1 0.48878125 1 0.42467708281250005
1 1 0.5528854171875001 0.9483124999999999 0.5528854171875001 0.9483124999999999 0.6378229171875 1 0.6378229171875 1 0.5528854171875001
1 0.8846093749999999 0.6266041671875 0.8245156250000001 0.6266041671875 0.8245156250000001 0.6955208328125 0.8846093749999999 0.6955208328125 0.8846093749999999 0.6266041671875
1 0.9975937500000001 0.7067395828125 0.9423125000000001 0.7067395828125 0.9423125000000001 0.7708437499999999 0.9975937500000001 0.7708437499999999 0.9975937500000001 0.7067395828125
1 0.501203125 0.2548125 0.43029687499999997 0.2548125 0.43029687499999997 0.3173125 0.501203125 0.3173125 0.501203125 0.2548125
1 0.324515625 0.21154166718749998 0.25960937500000003 0.21154166718749998 0.25960937500000003 0.259625 0.324515625 0.259625 0.324515625 0.21154166718749998
1 0.3726015625 0.0320625 0.3245234375 0.0320625 0.3245234375 0.0705208328125 0.3726015625 0.0705208328125 0.3726015625 0.0320625