1 0.5636797875 0.9835600140625 0.6129535328125 0.984420090625 0.6137927015625 0.93634408125 0.5645189578124999 0.9354840046874999 0.5636797875 0.9835600140625
1 0.615170528125 0.7889185890625 0.6920806890625 0.7902610609375 0.693255453125 0.7229588125 0.61634529375 0.7216163421874999 0.615170528125 0.7889185890625
1 0.419286125 0.7165722515625 0.521426815625 0.7183551234375 0.5225455875 0.65426071875 0.42040489687499993 0.652477846875 0.419286125 0.7165722515625
1 0.7602213843750001 0.5365887296875 0.8659709 0.53843459375 0.8674252671874999 0.45511395156249995 0.7616757515625 0.45326808749999997 0.7602213843750001 0.5365887296875
1 1 0.3644868140625 0.9531670671875 0.3636693421875 0.951796690625 0.442178215625 1 0.44301960781250005 1 0.3644868140625
1 0.466599578125 0.2782374734375 0.5627411828125 0.27991563125 0.5643075359374999 0.1901793015625 0.46816593125 0.18850114375 0.466599578125 0.2782374734375
1 0.09213263125 0.313363725 0.0032086781250000003 0.3118115515625 0.0021458984375 0.37269810937500003 0.091069853125 0.3742502828125 0.09213263125 0.313363725
1 0.2810113453125 0.4432736484375 0.3398930015625 0.44430143125 0.3416549671875 0.34335847343750003 0.2827733109375 0.342330690625 0.2810113453125 0.4432736484375
1 0.321760684375 0.5193193203125 0.36141089531250004 0.5200114171875 0.36236168750000003 0.4655405484375 0.3227114765625 0.46484845156250004 0.321760684375 0.5193193203125
1 0.3529415765625 0.454166078125 0.40341826249999996 0.45504715312500005 0.40428542968750003 0.4053672203125 0.35380874375000004 0.40448614687499995 0.3529415765625 0.454166078125
0 0.09814824531250001 0.520229384375 0.24356359374999997 0.52276761875 0.24577314062500003 0.396182734375 0.1003577921875 0.3936445 0.09814824531250001 0.520229384375
0 0.2847461546875 0.9177861 0.42414679531250005 0.9202193484375 0.42585276875 0.8224842359375 0.286452128125 0.8200509874999999 0.2847461546875 0.9177861
0 0.21222036718749998 0.9405654859375 0.3059560875 0.9422016484375 0.3069908703125 0.8829190140625001 0.2132551484375 0.8812828500000001 0.21222036718749998 0.9405654859375
0 0.0725395828125 0.8163067125 0.2023323109375 0.818572253125 0.204485865625 0.6951952140625 0.0746931359375 0.6929296734375 0.0725395828125 0.8163067125
0 0.21638803593749997 0.77073735625 0.30531199062500003 0.7722895296875001 0.306458759375 0.7065912046875 0.2175348046875 0.70503903125 0.21638803593749997 0.77073735625