1 0.325677965625 0.54159505 0.3579140234375 0.389936321875 0.23093823750000003 0.362946784375 0.19870217968749998 0.5146055140625 0.325677965625 0.54159505
0 0.196979946875 0.63834200625 0.224966809375 0.50667416875 0.15130006875 0.49101581875000005 0.12331320625 0.62268365625 0.196979946875 0.63834200625
0 0.5342255 0.9324327625000001 0.5827046578124999 0.7043562515625 0.427525615625 0.671371928125 0.3790464578125 0.8994484390625 0.5342255 0.9324327625000001
0 0.6250085578125 0.7674124703125 0.662991425 0.5887171296875 0.5438611984375 0.56339521875 0.50587833125 0.7420905578125 0.6250085578125 0.7674124703125
1 0.8463634265625 0.396677025 0.8771018703125 0.25206401562499997 0.7955895703125 0.2347380421875 0.7648511265625 0.3793510515625 0.8463634265625 0.396677025
1 0.7975606625 0.3641955625 0.8153046249999999 0.280716778125 0.7384996593750001 0.264391378125 0.7207556953124999 0.34787016249999997 0.7975606625 0.3641955625
1 0.673014475 0.06369523906249999 0.6807608093749999 0.027251598437500003 0.622764809375 0.01492416875 0.6150184750000001 0.0513678078125 0.673014475 0.06369523906249999
1 0.9048920171875 1 0.9191033953125001 0.933140721875 0.8140747968750001 0.9108162046875 0.7951181953125 1 0.9048920171875 1
1 0.3936875734375 0.6764555046875 0.405181190625 0.6223822828125 0.362855928125 0.6133857703125 0.35136231093750003 0.6674589921875 0.3936875734375 0.6764555046875
1 0.382564959375 0.828935984375 0.400058778125 0.746634034375 0.33892455312499997 0.733639553125 0.3214307328125 0.8159415046875 0.382564959375 0.828935984375
1 0.200098434375 0.6930611203125 0.2100944390625 0.6460336171875001 0.15209843750000002 0.6337061859374999 0.14210243281249998 0.6807336890625 0.200098434375 0.6930611203125
1 0.1878803828125 0.1879038203125 0.194627765625 0.15615987343749999 0.157009840625 0.1481639359375 0.15026245625 0.1799078828125 0.1878803828125 0.1879038203125
1 0.49238600000000005 0.3816590515625 0.5036327234375 0.3287473796875 0.4550310140625 0.3184167671875 0.443784290625 0.3713284390625 0.49238600000000005 0.3816590515625