1 0.20893235468750002 0.5188685375000001 0.20673097343750002 0.47686368281249997 0.12190987812500001 0.4813089671875 0.124111259375 0.523313821875 0.20893235468750002 0.5188685375000001
1 0.3054307484375 0.4006718421875 0.3002723859375 0.30224441875 0.24746984843750003 0.3050116828125 0.2526282109375 0.40343910625 0.3054307484375 0.4006718421875
1 0.6103457296875 0.9214900874999999 0.614182609375 0.9947021156250001 0.723012421875 0.9889985875 0.7191755421875 0.915786559375 0.6103457296875 0.9214900874999999
1 0.8827704687500001 0.668901940625 0.873901159375 0.49966544218750003 0.7714792171875 0.5050331484374999 0.7803485265625 0.674269646875 0.8827704687500001 0.668901940625
1 0.88593050625 0.48458552031249996 0.999566225 0.478630125 0.9921435140625 0.33699637031249996 0.8785077953125 0.34295176562499996 0.88593050625 0.48458552031249996
1 0.894180375 0.15197917968750002 0.890720478125 0.08596040625 0.7899005031249999 0.09124415625 0.7933604015625 0.15726293125 0.894180375 0.15197917968750002
1 0.7695836984375 0.1934005828125 0.7658097859375 0.12139003125 0.66338784375 0.1267577375 0.66716175625 0.1987682890625 0.7695836984375 0.1934005828125
1 0.8223228312499999 0.954910615625 0.8193037015625 0.8973021749999999 0.77288823125 0.89973470625 0.7759073625 0.957343146875 0.8223228312499999 0.954910615625
1 0.8451128718750001 0.8995482546875 0.8494534859374999 0.9823720921874999 0.9470695234375001 0.9772562515625 0.942728909375 0.894432415625 0.8451128718750001 0.8995482546875
1 0.6391748828125 0.8285022874999999 0.63665866875 0.7804900515625001 0.574244321875 0.7837610500000001 0.5767605375 0.8317732843750001 0.6391748828125 0.8285022874999999
1 0.42383437968750004 0.761555590625 0.42131816562499996 0.7135433546875001 0.3861164734375 0.7153881984375 0.3886326890625 0.7634004328125 0.42383437968750004 0.761555590625
1 0.3364109734375 0.6854954906249999 0.333768825 0.635080303125 0.276160384375 0.6380994328125 0.2788025328125 0.688514621875 0.3364109734375 0.6854954906249999
0 0.302568425 0.6523697125 0.29395098124999997 0.48793911874999996 0.2331386046875 0.491126159375 0.24175604687500002 0.6555567546875001 0.302568425 0.6523697125
0 0.5830682609375 0.584713953125 0.569795371875 0.331452140625 0.33133096093750003 0.34394953125 0.34460385 0.59721134375 0.5830682609375 0.584713953125
0 0.6461490796875 0.6861140234375 0.637656753125 0.524070778125 0.3527976796875 0.538999609375 0.36129000625 0.7010428546874999 0.6461490796875 0.6861140234375
0 0.968388475 0.8329192578125 0.959330265625 0.66007833125 0.7320796328125 0.67198803125 0.7411378421875 0.8448289593749999 0.968388475 0.8329192578125