0 0.538657084375 0.1817726421875 0.39344355468750003 0.1613642125 0.384075465625 0.22802163125 0.52928899375 0.2484300609375 0.538657084375 0.1817726421875
0 0.3815436171875 0.1855791359375 0.23396272968749998 0.16483799375 0.21522655 0.2981528328125 0.3628074390625 0.318893975 0.3815436171875 0.1855791359375
0 0.6069533703125 0.3693847265625 0.32844047656250003 0.3302422921875 0.3027920328125 0.5127404453125 0.581304928125 0.5518828796874999 0.6069533703125 0.3693847265625
0 0.468985121875 0.59112244375 0.2856926921875 0.5653623718749999 0.2671797703125 0.6970886578125 0.4504722 0.722848728125 0.468985121875 0.59112244375
1 0.248144109375 0.7461985890625 0.0934147234375 0.7244527921875 0.0735651609375 0.8656897765625 0.22829454531249999 0.8874355734374999 0.248144109375 0.7461985890625
1 0.7303959765625 0.708784296875 0.66731280625 0.6999185359375 0.6566080750000001 0.7760866546875 0.719691246875 0.7849524171875 0.7303959765625 0.708784296875
1 0.8186174718749999 0.5820056375 0.7507686359375 0.57247010625 0.7340417687499999 0.6914879484374999 0.8018906046875 0.70102348125 0.8186174718749999 0.5820056375
1 0.767804528125 0.4599543828125 0.6987642765625 0.45025140781250006 0.692742140625 0.49310113125 0.7617823921875 0.5028041062499999 0.767804528125 0.4599543828125
1 0.64907120625 0.3461662703125 0.612168246875 0.340979896875 0.6063693671875 0.38224106562500004 0.6432723265625 0.3874274390625 0.64907120625 0.3461662703125
1 0.6127561953125 0.27633889218749996 0.5508644406250001 0.2676405734375 0.5443957921875 0.31366740625 0.6062875453125 0.322365725 0.6127561953125 0.27633889218749996
1 0.574899303125 0.295285871875 0.5094333 0.286085225 0.5056408328125 0.31307002968750003 0.5711068359375 0.32227067656249997 0.574899303125 0.295285871875
1 0.46962222656249997 0.1202746875 0.4220119953125 0.11358350625 0.41509683124999996 0.16278745 0.4627070640625 0.1694786328125 0.46962222656249997 0.1202746875
1 0.30929890000000004 0.7774303015624999 0.25811441875 0.7702367921875 0.2518690265625 0.8146750718750001 0.30305350625 0.8218685812500001 0.30929890000000004 0.7774303015624999
1 0.8278304359374999 1 0.838645128125 0.9230494640625 0.7755619578124999 0.9141837015625001 0.7635012624999999 1 0.8278304359374999 1