1 0.3653828125 0.44390625000000006 0.46274218749999996 0.44390625000000006 0.46274218749999996 0.3269270828125 0.3653828125 0.3269270828125 0.3653828125 0.44390625000000006
1 0.24278125 0.1041666671875 0.3389375 0.1041666671875 0.3389375 0.0320416671875 0.24278125 0.0320416671875 0.24278125 0.1041666671875
1 0.27884375 0.036864582812500005 0.35215625 0.036864582812500005 0.35215625 0.0000104171875 0.27884375 0.0000104171875 0.27884375 0.036864582812500005
1 0.47596875 0.3814166671875 0.5360625 0.3814166671875 0.5360625 0.3045 0.47596875 0.3045 0.47596875 0.3814166671875
1 0.4639375 0.3253229171875 0.53365625 0.3253229171875 0.53365625 0.2403854171875 0.4639375 0.2403854171875 0.4639375 0.3253229171875
1 0.8918203124999999 0.2740416671875 0.9999921875 0.2740416671875 0.9999921875 0.1666666671875 0.8918203124999999 0.1666666671875 0.8918203124999999 0.2740416671875
0 0.640625 0.7756458328125 0.7704375 0.7756458328125 0.7704375 0.7163541671875 0.640625 0.7163541671875 0.640625 0.7756458328125
1 0.0877421875 0.30609375 0.18269531249999998 0.30609375 0.18269531249999998 0.23878125 0.0877421875 0.23878125 0.0877421875 0.30609375
1 0.032453125 0.2756354171875 0.103359375 0.2756354171875 0.103359375 0.1874895828125 0.032453125 0.1874895828125 0.032453125 0.2756354171875
1 0.538453125 0.6410208328125 0.590140625 0.6410208328125 0.590140625 0.6089791671875 0.538453125 0.6089791671875 0.538453125 0.6410208328125
0 0.6790859375 0.3942395828125 0.8569765625000001 0.3942395828125 0.8569765625000001 0.2676354171875 0.6790859375 0.2676354171875 0.6790859375 0.3942395828125
0 0.7872578125 0.7740416671875 0.9218671875 0.7740416671875 0.9218671875 0.6137916671875 0.7872578125 0.6137916671875 0.7872578125 0.7740416671875
0 0.608171875 0.65865625 0.876203125 0.65865625 0.876203125 0.4455104171875 0.608171875 0.4455104171875 0.608171875 0.65865625