0 0.67428125 0.1233958328125 0.56009375 0.1233958328125 0.56009375 0.1955208328125 0.67428125 0.1955208328125 0.67428125 0.1233958328125
0 0.5853359375 0.15384375 0.4230703125 0.15384375 0.4230703125 0.29165625 0.5853359375 0.29165625 0.5853359375 0.15384375
0 0.8173046875000001 0.3205104171875 0.5372578125 0.3205104171875 0.5372578125 0.47436458281249994 0.8173046875000001 0.47436458281249994 0.8173046875000001 0.3205104171875
0 0.735578125 1 0.735578125 0.8509583328125 0.530046875 0.8509583328125 0.530046875 1 0.735578125 1
1 1 0.6394375 0.92909375 0.6394375 0.92909375 0.7339791671875 1 0.7339791671875 1 0.6394375
1 0.3665859375 0.44712500000000005 0.2199453125 0.44712500000000005 0.2199453125 0.572125 0.3665859375 0.572125 0.3665859375 0.44712500000000005
1 0.5865390625 0.8044791671875 0.5048046875 0.8044791671875 0.5048046875 0.8701874999999999 0.5865390625 0.8701874999999999 0.5865390625 0.8044791671875
1 0.501203125 0.8301354171875 0.45432812499999997 0.8301354171875 0.45432812499999997 0.9294895828125 0.501203125 0.9294895828125 0.501203125 0.8301354171875
1 0.139421875 0.3557604171875 0.052890625000000004 0.3557604171875 0.052890625000000004 0.44711458281249994 0.139421875 0.44711458281249994 0.139421875 0.3557604171875
1 0.727171875 0.1618541671875 0.675484375 0.1618541671875 0.675484375 0.20031249999999998 0.727171875 0.20031249999999998 0.727171875 0.1618541671875
1 0.7716406250000001 0.5785208328125 0.7091406250000001 0.5785208328125 0.7091406250000001 0.6313958328125 0.7716406250000001 0.6313958328125 0.7716406250000001 0.5785208328125
1 0.43029687499999997 0.830125 0.36539062499999997 0.830125 0.36539062499999997 0.9022500000000001 0.43029687499999997 0.9022500000000001 0.43029687499999997 0.830125
1 0.24639843749999998 0.9246770828124999 0.16707031249999998 0.9246770828124999 0.16707031249999998 0.9823645828125 0.24639843749999998 0.9823645828125 0.24639843749999998 0.9246770828124999
1 0.9735546875000001 0.41986458281249994 0.9459140625 0.41986458281249994 0.9459140625 0.45992708281250005 0.9735546875000001 0.45992708281250005 0.9735546875000001 0.41986458281249994