0 0.7367890625 0.2932708328125 0.5745234375 0.2932708328125 0.5745234375 0.4182708328125 0.7367890625 0.4182708328125 0.7367890625 0.2932708328125
1 0.923078125 0.4807708328125 0.8653906250000001 0.4807708328125 0.8653906250000001 0.5368541671875 0.923078125 0.5368541671875 0.923078125 0.4807708328125
1 0.8834140625 0.8605625 0.8040859375 0.8605625 0.8040859375 0.9326874999999999 0.8834140625 0.9326874999999999 0.8834140625 0.8605625
1 0.8149140625 0.8525729171875 0.7151484375 0.8525729171875 0.7151484375 0.9551354171875 0.8149140625 0.9551354171875 0.8149140625 0.8525729171875
1 1 0.8974270828125 0.9519296875000001 0.8974270828125 0.9519296875000001 0.9999895828125 1 0.9999895828125 1 0.8974270828125
1 0.8966328125 1 0.8966328125 0.9519166671875 0.8148984374999999 0.9519166671875 0.8148984374999999 1 0.8966328125 1
1 0.953125 0.7099270828125 0.8882187500000001 0.7099270828125 0.8882187500000001 0.7596145828124999 0.953125 0.7596145828124999 0.953125 0.7099270828125
1 0.8341328125 0.7483958328125 0.7884609375 0.7483958328125 0.7884609375 0.7996875 0.8341328125 0.7996875 0.8341328125 0.7483958328125
1 0.5673125 0.7307812499999999 0.509625 0.7307812499999999 0.509625 0.8060937499999999 0.5673125 0.8060937499999999 0.5673125 0.7307812499999999
1 0.8557656250000001 0.4070416671875 0.8064843749999999 0.4070416671875 0.8064843749999999 0.4310833328125 0.8557656250000001 0.4310833328125 0.8557656250000001 0.4070416671875
1 0.7752343749999999 0.3060833328125 0.7439843749999999 0.3060833328125 0.7439843749999999 0.3333333328125 0.7752343749999999 0.3333333328125 0.7752343749999999 0.3060833328125
1 0.141828125 0.44390625000000006 0.019234375 0.44390625000000006 0.019234375 0.49359374999999994 0.141828125 0.49359374999999994 0.141828125 0.44390625000000006
1 0.253609375 0.43428125 0.162265625 0.43428125 0.162265625 0.48396875 0.253609375 0.48396875 0.253609375 0.43428125
1 0.31970312500000003 0.4182708328125 0.27523437500000003 0.4182708328125 0.27523437500000003 0.4535208328125 0.31970312500000003 0.4535208328125 0.31970312500000003 0.4182708328125
1 0.27164062499999997 0.3028958328125 0.206734375 0.3028958328125 0.206734375 0.3413541671875 0.27164062499999997 0.3413541671875 0.27164062499999997 0.3028958328125
1 0.2211484375 0.0817291671875 0.19110156250000002 0.0817291671875 0.19110156250000002 0.1233958328125 0.2211484375 0.1233958328125 0.2211484375 0.0817291671875
1 0.25601562499999997 0.1458333328125 0.222359375 0.1458333328125 0.222359375 0.177875 0.25601562499999997 0.177875 0.25601562499999997 0.1458333328125
1 0.30409375 0.1522395828125 0.25240625 0.1522395828125 0.25240625 0.1955104171875 0.30409375 0.1955104171875 0.30409375 0.1522395828125
1 0.17547656250000002 0.1794895828125 0.1189921875 0.1794895828125 0.1189921875 0.2131354171875 0.17547656250000002 0.2131354171875 0.17547656250000002 0.1794895828125
1 0.3269140625 0.6842916671875 0.25480468749999996 0.6842916671875 0.25480468749999996 0.7612083328125 0.3269140625 0.7612083328125 0.3269140625 0.6842916671875
1 0.441109375 0.7115416671875 0.391828125 0.7115416671875 0.391828125 0.75 0.441109375 0.75 0.441109375 0.7115416671875
1 0.3076875 0.8669791671875 0.21634375 0.8669791671875 0.21634375 0.9118541671875 0.3076875 0.9118541671875 0.3076875 0.8669791671875
1 0.36898437500000003 0.9406979171875 0.30648437500000003 0.9406979171875 0.30648437500000003 0.9839687500000001 0.36898437500000003 0.9839687500000001 0.36898437500000003 0.9406979171875
1 0.52884375 0.6810833328125 0.48678125000000005 0.6810833328125 0.48678125000000005 0.7291666671875 0.52884375 0.7291666671875 0.52884375 0.6810833328125
1 0.8365390625 0.4679375 0.7908671875 0.4679375 0.7908671875 0.4951875 0.8365390625 0.4951875 0.8365390625 0.4679375
1 0.7259609375 0.1618645828125 0.6911015625 0.1618645828125 0.6911015625 0.19071875 0.7259609375 0.19071875 0.7259609375 0.1618645828125
1 0.2968671875 0.34615625 0.22235156250000002 0.34615625 0.22235156250000002 0.3830104171875 0.2968671875 0.3830104171875 0.2968671875 0.34615625
1 0.11778906250000001 0.3621770828125 0.045679687499999996 0.3621770828125 0.045679687499999996 0.39103125 0.11778906250000001 0.39103125 0.11778906250000001 0.3621770828125