0 0.6184849296875 0.7407247828125 0.50372240625 0.7672198 0.5271548078125 0.8687166828124999 0.64191733125 0.8422216656250001 0.6184849296875 0.7407247828125
0 0.7393895875000001 0.78355189375 0.6152487515625 0.8122120640625001 0.627503896875 0.8652949328125 0.7516447328125 0.8366347624999999 0.7393895875000001 0.78355189375
0 0.819640275 0.4952883234375 0.5725308921875001 0.55233801875 0.606057971875 0.6975597578125 0.85316735625 0.6405100625 0.819640275 0.4952883234375
0 0.49918865312499994 0.45908169687499994 0.3762201046875 0.4874712234375 0.40253469218750004 0.6014522203125 0.5255032390625 0.5730626937500001 0.49918865312499994 0.45908169687499994
1 0 0.311185171875 0.015135692187499999 0.3767450546875 0.1814332578125 0.3383522359375 0.160166009375 0.2462336671875 0 0.28321090312499997 0 0.311185171875
1 0.14642308125 0.6622266078125 0.0843526625 0.67655669375 0.1034594421875 0.7593172515625 0.1655298609375 0.744987165625 0.14642308125 0.6622266078125
1 0.5584923796875 0 0.5710371546874999 0.054337396875 0.6647289265625 0.032706946875 0.6571779328125 0 0.5584923796875 0
1 0.8985289625 0.238598709375 0.8130432140625 0.2583346484375 0.8353930390625001 0.3551423734375 0.9208787875000001 0.33540643281250004 0.8985289625 0.238598709375
1 0.50042445625 0.21865191718750002 0.4395263265625 0.232711359375 0.455750921875 0.30298780000000003 0.5166490515625 0.288928359375 0.50042445625 0.21865191718750002
1 0.9723962609375001 0.3235019984375 0.9478086421875 0.329178496875 0.9611463640625001 0.386950521875 0.9857339843749999 0.38127402187500004 0.9723962609375001 0.3235019984375
1 0.9085550250000001 0.586606503125 0.8265709187500001 0.6055340250000001 0.8438734046875 0.680479321875 0.9258575109375 0.6615517984375 0.9085550250000001 0.586606503125
1 0.7419017875 0.666176359375 0.6950559015625 0.676991584375 0.7019075359375 0.706669275 0.7487534218749999 0.69585405 0.7419017875 0.666176359375
1 0.9732391578125 0.5568557281250001 0.9392732265625 0.56469738125 0.94720275 0.5990439265624999 0.9811686828124999 0.5912022734375 0.9732391578125 0.5568557281250001
1 0.269080053125 0.1783262078125 0.22340645625 0.1888707875 0.245395421875 0.2841154609375 0.29106901875 0.27357088125 0.269080053125 0.1783262078125
1 0.123771471875 0.1954203984375 0.0745810078125 0.2067769125 0.087557871875 0.26298588437500003 0.1367483359375 0.251629371875 0.123771471875 0.1954203984375