1 0.45110843593750005 0.4399245453125 0.4653977453125 0.34970538906250004 0.41317372499999994 0.3414339171875 0.39888441406249997 0.43165307343750003 0.45110843593750005 0.4399245453125
1 0.46868214999999996 0.8309092250000001 0.47977433124999996 0.76087595 0.42438147812500004 0.7521025828125001 0.41328929687500005 0.8221358593750001 0.46868214999999996 0.8309092250000001
1 0.902709540625 1 0.912575121875 0.9377111687499999 0.8223456765625 0.9234202296875 0.81021663125 1 0.902709540625 1
1 0.8700377484375 0.663255984375 0.8794384828125 0.6039020875000001 0.782891946875 0.58861061875 0.7734912140625 0.647964515625 0.8700377484375 0.663255984375
1 0.6702989953125 0.7155838906249999 0.6840236749999999 0.6289296703125 0.623877571875 0.6194034640625 0.6101528921875 0.7060576828125 0.6702989953125 0.7155838906249999
1 0.7331432999999999 0.5953407625 0.7434850843749999 0.5300453046875 0.6706842234375 0.5185147796875 0.6603424390625 0.5838102390625 0.7331432999999999 0.5953407625
1 0.3885563671875 0.23044299375000002 0.4026574671875 0.1414121484375 0.34251136249999997 0.1318859421875 0.32841026093750003 0.2209167859375 0.3885563671875 0.23044299375000002
0 0.1841513796875 0.5887059453125 0.20464673906250003 0.4593033390625 0.11917054375 0.445765240625 0.098675184375 0.5751678453125 0.1841513796875 0.5887059453125
0 0.10982421718749999 0.6584608515625 0.12448994843750001 0.56586506875 0.072265928125 0.557593596875 0.057600196874999995 0.650189378125 0.10982421718749999 0.6584608515625
0 0.305329528125 0.8378864593750001 0.329584203125 0.68474846875 0.25044567500000003 0.6722141578125 0.22619099999999998 0.8253521484374999 0.305329528125 0.8378864593750001
0 0.33263571875000003 0.6961790609375 0.3512489765625 0.5786595812499999 0.2847652046875 0.5681295859375 0.266151946875 0.685649065625 0.33263571875000003 0.6961790609375
0 0.787277059375 0.888670525 0.8216853078125 0.6714253875 0.63649374375 0.642093925 0.6020854953125 0.8593390624999999 0.787277059375 0.888670525