1 0.8876111703125 0.746388578125 0.8908810046875001 0.6996277640625 0.83173376875 0.6954917859374999 0.828463934375 0.7422526015625001 0.8876111703125 0.746388578125
1 0.7246147 0.7337768609374999 0.7276327578124999 0.690616628125 0.6716860421875 0.6867044531250001 0.6686679843750001 0.7298646843750001 0.7246147 0.7337768609374999
1 0.70934395 0.8833180890625 0.71571576875 0.7921968484375 0.6549682734375 0.78794896875 0.6485964546874999 0.8790702109374999 0.70934395 0.8833180890625
1 0.6555218703125 0.9410088703125 0.6607198171875 0.8666747609375 0.5935712875 0.861979278125 0.5883733390625 0.9363133875 0.6555218703125 0.9410088703125
1 0.4737427875 0.829502290625 0.48028245781249995 0.7359806609375 0.40833315 0.730949475 0.40179348125000003 0.8244711046875001 0.4737427875 0.829502290625
1 0.17836413125 0.5738922515625 0.18297568749999998 0.5079439156250001 0.0950445734375 0.5017951734375 0.09043301718749999 0.567743509375 0.17836413125 0.5738922515625
1 0.112316428125 0.3234875234375 0.1180179296875 0.2419522484375 0.0636714703125 0.238151975 0.05796996875 0.3196872484375 0.112316428125 0.3234875234375
1 0.0945367046875 0.164406634375 0.0984768546875 0.1080598515625 0.0489103921875 0.104593828125 0.044970240625000005 0.16094060937500002 0.0945367046875 0.164406634375
1 0.6324162546875 0.122497 0.63903985 0.027775176562499997 0.5639108078125 0.0225216421875 0.5572872125 0.11724346562500002 0.6324162546875 0.122497
1 0.10603313750000001 0 0.09294375 0.18718694375 0.1920558953125 0.194117540625 0.2056299171875 0 0.10603313750000001 0
1 0.2276508265625 0.856871203125 0.21893126875000002 0.9815667093749999 0.3260447078125 0.989056809375 0.3347642671875 0.864361303125 0.2276508265625 0.856871203125
0 0.5146406296875 0.520297284375 0.5248697625000001 0.37401386875 0.4065752921875 0.3657419140625 0.396346159375 0.5120253296875 0.5146406296875 0.520297284375
0 0.6622998375 0.8667774156249999 0.6839308843749999 0.5574390390625 0.5256715046875 0.5463724640625001 0.5040404578125 0.8557108421875 0.6622998375 0.8667774156249999
0 0.8423929625 0.6118988937500001 0.8522863921875 0.4704162546875 0.7323916625 0.4620323984375 0.7224982328125 0.6035150375 0.8423929625 0.6118988937500001
0 0.8899479749999999 0.7128213796875 0.9001771078124999 0.5665379640625 0.8362290953124999 0.562066284375 0.8259999625000001 0.7083497000000001 0.8899479749999999 0.7128213796875