0 0.325235578125 0.2760006015625 0.4628508015625 0.24168927187499997 0.43842677031250005 0.1437298328125 0.300811546875 0.1780411625 0.325235578125 0.2760006015625
0 0.2075071953125 0.2161732984375 0.3159680640625 0.189130965625 0.3020121953125 0.13315703125 0.193551325 0.1601993625 0.2075071953125 0.2161732984375
0 0.09379625 0.55503991875 0.2558962796875 0.5146238421875 0.21674021250000003 0.3575774359375 0.05464018281250001 0.3979935125 0.09379625 0.55503991875
0 0.267178928125 0.5151173140624999 0.3966224421875 0.4828434203125 0.3760742015625 0.400428928125 0.2466306875 0.43270282031249996 0.267178928125 0.5151173140624999
1 0.6060865578125 0.52805408125 0.7238713625 0.49868703124999997 0.710691659375 0.44582612812500005 0.5929068546875 0.47519317968749997 0.6060865578125 0.52805408125
1 0.80559101875 0.35444515781249997 0.8930540812500001 0.3326381671875 0.8725058406249999 0.25022367343749996 0.785042778125 0.2720306640625 0.80559101875 0.35444515781249997
1 0.5613922828125 1 0.610469625 0.9877636437499999 0.5732514531249999 0.8384897109375 0.4822862296875 0.8611698875 0.5169004640625 1 0.5613922828125 1
1 0.46860234375000004 1 0.5187281453125 0.9875022343750001 0.49546836406250006 0.8942123437499999 0.42433355781250004 0.9119482421875 0.44628732812500005 1 0.46860234375000004 1
1 0.40905316718750007 1 0.44411573281249994 0.9912579203125 0.42628407343749997 0.9197390406249999 0.31432104375000003 0.947654559375 0.327372228125 1 0.40905316718750007 1
1 0.18501476875 0.746997025 0.2549821859375 0.7295521875000001 0.23055815468750002 0.6315927484375 0.1605907375 0.6490375859374999 0.18501476875 0.746997025
1 0.1546121546875 0.26734391875 0.21058608906249998 0.25338805 0.1958540546875 0.1943010828125 0.13988011875 0.2082569515625 0.1546121546875 0.26734391875
1 0.2602824984375 0.358283321875 0.2987607875 0.34868960625 0.29139225 0.319136015625 0.2529139609375 0.32872973125 0.2602824984375 0.358283321875
1 0.7342085609375 0.7636827421875 0.7761890124999999 0.753215840625 0.76572085 0.7112303343749999 0.7237404 0.7216972359375 0.7342085609375 0.7636827421875
1 0.49788899531249997 0.7499133609374999 0.5317128984374999 0.7414801140625 0.511552740625 0.6606221359375 0.47772883750000006 0.6690553828125 0.49788899531249997 0.7499133609374999
1 0.585402328125 0.0575401078125 0.6262153921875 0.047364267187499996 0.6149710640625 0.0022657296875 0.574158 0.0124415703125 0.585402328125 0.0575401078125