0 0.44741449843750003 0.291352190625 0.49283319687500005 0.4608570796875 0.6445237984375 0.42021170625000004 0.5991051 0.25070681562499997 0.44741449843750003 0.291352190625
1 0.2499519625 0.1364627765625 0.267062328125 0.2003195296875 0.344457134375 0.17958165312500002 0.32734676875 0.11572489999999999 0.2499519625 0.1364627765625
1 0.9164674453125 0.6982385453125 0.9276654125 0.7400299296874999 0.9632638046875 0.7304913703125 0.9520658375 0.6886999859375 0.9164674453125 0.6982385453125
1 0.8477084546875 0.6955040046875001 0.8533094609375 0.71640724375 0.885808840625 0.7076990609375 0.880207834375 0.686795821875 0.8477084546875 0.6955040046875001
1 0.811733084375 0.654131959375 0.8232424437500001 0.6970854734375 0.868137871875 0.68505578125 0.8566285125 0.642102265625 0.811733084375 0.654131959375
1 0.7049948984375 0.2123934609375 0.715881475 0.253022715625 0.7483808546875 0.24431453281249998 0.737494278125 0.20368527812499998 0.7049948984375 0.2123934609375
1 0.6746361890625 0.21677517656249998 0.68396985 0.25160887656250003 0.7087418234375 0.244971246875 0.6994081624999999 0.21013754687500003 0.6746361890625 0.21677517656249998
1 0.5359016515625 0.2191216453125 0.5433669640625001 0.24698256875000002 0.572787453125 0.239099371875 0.5653221421875 0.21123845000000002 0.5359016515625 0.2191216453125
1 0.5494764546875001 0.1831319078125 0.5609858140624999 0.226085421875 0.5934851953125 0.2173772390625 0.5819758359375 0.174423725 0.5494764546875001 0.1831319078125
1 0.3958519171875 0.1670560296875 0.40954101718749997 0.21814445 0.44204039687499996 0.2094362671875 0.42835129531250005 0.158347846875 0.3958519171875 0.1670560296875
1 0.32375013125 0.2137457578125 0.3374392328125 0.2648341796875 0.3761366359375 0.254465240625 0.3624475359375 0.2033768203125 0.32375013125 0.2137457578125
1 0.2860797625 0.054604200000000006 0.29572481562499997 0.0906000296875 0.33287271406249996 0.08064628125 0.3232276609375 0.0446504515625 0.2860797625 0.054604200000000006
1 0.013150220312499999 0.2310285140625 0.02808084375 0.286750359375 0.09155021875 0.2697437921875 0.0766195953125 0.2140219453125 0.013150220312499999 0.2310285140625
1 0.08054652500000001 0.12958955625 0.0964113234375 0.188797790625 0.125831815625 0.18091459375000002 0.10996701718749999 0.12170635781250001 0.08054652500000001 0.12958955625
1 0.080574871875 0.674598253125 0.09395258125 0.7245245437500001 0.18219392968749998 0.7008803453125 0.16881622031250001 0.6509540546875 0.080574871875 0.674598253125
1 0.182487009375 0.6833800578125 0.1911978875 0.7158895000000001 0.2469197328125 0.700958875 0.2382088546875 0.668449434375 0.182487009375 0.6833800578125
1 0.0028078359375000002 0.38436772656249996 0.0136944125 0.42499698124999996 0.0818123078125 0.406744846875 0.07092573125 0.3661155921875 0.0028078359375000002 0.38436772656249996
1 0.17549828125 0.79973158125 0.1876304234375 0.8450093546874999 0.24180276250000002 0.83049391875 0.2296706203125 0.7852161468750001 0.17549828125 0.79973158125
1 0.5196277312500001 0.8456427734374999 0.5429578421875 0.9327119312500001 0.6172536375 0.9128044328125 0.5939235265625 0.8257352750000001 0.5196277312500001 0.8456427734374999
1 0.5362339375 0.7590666359375 0.5480546890625 0.8031822796875 0.5898511046875 0.7919829640625 0.5780303531250001 0.7478673203125 0.5362339375 0.7590666359375
1 0.621364190625 0.736247965625 0.641584428125 0.8117109203125 0.6787323265625 0.8017571718750001 0.6585120890625 0.7262942156250001 0.621364190625 0.736247965625
1 0.673397246875 0.7322621953125 0.6926833109375 0.8042387609375 0.7298312078125 0.7942850124999999 0.71054514375 0.7223084453124999 0.673397246875 0.7322621953125
1 0.6268317875 0.6389713515625 0.64083228125 0.6912219015625001 0.6810791890625 0.6804377749999999 0.667078696875 0.628187225 0.6268317875 0.6389713515625
1 0.5258713390625 0.639899075 0.535827784375 0.677057034375 0.5745251875 0.666688096875 0.5645687421875001 0.6295301375 0.5258713390625 0.639899075
1 0.204456546875 0.9387954281249999 0.2150317328125 0.978262553125 0.3125499953125 0.9521326140624999 0.3019748109375 0.9126654890625 0.204456546875 0.9387954281249999
1 0.56582625 1 0.62166199375 0.9850388578124999 0.6117055484375 0.9478808984375 0.551335184375 0.9640570890625 0.5609660562500001 1 0.56582625 1
1 0.689981025 0.8808857859374999 0.7002448171875 0.9191907828125 0.725016790625 0.9125531515624999 0.7147529984375 0.87424815625 0.689981025 0.8808857859374999
1 0.8304997999999999 0.7984258468750001 0.8479215578125 0.8634447281250001 0.87887143125 0.8551517343749999 0.8614496734375001 0.790132853125 0.8304997999999999 0.7984258468750001
1 0.2830002859375 0.0616652640625 0.277710671875 0.04192415625 0.23591425781250003 0.053123471874999995 0.24120387187499998 0.0728645796875 0.2830002859375 0.0616652640625
1 0.6699332203125 0.936023628125 0.67895346875 0.969687653125 0.7130023546875 0.9605642812499999 0.70398210625 0.9269002578125001 0.6699332203125 0.936023628125