1 0.42423684687499996 0 0.40643845 0.077093328125 0.5059764421875 0.10007348281249999 0.5240006453125 0.0220020828125 0.4286991546875 0 0.42423684687499996 0
1 0.4698833265625 0 0.46671905156250004 0.013705981249999999 0.52878946875 0.028036067187500003 0.5352621046875 0 0.4698833265625 0
1 0.170122346875 0 0.161578996875 0.0370053140625 0.241218525 0.05539154843750001 0.254006671875 0 0.170122346875 0
1 0.2118304453125 0.2360997078125 0.3043499265625 0.2574595125 0.3191310859375 0.19343527968750002 0.226611603125 0.172075475 0.2118304453125 0.2360997078125
1 0.1522862890625 0.1894683609375 0.2260643734375 0.2065013734375 0.24625372968749998 0.1190516609375 0.172475646875 0.1020186484375 0.1522862890625 0.1894683609375
1 0.463433153125 0.43399932343750003 0.5184698375 0.44670554375 0.5346944328125 0.3764291015625 0.4796577484375 0.3637228828125 0.463433153125 0.43399932343750003
1 0.5869178796875001 0.7272944781249999 0.6361083437499999 0.7386509921875 0.64331615 0.70743055 0.5941256859374999 0.6960740375000001 0.5869178796875001 0.7272944781249999
1 0.5589920703125 0.6451894421875 0.5999765109374999 0.6546514453125 0.6082668953125 0.6187418484375 0.567282453125 0.60927984375 0.5589920703125 0.6451894421875
1 0.6134186734375 0.4949466328125 0.6825076015625 0.5108970687500001 0.697288759375 0.44687283593749993 0.6281998328125 0.43092240000000004 0.6134186734375 0.4949466328125
1 0.5665819140624999 0.355834809375 0.6263077546875 0.36962360625 0.6400063359375 0.3102885296875 0.5802804953125 0.29649973281249997 0.5665819140624999 0.355834809375
1 0.5771271640625 0.315506703125 0.63919758125 0.3298367875 0.651452728125 0.27675391875 0.589382309375 0.26242383281250004 0.5771271640625 0.315506703125
0 0.775906796875 0.8169814046875 0.915272165625 0.8491564359374999 0.9505988546875 0.6961397359375 0.8112334859375 0.66396470625 0.775906796875 0.8169814046875
0 0.627825075 0.66766624375 0.8971775 0.72985115 0.93971668125 0.5455937125 0.67036425625 0.4834088046875 0.627825075 0.66766624375
0 0.7684660109375 0.44849882343749997 0.9359358656250001 0.4871622859375 0.9629721703125 0.3700551828125 0.7955023156250001 0.33139172031249997 0.7684660109375 0.44849882343749997
1 0.2936255859375 0.309260125 0.3486622703125 0.32196634375 0.360917415625 0.268883475 0.30588073125 0.25617725468749997 0.2936255859375 0.309260125
0 0.6149281328125 0.8143474078124999 0.7531212109375 0.8462517937499999 0.770423696875 0.7713064968750001 0.6322306171875 0.7394021109375 0.6149281328125 0.8143474078124999