1 0.5961484375 0.8637812500000001 0.5216328125 0.8637812500000001 0.5216328125 0.9487187499999999 0.5961484375 0.9487187499999999 0.5961484375 0.8637812500000001
1 0.5048046875 0.6506458328125 0.41225781250000004 0.6506458328125 0.41225781250000004 0.6923125 0.5048046875 0.6923125 0.5048046875 0.6506458328125
1 0.6658593749999999 0.49359374999999994 0.592546875 0.49359374999999994 0.592546875 0.56090625 0.6658593749999999 0.56090625 0.6658593749999999 0.49359374999999994
1 0.9411015624999999 0.5480729171875 0.8437421875 0.5480729171875 0.8437421875 0.6057604171875 0.9411015624999999 0.6057604171875 0.9411015624999999 0.5480729171875
1 0.944703125 0.6714687500000001 0.8870156250000001 0.6714687500000001 0.8870156250000001 0.7419895828125 0.944703125 0.7419895828125 0.944703125 0.6714687500000001
1 1 0.35417708281250004 0.953125 0.35417708281250004 0.953125 0.3942395828125 1 0.3942395828125 1 0.35417708281250004
1 1 0.4599375 0.9735625000000001 0.4599375 0.9735625000000001 0.5192291671875 1 0.5192291671875 1 0.4599375
1 0.8305312499999999 0.3092916671875 0.7704375 0.3092916671875 0.7704375 0.3445416671875 0.8305312499999999 0.3445416671875 0.8305312499999999 0.3092916671875
1 0.7968828125 0.17628125 0.7439921875 0.17628125 0.7439921875 0.2019270828125 0.7968828125 0.2019270828125 0.7968828125 0.17628125
1 0.704328125 0.1634583328125 0.675484375 0.1634583328125 0.675484375 0.1939166671875 0.704328125 0.1939166671875 0.704328125 0.1634583328125
1 0.7872656250000001 0.0801354171875 0.737984375 0.0801354171875 0.737984375 0.1169895828125 0.7872656250000001 0.1169895828125 0.7872656250000001 0.0801354171875
1 0.22715625 0.4230833328125 0.12259374999999999 0.4230833328125 0.12259374999999999 0.4711666671875 0.22715625 0.4711666671875 0.22715625 0.4230833328125
1 0 0.5785208328125 0.0625 0.5785208328125 0.0625 0.5096041671875 0 0.5096041671875 0 0.5785208328125
1 0.52884375 0.2644166671875 0.4423125 0.2644166671875 0.4423125 0.302875 0.52884375 0.302875 0.52884375 0.2644166671875
1 0.35096875 0.2051354171875 0.31490625 0.2051354171875 0.31490625 0.24840625 0.35096875 0.24840625 0.35096875 0.2051354171875
0 0.659859375 0.0673125 0.543265625 0.0673125 0.543265625 0.1506458328125 0.659859375 0.1506458328125 0.659859375 0.0673125
0 0.7379765625 0.0432708328125 0.6406171875 0.0432708328125 0.6406171875 0.10577083281249999 0.7379765625 0.10577083281249999 0.7379765625 0.0432708328125
0 0.8641796875000001 0.41987500000000005 0.6935078125 0.41987500000000005 0.6935078125 0.52725 0.8641796875000001 0.52725 0.8641796875000001 0.41987500000000005
1 0.680296875 0.4294791671875 0.6310156250000001 0.4294791671875 0.6310156250000001 0.4807708328125 0.680296875 0.4807708328125 0.680296875 0.4294791671875
1 0.6430234375 0.4407083328125 0.5865390625 0.4407083328125 0.5865390625 0.4791666671875 0.6430234375 0.4791666671875 0.6430234375 0.4407083328125
1 0.22235156250000002 1 0.22235156250000002 0.9262916671875001 0.1430234375 0.9262916671875001 0.1430234375 1 0.22235156250000002 1
0 0.7548046875 0.1955104171875 0.6514453125 0.1955104171875 0.6514453125 0.28365625 0.7548046875 0.28365625 0.7548046875 0.1955104171875
0 0.8726015625000001 0.19871875 0.7331796875000001 0.19871875 0.7331796875000001 0.2692395828125 0.8726015625000001 0.2692395828125 0.8726015625000001 0.19871875