1 0.7624922171875 0.7614359140625 0.7685745453124999 0.9356109953124999 0.9031175359375 0.9309126515624999 0.8970352078125 0.75673756875 0.7624922171875 0.7614359140625
1 0.5413085625 0.21352446406249997 0.5439511078125 0.2891970875 0.6432447515625 0.285729678125 0.6406022046875 0.21005705312499998 0.5413085625 0.21352446406249997
1 0.6340553640625 0.29807352656249997 0.63585923125 0.349729540625 0.6983211578125 0.347548321875 0.696517290625 0.29589230781250003 0.6340553640625 0.29807352656249997
1 0.678263609375 0.2784953171875 0.6812000734375 0.36258468593750004 0.751677946875 0.3601235453125 0.7487414828125 0.2760341765625 0.678263609375 0.2784953171875
1 0.9475729015625 0 0.9514635531250001 0.1114136828125 0.9866920796875001 0.110183475 0.9828443874999999 0 0.9475729015625 0
1 0.8723729015625 0.143029103125 0.8746800859375 0.20909820625000003 0.9643754124999999 0.2059659765625 0.9620682281249999 0.13989687343749999 0.8723729015625 0.143029103125
1 0.3154933546875 0.40542845312500003 0.3181359 0.481101078125 0.36138037343749996 0.479590946875 0.358737828125 0.4039183234375 0.3154933546875 0.40542845312500003
1 0.23992496718749998 0.491047596875 0.24143491562500002 0.534286865625 0.2798698234375 0.5329446890625 0.278359875 0.48970542031250003 0.23992496718749998 0.491047596875
1 0.1086445421875 0.63513886875 0.11032244531249999 0.68318770625 0.161582865625 0.681397653125 0.1599049625 0.633348815625 0.1086445421875 0.63513886875
1 0.29181412500000004 0.8752832578125 0.29412130937500003 0.941352359375 0.3309530265625 0.9400661687499999 0.3286458421875 0.873997065625 0.29181412500000004 0.8752832578125
0 0.18529656562500002 0.7178500750000001 0.190288284375 0.86079419375 0.3376359703125 0.8556487 0.3326442515625 0.7127045796875 0.18529656562500002 0.7178500750000001
0 0.1654145421875 0.5621913125 0.1702802953125 0.7015282546875 0.24075816875 0.6990671125000001 0.23589241562500002 0.5597301703124999 0.1654145421875 0.5621913125
0 0.309889115625 0.4741737296875 0.31974658749999996 0.756454790625 0.5263498203125 0.749240046875 0.5164923484374999 0.466958984375 0.309889115625 0.4741737296875
0 0.5478574218750001 0.5849205937499999 0.554065715625 0.762702853125 0.7014134000000001 0.7575573578125 0.6952051078125 0.5797751 0.5478574218750001 0.5849205937499999
1 0.5217412765625 0.06628171875 0.5234191796875 0.11433055624999999 0.5730764109375001 0.1125964875 0.571398509375 0.06454765 0.5217412765625 0.06628171875
1 0.531684765625 0.029865637499999997 0.5332786921875 0.075509690625 0.594137428125 0.07338445625 0.592543503125 0.027740403125 0.531684765625 0.029865637499999997
1 0.609220953125 0 0.6112585140625 0.0583480921875 0.7089489671875 0.054936665625000006 0.7070305359375 0 0.609220953125 0