0 0.344976196875 0.6405498625 0.5660987640624999 0.636690153125 0.5629664203125 0.45723832187499996 0.3418438546875 0.46109802968749997 0.344976196875 0.6405498625
1 0.0856292484375 0.86466230625 0.16374234999999998 0.8632988375 0.161980384375 0.76235588125 0.0838672828125 0.76371935 0.0856292484375 0.86466230625
1 1 0.5313306515625 0.9717834953125 0.531823171875 0.9726506625000001 0.5815031046875 1 0.5810257203125 1 0.5313306515625
1 1 0.4956365296875 0.9992526578125001 0.452821321875 0.9511896656250001 0.45366026406250004 0.9521684546875001 0.5097350546875 1 0.508900153125 1 0.4956365296875
1 0.29313694375 0.4939843421875 0.327991009375 0.49337596250000004 0.32731981875 0.4549234859375 0.292465753125 0.4555318671875 0.29313694375 0.4939843421875
1 0.2625072625 0.4608576078125 0.3105780640625 0.4600185296875 0.3099348703125 0.423169975 0.26186406875 0.4240090546875 0.2625072625 0.4608576078125
1 0.1831626828125 0.6674196546875 0.2360452515625 0.6664965859375 0.2354020578125 0.6296480343749999 0.18251948906249998 0.6305711031250001 0.1831626828125 0.6674196546875
1 0.20672196406249999 0.7775981875 0.2584015921875 0.776696115625 0.2576184140625 0.73182795 0.2059387875 0.7327300218749999 0.20672196406249999 0.7775981875
1 0.0106419453125 0.7698003171875001 0.051495096875 0.7690872234375 0.0507959109375 0.7290308249999999 0.009942759375 0.72974391875 0.0106419453125 0.7698003171875001
1 0.351823890625 0.27498925937499996 0.3926770421875 0.274276165625 0.3920618453125 0.23903153437500002 0.35120869374999997 0.23974462812500003 0.351823890625 0.27498925937499996
1 0.3356897046875 0.3153394859375 0.3777457984375 0.31460539375 0.37718659374999997 0.28256860625 0.3351305 0.2833026984375 0.3356897046875 0.3153394859375
1 0.828661684375 0.6657580578125 0.870717778125 0.6650239671875 0.8699066046875 0.618551878125 0.8278505109375001 0.6192859703125 0.828661684375 0.6657580578125
1 0.7406543437499999 0.4445207203125 0.7839133781250001 0.44376563124999996 0.7834378 0.41651978125 0.740178765625 0.41727487031250005 0.7406543437499999 0.4445207203125
1 1 0.6275119671875 0.943411725 0.62849971875 0.944586490625 0.6958019671875 1 0.6948347203125 1 0.6275119671875
1 0.0061532203125 0.85643351875 0.0782516125 0.8551750359374999 0.07707684687500001 0.7878727890625 0.0049784546875 0.7891312703125 0.0061532203125 0.85643351875
1 0.86189466875 0.29652807812500004 0.9267910328125 0.2953953078125 0.92606385 0.2537349859375 0.861167484375 0.25486775625 0.86189466875 0.29652807812500004
1 0.9262240171875 0.26335865625 0.95145455 0.26291825625 0.9510349640625 0.2388802515625 0.9258044328125001 0.239320653125 0.9262240171875 0.26335865625
1 0.9403642734375 0.1781613984375 0.9812174265625 0.1774483046875 0.9807418484375001 0.1502024546875 0.9398886953125001 0.15091555 0.9403642734375 0.1781613984375