0 0.71153125 0.09455208281250001 0.5733125 0.09455208281250001 0.5733125 0.1826979171875 0.71153125 0.1826979171875 0.71153125 0.09455208281250001
0 0.777640625 0.0625 0.686296875 0.0625 0.686296875 0.125 0.777640625 0.125 0.777640625 0.0625
0 0.92909375 0.5224375 0.7391875 0.5224375 0.7391875 0.6746875 0.92909375 0.6746875 0.92909375 0.5224375
0 0.801671875 0.25 0.699515625 0.25 0.699515625 0.3157083328125 0.801671875 0.3157083328125 0.801671875 0.25
0 0.9350937500000001 0.21634375 0.796875 0.21634375 0.796875 0.31890625 0.9350937500000001 0.31890625 0.9350937500000001 0.21634375
1 0.21153125 0.5240416671875 0.08653125 0.5240416671875 0.08653125 0.5865416671875 0.21153125 0.5865416671875 0.21153125 0.5240416671875
1 0.538453125 0.8157187499999999 0.431484375 0.8157187499999999 0.431484375 0.8910312499999999 0.538453125 0.8910312499999999 0.538453125 0.8157187499999999
1 0.7319765625 0.625 0.6478359375 0.625 0.6478359375 0.7195416671875 0.7319765625 0.7195416671875 0.7319765625 0.625
1 1 0.7099270828125 0.9555312499999999 0.7099270828125 0.9555312499999999 0.7804479171875001 1 0.7804479171875001 1 0.7099270828125
1 0.7295703125 0.5352604171875 0.6863046875000001 0.5352604171875 0.6863046875000001 0.5849479171875 0.7295703125 0.5849479171875 0.7295703125 0.5352604171875
1 0.7896640625 0.5144166671875 0.7151484375 0.5144166671875 0.7151484375 0.5705 0.7896640625 0.5705 0.7896640625 0.5144166671875
1 0.6802890625 0.5400625 0.6322109375 0.5400625 0.6322109375 0.5929375 0.6802890625 0.5929375 0.6802890625 0.5400625
1 0.9014453124999999 0.3926354171875 0.8485546875000001 0.3926354171875 0.8485546875000001 0.43590625000000005 0.9014453124999999 0.43590625000000005 0.9014453124999999 0.3926354171875
1 0.835328125 0.0993645828125 0.793265625 0.0993645828125 0.793265625 0.13621875 0.835328125 0.13621875 0.835328125 0.0993645828125
0 0.5625 0.3173020828125 0.47715625 0.3173020828125 0.47715625 0.3749895828125 0.5625 0.3749895828125 0.5625 0.3173020828125
1 0.5408593749999999 0.6089791671875 0.496390625 0.6089791671875 0.496390625 0.6538541671875 0.5408593749999999 0.6538541671875 0.5408593749999999 0.6089791671875
1 0.5036015625 0.4887916671875 0.46274218749999996 0.4887916671875 0.46274218749999996 0.5304583328125 0.5036015625 0.5304583328125 0.5036015625 0.4887916671875
0 0.3629765625 0.23556249999999998 0.2908671875 0.23556249999999998 0.2908671875 0.3076875 0.3629765625 0.3076875 0.3629765625 0.23556249999999998