0 0.5577701687500001 0.3489690765625 0.540181621875 0.516312925 0.6644968578125 0.5293789828125 0.6820854062499999 0.362035134375 0.5577701687500001 0.3489690765625
1 0.44361786406250003 0.14722863125000002 0.4377136390625 0.203403578125 0.5014666375 0.2101042890625 0.5073708625 0.15392934062500002 0.44361786406250003 0.14722863125000002
1 0.115495728125 0.5707741921875 0.110344434375 0.619785475 0.18683974375 0.62782545625 0.1919910375 0.5788141734375001 0.115495728125 0.5707741921875
1 0.0251127875 0.234963559375 0.016820740625 0.3138571171875 0.094911428125 0.322064778125 0.103203475 0.243171221875 0.0251127875 0.234963559375
1 0.1459099875 0.2815014953125 0.1416390203125 0.3221370375 0.202201259375 0.3285023859375 0.2064722265625 0.2878668421875 0.1459099875 0.2815014953125
1 0.21135810781250003 0.149400271875 0.204196275 0.2175405609375 0.2599723765625 0.223402865625 0.267134209375 0.1552625765625 0.21135810781250003 0.149400271875
1 0.3001674921875 0.0862200859375 0.2933829421875 0.15077077187500001 0.333225975 0.15495844375 0.3400105265625 0.09040775625 0.3001674921875 0.0862200859375
1 0.0166949796875 0.3150536515625 0.00727271875 0.4047004765625 0.08536340625 0.4129081375 0.0947856671875 0.3232613125 0.0166949796875 0.3150536515625
1 0.1209515265625 0.84084740625 0.1164290375 0.8838760171875 0.2009012421875 0.8927544031249999 0.20542373125000002 0.8497257921875001 0.1209515265625 0.84084740625
1 0.1486446765625 0.6999389671875 0.14361914375 0.747753715625 0.1834621765625 0.7519413859374999 0.18848770937499998 0.7041266390625001 0.1486446765625 0.6999389671875
1 0.4264400796875 0.8777945546874999 0.417269340625 0.9650483124999999 0.46828002656249995 0.9704097515625 0.477450765625 0.88315599375 0.4264400796875 0.8777945546874999
1 0.46502360625000005 0.8020847609375 0.459998075 0.849899509375 0.498245728125 0.8539194999999999 0.5032712609375001 0.8061047515625 0.46502360625000005 0.8020847609375
1 0.5447096734375 0.8104601046875001 0.5364176265625 0.8893536609374999 0.5746652812499999 0.8933736515625 0.582957328125 0.81448009375 0.5447096734375 0.8104601046875001
1 0.5906456390625 0.833410884375 0.58222783125 0.913500975 0.617284728125 0.917185603125 0.6257025359374999 0.8370955125 0.5906456390625 0.833410884375
1 0.7562838859375 0.8520299171874999 0.75326889375 0.8807156578124999 0.7867304125000001 0.88423260625 0.7897454046875 0.8555468656249999 0.7562838859375 0.8520299171874999
1 0.7345739874999999 0.7977916171875 0.7287955234375 0.8527700312500001 0.77342469375 0.8574607453124999 0.7792031578125 0.80248233125 0.7345739874999999 0.7977916171875
1 0.64739448125 0.3088284109375 0.6446310109375 0.3351210828125 0.6749224890625001 0.3383048453125 0.6776859609375 0.3120121734375 0.64739448125 0.3088284109375
1 0.674318621875 0.28266347812500003 0.66979613125 0.3256920890625 0.6968968531249999 0.328540490625 0.7014193421875 0.285511878125 0.674318621875 0.28266347812500003
1 0.3366296890625 0 0.325258490625 0.1081897234375 0.513326725 0.127956490625 0.5267692484375 0.000059421875 0.5262038875 0 0.3366296890625 0
1 0.49939897968749997 0.689679384375 0.4953779015625 0.7279373984374999 0.5256693796875 0.7311211609375 0.529690459375 0.692863146875 0.49939897968749997 0.689679384375
1 0.0828734125 0.0839237765625 0.041435 0.079568425 0.033142953125 0.15846198125 0.07458136562499999 0.16281733437499998 0.0828734125 0.0839237765625
1 0.5827934859375 1 0.58499401875 0.979063340625 0.549937121875 0.9753787125000001 0.5473493203124999 1 0.5827934859375 1
1 0.18961439062500002 0.6015261015625 0.185719071875 0.6385875828125 0.239899796875 0.64428220625 0.243795115625 0.6072207265625 0.18961439062500002 0.6015261015625
1 0.7982308234375 0.36095094687499996 0.79395985625 0.401586490625 0.8258259953125 0.40493575625 0.8300969625000001 0.3643002125 0.7982308234375 0.36095094687499996