1 0.686296875 0.8910208328125 0.5841406250000001 0.8910208328125 0.5841406250000001 0.9711458328125 0.686296875 0.9711458328125 0.686296875 0.8910208328125
1 0.6418203124999999 0.9663437500000001 0.5781171875 0.9663437500000001 0.5781171875 0.9999895828125 0.6418203124999999 0.9999895828125 0.6418203124999999 0.9663437500000001
1 0.9951953124999999 1 0.9951953124999999 0.9567395828124999 0.9134609375 0.9567395828124999 0.9134609375 1 0.9951953124999999 1
1 0.9338984375000001 0.875 0.8521640625 0.875 0.8521640625 0.990375 0.9338984375000001 0.990375 0.9338984375000001 0.875
1 0.8401484375000001 0.6923125 0.7451953125 0.6923125 0.7451953125 0.7580208328125 0.8401484375000001 0.7580208328125 0.8401484375000001 0.6923125
1 0.9086562499999999 0.7243541671875 0.8329375000000001 0.7243541671875 0.8329375000000001 0.8141041671875 0.9086562499999999 0.8141041671875 0.9086562499999999 0.7243541671875
1 0.5504765625 0.5560833328125 0.49399218749999996 0.5560833328125 0.49399218749999996 0.6282083328125 0.5504765625 0.6282083328125 0.5504765625 0.5560833328125
1 0 0.8237187499999999 0.055281250000000004 0.8237187499999999 0.055281250000000004 0.7564062500000001 0 0.7564062500000001 0 0.8237187499999999
1 0.36417968749999996 0.2980833328125 0.3136953125 0.2980833328125 0.3136953125 0.330125 0.36417968749999996 0.330125 0.36417968749999996 0.2980833328125
1 0.409859375 0.3718020828125 0.36779687499999997 0.3718020828125 0.36779687499999997 0.40865625000000005 0.409859375 0.40865625000000005 0.409859375 0.3718020828125
1 0.390625 0.5304375 0.31971875 0.5304375 0.31971875 0.5961458328125 0.390625 0.5961458328125 0.390625 0.5304375
1 0.4675546875 0.6554479171875001 0.4062578125 0.6554479171875001 0.4062578125 0.71634375 0.4675546875 0.71634375 0.4675546875 0.6554479171875001
1 0.4663515625 0.6971145828124999 0.4026484375 0.6971145828124999 0.4026484375 0.75159375 0.4663515625 0.75159375 0.4663515625 0.6971145828124999
0 0.159859375 0.2532083328125 0.016828125 0.2532083328125 0.016828125 0.41025 0.159859375 0.41025 0.159859375 0.2532083328125
0 0.33773437500000003 0.3653854171875 0.061296874999999994 0.3653854171875 0.061296874999999994 0.5544895828125 0.33773437500000003 0.5544895828125 0.33773437500000003 0.3653854171875
0 0.25 0.6105729171875 0.078125 0.6105729171875 0.078125 0.7307604171875 0.25 0.7307604171875 0.25 0.6105729171875
1 0.7439921875 0.6394270828125 0.6875078125 0.6394270828125 0.6875078125 0.6939062500000001 0.7439921875 0.6939062500000001 0.7439921875 0.6394270828125
0 0.31730468749999996 0.21956250000000002 0.17547656250000002 0.21956250000000002 0.17547656250000002 0.2964791671875 0.31730468749999996 0.2964791671875 0.31730468749999996 0.21956250000000002