0 0.548078125 0.1923020828125 0.389421875 0.1923020828125 0.389421875 0.3221145828125 0.548078125 0.3221145828125 0.548078125 0.1923020828125
0 0.6610625 0.1330104171875 0.53125 0.1330104171875 0.53125 0.20832291718749998 0.6610625 0.20832291718749998 0.6610625 0.1330104171875
0 0.8413437500000001 0.4054479171875 0.6610625 0.4054479171875 0.6610625 0.5801354171875001 0.8413437500000001 0.5801354171875001 0.8413437500000001 0.4054479171875
0 0.657453125 0.48236458281249994 0.503609375 0.48236458281249994 0.503609375 0.6057604171875 0.657453125 0.6057604171875 0.657453125 0.48236458281249994
0 0.2992734375 0.6458437499999999 0.1550390625 0.6458437499999999 0.1550390625 0.7243645828124999 0.2992734375 0.7243645828124999 0.2992734375 0.6458437499999999
1 0.8461562499999999 0.7660312499999999 0.74759375 0.7660312499999999 0.74759375 0.8573854171875 0.8461562499999999 0.8573854171875 0.8461562499999999 0.7660312499999999
1 0.29446875 0.5913333328125 0.16465625 0.5913333328125 0.16465625 0.66025 0.29446875 0.66025 0.29446875 0.5913333328125
1 0 0.5288541671875 0.0360625 0.5288541671875 0.0360625 0.4455208328125 0 0.4455208328125 0 0.5288541671875
1 0.2523984375 0.1698645828125 0.1574453125 0.1698645828125 0.1574453125 0.2275520828125 0.2523984375 0.2275520828125 0.2523984375 0.1698645828125
1 0.2295703125 0.0849270828125 0.19952343749999998 0.0849270828125 0.19952343749999998 0.13140625 0.2295703125 0.13140625 0.2295703125 0.0849270828125
1 0.7139375 0.1826875 0.6670625 0.1826875 0.6670625 0.23556249999999998 0.7139375 0.23556249999999998 0.7139375 0.1826875
1 0.77884375 0.3493541671875 0.70553125 0.3493541671875 0.70553125 0.4054375 0.77884375 0.4054375 0.77884375 0.3493541671875
1 0.9903906250000001 0.4999895828125 0.954328125 0.4999895828125 0.954328125 0.5849270828125 0.9903906250000001 0.5849270828125 0.9903906250000001 0.4999895828125
1 0.9999921875 0.6281979171875001 0.9699453124999999 0.6281979171875001 0.9699453124999999 0.69871875 0.9999921875 0.69871875 0.9999921875 0.6281979171875001
1 0.9314843749999999 0.7003333328125 0.9002343749999999 0.7003333328125 0.9002343749999999 0.7355833328125 0.9314843749999999 0.7355833328125 0.9314843749999999 0.7003333328125
1 1 0.8012708328124999 0.9555312499999999 0.8012708328124999 0.9555312499999999 0.8733958328125 1 0.8733958328125 1 0.8012708328124999
1 0.462734375 0.8782083328124999 0.418265625 0.8782083328124999 0.418265625 0.9791666671874999 0.462734375 0.9791666671874999 0.462734375 0.8782083328124999
1 0.5636953124999999 0.3493645828125 0.5072109375 0.3493645828125 0.5072109375 0.39584375 0.5636953124999999 0.39584375 0.5636953124999999 0.3493645828125
1 0.637015625 0.3621875 0.581734375 0.3621875 0.581734375 0.3942291671875 0.637015625 0.3942291671875 0.637015625 0.3621875
1 0.12740625 0.3349479171875 0.0576875 0.3349479171875 0.0576875 0.36859375 0.12740625 0.36859375 0.12740625 0.3349479171875
1 0.134609375 0.4951979171875 0.094953125 0.4951979171875 0.094953125 0.5528854171875001 0.134609375 0.5528854171875001 0.134609375 0.4951979171875