0 0.6105439687499999 0.5012773625 0.3731129515625 0.463671984375 0.341777171875 0.6615183046875 0.5792081890625 0.699123684375 0.6105439687499999 0.5012773625
1 0.850680128125 0.875185953125 0.7545194078125 0.859955590625 0.7349650999999999 0.9834166328125 0.8311258203125 0.9986469953125001 0.850680128125 0.875185953125
1 0.193502125 0.3914142140625 0.135336540625 0.382201690625 0.1308227546875 0.41070061406249997 0.1889883390625 0.41991313750000003 0.193502125 0.3914142140625
1 0.669598065625 0.4895481359375 0.6339795546875 0.48390671718749995 0.6284652390625001 0.51872273125 0.66408375 0.52436415 0.669598065625 0.4895481359375
1 0.7083420921875 0.4599740984375 0.6596675765625 0.4522648125 0.6526475796875 0.49658732656250004 0.7013220953125 0.5042966125 0.7083420921875 0.4599740984375
1 0.6468372296875 0.24905797343749997 0.61240703125 0.243604765625 0.6066417687500001 0.28000519687500003 0.6410719671875 0.2854584046875 0.6468372296875 0.24905797343749997
1 0.9317908859375 0.839360484375 0.8878696203124999 0.8324040390624999 0.8783434140624999 0.89255014375 0.9222646796875 0.8995065890625 0.9317908859375 0.839360484375
1 0.776026353125 0.701093328125 0.6929216390625 0.687930834375 0.6853997484375001 0.7354221812499999 0.7685044624999999 0.748584675 0.776026353125 0.701093328125
1 0 0.634986340625 0.0514148859375 0.6431296578125 0.0574310953125 0.605144809375 0.0004538234375 0.596120496875 0 0.5989858265625 0 0.634986340625
1 0.9021414546875001 0.91903656875 0.9389405609375 0.924864975 0.9452077171875001 0.8852957109374999 0.9084086109375 0.8794673046874999 0.9021414546875001 0.91903656875
1 0.9396856859374999 0.920110503125 0.9147619875 0.9161629765624999 0.9074910453125 0.9620699078125 0.9324147421875001 0.9660174343750001 0.9396856859374999 0.920110503125