1 0.2399917453125 0.6537857203125 0.3336835171875 0.6754161703125 0.3657671609375 0.5364466390625 0.2720753890625 0.5148161890625 0.2399917453125 0.6537857203125
1 0 0.7792974296875 0.0996268109375 0.8022980921875 0.12594139843750002 0.6883170953125 0.012335939062499999 0.6620892078125 0 0.715522028125 0 0.7792974296875
1 0 0.8779829843750001 0.0510565515625 0.8897703187499999 0.07304551718749999 0.7945256453125 0.008630521875 0.7796542718749999 0 0.81703716875 0 0.8779829843750001
1 0 0.8977179578125 0.08304144062499999 0.9168895859375 0.0963791625 0.859117559375 0.001515103125 0.837216465625 0 0.8437790984375001 0 0.8977179578125
1 0.6516713125 0.8047416296875 0.7945535484375 0.83772859375 0.8226724296875 0.7159323343749999 0.6797901937499999 0.682945371875 0.6516713125 0.8047416296875
1 0.897717959375 1 0.9219351671875 0.89510374375 0.8598723609375 0.8807754156250001 0.832347196875 1 0.897717959375 1
0 0.49790489375 0.6426108937499999 0.6536670828125 0.6785714296875 0.6807033890625 0.5614643265625 0.5249411984375 0.5255037921875 0.49790489375 0.6426108937499999
0 0.46981480312499996 0.507837771875 0.7403395171875 0.5702933234375 0.7962164203125 0.32826385937499997 0.5256917078125001 0.265808309375 0.46981480312499996 0.507837771875
0 0.631718628125 0.3675800796875 0.7874808171875001 0.403540615625 0.8199253203125 0.2630080328125 0.66416313125 0.22704749687499998 0.631718628125 0.3675800796875
0 0.5476807546875 0.213315634375 0.6870461234375 0.245490665625 0.702549 0.178340328125 0.56318363125 0.146165296875 0.5476807546875 0.213315634375
1 0.23271607031250002 0.46625942968749995 0.2947864875 0.4805895140625 0.3110110828125 0.4103130734375 0.24894066406249998 0.3959829890625 0.23271607031250002 0.46625942968749995
1 0.402622475 0.46766183124999994 0.4892805125 0.48766841562499996 0.500818628125 0.43769135156249994 0.414160590625 0.4176847671875 0.402622475 0.46766183124999994
1 0.3731779953125 0.3013165109375 0.47974972187500003 0.3259205328125 0.4945308796875 0.26189629999999997 0.3879591546875 0.23729227968750002 0.3731779953125 0.3013165109375
1 0.080255334375 0.7419029515625 0.180965615625 0.765153753125 0.2011549734375 0.6777040390625 0.1004446921875 0.6544532390625 0.080255334375 0.7419029515625