0 0.5301715031249999 0.747588784375 0.4959988046875 0.5717854906250001 0.352844840625 0.599611803125 0.3870175390625 0.7754150953125001 0.5301715031249999 0.747588784375
1 0.720633996875 0.9211624265625 0.708019734375 0.8562676671875 0.6340909359375 0.87063796875 0.6467052 0.935532728125 0.720633996875 0.9211624265625
1 0.8974374203125001 0.9320963796875 0.8857414265625 0.8719257015625 0.8385415187499999 0.881100434375 0.8502375140625 0.9412711125 0.8974374203125001 0.9320963796875
1 0.581253153125 0.8760298953125 0.5709315796875 0.82293 0.5347545265625 0.82996210625 0.5450761 0.8830620031249999 0.581253153125 0.8760298953125
1 0.9863158296875 0.7005474359375 0.9753085359375 0.6439198187499999 0.90923275625 0.6567636484375 0.92024005 0.7133912671875 0.9863158296875 0.7005474359375
1 0.8348465828125 0.374911596875 0.8265911125000001 0.3324408828125 0.7542370093749999 0.3465050953125 0.7624924796875 0.388975809375 0.8348465828125 0.374911596875
1 0.9340819015624999 0.3899004296875 0.9230746078125 0.3332728109375 0.8255458578124999 0.3522304796875 0.8365531515625 0.4088580984375 0.9340819015624999 0.3899004296875
1 0.9639351703125 0.854275090625 0.9497169187500001 0.7811285265625 0.88836521875 0.7930540890625 0.9025834703125 0.8662006515625 0.9639351703125 0.854275090625
1 0.8199320953125 0.113334315625 0.8114470578124999 0.06968258125 0.72334601875 0.0868076890625 0.73183105625 0.1304594234375 0.8199320953125 0.113334315625
1 0.46852289062499997 0.26245423125 0.4604969859375 0.22116453749999998 0.42431993593749995 0.22819664374999998 0.4323458390625 0.2694863375 0.46852289062499997 0.26245423125
1 0.39369936562499996 0.280683340625 0.378562846875 0.2028126953125 0.3376617140625 0.2107630703125 0.3527982328125 0.2886337140625 0.39369936562499996 0.280683340625
1 0.3363405453125 0.2795763296875 0.32212229375 0.2064297671875 0.2859452421875 0.2134618734375 0.30016349375 0.28660843593749996 0.3363405453125 0.2795763296875
1 0.451855478125 0 0.398306953125 0.010408778125 0.40839746874999994 0.062319984375000005 0.4823262671875 0.0479496828125 0.4730057921875 0 0.451855478125 0
1 0.1958451859375 0.35465412343749997 0.1857531796875 0.3027352484375 0.1511508203125 0.309461265625 0.161242828125 0.361380140625 0.1958451859375 0.35465412343749997
1 0.0889976140625 0.29215105625 0.0821165640625 0.2567511265625 0.05066359375 0.2628649640625 0.05754464375 0.2982648953125 0.0889976140625 0.29215105625
1 0.43751053281249996 0.8084579812499999 0.432236453125 0.78132519375 0.40391242031249996 0.7868308265625 0.4091865 0.8139636156250001 0.43751053281249996 0.8084579812499999
1 0.42819424687499996 0.8445471093749999 0.42016834375 0.803257415625 0.385565984375 0.8099834328125001 0.3935918890625 0.8512731265625 0.42819424687499996 0.8445471093749999
1 0.6485714781249999 0.8360042578125 0.63893860625 0.7864474234375 0.6090398765625 0.792259146875 0.61867275 0.8418159812500001 0.6485714781249999 0.8360042578125
1 0.49609176406250005 0.1775081421875 0.48026654375 0.09609443749999999 0.42048953750000007 0.1077139109375 0.4363147578125 0.189127615625 0.49609176406250005 0.1775081421875
1 0.3301690953125 0.13018095937500002 0.323976746875 0.0983240890625 0.30037679375000004 0.10291145625 0.3065691421875 0.134768325 0.3301690953125 0.13018095937500002
1 0.4793290484375 0.385249984375 0.47313669999999997 0.353393115625 0.441683728125 0.35950695312500003 0.4478760765625 0.3913638234375 0.4793290484375 0.385249984375
1 0.19028616874999998 0.1916496703125 0.1822602640625 0.150359978125 0.13820974531250002 0.15892253125 0.1462356484375 0.20021222500000002 0.19028616874999998 0.1916496703125
1 0.2784360171875 0.07410781250000001 0.27086924843750004 0.035180159375 0.239416278125 0.041293996875 0.24698304843750002 0.08022165 0.2784360171875 0.07410781250000001
1 0.36277374687499997 0.071196296875 0.35291130625 0.020458442187500002 0.30728609375 0.029327084375 0.317148534375 0.08006493906249999 0.36277374687499997 0.071196296875
1 0.2825438125 0.8006253046875 0.274058775 0.7569735718749999 0.23158295 0.7652300359375 0.24006798749999997 0.8088817687500001 0.2825438125 0.8006253046875