1 0.9423046875000001 0.6089791671875 0.8918203124999999 0.6089791671875 0.8918203124999999 0.6682708328125 0.9423046875000001 0.6682708328125 0.9423046875000001 0.6089791671875
1 0.8918203124999999 0.67628125 0.7860546875 0.67628125 0.7860546875 0.8621770828124999 0.8918203124999999 0.8621770828124999 0.8918203124999999 0.67628125
1 0.7476015625 0.8237083328124999 0.6706796875000001 0.8237083328124999 0.6706796875000001 0.875 0.7476015625 0.875 0.7476015625 0.8237083328124999
1 0.506 0.10896874999999999 0.45071874999999995 0.10896874999999999 0.45071874999999995 0.1522395828125 0.506 0.1522395828125 0.506 0.10896874999999999
1 0.6526484375 0.2387708328125 0.5961640625 0.2387708328125 0.5961640625 0.2868541671875 0.6526484375 0.2868541671875 0.6526484375 0.2387708328125
1 0.6346093749999999 0.2756458328125 0.558890625 0.2756458328125 0.558890625 0.3493541671875 0.6346093749999999 0.3493541671875 0.6346093749999999 0.2756458328125
1 0.737984375 0.3285208328125 0.668265625 0.3285208328125 0.668265625 0.3878125 0.737984375 0.3878125 0.737984375 0.3285208328125
1 0.6923046875 0.5144270828125 0.6490390625 0.5144270828125 0.6490390625 0.5929479171875001 0.6923046875 0.5929479171875001 0.6923046875 0.5144270828125
1 0.4170625 0.8157083328124999 0.36778125 0.8157083328124999 0.36778125 0.8605833328125 0.4170625 0.8605833328125 0.4170625 0.8157083328124999
0 0.371390625 0.7596145828124999 0.20432812500000003 0.7596145828124999 0.20432812500000003 0.9182604171875001 0.371390625 0.9182604171875001 0.371390625 0.7596145828124999
0 0.55528125 0.5817291671875 0.3701875 0.5817291671875 0.3701875 0.7035208328125 0.55528125 0.7035208328125 0.55528125 0.5817291671875
0 0.67428125 0.3317291671875 0.390625 0.3317291671875 0.390625 0.5336458328125 0.67428125 0.5336458328125 0.67428125 0.3317291671875
0 0.42787499999999995 0.1762708328125 0.27884375 0.1762708328125 0.27884375 0.3285208328125 0.42787499999999995 0.3285208328125 0.42787499999999995 0.1762708328125
0 0.57090625 0.169875 0.4375 0.169875 0.4375 0.2532083328125 0.57090625 0.2532083328125 0.57090625 0.169875