0 0.1251673875 0.8052786812500001 0.2891203765625 0.7674271515625 0.2519893921875 0.6065951921875 0.0880364046875 0.644446721875 0.1251673875 0.8052786812500001
0 0.599531209375 0.348733396875 0.681515315625 0.3298058734375 0.667455875 0.2689077453125 0.58547176875 0.2878352671875 0.599531209375 0.348733396875
0 0.3464736765625 0.3693220578125 0.5865493265625 0.313896228125 0.5533831046875 0.17023754062500002 0.31330745625 0.225663371875 0.3464736765625 0.3693220578125
0 0.5143846437499999 0.220357353125 0.6279901046874999 0.194129465625 0.5995103625 0.07077015625000001 0.48590490312499995 0.0969980421875 0.5143846437499999 0.220357353125
0 0.430964878125 0.1475269109375 0.5035706734375001 0.1307645421875 0.49239341718749996 0.0823505296875 0.41978762343750003 0.0991128984375 0.430964878125 0.1475269109375
1 0.39943825624999996 0.128495671875 0.4415949859375 0.1187630234375 0.43546507031250004 0.0922114390625 0.39330833906249996 0.10194408749999999 0.39943825624999996 0.128495671875
1 0.7916129515625 0.47543851718749996 0.888821590625 0.452996134375 0.87007566875 0.371798628125 0.77286703125 0.39424101093749997 0.7916129515625 0.47543851718749996
1 0.41776942968749997 0.61930565 0.44235705000000003 0.61362915 0.42685417187499997 0.5464788125 0.40226655312500004 0.5521553124999999 0.41776942968749997 0.61930565
1 0.3629959484375 0.6599285828125 0.4157032796875 0.6477601359375 0.4012829796875 0.5852989546875 0.3485756484375 0.5974674 0.3629959484375 0.6599285828125
1 0.2826441609375 0.78209320625 0.3798527984375 0.7596508234375 0.366875934375 0.70344185 0.269667296875 0.7258842328124999 0.2826441609375 0.78209320625
1 0.1951412984375 0.50459180625 0.26423022500000004 0.488641371875 0.250892503125 0.43086934687499995 0.181803575 0.44681978281249995 0.1951412984375 0.50459180625
1 0.055153546875 0.5500814296875001 0.1066885890625 0.538183628125 0.09515047343750001 0.4882065625 0.0436154328125 0.5001043640625 0.055153546875 0.5500814296875001
1 0.31432183125 0.47049136249999995 0.3880999140625 0.45345835 0.376205628125 0.40193853281249997 0.30242754375 0.4189715453125 0.31432183125 0.47049136249999995
1 1 0.443066925 0.996189521875 0.42656193125 0.8931346625 0.45035402031249994 0.9086375390624999 0.5175043578125 1 0.49641167187499996 1 0.443066925
1 0.10280592656250001 0.5160523125 0.128565834375 0.51010516875 0.11847115625 0.4663803125 0.0927112484375 0.47232745625000006 0.10280592656250001 0.5160523125