1 0.4146640625 0.6201979171875001 0.2776484375 0.6201979171875001 0.2776484375 0.7468020828124999 0.4146640625 0.7468020828124999 0.4146640625 0.6201979171875001
1 0.615375 0.5288333328125 0.48196874999999995 0.5288333328125 0.48196874999999995 0.59775 0.615375 0.59775 0.615375 0.5288333328125
1 0.68990625 0.052875000000000005 0.6514375 0.052875000000000005 0.6514375 0.0945416671875 0.68990625 0.0945416671875 0.68990625 0.052875000000000005
1 1 0.3894270828125 0.9783671875 0.3894270828125 0.9783671875 0.47115625000000005 1 0.47115625000000005 1 0.3894270828125
1 0.852171875 0.3846145828125 0.8185156250000001 0.3846145828125 0.8185156250000001 0.42467708281250005 0.852171875 0.42467708281250005 0.852171875 0.3846145828125
1 0.203125 0.5833229171875 0.15625 0.5833229171875 0.15625 0.6506354171875001 0.203125 0.6506354171875001 0.203125 0.5833229171875
0 0.772828125 0.4503125 0.639421875 0.4503125 0.639421875 0.5576875 0.772828125 0.5576875 0.772828125 0.4503125
0 0.8088906250000001 0.2227604171875 0.569703125 0.2227604171875 0.569703125 0.4022395828125 0.8088906250000001 0.4022395828125 0.8088906250000001 0.2227604171875
0 0.6814921875 0.14584375 0.5312578125 0.14584375 0.5312578125 0.2868645828125 0.6814921875 0.2868645828125 0.6814921875 0.14584375
0 0.788453125 0.107375 0.655046875 0.107375 0.655046875 0.1666666671875 0.788453125 0.1666666671875 0.788453125 0.107375
1 0.9663515625000001 0.492 0.9134609375 0.492 0.9134609375 0.5480833328125 0.9663515625000001 0.5480833328125 0.9663515625000001 0.492
1 0.992796875 0.5416562500000001 0.9254843749999999 0.5416562500000001 0.9254843749999999 0.6121770828125 0.992796875 0.6121770828125 0.992796875 0.5416562500000001
1 0.8810078125 0.2339791671875 0.8353359375 0.2339791671875 0.8353359375 0.2692291671875 0.8810078125 0.2692291671875 0.8810078125 0.2339791671875
1 0.826921875 0.1634479171875 0.784859375 0.1634479171875 0.784859375 0.1923020828125 0.826921875 0.1923020828125 0.826921875 0.1634479171875