1 0.7925637453125 0.45665025000000004 0.7977616921874999 0.5309843578125 0.853708409375 0.5270721828125 0.8485104609375 0.4527380734375 0.7925637453125 0.45665025000000004
1 0.59730139375 0.3293437625 0.6013254703124999 0.3868907390625 0.658872446875 0.3828666625 0.6548483703125 0.3253196859375 0.59730139375 0.3293437625
1 0.5916498375 0.38635343125 0.5953393015625 0.4391152171875 0.6401049875 0.43598489531249995 0.636415525 0.383223109375 0.5916498375 0.38635343125
1 0.5114073593749999 0.2497900765625 0.515096821875 0.3025518625 0.563063028125 0.29919773906249997 0.5593735640624999 0.246435953125 0.5114073593749999 0.2497900765625
1 0.34906243593749997 0.1334406390625 0.353506140625 0.19698858749999998 0.4222549296875 0.192181203125 0.417811225 0.12863325625 0.34906243593749997 0.1334406390625
1 0.2534452265625 0.30518517031250003 0.2580567828125 0.37113350624999997 0.3331858265625 0.365879971875 0.32857426875 0.2999316359375 0.2534452265625 0.30518517031250003
1 0 0.2590491046875 0.1147044609375 0.2510281875 0.10732662343749999 0.145520203125 0 0.1530252109375 0 0.2590491046875
1 0.1881926 0.10732529843750001 0.1821564859375 0.021004834375 0.052660201562499995 0.030060096874999997 0.0586963171875 0.1163805609375 0.1881926 0.10732529843750001
0 0.32706102187499997 0.32413521562500003 0.349363475 0.643075146875 0.5811724203125 0.6268654859375 0.5588699687500001 0.3079255546875 0.32706102187499997 0.32413521562500003
0 0.6971557125000001 0.4018674421875 0.7085587171875 0.564937990625 0.78528801875 0.5595725546875 0.773885015625 0.39650200625 0.6971557125000001 0.4018674421875
0 0.6078468578125 0.57198828125 0.617404584375 0.7086701421875 0.7724842296875 0.6978259171875 0.7629265015625 0.5611440562500001 0.6078468578125 0.57198828125
0 0.112025096875 0.5343662250000001 0.12367878750000001 0.7010217703125 0.2947402390625 0.6890599875000001 0.283086546875 0.52240444375 0.112025096875 0.5343662250000001