1 0.4832020734375 0.5708143671875 0.5480984375 0.569681596875 0.546784053125 0.4943805671875 0.4818876890625 0.4955133375 0.4832020734375 0.5708143671875
1 0.3797324578125 0.22160864062500002 0.44703470625 0.22043387499999997 0.44524474375 0.117886996875 0.3779424953125 0.11906176093750001 0.3797324578125 0.22160864062500002
1 0.8242707671874999 0.41420262812499997 0.96487435 0.4117483828125 0.9636715875 0.3428422125 0.82306800625 0.34529645625 0.8242707671874999 0.41420262812499997
1 0.8105639109375 0.9369589640625 0.875460275 0.93582619375 0.8747330921875 0.8941658718750001 0.8098367265625 0.8952986421875 0.8105639109375 0.9369589640625
1 0.70377198125 0.8105951609375 0.7338142796875 0.8100707703125 0.733255075 0.7780339828125 0.7032127765625 0.7785583734375 0.70377198125 0.8105951609375
1 0.6385331140625 0.5857411546875 0.661373384375 0.5853424765625 0.660226615625 0.5196441515625 0.6373863453124999 0.5200428296874999 0.6385331140625 0.5857411546875
0 0.7040655828125 0.41468598749999996 0.8458721062500001 0.4122107453125 0.8433549609375 0.2680035453125 0.7015484375 0.2704787875 0.7040655828125 0.41468598749999996
1 0.5359653859375 0.42563182343749995 0.6128755453125 0.42428935156250003 0.6118407640625 0.3650067171875 0.5349306046875 0.3663491890625 0.5359653859375 0.42563182343749995
1 0.625463446875 0.7318248359374999 0.691562753125 0.73067106875 0.690527971875 0.67138843125 0.624428665625 0.6725422 0.625463446875 0.7318248359374999
1 0.047888803125000004 0.21779536406250002 0.13801570000000002 0.21622219375 0.13678494218749998 0.1457121 0.0466580453125 0.1472852703125 0.047888803125000004 0.21779536406250002
1 0 0.15290250625 0.135657996875 0.1505345859375 0.1342036296875 0.06721394375 0 0.069556478125 0 0.15290250625
1 0.2857527609375 0.20881978124999998 0.3470403 0.207750003125 0.345417953125 0.1148058296875 0.2841304140625 0.11587560625 0.2857527609375 0.20881978124999998
1 0.28459836250000003 0.14313200625 0.385551734375 0.141369859375 0.38381776562500003 0.0420308265625 0.28286439375 0.0437929734375 0.28459836250000003 0.14313200625
1 0.18586961875000002 0.4093226875 0.279605340625 0.407686525 0.27882216406250004 0.362818359375 0.1850864421875 0.364454521875 0.18586961875000002 0.4093226875
1 0.3338223 0.5525957109374999 0.40832657499999997 0.551295234375 0.40717980625 0.485596909375 0.33267553125 0.4868973859375 0.3338223 0.5525957109374999
1 0.2686823203125 0.47038670781249997 0.339577771875 0.46914922187499997 0.3386826078125 0.4178653671875 0.2677871578125 0.4191028515625 0.2686823203125 0.47038670781249997
0 0.73217156875 0.8533872875 0.888397771875 0.8506603484375 0.8871670140625 0.7801502546875 0.7309408109375 0.78287719375 0.73217156875 0.8533872875
0 1 0.50408691875 0.715339278125 0.509055690625 0.7192827953125 0.7349796093750001 1 0.730079671875 1 0.50408691875
1 0.1397013078125 0.3812804140625 0.20700355468749998 0.38010565 0.20588478281249997 0.3160112453125 0.1385825359375 0.3171860109375 0.1397013078125 0.3812804140625
1 0.102616965625 0.3226061890625 0.145876 0.3218511 0.1449252078125 0.26738022968749997 0.1016661734375 0.2681353203125 0.102616965625 0.3226061890625
1 0.073034984375 0.28145995 0.10788905 0.28085156875 0.1069938859375 0.2295677140625 0.0721398203125 0.23017609375 0.073034984375 0.28145995
1 0.13658860625 0.2723389796875 0.2050937953125 0.2711432171875 0.2035554390625 0.183010809375 0.1350502484375 0.184206571875 0.13658860625 0.2723389796875