0 0.688775378125 0.3266291390625 0.5266086015625 0.33229212656249996 0.5310270234375001 0.45881916875 0.6931938 0.4531561796875 0.688775378125 0.3266291390625
1 0.8794417171875001 0.5172265015625 0.8241941421875 0.5191557890625 0.8262633921875 0.5784113375 0.881510965625 0.57648205 0.8794417171875001 0.5172265015625
1 0.5107588640625 0.773843421875 0.45190411406250003 0.775898675 0.45453248281249997 0.8511652968750001 0.5133872328125 0.84911004375 0.5107588640625 0.773843421875
1 0.653159134375 0.8907261765625 0.6567944984375 0.9948293874999999 0.744475428125 0.9917675015625 0.7408400640624999 0.887664290625 0.653159134375 0.8907261765625
1 0.8189093015625 0.8849276312500001 0.7324307640625001 0.887947528125 0.735395040625 0.9728332859375 0.8218735781250001 0.9698133890625 0.8189093015625 0.8849276312500001
1 0.880204821875 0.9180690515625001 0.8826099796875001 0.9869437375000001 0.975100478125 0.9837138984375 0.9726953203125 0.9148392125000001 0.880204821875 0.9180690515625001
1 0.8967709234375001 0.737901984375 0.8223006921874999 0.7405025421875 0.8242579718749999 0.7965517109375 0.8987282046875 0.793951153125 0.8967709234375001 0.737901984375
1 0.930782575 0.6789916093749999 0.869523040625 0.6811308390625 0.8707532484374999 0.716359365625 0.9320127828125001 0.7142201359375 0.930782575 0.6789916093749999
1 0.9577983218749999 0.5224951046874999 0.9469924078125 0.52287245625 0.948334584375 0.5613073625 0.9591404984375 0.5609300125 0.9577983218749999 0.5224951046874999
1 0.8202432421875001 0.44071463906249997 0.7697896203125 0.44247651875000005 0.7709638437499999 0.47610185781250003 0.8214174640625 0.474339978125 0.8202432421875001 0.44071463906249997
1 0.7645845234374999 0.6030163875000001 0.69490824375 0.6054495375 0.6968655234375001 0.66149870625 0.766541803125 0.6590655562500001 0.7645845234374999 0.6030163875000001
1 0.3801938453125 0.754336109375 0.3405617515625 0.7557200921875 0.3423518046875 0.8069805140625 0.3819838984375 0.80559653125 0.3801938453125 0.754336109375
1 0.47425008437500005 0.726995271875 0.43221320781249994 0.72846323125 0.43428245781249997 0.7877187796875 0.476319334375 0.7862508203125 0.47425008437500005 0.726995271875
1 0.2691791828125 0.46797352031250006 0.22714230624999998 0.46944148124999996 0.22848448124999998 0.5078763859375 0.270521359375 0.5064084249999999 0.2691791828125 0.46797352031250006
1 0.20257133125000001 0.48955082812499995 0.1305058828125 0.492067409375 0.132407178125 0.5465133890625 0.2044726265625 0.5439968078125 0.20257133125000001 0.48955082812499995
1 0.08983118125 0.4982928125 0.000947859375 0.5013966859375001 0.0033530171875 0.5702713703125 0.0922363375 0.5671674953125 0.08983118125 0.4982928125
1 0.25016869062499997 0.9224346562499999 0.15647580156250002 0.9257064828124999 0.158041915625 0.9705541468750001 0.25173480625 0.96728231875 0.25016869062499997 0.9224346562499999
1 0.18305980625 0.1374339375 0.1434277125 0.1388179203125 0.14432273906249998 0.16444813125 0.1839548328125 0.1630641484375 0.18305980625 0.1374339375
1 0.26858368593750004 0.2098266296875 0.2157252796875 0.21167248593750002 0.2172354109375 0.2549169609375 0.270093815625 0.2530711046875 0.26858368593750004 0.2098266296875
1 0.12150889375 0.2342034828125 0.0746624484375 0.23583939687500002 0.0756694453125 0.2646759875 0.1225158890625 0.2630400734375 0.12150889375 0.2342034828125
1 0.2445033 0.3469588953125 0.1712354609375 0.3495174640625 0.172633621875 0.389555559375 0.2459014625 0.38699699062500004 0.2445033 0.3469588953125
1 0.26081841250000004 0.40092237812500003 0.1755266515625 0.4039008328125 0.17681284375 0.4407325484375 0.2621046046875 0.43775409375 0.26081841250000004 0.40092237812500003
1 0.7301693453125 0.34122465156250004 0.7025455593750001 0.3421892953125 0.7033845999999999 0.366216315625 0.7310083875 0.36525167187499996 0.7301693453125 0.34122465156250004
1 0.757010075 0.317836175 0.716175590625 0.319262146875 0.7171266015625 0.346495546875 0.7579610859375 0.345069575 0.757010075 0.317836175
1 0.7727178921875 0.3541851234375 0.74870128125 0.3550238015625 0.7499314874999999 0.390252328125 0.7739480984375 0.38941365 0.7727178921875 0.3541851234375
1 0.680805765625 0.20183125 0.65077719375 0.202879871875 0.6515602515625 0.22530370312499998 0.6815888234374999 0.2242550828125 0.680805765625 0.20183125
1 0.6974282421875 0.23012253437500002 0.662590103125 0.231339109375 0.6633731609375 0.25376294062500004 0.6982113 0.252546365625 0.6974282421875 0.23012253437500002
1 0.7746077703124999 0.7870703703124999 0.7193601953125001 0.7889996578125 0.7213174765625 0.8450488265624999 0.77656505 0.8431195375 0.7746077703124999 0.7870703703124999
1 0.21376442812500002 0.809855315625 0.1693227671875 0.8114072531250001 0.17021779374999998 0.8370374640625 0.21465945468749997 0.8354855265625 0.21376442812500002 0.809855315625
1 0.2546067109375 0.7394808203125 0.21136744218749998 0.7409907687499999 0.21388456875 0.8130718328125001 0.2571238375 0.8115618843749999 0.2546067109375 0.7394808203125
1 0.0432364984375 0.61056025 0.014410320312499999 0.61156688125 0.015305346875 0.63719709375 0.0441315265625 0.6361904609375 0.0432364984375 0.61056025