0 0.500564371875 0.30173323124999996 0.43400395156249993 0.7219791875 0.8930321078125001 0.79468210625 0.9595925281250001 0.37443615 0.500564371875 0.30173323124999996
0 0.2847067859375 0.3636735671875 0.254998903125 0.5512417562499999 0.3737066953125 0.5700432234374999 0.40341457812500003 0.38247503437499997 0.2847067859375 0.3636735671875
1 0.3409865859375 0.336083296875 0.33177406249999997 0.39424888125 0.3855825 0.40277130000000005 0.3947950234375 0.3446057171875 0.3409865859375 0.336083296875
1 0.86974704375 0.23486600468750002 0.8609109421875001 0.2906549625 0.9242258796874999 0.3006830640625 0.9330619828125 0.2448941046875 0.86974704375 0.23486600468750002
1 0.6661456953125 0.1782720953125 0.6561803296875001 0.24119092968750003 0.7068405125 0.2492147140625 0.7168058765625 0.18629588125000002 0.6661456953125 0.1782720953125
1 0.5507641640625 0.25126960625 0.5447463265625 0.2892647421875 0.596970346875 0.2975362140625 0.6029881859375 0.259541078125 0.5507641640625 0.25126960625
1 0.594137825 0.1924319140625 0.5886846171875 0.22686211250000002 0.6314227156250001 0.2336311625 0.6368759234375 0.1992009640625 0.594137825 0.1924319140625
1 0.4744065375 0.24161990000000003 0.46970617031249995 0.2712968484375 0.5061066015625 0.277062109375 0.51080696875 0.2473851625 0.4744065375 0.24161990000000003
1 0.9270403421875001 1 0.9291646296874999 0.9865877796875001 0.8737717765624999 0.9778144140625 0.870257925 1 0.9270403421875001 1
1 0.30183689999999996 0.6754891484375001 0.291683325 0.7395962953125 0.3264993390625 0.7451106109375 0.3366529140625 0.6810034640625 0.30183689999999996 0.6754891484375001
1 0.16618872812500002 0.46659571250000004 0.1590440734375 0.5117052906249999 0.2017821703125 0.518474340625 0.20892682499999998 0.4733647625 0.16618872812500002 0.46659571250000004
1 0.20816491718750002 0.47810866562500004 0.20007921093749997 0.5291598078125 0.2238248859375 0.532920753125 0.2319105921875 0.4818696125 0.20816491718750002 0.47810866562500004
1 0.463004371875 1 0.46764832500000003 0.9706792375 0.4185725609375 0.9629063999999999 0.41387219374999995 0.9925833484375 0.4606990890625 1 0.463004371875 1
1 1 0.0729675671875 0.9691759781249999 0.068085521875 0.9672963203125 0.0799532140625 1 0.08513296875000001 1 0.0729675671875