0 0.7127343749999999 0.3060833328125 0.545671875 0.3060833328125 0.545671875 0.4375 0.7127343749999999 0.4375 0.7127343749999999 0.3060833328125
1 0.5144296875000001 0.7483958328125 0.4687578125 0.7483958328125 0.4687578125 0.8285208328125 0.5144296875000001 0.8285208328125 0.5144296875000001 0.7483958328125
1 0.222359375 0.4407083328125 0.139421875 0.4407083328125 0.139421875 0.5 0.222359375 0.5 0.222359375 0.4407083328125
1 0.7524140625 0.8573645828125 0.6526484375 0.8573645828125 0.6526484375 0.9663437500000001 0.7524140625 0.9663437500000001 0.7524140625 0.8573645828125
1 0.8161093749999999 0.8589687500000001 0.742796875 0.8589687500000001 0.742796875 0.9503229171875001 0.8161093749999999 0.9503229171875001 0.8161093749999999 0.8589687500000001
1 0.9891796875000001 1 0.9891796875000001 0.9070416671875 0.8894140625 0.9070416671875 0.8894140625 1 0.9891796875000001 1
1 0.8966328125 0.49678125 0.8329296875000001 0.49678125 0.8329296875000001 0.5673020828124999 0.8966328125 0.5673020828124999 0.8966328125 0.49678125
1 0.8329375000000001 0.42628125 0.77884375 0.42628125 0.77884375 0.46313541718750006 0.8329375000000001 0.46313541718750006 0.8329375000000001 0.42628125
1 0.746390625 0.32371875 0.722359375 0.32371875 0.722359375 0.3573645828125 0.746390625 0.3573645828125 0.746390625 0.32371875
1 0.4759609375 0.6843020828124999 0.44832031250000004 0.6843020828124999 0.44832031250000004 0.7516145828125 0.4759609375 0.7516145828125 0.4759609375 0.6843020828124999
1 0.2283671875 0.7660208328125 0.1802890625 0.7660208328125 0.1802890625 0.8044791671875 0.2283671875 0.8044791671875 0.2283671875 0.7660208328125
1 0.389421875 0.7243541671875 0.35335937500000003 0.7243541671875 0.35335937500000003 0.7660208328125 0.389421875 0.7660208328125 0.389421875 0.7243541671875
1 0.897828125 0.7339687500000001 0.8377343749999999 0.7339687500000001 0.8377343749999999 0.7772395828125 0.897828125 0.7772395828125 0.897828125 0.7339687500000001
1 0.9351015625000001 0.6602708328125 0.8870234375000001 0.6602708328125 0.8870234375000001 0.6923125 0.9351015625000001 0.6923125 0.9351015625000001 0.6602708328125
1 0 0.5240416671875 0.11178125000000001 0.5240416671875 0.11178125000000001 0.4519166671875 0 0.4519166671875 0 0.5240416671875
1 0.1430234375 0.2019270828125 0.0817265625 0.2019270828125 0.0817265625 0.2516145828125 0.1430234375 0.2516145828125 0.1430234375 0.2019270828125
1 0.21275 0.10096875000000001 0.17428125 0.10096875000000001 0.17428125 0.14103125 0.21275 0.14103125 0.21275 0.10096875000000001
1 0.27884375 0.1794791671875 0.23196875 0.1794791671875 0.23196875 0.21793749999999998 0.27884375 0.21793749999999998 0.27884375 0.1794791671875
1 0.23438281249999998 0.15865625 0.2019296875 0.15865625 0.2019296875 0.19871875 0.23438281249999998 0.19871875 0.23438281249999998 0.15865625
1 0.704328125 0.1746875 0.6622656250000001 0.1746875 0.6622656250000001 0.2067291671875 0.704328125 0.2067291671875 0.704328125 0.1746875
1 0.7740390625 0.30128125 0.7331796875000001 0.30128125 0.7331796875000001 0.3349270828125 0.7740390625 0.3349270828125 0.7740390625 0.30128125
1 0.2920625 0.4423125 0.24759375 0.4423125 0.24759375 0.4695625 0.2920625 0.4695625 0.2920625 0.4423125