0 0.6959140625 0.4695416671875 0.27042968749999996 0.4695416671875 0.27042968749999996 0.9342916671875001 0.6959140625 0.9342916671875001 0.6959140625 0.4695416671875
0 0.60096875 0.26603125 0.4110625 0.26603125 0.4110625 0.38621875 0.60096875 0.38621875 0.60096875 0.26603125
1 0.6370234375 0.3173020828125 0.5781328125 0.3173020828125 0.5781328125 0.37178125 0.6370234375 0.37178125 0.6370234375 0.3173020828125
1 0.8197109375 0.8237187499999999 0.7632265625 0.8237187499999999 0.7632265625 0.8878229171875001 0.8197109375 0.8878229171875001 0.8197109375 0.8237187499999999
1 0.8437578125 0.6137708328125 0.7800546875000001 0.6137708328125 0.7800546875000001 0.6650625 0.8437578125 0.6650625 0.8437578125 0.6137708328125
1 0.753609375 0.5112291671875 0.715140625 0.5112291671875 0.715140625 0.5641041671875 0.753609375 0.5641041671875 0.753609375 0.5112291671875
1 0.8185078125 0.5448645828124999 0.7836484375 0.5448645828124999 0.7836484375 0.5881354171875001 0.8185078125 0.5881354171875001 0.8185078125 0.5448645828124999
1 0.7511953124999999 0.4343020828125 0.7211484375 0.4343020828125 0.7211484375 0.47115625000000005 0.7511953124999999 0.47115625000000005 0.7511953124999999 0.4343020828125
1 0.0865390625 1 0.0865390625 0.9439166671875 0.0384609375 0.9439166671875 0.0384609375 1 0.0865390625 1
1 0.295671875 0.3317291671875 0.230765625 0.3317291671875 0.230765625 0.3669791671875 0.295671875 0.3669791671875 0.295671875 0.3317291671875
1 0.4807734375 0.1650729171875 0.4351015625 0.1650729171875 0.4351015625 0.20834375 0.4807734375 0.20834375 0.4807734375 0.1650729171875
1 0.47596875 0.20833333281250002 0.42428125000000005 0.20833333281250002 0.42428125000000005 0.232375 0.47596875 0.232375 0.47596875 0.20833333281250002
1 0.0300546875 0.4919895828125 0.0000078125 0.4919895828125 0.0000078125 0.5416770828125 0.0300546875 0.5416770828125 0.0300546875 0.4919895828125
1 0.9999921875 0.8958333328125001 0.9879765624999999 0.8958333328125001 0.9879765624999999 0.9791666671874999 0.9999921875 0.9791666671874999 0.9999921875 0.8958333328125001