0 0.745349475 0.3611986796875 0.558749478125 0.407723284375 0.5979055453125001 0.5647696921875001 0.7845055421875 0.5182450875 0.745349475 0.3611986796875
1 0.258595378125 0.565138025 0.17695408906250001 0.5854934843749999 0.18664608437500002 0.62436595625 0.26828737343750003 0.604010496875 0.258595378125 0.565138025
1 0.2675037171875 0.620727909375 0.184695040625 0.64137443125 0.19555128593749999 0.6849164515624999 0.2783599609375 0.6642699296875 0.2675037171875 0.620727909375
1 0.8779666265625 0.232340121875 0.9444394640624999 0.2157665828125 0.923503140625 0.131795571875 0.8570303031250001 0.1483691125 0.8779666265625 0.232340121875
1 0.8755980624999999 0.3023145859375 0.8277806765625 0.3142368 0.835920340625 0.346883209375 0.8837377265624999 0.3349609953125 0.8755980624999999 0.3023145859375
1 0.8394983484375 0.2221135 0.7811896390624999 0.23665149375 0.7897173859375 0.2708544171875 0.8480260953125001 0.2563164234375 0.8394983484375 0.2221135
1 0.30942705312499996 0.0735080515625 0.2686139890625 0.0836838921875 0.2817936921875 0.13654479375 0.32260675625 0.12636895312500002 0.30942705312499996 0.0735080515625
1 0.3533529796875 0.0708117328125 0.34172056875 0.024156679687499998 0.27175315 0.0416015171875 0.2833855609375 0.08825656875 0.3533529796875 0.0708117328125
1 0 0.1853219984375 0.0481706859375 0.1733116984375 0.030339025 0.10179281874999999 0 0.10935718750000001 0 0.1853219984375
1 0.2025134765625 0.10675623281249999 0.19127166874999998 0.061667803125 0.12247163750000001 0.078821578125 0.1337134453125 0.12391000781249999 0.2025134765625 0.10675623281249999
1 0 0.5586081093749999 0.030828003124999996 0.550921825 0.013767470312499999 0.4824957625 0 0.485928378125 0 0.5586081093749999
1 0.14165681875 0.45887574531249997 0.055361142187500004 0.480391675 0.070093178125 0.539478640625 0.156388853125 0.5179627124999999 0.14165681875 0.45887574531249997
1 0.2353254953125 0.47183991562500005 0.18168633437499998 0.4852136609375 0.1909902484375 0.5225296187499999 0.24462940781250003 0.5091558734375 0.2353254953125 0.47183991562500005
1 0.36593204375 0.4541447953125 0.32395159218749997 0.46461169843750005 0.33441975468749996 0.5065972015625 0.3764002046875 0.4961303 0.36593204375 0.4541447953125
1 0.1236747015625 0.6252084734375 0.0653659921875 0.6397464671875001 0.074281821875 0.67550590625 0.13259053125 0.6609679125000001 0.1236747015625 0.6252084734375
1 0.1869262765625 0.7845028390625 0.132119728125 0.7981676453125 0.1437521390625 0.8448226984374999 0.1985586875 0.831157890625 0.1869262765625 0.7845028390625
1 0.3097474734375 0.8050779531250001 0.274756184375 0.8138022625 0.2817366390625 0.8417993375 0.316727928125 0.8330750281249999 0.3097474734375 0.8050779531250001
1 0.354465146875 0.7608952718750001 0.2961564375 0.775433265625 0.308565015625 0.8252013515625001 0.3668737234375 0.8106633578125001 0.354465146875 0.7608952718750001
1 0.8077415453125001 0.66110698125 0.7552546109375 0.67419344375 0.7618469828125 0.7006340015625 0.8143339171875 0.6875475390625 0.8077415453125001 0.66110698125
1 0.8108655453125 0.6190283875 0.7665503203124999 0.6300774140625001 0.773530775 0.6580744875 0.817846 0.6470254609375 0.8108655453125 0.6190283875
1 0.8505971703125 0.4852553046875 0.7981102359375 0.4983417671875 0.8050906890625 0.526338840625 0.8575776234375001 0.513252378125 0.8505971703125 0.4852553046875
1 0.8187457281249999 0.4667872875 0.7814196640625 0.47609372031249997 0.789559328125 0.508740128125 0.8268853921874999 0.4994336953125 0.8187457281249999 0.4667872875
1 0.8572346468750001 0.43240251562500004 0.8175889703125 0.44228729375000003 0.8268928828125001 0.47960325 0.8665385593750001 0.4697184734375 0.8572346468750001 0.43240251562500004
1 0.9479240328125 0.234715621875 0.882611003125 0.2509999890625 0.8950195796875 0.300768075 0.9603326109375001 0.2844837078125 0.9479240328125 0.234715621875
1 0.37441346875 0.5775502890624999 0.32776347031249997 0.589181440625 0.334743925 0.617178515625 0.3813939234375 0.6055473640625 0.37441346875 0.5775502890624999
1 0.293763409375 0.8800896843749999 0.2634416671875 0.8876497437499999 0.27158133125 0.9202961515625001 0.301903071875 0.9127360921875001 0.293763409375 0.8800896843749999