1 0.9060042421875 0.738382121875 0.9045362828125001 0.6963452453125 0.8532758609375 0.6981352984375 0.8547438218750001 0.740172175 0.9060042421875 0.738382121875
1 0.786341146875 0.755795475 0.784495290625 0.7029370687500001 0.7300493125 0.7048383640625 0.73189516875 0.7576967703124999 0.786341146875 0.755795475
1 0.7763623703125 0.6539019703125 0.7748944109375 0.61186509375 0.7412690734375 0.613039315625 0.7427370328125 0.6550761921875 0.7763623703125 0.6539019703125
1 0.7598992328125 0.5955503546875 0.758095365625 0.543894340625 0.7324651546875 0.5447893671874999 0.7342690234375 0.59644538125 0.7598992328125 0.5955503546875
1 0.63378104375 0.9788024703125 0.6316418140625 0.9175429359375 0.588397340625 0.9190530656250001 0.5905365703125 0.9803126000000001 0.63378104375 0.9788024703125
1 0.5087275250000001 1 0.5703133578124999 0.997849375 0.5676708125000001 0.9221767515625 0.4955897484375 0.924693878125 0.498219496875 1 0.5087275250000001 1
1 0.4917989203125 1 0.49068721249999997 0.9681648921875 0.431431665625 0.9702341421874999 0.43247111250000003 1 0.4917989203125 1
1 0.5429389234374999 0.8111988390624999 0.5405477624999999 0.742724953125 0.482895403125 0.7447382171875 0.4852865640625 0.8132121046874999 0.5429389234374999 0.8111988390624999
1 0.46752524375000004 0.8102129515625001 0.46563739843749996 0.7561521531250001 0.42880568124999996 0.7574383453125 0.43069352656250004 0.8114991421875001 0.46752524375000004 0.8102129515625001
1 0.28975917500000004 1 0.288054325 0.95117945625 0.21597326093749997 0.9536965828125 0.2175902125 1 0.28975917500000004 1
1 0.1197910515625 1 0.1150216640625 0.8634225624999999 0.023723146875 0.8666107765625 0.028381201562500003 1 0.1197910515625 1
1 0.6157005953125 0.415379309375 0.6125967203125 0.32649598750000003 0.553341175 0.32856523593750003 0.5564450484375 0.4174485578125 0.6157005953125 0.415379309375
1 0.7230472421874999 0.22883182500000002 0.7186848046875001 0.103907971875 0.6257831 0.10715217031249999 0.6301455359375 0.23207602500000002 0.7230472421874999 0.22883182500000002
1 0.3730689609375 0.6764122953125 0.3699650859375 0.5875289734375 0.2994872125 0.589990115625 0.3025910875 0.6788734359374999 0.3730689609375 0.6764122953125
1 0.324991184375 0.5854801046875 0.3233132828125 0.5374312671875 0.2624545453125 0.5395565015625 0.2641324484375 0.5876053375 0.324991184375 0.5854801046875
1 0.322255671875 0.553110540625 0.3195291484375 0.47503313281250004 0.252257653125 0.4773823046875 0.2549841765625 0.5554597140624999 0.322255671875 0.553110540625
1 0.25933127031250003 0.49638138749999994 0.256227396875 0.40749806718750003 0.161743321875 0.4107975234375 0.1648471953125 0.4996808453125 0.25933127031250003 0.49638138749999994
1 0.20448913906250002 0.5788690375 0.201972559375 0.5068035890625 0.09145658906250001 0.5106628921875 0.09397317031249999 0.582728340625 0.20448913906250002 0.5788690375
1 0.10406289843750001 0.5499030921875 0.1013783640625 0.4730280765625 0.042122815625 0.475097325 0.04480735 0.5519723421875 0.10406289843750001 0.5499030921875
0 0.3238976640625 0.8296592031250001 0.31571809375000004 0.5954269765625 0.13795145 0.601634725 0.1461310203125 0.83586695 0.3238976640625 0.8296592031250001
0 0.738834703125 0.8644883875 0.7322490593750001 0.675900215625 0.650569678125 0.6787525234375 0.6571553234375 0.8673406953124999 0.738834703125 0.8644883875
0 0.7275231953125 0.678465146875 0.72307678125 0.551136509375 0.6141639999999999 0.5549398265625001 0.6186104140625 0.6822684640625 0.7275231953125 0.678465146875
0 0.9082540953124999 0.6192466546875 0.90254911875 0.45587748437500003 0.7792284546875 0.4601839375 0.7849334328124999 0.6235531062499999 0.9082540953124999 0.6192466546875
0 0.9366942609375 0.6988182046875 0.9324158 0.5762991359375 0.8747634421875 0.5783124 0.8790419015625 0.70083146875 0.9366942609375 0.6988182046875
1 0.2216044171875 0.3341382640625 0.22009446875 0.29089899531249996 0.17524680625 0.2924651109375 0.17675675468750002 0.3357043796875 0.2216044171875 0.3341382640625
1 0.36203575625 0.31479581093750003 0.3599385140625 0.25473866875 0.321503609375 0.25608084531249997 0.32360085 0.3161379875 0.36203575625 0.31479581093750003
1 0.96837118125 0.3200913609375 0.9665673124999999 0.2684353484375 0.9201164609375001 0.270057446875 0.9219203296874999 0.3217134609375 0.96837118125 0.3200913609375