1 0 0.8269166671875 0.131 0.8269166671875 0.131 0.6875 0 0.6875 0 0.8269166671875
1 0.3365390625 0.5561041671875 0.1658671875 0.5561041671875 0.1658671875 0.6506458328125 0.3365390625 0.6506458328125 0.3365390625 0.5561041671875
1 0.8810078125 0.7131458328125 0.8040859375 0.7131458328125 0.8040859375 0.7868541671875 0.8810078125 0.7868541671875 0.8810078125 0.7131458328125
1 0.890625 0.7932812499999999 0.8173125000000001 0.7932812499999999 0.8173125000000001 0.8685937499999999 0.890625 0.8685937499999999 0.890625 0.7932812499999999
1 0.8557656250000001 0.8189166671875 0.762015625 0.8189166671875 0.762015625 0.9230833328125 0.8557656250000001 0.9230833328125 0.8557656250000001 0.8189166671875
1 0.7764453125 0.3974479171875 0.6634609375 0.3974479171875 0.6634609375 0.5176354171875001 0.7764453125 0.5176354171875001 0.7764453125 0.3974479171875
1 0.691109375 0.48557291718749995 0.586546875 0.48557291718749995 0.586546875 0.62659375 0.691109375 0.62659375 0.691109375 0.48557291718749995
1 0.484375 0.0849270828125 0.41465625 0.0849270828125 0.41465625 0.1346145828125 0.484375 0.1346145828125 0.484375 0.0849270828125
0 0.55409375 0.2355729171875 0.30409375 0.2355729171875 0.30409375 0.4455104171875 0.55409375 0.4455104171875 0.55409375 0.2355729171875
0 0.4495234375 0.177875 0.2584140625 0.177875 0.2584140625 0.3333333328125 0.4495234375 0.3333333328125 0.4495234375 0.177875
0 0.51321875 0.4647395828125 0.34375 0.4647395828125 0.34375 0.5769270828125 0.51321875 0.5769270828125 0.51321875 0.4647395828125