0 0.36774452812499997 0.6234197078125 0.3926695609375 0.4460688859375 0.2752402734375 0.42956527656250004 0.250315240625 0.6069160984375 0.36774452812499997 0.6234197078125
0 1 0.365149190625 0.5251027406250001 0.298406734375 0.4605351203125 0.7578292265625 0.9398042359375 0.8251861078125 1 0.3968709890625 1 0.365149190625
1 0.5220681968750001 0.8150356421874999 0.5290942624999999 0.765042578125 0.49259875781250007 0.75991346875 0.485572690625 0.8099065328125 0.5220681968750001 0.8150356421874999
1 0.8846377921874999 0.9412315187500001 0.890826646875 0.8971955359375 0.8035386421874999 0.8849280078125 0.7973497890625 0.928963990625 0.8846377921874999 0.9412315187500001
1 0.6288013046875001 0.9307741921874999 0.6359948156249999 0.8795897109374999 0.5772801703125 0.87133790625 0.5700866609374999 0.9225223859374999 0.6288013046875001 0.9307741921874999
1 0.5442863453125 0.864271028125 0.54763085 0.8404736484375 0.4984269046875 0.8335584859375 0.4950824015625 0.857355865625 0.5442863453125 0.864271028125
1 0.427026528125 0.7774030984375 0.4295359921875 0.759547328125 0.3930404875 0.7544182187499999 0.3905310234375 0.7722739890625 0.427026528125 0.7774030984375
1 0.3830337875 0.6643994984375 0.3867131765625 0.6382192875 0.34704056250000004 0.6326436640625 0.3433611734375 0.6588238765625001 0.3830337875 0.6643994984375
1 0.40465139375000003 0.326384171875 0.41435436875000003 0.2573439203125 0.358816834375 0.249538628125 0.349113859375 0.3185788796875 0.40465139375000003 0.326384171875
1 0.1974598046875 0.4647625515625 0.20348121562500002 0.421917984375 0.168574265625 0.4170121328125 0.1625528546875 0.4598567 0.1974598046875 0.4647625515625
1 0.23771849375 0.47769445624999995 0.2437399046875 0.4348498890625 0.2088329546875 0.4299440375 0.20281154375 0.47278860468749995 0.23771849375 0.47769445624999995
1 0.6166850953125 0.0843190484375 0.6220389109375 0.0462246734375 0.5617357109375 0.0377496109375 0.5563818953124999 0.0758439859375 0.6166850953125 0.0843190484375