1 0.07811718749999999 0.5320625 0.0011953125 0.5320625 0.0011953125 0.6121875 0.07811718749999999 0.6121875 0.07811718749999999 0.5320625
1 0.209125 0.5256354171875001 0.10696874999999999 0.5256354171875001 0.10696874999999999 0.59615625 0.209125 0.59615625 0.209125 0.5256354171875001
1 1 0.66025 0.9519296875000001 0.66025 0.9519296875000001 0.740375 1 0.740375 1 0.66025
1 0.9723515624999999 1 0.9723515624999999 0.927875 0.9002421875 0.927875 0.9002421875 1 0.9723515624999999 1
1 0.4855703125 0.93909375 0.4218671875 0.93909375 0.4218671875 0.9999895828125 0.4855703125 0.9999895828125 0.4855703125 0.93909375
1 0.45432812499999997 0.8621666671874999 0.415859375 0.8621666671874999 0.415859375 0.9342916671875001 0.45432812499999997 0.9342916671875001 0.45432812499999997 0.8621666671874999
1 0.8401406250000001 0.4214791671875 0.813703125 0.4214791671875 0.813703125 0.4487291671875 0.8401406250000001 0.4487291671875 0.8401406250000001 0.4214791671875
1 0.7884609375 0.242 0.7511953124999999 0.242 0.7511953124999999 0.2740416671875 0.7884609375 0.2740416671875 0.7884609375 0.242
1 0.2764375 0.20993750000000003 0.25240625 0.20993750000000003 0.25240625 0.2419791671875 0.2764375 0.2419791671875 0.2764375 0.20993750000000003
1 0.3365390625 0.2243541671875 0.2776484375 0.2243541671875 0.2776484375 0.2692291671875 0.3365390625 0.2692291671875 0.3365390625 0.2243541671875
1 0.2836484375 0.3830104171875 0.2043203125 0.3830104171875 0.2043203125 0.4294895828125 0.2836484375 0.4294895828125 0.2836484375 0.3830104171875
1 0.28605468749999996 0.4375 0.2091328125 0.4375 0.2091328125 0.4759583328125 0.28605468749999996 0.4759583328125 0.28605468749999996 0.4375
1 0.29085937500000003 0.5272395828125 0.246390625 0.5272395828125 0.246390625 0.5705104171875 0.29085937500000003 0.5705104171875 0.29085937500000003 0.5272395828125
1 0.7079296875 0.3878333328125 0.6310078125 0.3878333328125 0.6310078125 0.4230833328125 0.7079296875 0.4230833328125 0.7079296875 0.3878333328125
1 0.7043203124999999 0.3157083328125 0.6766796875 0.3157083328125 0.6766796875 0.3365416671875 0.7043203124999999 0.3365416671875 0.7043203124999999 0.3157083328125
1 0.0697109375 0.36859375 0.0240390625 0.36859375 0.0240390625 0.3942395828125 0.0697109375 0.3942395828125 0.0697109375 0.36859375
1 0.181484375 0.8701979171875 0.141828125 0.8701979171875 0.141828125 0.9727604171875001 0.181484375 0.9727604171875001 0.181484375 0.8701979171875
1 0.163453125 0.2419791671875 0.134609375 0.2419791671875 0.134609375 0.2692291671875 0.163453125 0.2692291671875 0.163453125 0.2419791671875
1 0.2511953125 0.14103125 0.21874218750000002 0.14103125 0.21874218750000002 0.1698854171875 0.2511953125 0.1698854171875 0.2511953125 0.14103125
0 0.7872656250000001 0.3990416671875 0.608171875 0.3990416671875 0.608171875 0.5592916671875 0.7872656250000001 0.5592916671875 0.7872656250000001 0.3990416671875
1 0.9363046875000001 0.5512916671875 0.8858203124999999 0.5512916671875 0.8858203124999999 0.58975 0.9363046875000001 0.58975 0.9363046875000001 0.5512916671875
1 0.116578125 0.2531979171875 0.072109375 0.2531979171875 0.072109375 0.27884375 0.116578125 0.27884375 0.116578125 0.2531979171875
1 0.4771640625 0.22275 0.4338984375 0.22275 0.4338984375 0.25 0.4771640625 0.25 0.4771640625 0.22275
1 0.4074453125 0.5176354171875001 0.3773984375 0.5176354171875001 0.3773984375 0.55128125 0.4074453125 0.55128125 0.4074453125 0.5176354171875001
1 0.33534375 0.9134583328125 0.28846875 0.9134583328125 0.28846875 0.9647500000000001 0.33534375 0.9647500000000001 0.33534375 0.9134583328125
1 0.80409375 1 0.80409375 0.9583333328125001 0.7548125 0.9583333328125001 0.7548125 1 0.80409375 1
1 0.915875 0.634625 0.8641875000000001 0.634625 0.8641875000000001 0.6762916671875 0.915875 0.6762916671875 0.915875 0.634625
1 0.8701874999999999 0.3974375 0.8257187500000001 0.3974375 0.8257187500000001 0.42789583281250004 0.8701874999999999 0.42789583281250004 0.8701874999999999 0.3974375
1 0.7980703124999999 0.2820520828125 0.7656171875 0.2820520828125 0.7656171875 0.3076979171875 0.7980703124999999 0.3076979171875 0.7980703124999999 0.2820520828125