1 0.677866865625 0.161825778125 0.687256740625 0.0275443046875 0.60892718125 0.0220669671875 0.59953730625 0.156348440625 0.677866865625 0.161825778125
1 0.5876943953125 0.256719946875 0.5950722328125 0.1512119609375 0.53112421875 0.1467402796875 0.5237463828125 0.25224826562499997 0.5876943953125 0.256719946875
1 0.766128834375 0.8752439093750001 0.7768604328125 0.721774915625 0.6953303531249999 0.7160737765625 0.68459875625 0.8695427703125 0.766128834375 0.8752439093750001
1 0.643601696875 0.766674565625 0.64879964375 0.6923404578125 0.583251371875 0.6877568765625 0.5780534234375 0.762090984375 0.643601696875 0.766674565625
1 0.6314761125 0.710410421875 0.6355841156250001 0.6516632515625 0.57643688125 0.6475272734375 0.572328878125 0.70627444375 0.6314761125 0.710410421875
1 0.620179396875 0.6421436078125 0.6238688609375 0.589381821875 0.577502915625 0.5861396 0.5738134515625 0.6389013859375 0.620179396875 0.6421436078125
1 0.432104084375 0.8277966921875001 0.4362960125 0.7678493265624999 0.3787490375 0.76382525 0.37455710937500003 0.823772615625 0.432104084375 0.8277966921875001
1 0.42044000156249994 0.994451509375 0.42245204062499997 0.9656780203125 0.392067903125 0.9635533546874999 0.3900558640625 0.9923268437500001 0.42044000156249994 0.994451509375
1 0.43535255156249997 0.71235145 0.43828668281249994 0.6703914109375 0.3983217734375 0.6675967921875 0.395387640625 0.70955683125 0.43535255156249997 0.71235145
1 0.3780177421875 0.61315721875 0.38288107656250003 0.5436083 0.326934359375 0.5396961234375001 0.322071025 0.6092450421875 0.3780177421875 0.61315721875
1 0.236070565625 0.552639315625 0.2395082515625 0.5034781109375001 0.18196127499999998 0.49945403437499997 0.17852358906250002 0.5486152390625 0.236070565625 0.552639315625
1 0.2142940296875 0.6342409124999999 0.21865380937499998 0.571893159375 0.18028915625 0.5692104421875 0.17592937656250002 0.6315581953125 0.2142940296875 0.6342409124999999
1 0.11126722343749999 0.4993192140625 0.11487276093750001 0.447757621875 0.0829091453125 0.4455225078125 0.0793036078125 0.49708410000000003 0.11126722343749999 0.4993192140625
0 0.16412743125 0.5018251593749999 0.1700807109375 0.41668930312499997 0.10613269843749999 0.412217621875 0.10017941875 0.4973534796875 0.16412743125 0.5018251593749999
0 0.21634249218749999 0.4211224734375 0.22330179062500002 0.321599871875 0.13857119375 0.31567493125 0.131611896875 0.41519753281250005 0.21634249218749999 0.4211224734375
0 0.4245899609375 0.406778203125 0.429871834375 0.3312439 0.36752408124999997 0.3268841203125 0.3622422078125 0.4024184234375 0.4245899609375 0.406778203125
0 0.7574154828124999 1 0.7665583109375 0.8692514578124999 0.569913496875 0.8555007140625 0.559809121875 1 0.7574154828124999 1