1 0.3016875 0.2836458328125 0.234375 0.2836458328125 0.234375 0.3221041671875 0.3016875 0.3221041671875 0.3016875 0.2836458328125
1 0.0901484375 0.7740416671875 0.0000078125 0.7740416671875 0.0000078125 0.9086666671874999 0.0901484375 0.9086666671874999 0.0901484375 0.7740416671875
1 0.02884375 1 0.02884375 0.9310833328125 0 0.9310833328125 0 1 0.02884375 1
1 0.5937578125 1 0.5937578125 0.9070416671875 0.4338984375 0.9070416671875 0.4338984375 1 0.5937578125 1
1 0.9627343749999999 0.7387916671875 0.891828125 0.7387916671875 0.891828125 0.8605833328125 0.9627343749999999 0.8605833328125 0.9627343749999999 0.7387916671875
1 0.7560078125 0.6794895828125 0.7031171875 0.6794895828125 0.7031171875 0.7371770828125 0.7560078125 0.7371770828125 0.7560078125 0.6794895828125
1 0.7836484375 0.52884375 0.7271640625 0.52884375 0.7271640625 0.5656979171875001 0.7836484375 0.5656979171875001 0.7836484375 0.52884375
1 0.7608203125 0.4342916671875 0.7283671875 0.4342916671875 0.7283671875 0.4967916671875 0.7608203125 0.4967916671875 0.7608203125 0.4342916671875
1 0.701921875 0.43588541718749996 0.659859375 0.43588541718749996 0.659859375 0.4647395828125 0.701921875 0.4647395828125 0.701921875 0.43588541718749996
1 0.46153125 0.13621875 0.40625 0.13621875 0.40625 0.1730729171875 0.46153125 0.1730729171875 0.46153125 0.13621875
0 0.576921875 0.232375 0.39782812500000003 0.232375 0.39782812500000003 0.3253333328125 0.576921875 0.3253333328125 0.576921875 0.232375
0 0.63221875 0.4182604171875 0.26803125 0.4182604171875 0.26803125 0.7916562500000001 0.63221875 0.7916562500000001 0.63221875 0.4182604171875