1 0 0.40914149999999994 0.119325121875 0.3965999234375 0.10190371093749999 0.2308462734375 0 0.2415567859375 0 0.40914149999999994
1 0.34028316875 0.37176329375 0.17413585468749998 0.3892260796875 0.1843535125 0.4864405953125 0.3505008265625 0.468977809375 0.34028316875 0.37176329375
1 0.49040317812499995 0.4317123875 0.3613018046875 0.44528148749999996 0.3758748140625 0.583934415625 0.5049761890625 0.5703653156249999 0.49040317812499995 0.4317123875
1 0.8697559125 0.1775313828125 0.776519484375 0.1873309265625 0.7869048234375 0.2861408203125 0.8801412515625 0.2763412765625 0.8697559125 0.1775313828125
1 0.8417074890625 0.1176246484375 0.7699931375 0.12516213125 0.7775322515624999 0.1968920234375 0.8492466046875 0.18935454062499998 0.8417074890625 0.1176246484375
1 0.8247814984374999 0.048515309374999996 0.71959526875 0.0595708265625 0.73048365 0.1631668578125 0.8356698796875 0.152111340625 0.8247814984374999 0.048515309374999996
1 0.7844715640625 0.48138137968750006 0.6733026640625 0.4930657015625 0.685530315625 0.6094040453125 0.7966992171875 0.5977197234375 0.7844715640625 0.48138137968750006
1 0.68167825625 0.4003280203125 0.6135379671875001 0.40748985312499997 0.625264753125 0.519062778125 0.69340504375 0.5119009453125 0.68167825625 0.4003280203125
1 0.9848578437500001 0.32980286406250003 0.9418292328125 0.334325353125 0.9527176140625 0.4379213828125 0.9957462265625001 0.43339889375 0.9848578437500001 0.32980286406250003
0 0.552098534375 0.5702620406250001 0.33933300625 0.5926245984375 0.3597704984375 0.787074346875 0.5725360265624999 0.7647117890625 0.552098534375 0.5702620406250001
0 0.449281121875 0.6729154828125 0.28313380781249997 0.69037826875 0.3020621703125 0.8704696078125 0.468209484375 0.853006821875 0.449281121875 0.6729154828125
0 0.57637225 0.812646303125 0.4173886015625 0.8293561578125 0.4254285828125 0.9058514656250001 0.58441223125 0.8891416109374999 0.57637225 0.812646303125