0 0.683634525 0.3781577 0.7019434906249999 0.52727225 0.8180507125 0.5130160765625 0.7997417484375 0.363901525 0.683634525 0.3781577
0 0.773537375 0.2557025984375 0.78877104375 0.3797708671875 0.860358434375 0.3709810421875 0.845124765625 0.246912771875 0.773537375 0.2557025984375
0 0.35458714375 0.2756664078125 0.37436235 0.43672252968749997 0.5000228265625 0.4212933625 0.480247621875 0.2602372421875 0.35458714375 0.2756664078125
0 0.36426323125 0.0783051515625 0.3934128546875 0.31570978437499997 0.5731464203125001 0.2936412765625 0.543996796875 0.05623664375 0.36426323125 0.0783051515625
0 0.2735928890625 0.6416242953125 0.290584140625 0.780006940625 0.35580269531250003 0.7719991078125 0.33881144218750003 0.6336164625 0.2735928890625 0.6416242953125
1 0.32640451718749997 0.6642002031249999 0.33636543125 0.7453253421875 0.4047684046875 0.7369265140625 0.3948074890625 0.655801375 0.32640451718749997 0.6642002031249999
1 0.0048648421875 0.083683953125 0.018634173437500002 0.195826159375 0.1331491859375 0.1817654828125 0.11937985312499999 0.0696232765625 0.0048648421875 0.083683953125
1 0.5843991046875 0.26681999843750004 0.5901117296875 0.3133455984375 0.6219145640625 0.3094407015625 0.6162019375 0.26291510156250003 0.5843991046875 0.26681999843750004
1 0.5585567218749999 0.1222511734375 0.5683710125 0.20218215625 0.5970101046875 0.19866571718749998 0.5871958140625 0.118734734375 0.5585567218749999 0.1222511734375
1 0.734989040625 0.191421315625 0.7412881625 0.2427235453125 0.79536125 0.23608420468750002 0.789062128125 0.1847819765625 0.734989040625 0.191421315625
1 0.5305172015624999 1 0.587959925 0.9929469203125001 0.57726779375 0.9058665046875 0.4834308265625 0.9173882359375 0.493574275 1 0.5305172015624999 1
1 0.9115901109375001 0.6698479921875 0.9155451515624999 0.7020592171875 0.95530903125 0.6971768265625 0.9513539906249999 0.6649656015625001 0.9115901109375001 0.6698479921875
1 0.4835421203125 0.7999130921875001 0.4879370328125 0.8357067890625001 0.5372541703125 0.8296514046875 0.53285925625 0.793857709375 0.4835421203125 0.7999130921875001