0 0.58653125 0.1490416671875 0.4326875 0.1490416671875 0.4326875 0.2708333328125 0.58653125 0.2708333328125 0.58653125 0.1490416671875
0 0.6947109375 0.1089791671875 0.5733203125 0.1089791671875 0.5733203125 0.1714791671875 0.6947109375 0.1714791671875 0.6947109375 0.1089791671875
0 0.9002421875 0.3509583328125 0.7139453125 0.3509583328125 0.7139453125 0.4967916671875 0.9002421875 0.4967916671875 0.9002421875 0.3509583328125
0 0.7295703125 0.4343020828125 0.5793359375 0.4343020828125 0.5793359375 0.5192395828125 0.7295703125 0.5192395828125 0.7295703125 0.4343020828125
0 0.4290859375 0.59134375 0.29207031250000004 0.59134375 0.29207031250000004 0.6554479171875001 0.4290859375 0.6554479171875001 0.4290859375 0.59134375
1 0.39903125 0.53525 0.3233125 0.53525 0.3233125 0.607375 0.39903125 0.607375 0.39903125 0.53525
1 0.10096875000000001 0.4246875 0.0204375 0.4246875 0.0204375 0.49839583281250005 0.10096875000000001 0.49839583281250005 0.10096875000000001 0.4246875
1 0.4254765625 0.9198645828125 0.3617734375 0.9198645828125 0.3617734375 0.9631354171875 0.4254765625 0.9631354171875 0.4254765625 0.9198645828125
1 0.9555234374999999 0.71153125 0.8737890625 0.71153125 0.8737890625 0.8108854171875001 0.9555234374999999 0.8108854171875001 0.9555234374999999 0.71153125
1 0.84975 0.3060833328125 0.77884375 0.3060833328125 0.77884375 0.34775 0.84975 0.34775 0.84975 0.3060833328125
1 0.7560156250000001 0.1378229171875 0.7091406250000001 0.1378229171875 0.7091406250000001 0.1923020828125 0.7560156250000001 0.1923020828125 0.7560156250000001 0.1378229171875
1 0.71875 0.3044895828125 0.66946875 0.3044895828125 0.66946875 0.3381354171875 0.71875 0.3381354171875 0.71875 0.3044895828125
1 0.701921875 0.8525625 0.652640625 0.8525625 0.652640625 0.9535208328125 0.701921875 0.9535208328125 0.701921875 0.8525625
1 0.2776484375 0.0496770828125 0.24278906249999999 0.0496770828125 0.24278906249999999 0.09294791718749999 0.2776484375 0.09294791718749999 0.2776484375 0.0496770828125