1 0.1189921875 0.4166666671875 0.0000078125 0.4166666671875 0.0000078125 0.5 0.1189921875 0.5 0.1189921875 0.4166666671875
1 0.954328125 0.7067395828125 0.858171875 0.7067395828125 0.858171875 0.8093020828125 0.954328125 0.8093020828125 0.954328125 0.7067395828125
1 0.69590625 0.8381458328125 0.609375 0.8381458328125 0.609375 0.9391041671875 0.69590625 0.9391041671875 0.69590625 0.8381458328125
1 0.4266875 0.9150520828125 0.36659375 0.9150520828125 0.36659375 0.96153125 0.4266875 0.96153125 0.4266875 0.9150520828125
1 0.9423125000000001 0.3701979171875 0.8774062499999999 0.3701979171875 0.8774062499999999 0.4343020828125 0.9423125000000001 0.4343020828125 0.9423125000000001 0.3701979171875
1 0.7644296875000001 0.13621875 0.6851015625 0.13621875 0.6851015625 0.20353125 0.7644296875000001 0.20353125 0.7644296875000001 0.13621875
1 0.7163359375 0.32853125 0.6442265625 0.32853125 0.6442265625 0.3718020828125 0.7163359375 0.3718020828125 0.7163359375 0.32853125
1 0.854578125 0.29328125 0.753609375 0.29328125 0.753609375 0.35096875 0.854578125 0.35096875 0.854578125 0.29328125
0 0.8834140625 0.3413541671875 0.5925546875000001 0.3413541671875 0.5925546875000001 0.5496875 0.8834140625 0.5496875 0.8834140625 0.3413541671875
0 0.590140625 0.1602708328125 0.431484375 0.1602708328125 0.431484375 0.2756458328125 0.590140625 0.2756458328125 0.590140625 0.1602708328125
0 0.6923125 0.10896874999999999 0.56490625 0.10896874999999999 0.56490625 0.1874895828125 0.6923125 0.1874895828125 0.6923125 0.10896874999999999
0 0.443515625 0.5464791671875 0.266828125 0.5464791671875 0.266828125 0.6746875 0.443515625 0.6746875 0.443515625 0.5464791671875