0 0.3185989421875 0.5752945406250001 0.3161237 0.43348801562499994 0.1943505828125 0.4356135734375 0.196825825 0.5774200984375 0.3185989421875 0.5752945406250001
0 0.21987953125 0.7044433515625 0.2174882796875 0.5674485953125 0.148582109375 0.56865135625 0.1509733609375 0.7056461125 0.21987953125 0.7044433515625
0 0.5905783875 0.9143416703125 0.58680266875 0.6980308703125 0.48265186875 0.6998488296875001 0.4864275875 0.9161596296875001 0.5905783875 0.9143416703125
0 0.6530675171875 0.7293400953125 0.6500888812500001 0.5586942140625 0.5459380796875 0.5605121734375 0.5489167140625 0.7311580546875 0.6530675171875 0.7293400953125
1 0.787155090625 0.3303063578125 0.78465885 0.1872968921875 0.720564446875 0.18841566406250002 0.7230606859375001 0.33142512968750004 0.787155090625 0.3303063578125
1 0.7291511359375 0.313277009375 0.727619959375 0.225555996875 0.661921634375 0.22670276562499997 0.6634528109375 0.314423778125 0.7291511359375 0.313277009375
1 0.495636565625 0 0.47844241875 0.000300125 0.47936535156250004 0.053174882812500004 0.572309525 0.0515525359375 0.5714096734375 0 0.495636565625 0
1 0.41372466875 0.69865315625 0.4129695796875 0.6553941203125 0.382515884375 0.655925690625 0.38327097499999996 0.6991847265625 0.41372466875 0.69865315625
1 0.43083466562500006 0.8534249921875 0.4293034890625 0.7657039796875 0.38924709062499996 0.7664031671875 0.39077826718750003 0.8541241796874999 0.43083466562500006 0.8534249921875
1 0.2465389625 0.76288541875 0.245636890625 0.711205790625 0.18795817812499999 0.7122125765625 0.1888602484375 0.7638922046875 0.2465389625 0.76288541875
1 0.12251821874999999 0.26977165 0.12193083593750001 0.23612052656250002 0.0818744375 0.2368197140625 0.0824618203125 0.2704708375 0.12251821874999999 0.26977165
1 0.580592078125 0.15839300781250001 0.5799836984375 0.12353894218749999 0.5319076859375 0.1243781125 0.5325160671875 0.15923217812499998 0.580592078125 0.15839300781250001
1 0.4910766921875 0.2645339328125 0.490636290625 0.23930340156250002 0.460182596875 0.239834971875 0.460622996875 0.2650655046875 0.4910766921875 0.2645339328125
1 1 0.8531166406249999 0.8924636015624999 0.8549936953125 0.8939947765625 0.9427147078125 1 0.9408643812499999 1 0.8531166406249999