0 0.46634374999999995 0.1955104171875 0.334125 0.1955104171875 0.334125 0.2419895828125 0.46634374999999995 0.2419895828125 0.46634374999999995 0.1955104171875
0 0.33894531250000004 0.23078125 0.1863046875 0.23078125 0.1863046875 0.3926354171875 0.33894531250000004 0.3926354171875 0.33894531250000004 0.23078125
0 0.5023984375 0.3221145828125 0.2331640625 0.3221145828125 0.2331640625 0.5320520828124999 0.5023984375 0.5320520828124999 0.5023984375 0.3221145828125
0 0.4411015625 0.5913333328125 0.2788359375 0.5913333328125 0.2788359375 0.705125 0.4411015625 0.705125 0.4411015625 0.5913333328125
1 0.22956249999999997 0.7067291671875 0.0685 0.7067291671875 0.0685 0.8205208328125 0.22956249999999997 0.8205208328125 0.22956249999999997 0.7067291671875
1 0.9098515624999999 0.8285208328125 0.8100859375 0.8285208328125 0.8100859375 0.9182708328125001 0.9098515624999999 0.9182708328125001 0.9098515624999999 0.8285208328125
1 0.876203125 0.9070520828124999 0.784859375 0.9070520828124999 0.784859375 0.99840625 0.876203125 0.99840625 0.876203125 0.9070520828124999
1 0.826921875 1 0.826921875 0.947125 0.757203125 0.947125 0.757203125 1 0.826921875 1
1 0.6610546875 0.634625 0.5889453125 0.634625 0.5889453125 0.697125 0.6610546875 0.697125 0.6610546875 0.634625
1 0.649046875 0.5929479171875001 0.581734375 0.5929479171875001 0.581734375 0.66346875 0.649046875 0.66346875 0.649046875 0.5929479171875001
1 0.7439843749999999 0.4951875 0.679078125 0.4951875 0.679078125 0.5721041671875 0.7439843749999999 0.5721041671875 0.7439843749999999 0.4951875
1 1 0.6169895828125 0.9783671875 0.6169895828125 0.9783671875 0.6666770828125 1 0.6666770828125 1 0.6169895828125
1 0.5733203125 0.3028958328125 0.5204296875 0.3028958328125 0.5204296875 0.3413541671875 0.5733203125 0.3413541671875 0.5733203125 0.3028958328125
1 0.9026406250000001 0.4695520828125 0.829328125 0.4695520828125 0.829328125 0.5480729171875 0.9026406250000001 0.5480729171875 0.9026406250000001 0.4695520828125