0 0.532453125 0.1298020828125 0.40745312499999997 0.1298020828125 0.40745312499999997 0.2003229171875 0.532453125 0.2003229171875 0.532453125 0.1298020828125
0 0.4290859375 0.17628125 0.26082031250000004 0.17628125 0.26082031250000004 0.32371875 0.4290859375 0.32371875 0.4290859375 0.17628125
0 0.5733125 0.2371770828125 0.296875 0.2371770828125 0.296875 0.45353125 0.5733125 0.45353125 0.5733125 0.2371770828125
0 0.5444765625 0.48237500000000005 0.3293359375 0.48237500000000005 0.3293359375 0.5833333328125 0.5444765625 0.5833333328125 0.5444765625 0.48237500000000005
1 0.32332031250000004 0.5769270828125 0.1730859375 0.5769270828125 0.1730859375 0.6682812499999999 0.32332031250000004 0.6682812499999999 0.32332031250000004 0.5769270828125
1 0 0.8365416671875 0.1298125 0.8365416671875 0.1298125 0.705125 0 0.705125 0 0.8365416671875
1 0.7523984375 0.40064583281250005 0.6911015625 0.40064583281250005 0.6911015625 0.4871875 0.7523984375 0.4871875 0.7523984375 0.40064583281250005
1 0.8810156250000001 0.7163541671875 0.8161093749999999 0.7163541671875 0.8161093749999999 0.7964791671875 0.8810156250000001 0.7964791671875 0.8810156250000001 0.7163541671875
1 0.8870156250000001 0.8028854171875001 0.829328125 0.8028854171875001 0.829328125 0.8878229171875001 0.8870156250000001 0.8878229171875001 0.8870156250000001 0.8028854171875001
1 0.8713984375000001 0.8477604171875001 0.7680390625 0.8477604171875001 0.7680390625 0.9326979171875 0.8713984375000001 0.9326979171875 0.8713984375000001 0.8477604171875001
1 0.6947109375 0.4839791671875 0.6129765625 0.4839791671875 0.6129765625 0.6298125 0.6947109375 0.6298125 0.6947109375 0.4839791671875