0 0.29884643125 0.8684746359375 0.41977512812500006 0.8790545265624999 0.42801497812499995 0.7848726187499999 0.30708628125000004 0.774292728125 0.29884643125 0.8684746359375
0 0.08589637343749999 0.3238214109375 0.318180959375 0.34414367968750004 0.3327069171875 0.17811122968749998 0.10042233125 0.15778896250000002 0.08589637343749999 0.3238214109375
0 0.2136404796875 0.6840759203125 0.32859200781250003 0.6941328765625 0.33529573749999997 0.6175089015624999 0.22034420937500002 0.6074519453125 0.2136404796875 0.6840759203125
0 0.069477575 0.6907659203125001 0.2191402625 0.703859709375 0.2273801109375 0.6096778015625001 0.0777174234375 0.5965840124999999 0.069477575 0.6907659203125001
1 0.1401370125 0.724291453125 0.21916326874999997 0.7312053546875 0.22167807499999997 0.7024609890625 0.14265181875 0.6955470859374999 0.1401370125 0.724291453125
1 0.47874492343749997 0.618797475 0.5757338171875 0.6272829046874999 0.5804819890624999 0.573011046875 0.4834930953125 0.5645256171875 0.47874492343749997 0.618797475
1 0.3469732390625 0.2356464765625 0.4092354078125 0.24109371093749998 0.4176150703125 0.14531374218749998 0.3553529015625 0.1398665078125 0.3469732390625 0.2356464765625
1 0.26170598125 0.35528479062499996 0.352702140625 0.36324592187500004 0.357590125 0.3073760015625 0.266593965625 0.2994148703125 0.26170598125 0.35528479062499996
1 0.3869951109375 0.3437229609375 0.45045582656249994 0.3492750546875 0.45771880468750004 0.266258828125 0.394258090625 0.26070673437499997 0.3869951109375 0.3437229609375
1 0.10948582968750001 0.026673715625 0.04003238125 0.020597325 0.033188839062499996 0.0988193625 0.1026422875 0.10489575312499999 0.10948582968750001 0.026673715625
1 1 0.33622549375 0.955043578125 0.332292315625 0.9472213500000001 0.4217007890625 1 0.4263183234375 1 0.33622549375
1 0.6744153421875 0.740480984375 0.7486474125 0.7469754484375 0.7542344578125 0.68311521875 0.6800023875 0.6766207546875 0.6744153421875 0.740480984375
1 0.119987659375 0.51339948125 0.19182263593749999 0.519684228125 0.19713005781249998 0.45902012187499996 0.12529508125 0.45273537499999994 0.119987659375 0.51339948125
0 0.20934276093749998 0.8847775796875 0.31830155625 0.8943102390625001 0.323469165625 0.835244196875 0.21451037031250003 0.8257115374999999 0.20934276093749998 0.8847775796875