1 0.6346171875 0.5560937499999999 0.5372578125 0.5560937499999999 0.5372578125 0.6730729171875 0.6346171875 0.6730729171875 0.6346171875 0.5560937499999999
1 0.75721875 0.8958333328125001 0.6610625 0.8958333328125001 0.6610625 0.9679583328125 0.75721875 0.9679583328125 0.75721875 0.8958333328125001
1 0.72115625 0.9631354171875 0.64784375 0.9631354171875 0.64784375 0.9999895828125 0.72115625 0.9999895828125 0.72115625 0.9631354171875
1 0.52403125 0.6185833328125 0.4639375 0.6185833328125 0.4639375 0.6955 0.52403125 0.6955 0.52403125 0.6185833328125
1 0.5360625 0.6746770828125 0.46634374999999995 0.6746770828125 0.46634374999999995 0.7596145828124999 0.5360625 0.7596145828124999 0.5360625 0.6746770828125
1 0.1081796875 0.7259583328125 0.0000078125 0.7259583328125 0.0000078125 0.8333333328125001 0.1081796875 0.8333333328125001 0.1081796875 0.7259583328125
0 0.359375 0.2243541671875 0.22956249999999997 0.2243541671875 0.22956249999999997 0.2836458328125 0.359375 0.2836458328125 0.359375 0.2243541671875
1 0.9122578125 0.6939062500000001 0.8173046875000001 0.6939062500000001 0.8173046875000001 0.76121875 0.9122578125 0.76121875 0.9122578125 0.6939062500000001
1 0.967546875 0.7243645828124999 0.8966406250000001 0.7243645828124999 0.8966406250000001 0.8125104171875 0.967546875 0.8125104171875 0.967546875 0.7243645828124999
1 0.46154687499999997 0.3589791671875 0.409859375 0.3589791671875 0.409859375 0.3910208328125 0.46154687499999997 0.3910208328125 0.46154687499999997 0.3589791671875
0 0.3209140625 0.6057604171875 0.1430234375 0.6057604171875 0.1430234375 0.7323645828124999 0.3209140625 0.7323645828124999 0.3209140625 0.6057604171875
0 0.2127421875 0.22595833281250002 0.07813281250000001 0.22595833281250002 0.07813281250000001 0.3862083328125 0.2127421875 0.3862083328125 0.2127421875 0.22595833281250002
0 0.391828125 0.34134375 0.123796875 0.34134375 0.123796875 0.5544895828125 0.391828125 0.5544895828125 0.391828125 0.34134375