0 0.3106342953125 0.4503950234375 0.281624196875 0.285870578125 0.1348468078125 0.31175139218750003 0.16385690625 0.47627583749999997 0.3106342953125 0.4503950234375
0 0.2006532515625 0.56498389375 0.1797829125 0.4466223125 0.12139201875000001 0.45691820156249996 0.142262359375 0.5752797828125 0.2006532515625 0.56498389375
0 0.4619488734375 0.5518641921875 0.4189546703125 0.3080319484375 0.224824440625 0.3422623453125 0.2678186453125 0.5860945890625 0.4619488734375 0.5518641921875
0 0.60353853125 0.478086240625 0.5743195125 0.31237694843749997 0.482773425 0.32851899375000004 0.5119924453125 0.4942282859375 0.60353853125 0.478086240625
1 0.663050521875 0.27109175625000004 0.6325779796875 0.0982733828125 0.563128515625 0.110519196875 0.5936010578124999 0.2833375703125 0.663050521875 0.27109175625000004
1 0.670569325 0 0.6812221765625 0.0604153203125 0.8201005875 0.035927309375 0.8137656328125 0 0.670569325 0
1 0.9072105953125 0.8529237640625 0.8911399984375 0.761782884375 0.7869760625 0.780149796875 0.8030466593750001 0.8712906765625 0.9072105953125 0.8529237640625
1 0.9874891921875 0.837546796875 0.9705829140625 0.7416665296875 0.88693580625 0.756415771875 0.903842084375 0.8522960390625001 0.9874891921875 0.837546796875
1 1 0.6730232734375 0.9265965828124999 0.6859662765625 0.949762334375 0.8173457859375001 1 0.8084875296874999 1 0.6730232734375
1 0.548955903125 0.7684046921875 0.5362253203125 0.6962059734375 0.4573176 0.710119534375 0.47004818125 0.7823182515625 0.548955903125 0.7684046921875
1 0.631458646875 0.673321209375 0.6197699546875 0.6070313374999999 0.5629588562500001 0.6170486671875001 0.57464755 0.6833385390625 0.631458646875 0.673321209375
1 0.6836490671875 0.6555747671875001 0.6702917234375 0.5798215078125 0.6040018515625001 0.5915102015625 0.6173591953125 0.667263459375 0.6836490671875 0.6555747671875001
1 0.5481488171875 0.8930398921875 0.541677709375 0.856340415625 0.473808040625 0.8683076703125 0.48027914843749997 0.9050071453124999 0.5481488171875 0.8930398921875
1 0.5589401140625 0.9265262999999999 0.554349290625 0.9004904437500001 0.50699645 0.908840028125 0.5115872734375 0.9348758828125 0.5589401140625 0.9265262999999999