0 0.5456796875000001 0.1906979171875 0.4062578125 0.1906979171875 0.4062578125 0.3173020828125 0.5456796875000001 0.3173020828125 0.5456796875000001 0.1906979171875
0 0.6526484375 0.13621875 0.5372578125 0.13621875 0.5372578125 0.20353125 0.6526484375 0.20353125 0.6526484375 0.13621875
0 0.8473593749999999 0.4150625 0.664671875 0.4150625 0.664671875 0.5608958328125 0.8473593749999999 0.5608958328125 0.8473593749999999 0.4150625
0 0.6742890625 0.4839791671875 0.5120234375 0.4839791671875 0.5120234375 0.5913541671875 0.6742890625 0.5913541671875 0.6742890625 0.4839791671875
0 0.316109375 0.6394166671875 0.159859375 0.6394166671875 0.159859375 0.7019166671875 0.316109375 0.7019166671875 0.316109375 0.6394166671875
1 0.820921875 0.7339687500000001 0.737984375 0.7339687500000001 0.737984375 0.8189062500000001 0.820921875 0.8189062500000001 0.820921875 0.7339687500000001
1 0.27884375 0.5785208328125 0.1875 0.5785208328125 0.1875 0.6506458328125 0.27884375 0.6506458328125 0.27884375 0.5785208328125
1 0 0.5689166671875 0.0504765625 0.5689166671875 0.0504765625 0.4407083328125 0 0.4407083328125 0 0.5689166671875
1 0.7463984375 0.18590625 0.6694765625 0.18590625 0.6694765625 0.2468020828125 0.7463984375 0.2468020828125 0.7463984375 0.18590625
1 0.77884375 0.3493645828125 0.70071875 0.3493645828125 0.70071875 0.39584375 0.77884375 0.39584375 0.77884375 0.3493645828125
1 0.978375 0.4951875 0.9423125000000001 0.4951875 0.9423125000000001 0.5576875 0.978375 0.5576875 0.978375 0.4951875
1 0.9999921875 0.7644270828125 0.9543203124999999 0.7644270828125 0.9543203124999999 0.8429479171875001 0.9999921875 0.8429479171875001 0.9999921875 0.7644270828125
1 0.4723515625 0.8525625 0.43149218749999996 0.8525625 0.43149218749999996 0.9535208328125 0.4723515625 0.9535208328125 0.4723515625 0.8525625
1 0.246390625 0.08333333281250001 0.20192187499999997 0.08333333281250001 0.20192187499999997 0.1314166671875 0.246390625 0.1314166671875 0.246390625 0.08333333281250001
1 0.13821875 0.3445416671875 0.11178125000000001 0.3445416671875 0.11178125000000001 0.365375 0.13821875 0.365375 0.13821875 0.3445416671875