0 0.6995234375 0.4791666671875 0.21153906249999999 0.4791666671875 0.21153906249999999 0.9070416671875 0.6995234375 0.9070416671875 0.6995234375 0.4791666671875
1 0.087734375 0.8621770828124999 0.027640625000000002 0.8621770828124999 0.027640625000000002 0.9999895828125 0.087734375 0.9999895828125 0.087734375 0.8621770828124999
0 0.5889375 0.26921875 0.41946874999999995 0.26921875 0.41946874999999995 0.3605729171875 0.5889375 0.3605729171875 0.5889375 0.26921875
1 0.3040859375 0.30928125 0.2295703125 0.30928125 0.2295703125 0.35896875 0.3040859375 0.35896875 0.3040859375 0.30928125
1 0.748796875 0.46634374999999995 0.683890625 0.46634374999999995 0.683890625 0.5304479171875001 0.748796875 0.5304479171875001 0.748796875 0.46634374999999995
1 0.8365390625 0.5833229171875 0.7836484375 0.5833229171875 0.7836484375 0.6506354171875001 0.8365390625 0.6506354171875001 0.8365390625 0.5833229171875
1 0.80528125 0.5032083328125 0.76321875 0.5032083328125 0.76321875 0.5512916671875 0.80528125 0.5512916671875 0.80528125 0.5032083328125
1 0.811296875 0.8044791671875 0.769234375 0.8044791671875 0.769234375 0.8557708328125001 0.811296875 0.8557708328125001 0.811296875 0.8044791671875
1 1 0.8669895828125 0.9795624999999999 0.8669895828125 0.9795624999999999 0.9695520828124999 1 0.9695520828124999 1 0.8669895828125
1 0.7488046875000001 0.4022395828125 0.7163515625 0.4022395828125 0.7163515625 0.43909374999999995 0.7488046875000001 0.43909374999999995 0.7488046875000001 0.4022395828125
1 0.628609375 0.3381458328125 0.602171875 0.3381458328125 0.602171875 0.3621875 0.628609375 0.3621875 0.628609375 0.3381458328125
1 0.7043203124999999 0.3781979171875 0.6766796875 0.3781979171875 0.6766796875 0.40063541718750006 0.7043203124999999 0.40063541718750006 0.7043203124999999 0.3781979171875
1 0.47957031250000004 0.1506354171875 0.4290859375 0.1506354171875 0.4290859375 0.1874895828125 0.47957031250000004 0.1874895828125 0.47957031250000004 0.1506354171875
1 0.4759609375 0.1875 0.4386953125 0.1875 0.4386953125 0.21154166718749998 0.4759609375 0.21154166718749998 0.4759609375 0.1875