1 0.44711718749999996 0.5480833328125 0.3497578125 0.5480833328125 0.3497578125 0.6378333328125 0.44711718749999996 0.6378333328125 0.44711718749999996 0.5480833328125
1 0.3509609375 0.7019270828125 0.3004765625 0.7019270828125 0.3004765625 0.74840625 0.3509609375 0.74840625 0.3509609375 0.7019270828125
1 0.33894531250000004 0.6201875 0.2908671875 0.6201875 0.2908671875 0.6923125 0.33894531250000004 0.6923125 0.33894531250000004 0.6201875
1 0.563703125 1 0.563703125 0.9134583328125 0.456734375 0.9134583328125 0.456734375 1 0.563703125 1
1 0.4675546875 0.8637708328124999 0.41707031250000004 0.8637708328124999 0.41707031250000004 0.9326874999999999 0.4675546875 0.9326874999999999 0.4675546875 0.8637708328124999
1 0.8966406250000001 1 0.8966406250000001 0.9583333328125001 0.8185156250000001 0.9583333328125001 0.8185156250000001 1 0.8966406250000001 1
1 0.82090625 0.8990416671875 0.7608125 0.8990416671875 0.7608125 0.9855833328125 0.82090625 0.9855833328125 0.82090625 0.8990416671875
1 0.7427890625 0.6794791671875 0.6502421875 0.6794791671875 0.6502421875 0.7596041671875 0.7427890625 0.7596041671875 0.7427890625 0.6794791671875
1 0.795671875 0.7259583328125 0.737984375 0.7259583328125 0.737984375 0.8092916671875001 0.795671875 0.8092916671875001 0.795671875 0.7259583328125
1 0.30409375 0.34775 0.25 0.34775 0.25 0.3862083328125 0.30409375 0.3862083328125 0.30409375 0.34775
1 0.2560078125 0.2804375 0.21874218750000002 0.2804375 0.21874218750000002 0.3044791671875 0.2560078125 0.3044791671875 0.2560078125 0.2804375
1 0.126203125 0.1522291671875 0.076921875 0.1522291671875 0.076921875 0.1826875 0.126203125 0.1826875 0.126203125 0.1522291671875
0 0 0.3685833328125 0.0504765625 0.3685833328125 0.0504765625 0.2612083328125 0 0.2612083328125 0 0.3685833328125
0 0.1983125 0.20833333281250002 0.06009375 0.20833333281250002 0.06009375 0.259625 0.1983125 0.259625 0.1983125 0.20833333281250002
0 0 0.5721041671875 0.2247578125 0.5721041671875 0.2247578125 0.3525625 0 0.3525625 0 0.5721041671875
0 0.1394296875 0.6105833328125 0.0000078125 0.6105833328125 0.0000078125 0.7211666671875 0.1394296875 0.7211666671875 0.1394296875 0.6105833328125
1 0.3858125 0.4134583328125 0.32571875 0.4134583328125 0.32571875 0.46475 0.3858125 0.46475 0.3858125 0.4134583328125
1 0.5757265625 0.5496875 0.5324609375 0.5496875 0.5324609375 0.6057708328125 0.5757265625 0.6057708328125 0.5757265625 0.5496875
1 0.842546875 0.8125 0.798078125 0.8125 0.798078125 0.892625 0.842546875 0.892625 0.842546875 0.8125