1 0.8860805375 0.72078616875 0.881262459375 0.7758570578125 0.933936253125 0.7804654171875 0.9387543328125 0.7253945296875 0.8860805375 0.72078616875
1 0.823244796875 0.2990407421875 0.81926423125 0.34453882187499996 0.8719380265625001 0.34914718125 0.8759185921875 0.30364910156249997 0.823244796875 0.2990407421875
1 0.6990239796875 0.284557509375 0.6928440921875 0.35519393906249996 0.7391463921875 0.359244865625 0.7453262796875 0.28860843593749996 0.6990239796875 0.284557509375
1 0.6761805515625 0.1594969296875 0.6730374968749999 0.1954222015625 0.724133984375 0.1998925640625 0.7272770375000001 0.16396729375000002 0.6761805515625 0.1594969296875
1 0.5426775125 0.0488857765625 0.5363927671875001 0.12072075468750001 0.5938607484375 0.1257485515625 0.6001454953125 0.053913573437499994 0.5426775125 0.0488857765625
1 0.46653385468749997 0 0.455221234375 0.12930385 0.517483403125 0.134751084375 0.5292153828124999 0.0006539390624999999 0.521740825 0 0.46653385468749997 0
1 0.40861554218749996 0 0.4027706734375 0.06680716406250001 0.46023865468749997 0.0718349609375 0.4665234 0 0.40861554218749996 0
1 0.18822480625 0 0.17787348281249998 0.1183161515625 0.2848398890625 0.1276745 0.29600995937499996 0 0.18822480625 0
1 0.685352825 0.404008034375 0.679695871875 0.468667296875 0.740359978125 0.47397471874999997 0.7460169296875 0.40931545625 0.685352825 0.404008034375
1 0.407480765625 0.23372001718750002 0.399519634375 0.3247161765625 0.49370154062499993 0.332956025 0.5016626734375 0.241959865625 0.407480765625 0.23372001718750002
1 0.10072392968749999 0.043996817187499995 0.0384617609375 0.038549584375 0.028299946875 0.15469965937500002 0.090562115625 0.16014689375 0.10072392968749999 0.043996817187499995
1 0.1947752421875 0.40331907187500005 0.18534744218750002 0.5110793203124999 0.242815425 0.5161071171875 0.252243225 0.40834686875 0.1947752421875 0.40331907187500005
1 0.4420698984375 0.6288554546875 0.43107057187500003 0.7545783390625 0.5492026609375 0.7649135578124999 0.5602019874999999 0.6391906734374999 0.4420698984375 0.6288554546875
1 0.5443334734375 0.8573801062499999 0.534171659375 0.9735301812499999 0.596433828125 0.978977415625 0.6065956421875 0.8628273406250001 0.5443334734375 0.8573801062499999
1 0.5892991375000001 0.8951145875 0.5817574421875 0.9813165609375 0.6328539296875 0.9857869234375001 0.640395625 0.8995849515625001 0.5892991375000001 0.8951145875
1 0.754341915625 0.7370145828125 0.74973219375 0.78970394375 0.79923061875 0.79403449375 0.8038403390625 0.741345134375 0.754341915625 0.7370145828125
1 0.3179047859375 0.5588768375 0.3129818484375 0.6151462734375001 0.389605821875 0.6218500015624999 0.394528759375 0.5655805671875 0.3179047859375 0.5588768375
1 0 0.6046484734375001 0.08959273749999999 0.6124868218749999 0.09577262343750001 0.541850390625 0 0.5334713718749999 0 0.6046484734375001
1 0.1557383453125 0.5000426578125 0.1518626390625 0.544342190625 0.21572287031249998 0.5499292359375 0.2195985765625 0.505629703125 0.1557383453125 0.5000426578125
1 0.1550859796875 0.5627164796875 0.1493241671875 0.6285742890625 0.2131844 0.6341613359375 0.2189462109375 0.5683035265624999 0.1550859796875 0.5627164796875
1 0.037327321875 0.60309115 0.027899521875 0.7108513984375 0.147629671875 0.721326428125 0.15705747187500002 0.6135661796874999 0.037327321875 0.60309115
1 0.064142903125 0.756253296875 0.05911510625000001 0.813721278125 0.13414101875 0.8202851953125 0.139168815625 0.7628172140625 0.064142903125 0.756253296875
1 0.20896112812499998 0.8111542640625 0.20539999843749998 0.8518581578125 0.24690811250000003 0.855489646875 0.250469240625 0.814785753125 0.20896112812499998 0.8111542640625
0 0.028408131250000003 0.227086103125 0.0074567078125 0.46656196874999994 0.21819339375000002 0.484999040625 0.2391448171875 0.2455231734375 0.028408131250000003 0.227086103125
0 0.73796905 0.4279192046875 0.7245606828125 0.5811775328125 0.8442908328125001 0.5916525640625 0.8576992000000001 0.43839423593750004 0.73796905 0.4279192046875
0 0.84519941875 0.3419926578125 0.8348292468749999 0.4605242625 0.905081728125 0.4666705578125 0.9154519000000001 0.3481389546875 0.84519941875 0.3419926578125