0 0.7200546671875 0.19654750468749999 0.694858940625 0.355627059375 0.827826484375 0.3766870484375 0.853022209375 0.2176074953125 0.7200546671875 0.19654750468749999
0 0.2569141390625 0.20108187812499997 0.2334123046875 0.34946661875 0.33312767499999996 0.36525998125000003 0.356629509375 0.216875240625 0.2569141390625 0.20108187812499997
0 0.425065496875 0 0.4077445421875 0.1093602046875 0.521699084375 0.12740883125 0.5418168015625 0.0003905671875 0.5393508578125 0 0.425065496875 0
0 0.82727436875 0.11375416406250001 0.805275771875 0.2526478359375 0.88916755 0.2659349890625 0.9111661468750001 0.127041315625 0.82727436875 0.11375416406250001
1 0.46428579062499997 0.7255572375 0.457893975 0.765913565625 0.49746323906249995 0.7721807218750001 0.5038550546875 0.73182439375 0.46428579062499997 0.7255572375
1 0.4774470609375 0.642460240625 0.46691706718750003 0.7089440109375 0.503317496875 0.7147092734375 0.513847490625 0.6482255015625 0.4774470609375 0.642460240625
1 0.44741782499999994 0.6681175796875001 0.4382053015625 0.7262831624999999 0.460366559375 0.7297931609375 0.46957908281250005 0.6716275781250001 0.44741782499999994 0.6681175796875001
1 0.41487467499999997 0.627677259375 0.40227681249999997 0.7072170359375 0.470345 0.717997978125 0.48294286406250003 0.6384582015625 0.41487467499999997 0.627677259375
1 0.5149707343750001 0.8869101328125 0.4997403734375 0.9830708515625 0.5377252203125 0.9890870609375 0.55295558125 0.892926340625 0.5149707343750001 0.8869101328125
1 0.46947993125 1 0.475281665625 0.9633692953124999 0.438881234375 0.957604034375 0.4328633953125 0.9955991687499999 0.46064914687499997 1 0.46947993125 1
1 0.2516859796875 0.705268259375 0.2437884828125 0.7551310875 0.2817733296875 0.761147296875 0.2896708265625 0.71128446875 0.2516859796875 0.705268259375
1 0.684769240625 0.060754245312499996 0.6905976468749999 0.0239551390625 0.6510283828125 0.0176879828125 0.6451999765624999 0.054487090625 0.684769240625 0.060754245312499996
1 0.879339696875 0.10251845781249999 0.8868595499999999 0.0550399703125 0.8330511140624999 0.046517551562499995 0.825531259375 0.09399603906250001 0.879339696875 0.10251845781249999
1 0.85693816875 0.5820902859375 0.85186138125 0.614143859375 0.8977683109375001 0.621414803125 0.9028450984375 0.5893612296875 0.85693816875 0.5820902859375
1 0.450736025 0.49341547500000005 0.443403159375 0.539713365625 0.48138800625 0.545729575 0.488720871875 0.499431684375 0.450736025 0.49341547500000005