1 0.0930602796875 0.332044415625 0.1041461484375 0.284026240625 0.057295189062499995 0.27320984375 0.0462093203125 0.32122801875 0.0930602796875 0.332044415625
1 0.31311308437499996 0.3334968125 0.3304167421875 0.258546440625 0.26482945625 0.2434044234375 0.24752580000000002 0.3183547953125 0.31311308437499996 0.3334968125
1 0.3327955984375 0.5403430578124999 0.3557757546875 0.4408050671875 0.2933145734375 0.4263847671875 0.2703344171875 0.5259227578125001 0.3327955984375 0.5403430578124999
1 0.60864886875 0.25740260937500004 0.6324409578125 0.1543477515625 0.5512434515625 0.1356018296875 0.5274513625 0.2386566890625 0.60864886875 0.25740260937500004
1 0.741912090625 0.0932753015625 0.752997959375 0.045257128125000004 0.6764896109375 0.027593782812500002 0.6654037421875 0.07561195781249999 0.741912090625 0.0932753015625
1 0.7945446515625 0.6062468546875001 0.8161751015625001 0.5125550828125001 0.7287253875 0.4923657265625 0.7070949375 0.5860574984375 0.7945446515625 0.6062468546875001
1 0.5687768015625 1 0.582420334375 0.9409033656249999 0.5230852578125 0.927204784375 0.5062791578125 1 0.5687768015625 1
1 0.600433965625 0.7489177859375 0.6136814734375 0.6915365234374999 0.5153106937499999 0.6688258390625 0.5020631859375 0.7262071015625 0.600433965625 0.7489177859375
1 0.49121742187499995 0.680526225 0.5001381359375 0.6418863625 0.44705526874999996 0.6296312171875 0.438134553125 0.6682710796875 0.49121742187499995 0.680526225
1 0.5573098187500001 0.66495564375 0.56866633125 0.6157651796875 0.52025231875 0.6045879249999999 0.50889580625 0.6537783890625 0.5573098187500001 0.66495564375
0 0.5065140859375 0.9135008499999999 0.5392304046875 0.7717909046875 0.41587109531250005 0.7433111640625001 0.38315477656249997 0.885021109375 0.5065140859375 0.9135008499999999
0 0.1377939875 0.6297772453125 0.1691570859375 0.49392874375 0.0739124125 0.471939778125 0.042549314062499996 0.6077882796875 0.1377939875 0.6297772453125
0 0.060673021875 0.6859866328125 0.0817621828125 0.5946394390624999 0.023990159375 0.5813017171875 0.002900996875 0.6726489109375 0.060673021875 0.6859866328125
0 0.2099101203125 0.8659995203124999 0.239111578125 0.7395141062499999 0.1188783734375 0.7117560828125 0.0896769140625 0.838241496875 0.2099101203125 0.8659995203124999
0 0.2327169890625 0.724471340625 0.2527235734375 0.637813303125 0.188699340625 0.6230321437499999 0.16869275625 0.7096901828125 0.2327169890625 0.724471340625