1 0 0.6314166671875 0.11297656250000002 0.6314166671875 0.11297656250000002 0.5480833328125 0 0.5480833328125 0 0.6314166671875
1 0.2451953125 0.4871875 0.1033671875 0.4871875 0.1033671875 0.5464791671875 0.2451953125 0.5464791671875 0.2451953125 0.4871875
1 0.3726015625 0.3429479171875 0.2824609375 0.3429479171875 0.2824609375 0.3974270828125 0.3726015625 0.3974270828125 0.3726015625 0.3429479171875
1 0.789671875 0.3958333328125 0.735578125 0.3958333328125 0.735578125 0.4439166671875 0.789671875 0.4439166671875 0.789671875 0.3958333328125
1 0.7896640625 0.6923125 0.6478359375 0.6923125 0.6478359375 0.7516041671875 0.7896640625 0.7516041671875 0.7896640625 0.6923125
1 0.7007265625 0.5625104171875 0.6322109375 0.5625104171875 0.6322109375 0.62340625 0.7007265625 0.62340625 0.7007265625 0.5625104171875
1 0.6406171875 0.552875 0.5841328125 0.552875 0.5841328125 0.6041666671875 0.6406171875 0.6041666671875 0.6406171875 0.552875
1 0.9567265624999999 0.3990416671875 0.9002421875 0.3990416671875 0.9002421875 0.45512499999999995 0.9567265624999999 0.45512499999999995 0.9567265624999999 0.3990416671875
1 0.516828125 0.0785208328125 0.474765625 0.0785208328125 0.474765625 0.1298125 0.516828125 0.1298125 0.516828125 0.0785208328125
1 0.5985625 0.1923020828125 0.54928125 0.1923020828125 0.54928125 0.2179479171875 0.5985625 0.2179479171875 0.5985625 0.1923020828125
1 0.6334140625 0.22115625 0.6009609375 0.22115625 0.6009609375 0.2580104171875 0.6334140625 0.2580104171875 0.6334140625 0.22115625
0 0.61778125 0.2227604171875 0.40384374999999995 0.2227604171875 0.40384374999999995 0.3493645828125 0.61778125 0.3493645828125 0.61778125 0.2227604171875
0 0.421875 0.1298125 0.296875 0.1298125 0.296875 0.2163541671875 0.421875 0.2163541671875 0.421875 0.1298125
0 0.48678125000000005 0.10896874999999999 0.40025000000000005 0.10896874999999999 0.40025000000000005 0.1554479171875 0.48678125000000005 0.1554479171875 0.48678125000000005 0.10896874999999999
0 0.9399062499999999 0.5881354171875001 0.77284375 0.5881354171875001 0.77284375 0.7355729171875 0.9399062499999999 0.7355729171875 0.9399062499999999 0.5881354171875001