1 0.2321770140625 0.419316228125 0.156936065625 0.43530918593749995 0.163597903125 0.466650665625 0.23883885 0.450657709375 0.2321770140625 0.419316228125
1 0.4122521484375 0.56123825625 0.3428953703125 0.5759804953125001 0.3662204625 0.6857164296875 0.435577240625 0.670974190625 0.4122521484375 0.56123825625
1 0.3484357796875 0.6829473109374999 0.268487496875 0.6999408421875 0.290812015625 0.8049694421875 0.37076029843749997 0.787975909375 0.3484357796875 0.6829473109374999
1 0.601659059375 0.856860059375 0.49585100000000004 0.8793502562500001 0.5128434484375 0.95929344375 0.618651509375 0.9368032453125 0.601659059375 0.856860059375
1 0.5525521171875 1 0.5722118984375 0.995821184375 0.56121856875 0.9441016296875 0.49186179062499996 0.95884386875 0.5006097953124999 1 0.5525521171875 1
1 0.11668501875 0.714178053125 0.0379135703125 0.730921440625 0.0592375125 0.8312427046875 0.1380089625 0.8144993156250001 0.11668501875 0.714178053125
1 0.8819455171874999 0.8169420890625 0.8137502890625001 0.8314374328125 0.83640833125 0.93803514375 0.904603559375 0.9235398 0.8819455171874999 0.8169420890625
1 0.8151494078124999 0.791801228125 0.7622377359375 0.8030479515625 0.7812313343749999 0.892405809375 0.83414300625 0.8811590859375 0.8151494078124999 0.791801228125
1 0.8231930421874999 0.708197759375 0.7702813703125 0.7194444812499999 0.78593971875 0.7931112234375 0.8388513906249999 0.7818645 0.8231930421874999 0.708197759375
1 0.6890401859375 0.6089096046875 0.6149760734374999 0.6246524171875001 0.627303503125 0.68264841875 0.7013676171875 0.6669056062500001 0.6890401859375 0.6089096046875
1 0.7646829609375 0.6468874953125 0.7035487359375 0.6598819765624999 0.717877315625 0.7272926484375 0.779011540625 0.7142981671874999 0.7646829609375 0.6468874953125
1 0 0.342493109375 0.032529240625 0.3355788046875 0.0195347609375 0.2744445796875 0 0.278596821875 0 0.342493109375
0 0 0.4031093859375 0.105990896875 0.380580325 0.094997565625 0.3288607703125 0 0.3490531265625 0 0.4031093859375
0 0 0.552552115625 0.022590912499999997 0.6588340015624999 0.178949334375 0.6255989937499999 0.1379647421875 0.432781646875 0 0.46210695937499996 0 0.552552115625
1 0.30999679687500004 0.47321013125 0.2617924609375 0.4834562796875 0.2684542984375 0.5147977578125 0.316658634375 0.504551609375 0.30999679687500004 0.47321013125