1 0.12052240781250001 0.44909448437500005 0.199574071875 0.464460571875 0.2212865453125 0.35275957812500003 0.14223488125 0.337393490625 0.12052240781250001 0.44909448437500005
1 0.2098678484375 0.6509447046875 0.294809275 0.6674556453125 0.308265284375 0.5982304796875 0.22332385625 0.5817195390625 0.2098678484375 0.6509447046875
1 0.2931047390625 0.6573085578125 0.33439443125 0.6653344609375 0.3444834578125 0.6134309234375 0.3031937640625 0.6054050203125 0.2931047390625 0.6573085578125
1 0.3387690859375 0.674355765625 0.39539670312499997 0.685363059375 0.4085466234375 0.617712584375 0.35191900625 0.606705290625 0.3387690859375 0.674355765625
1 0.07549430625 0.78154833125 0.15927005 0.7978326859375 0.17639515781249998 0.709731646875 0.0926194125 0.693447290625 0.07549430625 0.78154833125
1 0.2597880890625 0.469628225 0.32586386875 0.4824720546875 0.3457398046875 0.38021922343750003 0.279664025 0.36737539375 0.2597880890625 0.469628225
1 0.48874292812500003 0.10437497031250001 0.551275646875 0.1165301 0.5610625578125 0.0661808046875 0.49852983906250004 0.054025674999999995 0.48874292812500003 0.10437497031250001
1 0.437923728125 0.2397911875 0.5028184875 0.2524054515625 0.5113810421875 0.20835493125000001 0.44648628281249997 0.1957406671875 0.437923728125 0.2397911875
1 0.7214266265625 0.645888915625 0.853562846875 0.6715735953124999 0.8700757765624999 0.58662194375 0.7379395546875 0.5609372640625 0.7214266265625 0.645888915625
1 0.8247689140625001 0.7378173718750001 0.9569051343750001 0.7635020515625001 0.9700550546875 0.695851578125 0.8379188328125 0.6701668984375 0.8247689140625001 0.7378173718750001
1 0.74218651875 0.677684259375 0.7728623671875 0.683647040625 0.777449734375 0.6600470875 0.746773884375 0.6540843062499999 0.74218651875 0.677684259375
1 0.5279353999999999 0.7846009125 0.5857440390625 0.7958377734375001 0.6037834390625 0.703033103125 0.5459748 0.6917962421875 0.5279353999999999 0.7846009125
1 0.278093625 0.8731707140625 0.35005916875 0.8871593984375 0.36504165 0.8100812156250001 0.29307610624999997 0.79609253125 0.278093625 0.8731707140625
1 0.026789021875000003 0.3770099140625 0.0621889515625 0.3838909640625 0.0707515046875 0.33984044375 0.035351575 0.33295939375 0.026789021875000003 0.3770099140625
1 0.0713253421875 0.387290478125 0.100820171875 0.3930236921875 0.10632580625000002 0.36469965625 0.0768309765625 0.35896644375000003 0.0713253421875 0.387290478125
1 0.332888603125 0.22588996875 0.37181625625 0.23345673749999998 0.3791544515625 0.19570499375 0.3402267984375 0.1881382234375 0.332888603125 0.22588996875
0 0.356358309375 0.33820253125 0.5911512625 0.3838416578125 0.623564940625 0.21708774062499997 0.3887719875 0.1714486125 0.356358309375 0.33820253125
0 0.496040109375 0.161292234375 0.6034055828125 0.18216196875 0.61319249375 0.131812675 0.5058270203124999 0.11094294062500001 0.496040109375 0.161292234375
0 0.608091321875 0.233679659375 0.7296136984375 0.25730121562499997 0.7485713671875 0.159772465625 0.627048990625 0.1361509078125 0.608091321875 0.233679659375
0 0.5953461984375 0.46302397656250005 0.6932788484375 0.4820601546875 0.7107100453124999 0.3923844203125 0.6127773953125 0.37334824218749996 0.5953461984375 0.46302397656250005
0 0 0.732587540625 0.09607312500000001 0.7512622640625 0.13093154375 0.5719312484375 0 0.546480734375 0 0.732587540625