0 0.6993311624999999 0.33504843125 0.717202159375 0.48059601875 0.8396782171874999 0.46555785 0.8218072203125001 0.3200102609375 0.6993311624999999 0.33504843125
0 0.7799759296875 0.20283637968749998 0.7960893421875 0.334069590625 0.8644923140625 0.32567076250000004 0.8483789015625 0.1944375515625 0.7799759296875 0.20283637968749998
0 0.41247706875 0.023946053125 0.4375250265625 0.22794530468750002 0.588640178125 0.20939069687499998 0.5635922203125 0.0053914453125 0.41247706875 0.023946053125
0 0.417716409375 0.22431669531249998 0.4361719984375 0.374625403125 0.5316011765625 0.36290817343750004 0.5131455875 0.212599465625 0.417716409375 0.22431669531249998
1 0.3389311484375 0.5294583078125 0.35504456093750003 0.66069151875 0.41707869531249997 0.6530746859375001 0.4009652828125 0.5218414734375 0.3389311484375 0.5294583078125
1 0.39089402500000003 0.5581992312499999 0.398510859375 0.6202333656250001 0.455768365625 0.6132030281249999 0.44815153125 0.55116889375 0.39089402500000003 0.5581992312499999
1 0.535670371875 0.8431638921875001 0.5457779109375 0.9254831875 0.6459837171875 0.9131794624999999 0.635876178125 0.830860165625 0.535670371875 0.8431638921875001
1 0.9169948124999999 0.60864720625 0.9237319015625 0.6635163984375 0.9650879921875 0.6584385078125 0.9583509031249999 0.6035693171875 0.9169948124999999 0.60864720625
1 0 0.31435559375 0.08360419375 0.3040902890625 0.0745230234375 0.23013009218749997 0 0.2392803703125 0 0.31435559375
1 0.0057205515625000005 0.537682453125 0.013777257812499999 0.6032990593750001 0.07262697343749999 0.5960732234375 0.0645702671875 0.5304566171875 0.0057205515625000005 0.537682453125
1 0.350616475 0.13810935625 0.36130860625 0.2251897734375 0.40903353437499995 0.2193298890625 0.3983414046875 0.132249471875 0.350616475 0.13810935625
1 0.60584055625 0.20485443593750002 0.6109666859375 0.24660340781249998 0.652322775 0.24152551875 0.647196646875 0.199776546875 0.60584055625 0.20485443593750002
1 0.75501209375 0.14414435 0.7616044640624999 0.1978348921875 0.8140853421875001 0.1913910515625 0.8074929718750001 0.1377005078125 0.75501209375 0.14414435
1 0.5794436468749999 0.055512928125000006 0.5891113125 0.134249753125 0.6272829843750001 0.1295628609375 0.6176153171875 0.0508260359375 0.5794436468749999 0.055512928125000006