0 0.610217471875 0.1292313609375 0.4699350265625 0.139040865625 0.47776083125 0.2509550828125 0.6180432765625 0.24114557812499998 0.610217471875 0.1292313609375
0 0.7060502453125 0.0695050796875 0.583755128125 0.0780567875 0.5884506109375 0.14520531875 0.710745728125 0.1366536109375 0.7060502453125 0.0695050796875
0 0.9111084453125 0.2624208765625 0.7180642140625 0.27591984375 0.72790133125 0.416597159375 0.9209455609375 0.403098190625 0.9111084453125 0.2624208765625
0 0.742922884375 0.3384318171875 0.61222640625 0.3475710046875 0.6184870499999999 0.43710237812499997 0.7491835265625 0.427963190625 0.742922884375 0.3384318171875
0 0.4480141875 0.4457963921875 0.3209182921875 0.454683803125 0.328072690625 0.5569964656249999 0.4551685859375 0.5481090546875 0.4480141875 0.4457963921875
0 1 0.794370084375 0.7687154046875 0.810543078125 0.7806764609375 0.9815941390624999 1 0.9662575421874999 1 0.794370084375
0 0.517311046875 1 0.658365028125 0.9901365453125001 0.6458451953125001 0.8110945812500001 0.46480290625 0.8237542921875001 0.47712720781250006 1 0.517311046875 1
1 0.1872352984375 0.3692593015625 0.11290118906249999 0.37445724999999996 0.117596671875 0.44160577968750003 0.19193078125000002 0.4364078328125 0.1872352984375 0.3692593015625
1 0.615428465625 0.6172441359375 0.560281878125 0.6211003609375 0.5657592140625 0.6994299203125001 0.6209058015625 0.6955736953125 0.615428465625 0.6172441359375
1 0.39260172031249996 0.7388339296875001 0.35064168281249997 0.7417680609375 0.353660103125 0.7849334890625 0.39562014218749997 0.7819993578125 0.39260172031249996 0.7388339296875001
1 0.0961885703125 0.8591788203125 0.0458271734375 0.8627004328125001 0.0486217921875 0.9026653421875 0.0989831890625 0.8991437296875 0.0961885703125 0.8591788203125
1 0.7199184421875 0.8364371421874999 0.65397010625 0.8410486984375 0.659335540625 0.917778 0.7252838765625 0.91316644375 0.7199184421875 0.8364371421874999
1 0.8161461718749999 0.8168540156249999 0.7214243484375 0.8234776109374999 0.726901684375 0.9018071703125001 0.8216235093750001 0.8951835750000001 0.8161461718749999 0.8168540156249999
1 0.88444654375 0.5357590546875 0.8244991781250001 0.5399509828125 0.827965203125 0.589517446875 0.8879125671875 0.58532551875 0.88444654375 0.5357590546875
1 0.7006883140625 0.251426428125 0.6599284703125 0.254276634375 0.661941234375 0.2830605140625 0.7027010781249999 0.2802103078125 0.7006883140625 0.251426428125
1 0.759981775 0.1171507359375 0.71682154375 0.12016879375 0.719392359375 0.1569331859375 0.7625525921875 0.153915128125 0.759981775 0.1171507359375
1 0 0.274714871875 0.0382547640625 0.2720398375 0.036242 0.24325595781249998 0 0.2457902453125 0 0.274714871875
1 0.2992995328125 0.059395617187500006 0.2585396890625 0.062245821874999996 0.2613343078125 0.1022107328125 0.3020941515625 0.0993605265625 0.2992995328125 0.059395617187500006
1 0.249100303125 0.27175839375 0.20113929531250002 0.275112153125 0.20259255468749998 0.2958947375 0.25055356406249996 0.2925409765625 0.249100303125 0.27175839375
1 0.096553140625 0.38202230937500004 0.056993492187499994 0.38478859062500004 0.0591181578125 0.41517272812500006 0.09867780625 0.41240644687500005 0.096553140625 0.38202230937500004