0 0.7367734375 0.3124895828125 0.5793203124999999 0.3124895828125 0.5793203124999999 0.43909374999999995 0.7367734375 0.43909374999999995 0.7367734375 0.3124895828125
1 0.9242812499999999 0.5048020828124999 0.86659375 0.5048020828124999 0.86659375 0.5656979171875001 0.9242812499999999 0.5656979171875001 0.9242812499999999 0.5048020828124999
1 0.563703125 0.7548125 0.516828125 0.7548125 0.516828125 0.8269375 0.563703125 0.8269375 0.563703125 0.7548125
1 0.811296875 0.8878333328125001 0.719953125 0.8878333328125001 0.719953125 0.9855833328125 0.811296875 0.9855833328125 0.811296875 0.8878333328125001
1 0.8786093749999999 0.8862187499999999 0.805296875 0.8862187499999999 0.805296875 0.9711562499999999 0.8786093749999999 0.9711562499999999 0.8786093749999999 0.8862187499999999
1 0.8581640625 0.43589583281250005 0.8148984374999999 0.43589583281250005 0.8148984374999999 0.46635416718749995 0.8581640625 0.46635416718749995 0.8581640625 0.43589583281250005
1 0.53125 0.7019166671875 0.49278125 0.7019166671875 0.49278125 0.758 0.53125 0.758 0.53125 0.7019166671875
1 0.8245156250000001 0.7788541671875 0.784859375 0.7788541671875 0.784859375 0.8349375 0.8245156250000001 0.8349375 0.8245156250000001 0.7788541671875
1 0.9483203124999999 0.74840625 0.8798046875000001 0.74840625 0.8798046875000001 0.7916770828125 0.9483203124999999 0.7916770828125 0.9483203124999999 0.74840625
1 0.1478359375 0.4647291671875 0.0348515625 0.4647291671875 0.0348515625 0.5160208328125 0.1478359375 0.5160208328125 0.1478359375 0.4647291671875
1 0.253609375 0.44390625000000006 0.175484375 0.44390625000000006 0.175484375 0.49838541718749996 0.253609375 0.49838541718749996 0.253609375 0.44390625000000006
1 0.3101015625 0.367 0.2331796875 0.367 0.2331796875 0.40225 0.3101015625 0.40225 0.3101015625 0.367
1 0.32210937500000003 0.4407083328125 0.282453125 0.4407083328125 0.282453125 0.4711666671875 0.32210937500000003 0.4711666671875 0.32210937500000003 0.4407083328125
1 0.28125 0.3285208328125 0.21153125 0.3285208328125 0.21153125 0.3589791671875 0.28125 0.3589791671875 0.28125 0.3285208328125
1 0.11778906250000001 0.3798125 0.0540859375 0.3798125 0.0540859375 0.4102708328125 0.11778906250000001 0.4102708328125 0.11778906250000001 0.3798125
1 0.3101015625 0.1875 0.2596171875 0.1875 0.2596171875 0.21795833281250002 0.3101015625 0.21795833281250002 0.3101015625 0.1875
1 0.45913281250000004 0.17466666718749999 0.3978359375 0.17466666718749999 0.3978359375 0.205125 0.45913281250000004 0.205125 0.45913281250000004 0.17466666718749999
1 0.7223515625 0.17628125 0.6947109375 0.17628125 0.6947109375 0.21634375 0.7223515625 0.21634375 0.7223515625 0.17628125
1 0.772828125 0.330125 0.746390625 0.330125 0.746390625 0.3541666671875 0.772828125 0.3541666671875 0.772828125 0.330125
1 0.7992734375 0.31409375 0.7584140625 0.31409375 0.7584140625 0.33653125 0.7992734375 0.33653125 0.7992734375 0.31409375
1 0.8329375000000001 0.49839583281250005 0.790875 0.49839583281250005 0.790875 0.5224375 0.8329375000000001 0.5224375 0.8329375000000001 0.49839583281250005
1 0.9699609375 0.6746666671875 0.9170703124999999 0.6746666671875 0.9170703124999999 0.7019166671875 0.9699609375 0.7019166671875 0.9699609375 0.6746666671875
1 1 0.9342916671875001 0.96153125 0.9342916671875001 0.96153125 1 1 1 1 0.9342916671875001
1 0.44590625 0.732375 0.4014375 0.732375 0.4014375 0.7740416671875 0.44590625 0.7740416671875 0.44590625 0.732375
1 0.331734375 0.7035312499999999 0.276453125 0.7035312499999999 0.276453125 0.7852604171875 0.331734375 0.7852604171875 0.331734375 0.7035312499999999