0 0.5381689828125 0.9335214328125 0.5668350531249999 0.7860472859375001 0.467731609375 0.7667835281250001 0.43906553906249995 0.914257675 0.5381689828125 0.9335214328125
0 0.15445264375 0.648330771875 0.17807420000000002 0.5268083953125 0.0789707546875 0.5075446359375 0.055349198437500004 0.6290670140625 0.15445264375 0.648330771875
0 0.0779967 0.7057026234375 0.0947372078125 0.6195801765625 0.033385509375 0.6076546140625 0.0166450015625 0.6937770609375 0.0779967 0.7057026234375
0 0.24571120624999998 0.9011544359375 0.2732324234375 0.7595700515625 0.12850376562500002 0.7314376499999999 0.10098254843750001 0.873022034375 0.24571120624999998 0.9011544359375
0 0.2651703984375 0.7506570499999999 0.2830587421875 0.6586295015625 0.20755525000000002 0.6439531109375001 0.1896669078125 0.735980659375 0.2651703984375 0.7506570499999999
1 0.3547457484375 0.55012703125 0.3696527015625 0.4734374078125 0.32560218124999996 0.4648748546875 0.31069522968749996 0.541564478125 0.3547457484375 0.55012703125
1 0.623507103125 0.25095943906249996 0.6457542390625 0.1365078453125 0.5686760546875 0.1215253640625 0.54642891875 0.2359769578125 0.623507103125 0.25095943906249996
1 0.3233296046875 0.35056764375 0.33938439374999996 0.26797291875 0.267030290625 0.25390870625 0.25097550156250004 0.33650343125000004 0.3233296046875 0.35056764375
1 0.8380692562500001 0.608563778125 0.8550393312500001 0.521260309375 0.765363596875 0.5038291125 0.748393521875 0.59113258125 0.8380692562500001 0.608563778125
1 0.757458740625 0.09089019375 0.766862046875 0.0425143796875 0.6913585546875 0.0278379875 0.6819552484375 0.0762138015625 0.757458740625 0.09089019375
1 0.6248264156250001 1 0.6313727078125 0.966322246875 0.5763197828125 0.9556210437500001 0.5676933875 1 0.6248264156250001 1
1 0.653487521875 0.76858871875 0.6681649078125 0.693080115625 0.5596133 0.6719798203125 0.5449359140625 0.7474884234375 0.653487521875 0.76858871875
1 0.48361735625 0.7857808937499999 0.49554291875 0.7244291953124999 0.4420646875 0.7140340796875 0.430139125 0.7753857796875 0.48361735625 0.7857808937499999
1 0.509444584375 0.7369285953125 0.5172409203125 0.696819921875 0.47948917343749997 0.689481725 0.4716928375 0.7295903984375001 0.509444584375 0.7369285953125
1 0.5313545734375 0.7166905125 0.545113690625 0.6459059890625001 0.497913784375 0.63673125625 0.48415466562500004 0.7075157796875 0.5313545734375 0.7166905125
1 0.5811794265625 0.6786231375 0.5908122984374999 0.629066303125 0.5530605546875 0.62172810625 0.5434276812500001 0.6712849421875 0.5811794265625 0.6786231375
1 0.6090351453125 0.5689466296875 0.6154570609375 0.5359087406249999 0.577705315625 0.5285705453125 0.5712834 0.561608434375 0.6090351453125 0.5689466296875
1 0.353976675 0.8732290796875001 0.3599394546875 0.8425532312499999 0.30173714375 0.8312398468750001 0.2957743625 0.8619156968749999 0.353976675 0.8732290796875001
1 0.091431359375 0.7793456703125 0.1017529328125 0.726245775 0.041975928125 0.7146263015625001 0.031654354687500004 0.767726196875 0.091431359375 0.7793456703125
1 0.18073795937499998 0.7146586265625 0.1894525640625 0.6698258734375 0.15485020625 0.66309985625 0.1461356015625 0.707932609375 0.18073795937499998 0.7146586265625
1 0.1960424765625 0.6527380859374999 0.20131655624999997 0.6256052984375 0.174567215625 0.620405753125 0.1692931359375 0.6475385421875 0.1960424765625 0.6527380859374999
1 0.16128663906250001 0.8063744046875 0.1718347984375 0.7521088265625 0.14351076406250002 0.7466031921875 0.1329626046875 0.8008687703125 0.16128663906250001 0.8063744046875