0 0.438411228125 0.17194808125 0.546566628125 0.17383594062500002 0.548048990625 0.0889113765625 0.4398935921875 0.0870235171875 0.438411228125 0.17194808125
0 0.3685147515625 0.1130317453125 0.4490337359375 0.11443720937499999 0.45020850156250003 0.0471349625 0.3696895171875 0.0457294984375 0.3685147515625 0.1130317453125
0 0.35347260625 0.2858684640625 0.4460053859375 0.28748362968749996 0.44726414062500003 0.21536961406250002 0.3547313609375 0.21375444843750002 0.35347260625 0.2858684640625
0 0.23614888281250002 0.25818125 0.3683474953125 0.26048878593749997 0.36966187968750003 0.18518775625 0.23746326718750002 0.1828802203125 0.23614888281250002 0.25818125
0 0.2479759609375 0.5452855546875 0.41621595781250004 0.54822219375 0.41825752656250004 0.4312608453125 0.2500175296875 0.42832420468750004 0.2479759609375 0.5452855546875
1 0.8878878312499999 0.5227938812499999 0.9912314640625001 0.5245977500000001 0.9921266281250001 0.473313896875 0.8887829953124999 0.47151002656249996 0.8878878312499999 0.5227938812499999
1 0.6542053609375 0.7559281515625 0.746738140625 0.7575433171875 0.747688934375 0.703072446875 0.6551561546875 0.70145728125 0.6542053609375 0.7559281515625
1 0.57733683125 0.339471096875 0.6518411078125 0.340771575 0.6529318828124999 0.27828109375 0.5784276078125 0.276980615625 0.57733683125 0.339471096875
1 0.762226784375 0.283376828125 0.8271231484375001 0.2845095984375 0.82804594375 0.2316426515625 0.7631495796875 0.23050988125 0.762226784375 0.283376828125
1 0.30697560625000003 0.1263764375 0.3562493515625 0.1272365140625 0.35700453125 0.083972271875 0.3077307875 0.0831121953125 0.30697560625000003 0.1263764375
1 0.047251431249999996 0.40554239374999995 0.1325821828125 0.4070318484375 0.1333653609375 0.3621636828125 0.048034607812500005 0.36067422968749996 0.047251431249999996 0.40554239374999995
1 0.1720453140625 0.6257017968749999 0.2597663265625 0.627232971875 0.2607731125 0.5695542578125 0.1730521 0.5680230828124999 0.1720453140625 0.6257017968749999
1 0.0723707015625 0.5502319906250001 0.15288968593750002 0.5516374546875 0.1544000453125 0.4651089671875 0.07388106093749999 0.46370350312499997 0.0723707015625 0.5502319906250001
1 0 0.7172652203125 0.0970860078125 0.7189598625 0.0986523609375 0.6292235328125 0 0.6275015484375001 0 0.7172652203125
1 0.261577196875 0.7298531234375 0.3000400875 0.7305244953125001 0.30101887656250004 0.674449703125 0.2625559859375 0.6737783312500001 0.261577196875 0.7298531234375
1 0.021462237500000002 0.5749827015625 0.0683300984375 0.5758007828125 0.069392878125 0.5149142234374999 0.0225250171875 0.5140961421875 0.021462237500000002 0.5749827015625
1 0.5136924953124999 0.5419120171875 0.568965325 0.5428768078124999 0.5698604890625 0.49159295312499995 0.5145876578124999 0.4906281625 0.5136924953124999 0.5419120171875
1 0.46883875 0.49464284531249997 0.515706609375 0.49546092656249996 0.51643379375 0.45380060625 0.46956593281250003 0.4529825234375 0.46883875 0.49464284531249997
1 0.42434859375 0.49548109531250006 0.4604056015625 0.4961104734375 0.46110478749999995 0.45605407500000006 0.42504778125 0.45542469687500003 0.42434859375 0.49548109531250006
1 0.45903540625000006 0.5746089328124999 0.53714850625 0.5759724015625001 0.5381832890625 0.516689765625 0.46007018750000006 0.5153262953125 0.45903540625000006 0.5746089328124999
1 0.278772715625 0.364712196875 0.3220317515625 0.3654672859375 0.3226749453125 0.32861873125 0.279415909375 0.32786364218749997 0.278772715625 0.364712196875
1 0.069643759375 0.3626662484375 0.1994364875 0.3649317890625 0.20030365468750003 0.31525185625 0.070510925 0.312986315625 0.069643759375 0.3626662484375