0 0.590355828125 0.1362098171875 0.6265870078125 0.29314429531249997 0.757761578125 0.262860259375 0.7215303984375 0.10592578125 0.590355828125 0.1362098171875
0 0.162638015625 0.313909509375 0.19643339531249998 0.4602933875 0.294804175 0.437582703125 0.26100879374999997 0.291198825 0.162638015625 0.313909509375
0 0.3805439328125 0.14641086406249998 0.351614875 0.0211053515625 0.2391969296875 0.0470590796875 0.2681259859375 0.1723645921875 0.3805439328125 0.14641086406249998
0 0.6587532734375 0.0192799609375 0.690387015625 0.15630075000000002 0.7731475734375 0.1371939703125 0.74151383125 0.0001731796875 0.6587532734375 0.0192799609375
1 0.5513815890625 0.7225118078125 0.56057295 0.762323959375 0.59960865 0.7533118578125 0.590417290625 0.71349970625 0.5513815890625 0.7225118078125
1 0.532455825 0.6405353140625001 0.5475978421875001 0.7061225984374999 0.5835074390625 0.697832215625 0.5683654203125 0.63224493125 0.532455825 0.6405353140625001
1 0.5142246109374999 0.675573534375 0.52747211875 0.732954796875 0.549334546875 0.7279074578125 0.5360870390625 0.6705261953125 0.5142246109374999 0.675573534375
1 0.46890191562499994 0.6502688015625 0.48701750625000007 0.7287360406250001 0.5541678437499999 0.7132331640625 0.536052253125 0.6347659250000001 0.46890191562499994 0.6502688015625
1 0.6588197109375 0.8531286921874999 0.6807208046875 0.9479927515625001 0.7181934531249999 0.939341509375 0.696292359375 0.8444774484375 0.6588197109375 0.8531286921874999
1 0.6147531546875 0.9471785640625001 0.623406740625 0.9846613625 0.6593163390625 0.9763709796875 0.650662753125 0.93888818125 0.6147531546875 0.9471785640625001
1 0.3466620921875 0.7833414859375 0.35801860625000004 0.8325319484374999 0.3954912546875 0.82388070625 0.384134740625 0.7746902421875 0.3466620921875 0.7833414859375
1 0.460223759375 0 0.46773499999999996 0.0325347546875 0.5067707015625 0.023522653125 0.50134006875 0 0.460223759375 0
1 0.8616988687499999 0.44240139687499996 0.8689992343749999 0.47402274999999994 0.9142871421875001 0.4635672125 0.9069867765625 0.431945859375 0.8616988687499999 0.44240139687499996
1 0.45185663125 0.51234954375 0.4624012125 0.558023140625 0.49987386093749997 0.5493718984375 0.48932927968750006 0.5036983015625001 0.45185663125 0.51234954375