0 0.7816464734374999 0.345109765625 0.594713296875 0.38484363906249996 0.6276976203125 0.54002268125 0.814630796875 0.5002888078125001 0.7816464734374999 0.345109765625
1 1 0.5526530843749999 0.9826057390624999 0.5563503484375001 0.9992646640625 0.634724425 1 0.634568125 1 0.5526530843749999
1 0.29368603125 0.483237109375 0.2207987515625 0.4987297796875 0.22879468906249997 0.5363477062500001 0.30168196875 0.5208550375 0.29368603125 0.483237109375
1 0.5522757234375 0.8673461609374999 0.5158244421875 0.8750941203125 0.5281518734375 0.9330901218750001 0.5646031546875 0.9253421625 0.5522757234375 0.8673461609374999
1 0.548819621875 0.9319877156249999 0.5628125125000001 0.9978190859374999 0.6110168484375 0.9875729375000001 0.5970239578125 0.9217415671875001 0.548819621875 0.9319877156249999
1 0.10691454843749999 0.6277797734375 0.019920546875 0.64627091875 0.033915601562499995 0.7121124796875 0.1209096046875 0.6936213328124999 0.10691454843749999 0.6277797734375
1 0.31150279687500004 0.5728451125 0.271536296875 0.5813402546875001 0.27886518437499996 0.6158199578125 0.318831684375 0.607324815625 0.31150279687500004 0.5728451125
1 0.904519284375 0.6630419015625 0.8386777234375 0.67703695625 0.8530063046875 0.7444476296875 0.918847865625 0.7304525734375 0.904519284375 0.6630419015625
1 0.9493784671875 0.5388342515625 0.885890575 0.5523290203125 0.8958876625000001 0.5993616171875 0.9593755546875 0.5858668484375 0.9493784671875 0.5388342515625
1 0.9523823859375 0.454630053125 0.8924249953125001 0.467374390625 0.90075445625 0.5065614296875001 0.9607118484375 0.4938170921875 0.9523823859375 0.454630053125
1 0.8289863421874999 0.3481567546875 0.7972423953125001 0.3549041375 0.8039042328124999 0.38624561874999996 0.8356481796875 0.379498234375 0.8289863421874999 0.3481567546875
1 0.432954571875 0.5371897125 0.39532645781250003 0.5451878156250001 0.40198829375 0.5765292953125 0.439616409375 0.5685311921875 0.432954571875 0.5371897125
1 0.2362596828125 0.5888278796875 0.150442515625 0.6070688828125 0.1644375703125 0.6729104421875001 0.2502547390625 0.654669440625 0.2362596828125 0.5888278796875
1 0.14024689375 0.4781634453125 0.0908657234375 0.4886597375 0.0998622359375 0.5309849984375 0.14924340625000002 0.52048870625 0.14024689375 0.4781634453125
1 0.30277091718750004 1 0.285911690625 0.920683575 0.248283575 0.928681678125 0.2634427515625 1 0.30277091718750004 1
1 0.45042548125000004 0.931603271875 0.41045898125 0.9400984140625 0.4224528875 0.9965253031250001 0.46241938749999995 0.9880301609375 0.45042548125000004 0.931603271875
1 0.2500850734375 0.7579193078124999 0.214810625 0.7654171234375 0.2224730375 0.8014659375000001 0.2577474859375 0.793968121875 0.2500850734375 0.7579193078124999
1 0.23178325625 0.25554854531250004 0.2117923640625 0.259797740625 0.22045535156249998 0.3005538921875 0.2404462421875 0.296304696875 0.23178325625 0.25554854531250004
1 0.2915410640625 0.25922537968750003 0.24098305937500003 0.269971815625 0.250313096875 0.31386618906249997 0.30087110156249997 0.303119753125 0.2915410640625 0.25922537968750003
1 0.1408351171875 0.3191283484375 0.1008686171875 0.327623490625 0.10853102968749999 0.36367230625 0.14849752968750002 0.3551771640625 0.1408351171875 0.3191283484375
1 0.7332213265624999 0.18665275312500001 0.7014773812499999 0.1934001375 0.7074765000000001 0.221623771875 0.7392204453125 0.21487638750000002 0.7332213265624999 0.18665275312500001
1 0.7776193734375 0.5458333375 0.7329455390625 0.5553290546875 0.7432761515624999 0.6039307640625 0.7879499859375 0.5944350468749999 0.7776193734375 0.5458333375
1 0.390481896875 0.4298837171875 0.3340550078125 0.4418776234375 0.3390535515625 0.46539392187499995 0.395480440625 0.4534000171875 0.390481896875 0.4298837171875
1 0.0620377515625 0.45712045 0.022071251562499998 0.46561559218750004 0.0287330890625 0.496957071875 0.0686995890625 0.4884619296875 0.0620377515625 0.45712045
1 0.0975318921875 0.5200215953125 0.022290945312499998 0.5360145515625 0.03128745625 0.5783398125 0.1065284046875 0.56234685625 0.0975318921875 0.5200215953125
1 0.1534939078125 0.37868327343749997 0.111173740625 0.387678703125 0.1161722828125 0.41119500000000003 0.15849245 0.40219957031250003 0.1534939078125 0.37868327343749997
1 0.7662337328125 0.22059327031249998 0.723913565625 0.22958869843750002 0.7309089281250001 0.262499290625 0.7732290953125001 0.2535038625 0.7662337328125 0.22059327031249998
1 0.8510146031250001 0.3188850828125 0.80987126875 0.3276303671875 0.8158703875000001 0.355854 0.8570137203125 0.347108715625 0.8510146031250001 0.3188850828125