0 0.6089687500000001 0.3233125 0.6089687500000001 0.47474999999999995 0.83653125 0.47474999999999995 0.83653125 0.3233125 0.6089687500000001 0.3233125
0 0.5673125 0.20793750000000003 0.5673125 0.369 0.7548125 0.369 0.7548125 0.20793750000000003 0.5673125 0.20793750000000003
0 0.77884375 0.22115625 0.77884375 0.39303125 0.8781979171875 0.39303125 0.8781979171875 0.22115625 0.77884375 0.22115625
0 0.38140625 0.1622578125 0.38140625 0.3281171875 0.51121875 0.3281171875 0.51121875 0.1622578125 0.38140625 0.1622578125
1 0.3862083328125 0.3209140625 0.3862083328125 0.45792968749999996 0.47275 0.45792968749999996 0.47275 0.3209140625 0.3862083328125 0.3209140625
1 0.26121875 0.501203125 0.26121875 0.628609375 0.4022395828125 0.628609375 0.4022395828125 0.501203125 0.26121875 0.501203125
1 0.38621875 0.7235546875 0.38621875 0.7920703125 0.4567395828125 0.7920703125 0.4567395828125 0.7235546875 0.38621875 0.7235546875
1 0.47436458281249994 0 0.47436458281249994 0.0576875 0.5560937499999999 0.0576875 0.5560937499999999 0 0.47436458281249994 0
1 0.3221145828125 0 0.3221145828125 0.0685078125 0.4423020828125 0.0685078125 0.4423020828125 0 0.3221145828125 0
1 0.6858958328125 0.1382265625 0.6858958328125 0.18389843749999998 0.7307708328125 0.18389843749999998 0.7307708328125 0.1382265625 0.6858958328125 0.1382265625
1 0.0048125 0 0.0048125 0.0360625 0.1025625 0.0360625 0.1025625 0 0.0048125 0
1 0.7692291671875 0.493984375 0.7692291671875 0.5721093749999999 0.8381458328125 0.5721093749999999 0.8381458328125 0.493984375 0.7692291671875 0.493984375
1 0.875 0.3521640625 0.875 0.3978359375 0.9166666671874999 0.3978359375 0.9166666671874999 0.3521640625 0.875 0.3521640625