0 0.1081796875 0.1298125 0.0000078125 0.1298125 0.0000078125 0.2580208328125 0.1081796875 0.2580208328125 0.1081796875 0.1298125
0 0 0.4343020828125 0.06009375 0.4343020828125 0.06009375 0.2628229171875 0 0.2628229171875 0 0.4343020828125
0 0 0.7756354171875001 0.08053125 0.7756354171875001 0.08053125 0.5897395828125 0 0.5897395828125 0 0.7756354171875001
1 0.34615625 0.4262916671875 0.2704375 0.4262916671875 0.2704375 0.5064166671875 0.34615625 0.5064166671875 0.34615625 0.4262916671875
1 0.41105468749999996 0.7788541671875 0.3341328125 0.7788541671875 0.3341328125 0.8862291671875001 0.41105468749999996 0.8862291671875001 0.41105468749999996 0.7788541671875
1 0.5048125 0.85096875 0.40625 0.85096875 0.40625 0.9711562499999999 0.5048125 0.9711562499999999 0.5048125 0.85096875
1 0.82090625 0.8381458328125 0.64903125 0.8381458328125 0.64903125 0.9326874999999999 0.82090625 0.9326874999999999 0.82090625 0.8381458328125
1 0.7523984375 0.7660208328125 0.6622578125 0.7660208328125 0.6622578125 0.8493541671875 0.7523984375 0.8493541671875 0.7523984375 0.7660208328125
1 0.632203125 0.5641041671875 0.543265625 0.5641041671875 0.543265625 0.6266041671875 0.632203125 0.6266041671875 0.632203125 0.5641041671875
1 0.27164062499999997 0.6249895828125 0.191109375 0.6249895828125 0.191109375 0.6955104171875 0.27164062499999997 0.6955104171875 0.27164062499999997 0.6249895828125
1 0.6598515625 0.7083437499999999 0.5877421875 0.7083437499999999 0.5877421875 0.8044895828125 0.6598515625 0.8044895828125 0.6598515625 0.7083437499999999
1 0.2007265625 0.259625 0.1418359375 0.259625 0.1418359375 0.2980833328125 0.2007265625 0.2980833328125 0.2007265625 0.259625
1 0.710328125 0.67628125 0.6658593749999999 0.67628125 0.6658593749999999 0.7195520828124999 0.710328125 0.7195520828124999 0.710328125 0.67628125
1 0.753609375 0.7147291671875 0.706734375 0.7147291671875 0.706734375 0.7660208328125 0.753609375 0.7660208328125 0.753609375 0.7147291671875