1 0.3863135625 0.2754714484375 0.38014725625 0.09889158125 0.2392123296875 0.10381313750000001 0.24537863437500002 0.28039300312500004 0.3863135625 0.2754714484375
1 0.49499002656249996 0.44846376406250005 0.49020824999999996 0.31153160468749996 0.39730654374999996 0.314775803125 0.40208832031249997 0.4517079625 0.49499002656249996 0.44846376406250005
1 0.3506921265625 1 0.3480326671875 0.9238430265625001 0.23751669843749998 0.9277023296875001 0.2400413890625 1 0.3506921265625 1
1 0.26089784374999997 1 0.258809078125 0.9401855906250001 0.18033607812500002 0.942925928125 0.1823291484375 1 0.26089784374999997 1
1 0.21887700312499997 0.990883521875 0.21627644531249998 0.9164132890625 0.1121732328125 0.9200486531250001 0.114773790625 0.9945188859374999 0.21887700312499997 0.990883521875
1 0.6715105359375 0.8656277234375 0.6691613640625 0.7983562296875 0.55065026875 0.802494728125 0.5529994406250001 0.8697662234375001 0.6715105359375 0.8656277234375
1 0.5366619953125 0.815013975 0.5332642015625 0.717713909375 0.4083403484375 0.722076346875 0.4117381421875 0.8193764124999999 0.5366619953125 0.815013975
1 0.9479973984375001 0.5637398828125 0.94623551875 0.5132862609375 0.893392728125 0.515131571875 0.8951546078125 0.5655851937499999 0.9479973984375001 0.5637398828125
0 0.901128953125 0.644737409375 0.8960952453125 0.5005908984375 0.8128126765625 0.5034991890625 0.817846384375 0.6476457 0.901128953125 0.644737409375
0 0.8580799515624999 0.5139491875 0.8527948593750001 0.3626039390625 0.70063760625 0.3679173875 0.7059226984375 0.5192626359375 0.8580799515624999 0.5139491875
0 0.7938300453125 0.6484921859375 0.7856504765625 0.4142599609375 0.59024875 0.42108354062500003 0.59842831875 0.6553157656249999 0.7938300453125 0.6484921859375
0 0.5632826234375 0.6132510828125 0.55837488125 0.4727117484375 0.433451028125 0.477074184375 0.43835877031250003 0.6176135203124999 0.5632826234375 0.6132510828125
1 0.3946266703125 0.0538744578125 0.3928653359375 0.003436453125 0.2631319140625 0.007966843749999999 0.2648932484375 0.058404849999999994 0.3946266703125 0.0538744578125