1 0.6689613453125001 0.8989440703125 0.6570357828125 0.9602957703125 0.7246862562499999 0.9734456890625 0.7366118187499999 0.912093990625 0.6689613453125001 0.8989440703125
1 0.323885278125 0.50739089375 0.308519190625 0.5864425578125 0.398194925 0.6038737546874999 0.41356101093750003 0.5248220906250001 0.323885278125 0.50739089375
1 0.243101328125 0.578621228125 0.23346845468750002 0.6281780625 0.28694668437500004 0.6385731781249999 0.2965795578125 0.58901634375 0.243101328125 0.578621228125
1 0.1898732234375 0.55847754375 0.17358886874999999 0.6422532890625 0.24123934062500002 0.6554032078125 0.2575236953125 0.5716274625 0.1898732234375 0.55847754375
1 0.049609 0.2973617484375 0.0298871015625 0.39882212031250003 0.09911226875 0.4122781296875 0.11883416718749999 0.3108177578125 0.049609 0.2973617484375
1 0.061493889062499994 0.3706796734375 0.01744336875 0.3621171203125 0.00230685 0.4399877640625 0.04635736875 0.4485503171875 0.061493889062499994 0.3706796734375
1 0.08784241875 0 0.0761631375 0.060084693749999994 0.1296413671875 0.07047980781249999 0.1433412546875 0 0.08784241875 0
1 0.1044461609375 0.0741539015625 0.0920614640625 0.1378676421875 0.184866134375 0.1559070421875 0.19725083125 0.092193303125 0.1044461609375 0.0741539015625
1 0.2786647140625 0.2108691515625 0.261465071875 0.2993536390625 0.33226493281249997 0.3131157375 0.349464575 0.22463125 0.2786647140625 0.2108691515625
1 0.26269608125 0.15020767031249999 0.25008181875 0.2151024296875 0.3177322921875 0.22825235 0.33034655625 0.163357590625 0.26269608125 0.15020767031249999
1 0.20626041874999998 0.08782432968750001 0.196627546875 0.137381165625 0.2595539375 0.1496128171875 0.2691868109375 0.10005598125 0.20626041874999998 0.08782432968750001
0 0.6181900812500001 0.8241797 0.5874579078125 0.9822830281250001 0.65510838125 0.9954329484375 0.68584055625 0.8373296203124999 0.6181900812500001 0.8241797
0 0.50892616875 1 0.5520283265625 0.7782586171875 0.30662153124999997 0.7305563687500001 0.2614415390625 0.9629872796875001 0.45185547968749995 1 0.50892616875 1
0 0.59055084375 1 0.5923822624999999 0.9905781687499999 0.47912702500000004 0.96856358125 0.4730164046875 1 0.59055084375 1
1 0.393809034375 0.3911997796875 0.3837170265625 0.4431186546875 0.44191933906249997 0.4544320375 0.4520113453125 0.4025131625 0.393809034375 0.3911997796875
0 0.1427951234375 0.817487740625 0.1198622671875 0.9354670578125001 0.25986684375 0.9626811906249999 0.2827997 0.8447018734375 0.1427951234375 0.817487740625
1 0.5277753453125 0.70988248125 0.5190607421875 0.754715234375 0.5568124859375 0.76205343125 0.5655270906250001 0.7172206765625 0.5277753453125 0.70988248125