1 0.34976562499999997 0.4855833328125 0.240390625 0.4855833328125 0.240390625 0.5336666671875 0.34976562499999997 0.5336666671875 0.34976562499999997 0.4855833328125
1 0.139421875 0.3589791671875 0.103359375 0.3589791671875 0.103359375 0.4182708328125 0.139421875 0.4182708328125 0.139421875 0.3589791671875
1 0.1093828125 0.3878125 0.0721171875 0.3878125 0.0721171875 0.4262708328125 0.1093828125 0.4262708328125 0.1093828125 0.3878125
1 0.081734375 0.3493645828125 0.042078125 0.3493645828125 0.042078125 0.39584375 0.081734375 0.39584375 0.081734375 0.3493645828125
1 0.197125 0.7644375 0.15865625 0.7644375 0.15865625 0.7964791671875 0.197125 0.7964791671875 0.197125 0.7644375
1 0.23077343749999998 0.9294895828125 0.15625781249999998 0.9294895828125 0.15625781249999998 0.9663437500000001 0.23077343749999998 0.9663437500000001 0.23077343749999998 0.9294895828125
1 0.4423125 0.6490416671875 0.3798125 0.6490416671875 0.3798125 0.7003333328125 0.4423125 0.7003333328125 0.4423125 0.6490416671875
1 0.753609375 0.5753125 0.691109375 0.5753125 0.691109375 0.6169791671875 0.753609375 0.6169791671875 0.753609375 0.5753125
1 0.5853359375 0.7900625 0.49038281250000004 0.7900625 0.49038281250000004 0.8525625 0.5853359375 0.8525625 0.5853359375 0.7900625
1 0.5072109375 0.8253125000000001 0.4351015625 0.8253125000000001 0.4351015625 0.8846041671875 0.5072109375 0.8846041671875 0.5072109375 0.8253125000000001
1 0.4543203125 0.8381458328125 0.3665859375 0.8381458328125 0.3665859375 0.9102708328125001 0.4543203125 0.9102708328125001 0.4543203125 0.8381458328125
1 0.48317187500000003 1 0.48317187500000003 0.9695416671875 0.415859375 0.9695416671875 0.415859375 1 0.48317187500000003 1
1 0.842546875 0.3333333328125 0.793265625 0.3333333328125 0.793265625 0.365375 0.842546875 0.365375 0.842546875 0.3333333328125
1 0.7211484375 0.16665625 0.6754765625 0.16665625 0.6754765625 0.1955104171875 0.7211484375 0.1955104171875 0.7211484375 0.16665625
1 0.722359375 0.30128125 0.652640625 0.30128125 0.652640625 0.34134375 0.722359375 0.34134375 0.722359375 0.30128125
1 0.6093828125 0.2900729171875 0.5613046875000001 0.2900729171875 0.5613046875000001 0.3269270828125 0.6093828125 0.3269270828125 0.6093828125 0.2900729171875
1 1 0.6233958328125 0.91346875 0.6233958328125 0.91346875 0.6955208328125 1 0.6955208328125 1 0.6233958328125
1 1 0.8477499999999999 0.94471875 0.8477499999999999 0.94471875 0.9310833328125 1 0.9310833328125 1 0.8477499999999999
0 0.5769296875000001 0.15865625 0.4375078125 0.15865625 0.4375078125 0.2580104171875 0.5769296875000001 0.2580104171875 0.5769296875000001 0.15865625
0 0.671875 0.1250104171875 0.56009375 0.1250104171875 0.56009375 0.1794895828125 0.671875 0.1794895828125 0.671875 0.1250104171875
0 0.7716406250000001 1 0.7716406250000001 0.8125 0.5060156250000001 0.8125 0.5060156250000001 1 0.7716406250000001 1
0 0.6502421875 0.3701979171875 0.5288515625 0.3701979171875 0.5288515625 0.4455104171875 0.6502421875 0.4455104171875 0.6502421875 0.3701979171875
0 0.8148984374999999 0.33171875 0.6334140625 0.33171875 0.6334140625 0.4406979171875 0.8148984374999999 0.4406979171875 0.8148984374999999 0.33171875