0 0.6386253984375 0.144026534375 0.4910445109375 0.12328539375 0.47543102812500004 0.23438109218749997 0.6230119171874999 0.2551222328125 0.6386253984375 0.144026534375
0 0.7434485343749999 0.115072903125 0.6291808828125001 0.0990136328125 0.620929078125 0.1577282765625 0.7351967296875 0.1737875484375 0.7434485343749999 0.115072903125
0 0.8651678 0.3716979078125 0.5545176125 0.32803887187499997 0.5404669281250001 0.428014684375 0.851117115625 0.47167372187499995 0.8651678 0.3716979078125
0 0.64699240625 1 0.676478196875 0.7901977015625 0.46343130625000006 0.7602559140625 0.43354388281249995 0.9729159812500001 0.62625668125 1 0.64699240625 1
1 0.9866512359374999 0.6298886625 0.9152436249999999 0.6198529765624999 0.9027528390624999 0.7087295359375 0.97416045 0.718765221875 0.9866512359374999 0.6298886625
1 0.87135161875 0.6298731562500001 0.9844278531249999 0.645764984375 0.9971418968749999 0.5552998703124999 0.8840656609374999 0.5394080421874999 0.87135161875 0.6298731562500001
1 0.9614493062499999 0.8092097062500001 0.8233842765625001 0.78980593125 0.8122330312500001 0.8691511593750001 0.9502980624999999 0.888554934375 0.9614493062499999 0.8092097062500001
1 0.859387546875 1 0.8622322265625 0.979759046875 0.7265500296875 0.9606901578124999 0.721025390625 1 0.859387546875 1
1 0.530221175 0.734046196875 0.445707984375 0.7221686421875 0.43700966562500004 0.784060396875 0.52152285625 0.79593795 0.530221175 0.734046196875
1 0.44452934375000003 0.7479008640625 0.3885946703125 0.7400397578125 0.37944983906249996 0.8051086234374999 0.4353845109375 0.8129697296874999 0.44452934375000003 0.7479008640625
1 0.398257203125 0.7316886671875 0.3173182609375 0.720313440625 0.3030443203125 0.821877809375 0.38398326250000003 0.8332530359374999 0.398257203125 0.7316886671875
1 0.30861869531249997 0.808092371875 0.2229295609375 0.7960495484375001 0.2097719046875 0.8896711421875001 0.2954610375 0.9017139640625 0.30861869531249997 0.808092371875
1 0.31115703125 0.8764231296875 0.29710634687500004 0.9763989421874999 0.370896790625 0.9867695140625001 0.38494747500000004 0.8867936999999999 0.31115703125 0.8764231296875
1 0.167355634375 0.7769206578125 0.095948021875 0.7668849718749999 0.08858924375 0.819245396875 0.15999685624999999 0.8292810812500001 0.167355634375 0.7769206578125
1 0.1424245125 0.6520271281250001 0.1007713625 0.646173159375 0.09452596875 0.6906114390625 0.13617912031249998 0.6964654078125 0.1424245125 0.6520271281250001
1 0.3703269609375 0.3863048609375 0.2596335578125 0.3707479171875 0.24312994843750002 0.48817720624999994 0.35382335 0.50373415 0.3703269609375 0.3863048609375
1 0.784368309375 0.169369159375 0.7319924125 0.1620082078125 0.726416790625 0.201680821875 0.7787926875 0.20904177499999999 0.784368309375 0.169369159375
1 0.752087775 0.3040203265625 0.6854303546875 0.29465223749999997 0.6798547328125 0.3343248515625 0.7465121531250001 0.343692940625 0.752087775 0.3040203265625
1 0.6339644078125 0.280928925 0.6006356984375001 0.2762448796875 0.5952833328125 0.31432893906250003 0.6286120421875 0.319012984375 0.6339644078125 0.280928925
1 0.170508021875 0.2708299796875 0.0300678953125 0.2510924078125 0.0169102375 0.344714 0.1573503640625 0.364451571875 0.170508021875 0.2708299796875