0 0.706734375 0.0961666671875 0.563703125 0.0961666671875 0.563703125 0.1907083328125 0.706734375 0.1907083328125 0.706734375 0.0961666671875
0 0.9326874999999999 0.5753125 0.72115625 0.5753125 0.72115625 0.7387708328125 0.9326874999999999 0.7387708328125 0.9326874999999999 0.5753125
0 0.8004765624999999 0.2580208328125 0.6814921875 0.2580208328125 0.6814921875 0.3317291671875 0.8004765624999999 0.3317291671875 0.8004765624999999 0.2580208328125
0 0.9411093749999999 0.2403958328125 0.789671875 0.2403958328125 0.789671875 0.3413541671875 0.9411093749999999 0.3413541671875 0.9411093749999999 0.2403958328125
0 0.77403125 0.072125 0.6875 0.072125 0.6875 0.134625 0.77403125 0.134625 0.77403125 0.072125
1 0.5480703124999999 0.3317291671875 0.4531171875 0.3317291671875 0.4531171875 0.40385416718749995 0.5480703124999999 0.40385416718749995 0.5480703124999999 0.3317291671875
1 0.1478359375 0.5608958328125 0.0108203125 0.5608958328125 0.0108203125 0.6474375 0.1478359375 0.6474375 0.1478359375 0.5608958328125
1 0.490390625 0.8846041671875 0.389421875 0.8846041671875 0.389421875 0.9775625 0.490390625 0.9775625 0.490390625 0.8846041671875
1 0.71875 0.6810937499999999 0.6514375 0.6810937499999999 0.6514375 0.7628229171875 0.71875 0.7628229171875 0.71875 0.6810937499999999
1 1 0.7660208328125 0.9471171875 0.7660208328125 0.9471171875 0.8381458328125 1 0.8381458328125 1 0.7660208328125
1 0.7860625 0.5657083328125 0.703125 0.5657083328125 0.703125 0.617 0.7860625 0.617 0.7860625 0.5657083328125
1 0.913453125 0.4134583328125 0.8401406250000001 0.4134583328125 0.8401406250000001 0.45512499999999995 0.913453125 0.45512499999999995 0.913453125 0.4134583328125
1 0.71634375 0.5833333328125 0.671875 0.5833333328125 0.671875 0.6362083328125 0.71634375 0.6362083328125 0.71634375 0.5833333328125
1 0.668265625 0.5785208328125 0.597359375 0.5785208328125 0.597359375 0.6442291671875 0.668265625 0.6442291671875 0.668265625 0.5785208328125
1 0.6310156250000001 0.6650729171875 0.5685156250000001 0.6650729171875 0.5685156250000001 0.72596875 0.6310156250000001 0.72596875 0.6310156250000001 0.6650729171875
1 0.5060078125 0.6666666671875 0.4711484375 0.6666666671875 0.4711484375 0.7083333328125 0.5060078125 0.7083333328125 0.5060078125 0.6666666671875
1 0.47715625 0.5432812499999999 0.4326875 0.5432812499999999 0.4326875 0.5801354171875001 0.47715625 0.5801354171875001 0.47715625 0.5432812499999999
1 0.3425546875 0.24840625 0.2632265625 0.24840625 0.2632265625 0.3093020828125 0.3425546875 0.3093020828125 0.3425546875 0.24840625