0 0.704328125 0.7980729171875 0.47717187499999997 0.7980729171875 0.47717187499999997 0.9871770828124999 0.704328125 0.9871770828124999 0.704328125 0.7980729171875
0 0.8161093749999999 0.3157083328125 0.675484375 0.3157083328125 0.675484375 0.4134583328125 0.8161093749999999 0.4134583328125 0.8161093749999999 0.3157083328125
0 0.6610625 0.3509583328125 0.53125 0.3509583328125 0.53125 0.4455 0.6610625 0.4455 0.6610625 0.3509583328125
0 0.58775 0.1474270828125 0.43990625000000005 0.1474270828125 0.43990625000000005 0.2531979171875 0.58775 0.2531979171875 0.58775 0.1474270828125
0 0.6730703124999999 0.0977708328125 0.5781171875 0.0977708328125 0.5781171875 0.1714791671875 0.6730703124999999 0.1714791671875 0.6730703124999999 0.0977708328125
1 1 0.58975 0.9170624999999999 0.58975 0.9170624999999999 0.6554583328125 1 0.6554583328125 1 0.58975
1 1 0.5063958328125 0.8701874999999999 0.5063958328125 0.8701874999999999 0.5993541671875 1 0.5993541671875 1 0.5063958328125
1 1 0.7355729171875 0.84375 0.7355729171875 0.84375 0.8413437500000001 1 0.8413437500000001 1 0.7355729171875
1 0.889421875 0.9455104171875 0.788453125 0.9455104171875 0.788453125 0.9999895828125 0.889421875 0.9999895828125 0.889421875 0.9455104171875
1 0.4146640625 1 0.4146640625 0.9166666671874999 0.3425546875 0.9166666671874999 0.3425546875 1 0.4146640625 1
1 0.40504687500000003 0.7772395828125 0.34976562499999997 0.7772395828125 0.34976562499999997 0.8525520828125 0.40504687500000003 0.8525520828125 0.40504687500000003 0.7772395828125
1 0.46754687500000003 0.77725 0.40745312499999997 0.77725 0.40745312499999997 0.8461666671874999 0.46754687500000003 0.8461666671874999 0.46754687500000003 0.77725
1 0.5516875 0.7580208328125 0.46275000000000005 0.7580208328125 0.46275000000000005 0.8205208328125 0.5516875 0.8205208328125 0.5516875 0.7580208328125
1 0.34375 0.46634374999999995 0.23918750000000003 0.46634374999999995 0.23918750000000003 0.5304479171875001 0.34375 0.5304479171875001 0.34375 0.46634374999999995
1 0.144234375 0.3573645828125 0.073328125 0.3573645828125 0.073328125 0.4150520828125 0.144234375 0.4150520828125 0.144234375 0.3573645828125
1 0.1514375 0.7291562500000001 0.109375 0.7291562500000001 0.109375 0.7756354171875001 0.1514375 0.7756354171875001 0.1514375 0.7291562500000001
1 0.18389843749999998 0.8413437500000001 0.12260156250000001 0.8413437500000001 0.12260156250000001 0.8910312499999999 0.18389843749999998 0.8910312499999999 0.18389843749999998 0.8413437500000001
1 0.74159375 0.55128125 0.67428125 0.55128125 0.67428125 0.6057604171875 0.74159375 0.6057604171875 0.74159375 0.55128125
1 0.7295703125 0.1490416671875 0.6814921875 0.1490416671875 0.6814921875 0.1907083328125 0.7295703125 0.1907083328125 0.7295703125 0.1490416671875
1 0.7223515625 0.2852604171875 0.6538359375 0.2852604171875 0.6538359375 0.3221145828125 0.7223515625 0.3221145828125 0.7223515625 0.2852604171875
1 0.40745312499999997 0.6185937499999999 0.355765625 0.6185937499999999 0.355765625 0.68590625 0.40745312499999997 0.68590625 0.40745312499999997 0.6185937499999999
1 0.9314921875 0.46475 0.8834140625 0.46475 0.8834140625 0.5064166671875 0.9314921875 0.5064166671875 0.9314921875 0.46475
1 0.9783593749999999 0.4070520828125 0.9495156250000001 0.4070520828125 0.9495156250000001 0.4679479171875 0.9783593749999999 0.4679479171875 0.9783593749999999 0.4070520828125
1 0.28605468749999996 0.054489582812500006 0.2536015625 0.054489582812500006 0.2536015625 0.08334375000000001 0.28605468749999996 0.08334375000000001 0.28605468749999996 0.054489582812500006