1 0.4511461984375 0.09968871093750001 0.4887743140625 0.1076868140625 0.49477343281249997 0.0794631796875 0.45714531718750007 0.0714650765625 0.4511461984375 0.09968871093750001
1 0 0.510034259375 0.060166834375 0.522823115625 0.08482169687499999 0.40683111250000004 0.011934417187500001 0.39133844375 0 0.447485459375 0 0.510034259375
1 0.1450826953125 0.5048350328125 0.2262078125 0.522078709375 0.24486788593750003 0.43428996093750005 0.1637427703125 0.41704628593750004 0.1450826953125 0.5048350328125
1 0.0517629046875 0.8224994875 0.14581791093750002 0.842491496875 0.171806871875 0.7202230468749999 0.0777518671875 0.7002310375 0.0517629046875 0.8224994875
1 0.149748071875 0.78928126875 0.2061749625 0.801275175 0.2208370671875 0.7322953921875001 0.164410178125 0.7203014859375 0.149748071875 0.78928126875
1 0.21003527968750002 0.7889756734375 0.2946756140625 0.8069665328125 0.30867066875 0.7411249718749999 0.224030334375 0.7231341125 0.21003527968750002 0.7889756734375
1 0.69250314375 0.7620948046875 0.8418082046875 0.793830575 0.8594677046875001 0.7107491625 0.71016264375 0.6790133921875 0.69250314375 0.7620948046875
1 0.80871005 0.88017976875 0.9250943296875 0.9049180109374999 0.9430873546875 0.8202674875 0.8267030734375 0.79552924375 0.80871005 0.88017976875
1 0.899572146875 0.4931766140625 0.98305093125 0.5109205765625 0.9960454125 0.4497863515625 0.912566628125 0.4320423875 0.899572146875 0.4931766140625
1 0.253770675 0.236314721875 0.28669145625 0.24331225 0.2953544421875 0.20255610000000002 0.2624336625 0.195558571875 0.253770675 0.236314721875
1 0.3061090875 0.20975143593749998 0.359020759375 0.22099815781249998 0.366683171875 0.18494934375 0.3137715 0.1737026203125 0.3061090875 0.20975143593749998
1 0.4132625984375 0.23744763125 0.4602901015625 0.2474436359375 0.46728546406250004 0.2145330453125 0.4202579609375 0.204537040625 0.4132625984375 0.23744763125
0 0.46229784531250007 0.139736578125 0.5669290703125001 0.16197663125 0.5759255828125001 0.11965136875 0.47129435624999994 0.097411315625 0.46229784531250007 0.139736578125
0 0.5274212796875 0.232224671875 0.6814336765625 0.2649610171875 0.70309114375 0.163070640625 0.549078746875 0.13033429531250001 0.5274212796875 0.232224671875
0 0.2739333984375 0.34380359375 0.4937873546875 0.3905349953125 0.5231072359375 0.25259580625 0.303253278125 0.2058644046875 0.2739333984375 0.34380359375
0 0.5191475828125001 0.5024299390625 0.651992253125 0.5306669453125 0.673649721875 0.428776571875 0.54080505 0.40053956562500004 0.5191475828125001 0.5024299390625