0 0.614171875 0.09134375 0.496390625 0.09134375 0.496390625 0.15865625 0.614171875 0.15865625 0.614171875 0.09134375
0 0.532453125 0.107375 0.373796875 0.107375 0.373796875 0.21795833281250002 0.532453125 0.21795833281250002 0.532453125 0.107375
0 0.7523984375 0.21634375 0.5084140625 0.21634375 0.5084140625 0.36378125 0.7523984375 0.36378125 0.7523984375 0.21634375
0 0.46274218749999996 0.37178125 0.3497578125 0.37178125 0.3497578125 0.48396875 0.46274218749999996 0.48396875 0.46274218749999996 0.37178125
0 1 0.7948645828124999 0.97596875 0.7948645828124999 0.97596875 0.89421875 1 0.89421875 1 0.7948645828124999
1 0.9867812499999999 1 0.9867812499999999 0.9342916671875001 0.8149062499999999 0.9342916671875001 0.8149062499999999 1 0.9867812499999999 1
1 0.2523984375 0.5929375 0.0997578125 0.5929375 0.0997578125 0.6794791671875 0.2523984375 0.6794791671875 0.2523984375 0.5929375
1 0.1346171875 0.6778958328125 0.0000078125 0.6778958328125 0.0000078125 0.7580208328125 0.1346171875 0.7580208328125 0.1346171875 0.6778958328125
1 0.8401484375000001 0.75159375 0.7608203125 0.75159375 0.7608203125 0.8333229171875001 0.8401484375000001 0.8333229171875001 0.8401484375000001 0.75159375
1 0.7463984375 0.7339687500000001 0.7031328125 0.7339687500000001 0.7031328125 0.7772395828125 0.7463984375 0.7772395828125 0.7463984375 0.7339687500000001
1 0.6983203125 0.7435833328125 0.6478359375 0.7435833328125 0.6478359375 0.8060833328125 0.6983203125 0.8060833328125 0.6983203125 0.7435833328125
1 0.811296875 0.48238541718750005 0.7596093749999999 0.48238541718750005 0.7596093749999999 0.5368645828124999 0.811296875 0.5368645828124999 0.811296875 0.48238541718750005
1 0.9663437500000001 0.47435416718749995 0.91465625 0.47435416718749995 0.91465625 0.5480625 0.9663437500000001 0.5480625 0.9663437500000001 0.47435416718749995