1 0.0797833828125 0.9615845859375 0.1230226515625 0.9630945343749999 0.126098896875 0.8750023984374999 0.082859628125 0.87349245 0.0797833828125 0.9615845859375
1 0.1673287359375 0.55573639375 0.2490133203125 0.5585888812500001 0.25085863124999996 0.5057460921875 0.16917404687499998 0.502893603125 0.1673287359375 0.55573639375
1 0.205339475 0.46565390625 0.2401776140625 0.46687048124999997 0.241519790625 0.42843557499999996 0.20668165156249999 0.42721900156250003 0.205339475 0.46565390625
1 0.3165213359375 0.3813473234375 0.348954690625 0.382479921875 0.35035285312500003 0.3424418265625 0.317919496875 0.3413092296875 0.3165213359375 0.3813473234375
1 0.5010711890625 0.1937570796875 0.5443104578125 0.19526702812500002 0.5459325578125 0.148816175 0.5026932890625 0.14730622499999999 0.5010711890625 0.1937570796875
1 0.0844899171875 0.68913495625 0.1445470609375 0.6912321968749999 0.1458892359375 0.6527972921874999 0.08583209375 0.6507000515625 0.0844899171875 0.68913495625
1 0.1228510890625 0.5894651093750001 0.15648683593749999 0.5906396953125 0.15872403906250002 0.5265745796875 0.1250882921875 0.52539999375 0.1228510890625 0.5894651093750001
1 0.9175351375 0.5626932906250001 0.9727827109374999 0.564622578125 0.9745727640625 0.5133621578125 0.919325190625 0.5114328703125001 0.9175351375 0.5626932906250001
1 0.6642920203125 0.3758560015625 0.731563515625 0.3782051734375 0.733297584375 0.3285479421875 0.6660260890624999 0.32619876875 0.6642920203125 0.3758560015625
1 0.48045000625 0.233134315625 0.541709540625 0.23527354531250003 0.54327565625 0.19042588124999998 0.482016121875 0.1882866515625 0.48045000625 0.233134315625
0 0.3363109203125 0.3660077921875 0.5417169671875001 0.3731807296875 0.5446812421875 0.2882949703125 0.33927519687499996 0.28112203281250003 0.3363109203125 0.3660077921875
0 0.3265790328125 0.782588590625 0.6989458078124999 0.795591925 0.7082298015624999 0.5297331453125 0.335863025 0.5167298109375 0.3265790328125 0.782588590625
0 0.24052419375 0.9736079343749999 0.4891695078125 0.9822908203124999 0.502647984375 0.5963177546875 0.2540026703125 0.58763486875 0.24052419375 0.9736079343749999