1 0.25 0.22756249999999997 0.18028125 0.22756249999999997 0.18028125 0.2756458328125 0.25 0.2756458328125 0.25 0.22756249999999997
1 0.48678125000000005 0.6826875 0.353375 0.6826875 0.353375 0.7836458328125 0.48678125000000005 0.7836458328125 0.48678125000000005 0.6826875
1 0.8088906250000001 0.5721145828124999 0.741578125 0.5721145828124999 0.741578125 0.6682604171875 0.8088906250000001 0.6682604171875 0.8088906250000001 0.5721145828124999
1 0.3954375 0.10257291718749999 0.359375 0.10257291718749999 0.359375 0.14584375 0.3954375 0.14584375 0.3954375 0.10257291718749999
0 0.6201953125 0.8285312499999999 0.45433593749999995 0.8285312499999999 0.45433593749999995 0.9166770828124999 0.6201953125 0.9166770828124999 0.6201953125 0.8285312499999999
1 0.358171875 0.8189062500000001 0.152640625 0.8189062500000001 0.152640625 0.9519270828125 0.358171875 0.9519270828125 0.358171875 0.8189062500000001
1 0.0769296875 0.5945520828124999 0.0000078125 0.5945520828124999 0.0000078125 0.8221145828124999 0.0769296875 0.8221145828124999 0.0769296875 0.5945520828124999
1 0.6502343749999999 0.5400625 0.610578125 0.5400625 0.610578125 0.5705208328125 0.6502343749999999 0.5705208328125 0.6502343749999999 0.5400625
1 0.6261953124999999 0.3413333328125 0.5697109375 0.3413333328125 0.5697109375 0.4134583328125 0.6261953124999999 0.4134583328125 0.6261953124999999 0.3413333328125
1 0.6778828125 0.3541666671875 0.6346171875 0.3541666671875 0.6346171875 0.4887916671875 0.6778828125 0.4887916671875 0.6778828125 0.3541666671875
1 0.79928125 0.7147395828125 0.6766875 0.7147395828125 0.6766875 0.8028854171875001 0.79928125 0.8028854171875001 0.79928125 0.7147395828125
1 0.7920625 0.8156979171875 0.72475 0.8156979171875 0.72475 0.8974270828125 0.7920625 0.8974270828125 0.7920625 0.8156979171875
1 0.6129765625 0.9118541671875 0.5384609375 0.9118541671875 0.5384609375 0.9855625 0.6129765625 0.9855625 0.6129765625 0.9118541671875
0 0.54446875 0.3253125 0.21634375 0.3253125 0.21634375 0.5849375 0.54446875 0.5849375 0.54446875 0.3253125
0 0.503609375 0.18909375 0.360578125 0.18909375 0.360578125 0.2804479171875 0.503609375 0.2804479171875 0.503609375 0.18909375