1 0.5769296875000001 0.20832291718749998 0.4218828125 0.20832291718749998 0.4218828125 0.3381354171875 0.5769296875000001 0.3381354171875 0.5769296875000001 0.20832291718749998
0 0.6983203125 0.1570520828125 0.5637109375 0.1570520828125 0.5637109375 0.2323645828125 0.6983203125 0.2323645828125 0.6983203125 0.1570520828125
0 0.9158671875 0.4647395828125 0.6826953125 0.4647395828125 0.6826953125 0.6233854171875 0.9158671875 0.6233854171875 0.9158671875 0.4647395828125
0 0.735578125 0.5560833328125 0.5528906250000001 0.5560833328125 0.5528906250000001 0.677875 0.735578125 0.677875 0.735578125 0.5560833328125
1 0.326921875 0.7339791671875 0.179078125 0.7339791671875 0.179078125 0.8173125000000001 0.326921875 0.8173125000000001 0.326921875 0.7339791671875
1 0.30529687499999997 0.6843020828124999 0.21995312500000003 0.6843020828124999 0.21995312500000003 0.7628229171875 0.30529687499999997 0.7628229171875 0.30529687499999997 0.6843020828124999
1 0 0.5785208328125 0.0372578125 0.5785208328125 0.0372578125 0.5192291671875 0 0.5192291671875 0 0.5785208328125
1 0.9338984375000001 1 0.9338984375000001 0.892625 0.8365390625 0.892625 0.8365390625 1 0.9338984375000001 1
1 0.694703125 0.3894270828125 0.639421875 0.3894270828125 0.639421875 0.4326979171875 0.694703125 0.4326979171875 0.694703125 0.3894270828125
1 0.8461640625 0.3910208328125 0.7620234375 0.3910208328125 0.7620234375 0.4535208328125 0.8461640625 0.4535208328125 0.8461640625 0.3910208328125
1 0.7511953124999999 0.1875 0.7031171875 0.1875 0.7031171875 0.24679166718749998 0.7511953124999999 0.24679166718749998 0.7511953124999999 0.1875
1 0.2596171875 0.0913541671875 0.22716406249999999 0.0913541671875 0.22716406249999999 0.1298125 0.2596171875 0.1298125 0.2596171875 0.0913541671875
1 0.385828125 0.4182604171875 0.331734375 0.4182604171875 0.331734375 0.4679479171875 0.385828125 0.4679479171875 0.385828125 0.4182604171875