1 0.5970074421875 0.963182540625 0.6049049390625 0.9133197125000001 0.5463432515625 0.9040444515624999 0.53844575625 0.95390728125 0.5970074421875 0.963182540625
1 0.79642388125 0.9436533328125 0.8129692703125 0.8391898578125 0.6293621234375 0.8101093421875 0.6128167343750001 0.9145728171874999 0.79642388125 0.9436533328125
1 0.8316497093749999 0.8032161015625 0.8436829421875001 0.7272412609375001 0.7930227609375 0.7192174765625 0.780989528125 0.795192315625 0.8316497093749999 0.8032161015625
1 0.155582484375 0.45152441562499995 0.1642303765625 0.39692376875 0.12149227968750001 0.3901547203125 0.1128443875 0.444755365625 0.155582484375 0.45152441562499995
1 0.26559886875 0.617425728125 0.274434971875 0.56163676875 0.22694362343750002 0.554114878125 0.21810752031249997 0.6099038375 0.26559886875 0.617425728125
1 0.33015132187499996 0.609385909375 0.34199634375 0.5345993828125 0.26919548125000003 0.523068859375 0.257350459375 0.5978553859375 0.33015132187499996 0.609385909375
1 0.35196475625 0.7175044015625 0.362871171875 0.6486440046874999 0.30430948281250003 0.63936874375 0.2934030671875 0.7082291406250001 0.35196475625 0.7175044015625
1 0.56172049375 0.7044773546875 0.568488728125 0.6617444015625 0.49093461562499996 0.6494610375 0.48416638125 0.6921939906250001 0.56172049375 0.7044773546875
1 0.8691182375000001 0.474491259375 0.8768275234375 0.42581674375 0.832505009375 0.418796746875 0.8247957234375001 0.4674712625 0.8691182375000001 0.474491259375
0 0.9332298765625 0.43840436406250005 0.9593642093750001 0.27339868125 0.8026715687499999 0.24858100468750002 0.7765372359375 0.41358668749999994 0.9332298765625 0.43840436406250005
0 0.6923672609375 0.58643831875 0.721322303125 0.4036233796875 0.60103009375 0.384570965625 0.5720750531250001 0.5673859046875 0.6923672609375 0.58643831875
0 0.505968003125 0.6773989265625 0.5503416156250001 0.39723495625 0.3509108796875 0.3656482296875 0.306537265625 0.6458122015625001 0.505968003125 0.6773989265625
0 0.3419148609375 0.4019377265625 0.3652284859375 0.25474129843750004 0.2148529359375 0.2309241515625 0.1915393125 0.3781205796875 0.3419148609375 0.4019377265625
0 0.2451545671875 0.5314265546875 0.2660239015625 0.39966275625000003 0.183716540625 0.3866265515625 0.1628472046875 0.5183903484375 0.2451545671875 0.5314265546875