1 0.3548306234375 0.669694721875 0.44965361875000004 0.664725259375 0.4435314015625 0.547906409375 0.34870840625 0.552875871875 0.3548306234375 0.669694721875
1 0.0489734125 0.8044805203125 0.1401919796875 0.7996999578125 0.1369209828125 0.7372856125 0.045702415625 0.7420661749999999 0.0489734125 0.8044805203125
1 0.045395628125 0.782189303125 0.0141884546875 0.7838248015625 0.0178792296875 0.8542489874999999 0.049086403125 0.8526134890625 0.045395628125 0.782189303125
1 0.3264066375 1 0.3246539046875 0.9665558875 0.18542310312500002 0.9738526640625 0.1867934265625 1 0.3264066375 1
1 0.3370523640625 0.9963853828125 0.3862660765625 0.9938062000000001 0.38148496875000004 0.9025772328125001 0.33227125625 0.9051564140625 0.3370523640625 0.9963853828125
1 0.465621515625 0.7168359796875 0.5160367046875 0.71419383125 0.513185484375 0.659789328125 0.46277029687500004 0.6624314765625 0.465621515625 0.7168359796875
1 0.446298575 0.76117886875 0.5327112374999999 0.7566501734375 0.53011079375 0.7070307687499999 0.44369813281250003 0.7115594640625 0.446298575 0.76117886875
1 0.870330075 0.8833834171875001 0.9315429453125 0.8801753874999999 0.9272655703125 0.798558228125 0.8660527 0.801766259375 0.870330075 0.8833834171875001
1 1 0.7819162953125 0.9266028171875 0.785762878125 0.9338153671875 0.9233865109374999 1 0.919917921875 1 0.7819162953125
1 0.7346367953125 0.20045537656249998 0.8006555687500001 0.1969954796875 0.79830699375 0.152181978125 0.73228821875 0.1556418765625 0.7346367953125 0.20045537656249998
0 0.672148140625 0.2711247140625 0.7945738812500001 0.26470865312499997 0.7908831046875 0.1942844640625 0.668457365625 0.2007005265625 0.672148140625 0.2711247140625
0 0.7996135671875 0.3607223125 0.9928561828125 0.3505948953125 0.9854757234375 0.20976732656250002 0.79223310625 0.21989474375 0.7996135671875 0.3607223125
0 0.5950005546875 0.56723478125 0.8902672203125 0.5517605109375 0.8796157640625 0.34851859531249996 0.584349096875 0.363992865625 0.5950005546875 0.56723478125
0 0.7217428953125 0.757977590625 0.8957852984375 0.7488564140625 0.8883208828125 0.6064268765625 0.7142784796874999 0.615548053125 0.7217428953125 0.757977590625
1 0.5338305671875 0.38750235312500003 0.5938419609375 0.3843572890625 0.591577340625 0.3411457578125 0.531565946875 0.344290821875 0.5338305671875 0.38750235312500003
1 0.590543775 0.3444126609375 0.6481522156249999 0.34139352968750003 0.645300996875 0.2869890265625 0.58769255625 0.29000815625 0.590543775 0.3444126609375
1 0.451847040625 0.4768425625 0.5166643390625001 0.47344563125 0.5138970765625 0.42064309531250005 0.44907977812500005 0.42404002500000004 0.451847040625 0.4768425625