0 0.6024939625 0.142796009375 0.47979056406250004 0.11894488437499999 0.4663345546875 0.188170053125 0.589037953125 0.21202117812500001 0.6024939625 0.142796009375
0 0.492157278125 0.16869783437500002 0.3269831671875 0.13659123906249998 0.298850765625 0.28131989687500003 0.4640248765625 0.31342649218749996 0.492157278125 0.16869783437500002
0 0.6221145203125 0.2559945640625 0.3507559546875 0.20324780312500002 0.30947363437500003 0.415626934375 0.5808321984375 0.46837369687499997 0.6221145203125 0.2559945640625
0 0.5470224109374999 0.49118534843750006 0.335834525 0.4501345828125 0.3165707671875 0.5492380265625 0.527758653125 0.59028879375 0.5470224109374999 0.49118534843750006
1 0.3118880359375 0.5418016421875 0.164413890625 0.513135571875 0.14698269375 0.60281130625 0.29445683906250003 0.6314773765624999 0.3118880359375 0.5418016421875
1 0 0.7456504609375 0.07239870937500001 0.75972334375 0.0974741921875 0.6307211703125 0 0.6117741078125001 0 0.7456504609375
1 0.7667188359375 0.450631140625 0.7065481578125 0.4389351453125 0.690035228125 0.5238867984375 0.7502059078125 0.53558279375 0.7667188359375 0.450631140625
1 0.8327329734375001 0.785080340625 0.769019234375 0.77269564375 0.7537306640625 0.8513485218750001 0.8174444031249999 0.86373321875 0.8327329734375001 0.785080340625
1 0.8221117953125001 0.871166621875 0.765484178125 0.8601593281250001 0.7492773390624999 0.9435362859374999 0.80590495625 0.9545435812499999 0.8221117953125001 0.871166621875
1 0.7982189859375 0.9122372421874999 0.6967586140625001 0.8925153437500001 0.680551775 0.9758923015625 0.782012146875 0.9956142 0.7982189859375 0.9122372421874999
1 0.69419046875 0.5214261140625001 0.6139577843749999 0.505830459375 0.586131471875 0.6489844234375 0.66636415625 0.6645800765625001 0.69419046875 0.5214261140625001