0 0.3051701203125 0.629837034375 0.5046060015625 0.59824949375 0.47727885625 0.4257126875 0.277842975 0.457300228125 0.3051701203125 0.629837034375
1 0.0296953 0.404120596875 0.1021052015625 0.3926519953125 0.0873156265625 0.2992742921875 0.014905725 0.31074289374999997 0.0296953 0.404120596875
1 0.8320425984375 0.49121982812500004 0.9175085062500001 0.47768335781250004 0.909986615625 0.4301920109375 0.8245207078125001 0.44372848125 0.8320425984375 0.49121982812500004
1 0.8422491375 0.5480204 0.9312799828125 0.5339193 0.9240090390625 0.48801236875000004 0.8349781937499999 0.50211346875 0.8422491375 0.5480204
1 0.9665185609375 0.39528326406250003 0.9890810671875 0.3917097140625 0.9828139109375 0.35214045 0.9602514046874999 0.355714 0.9665185609375 0.39528326406250003
1 0.9127822640625001 0.3632429203125 0.982815540625 0.3521507390625 0.9715327046875 0.28091371718749997 0.9014994281250001 0.2920058984375 0.9127822640625001 0.3632429203125
1 0.9290529281250001 0.17406646875 0.9539766265624999 0.17011894375 0.9472075765625 0.1273808453125 0.9222838781249999 0.1313283703125 0.9290529281250001 0.17406646875
1 0.5753510890625 0 0.5850784453125 0.061416103124999996 0.6551117203125 0.050323921875 0.64714119375 0 0.5753510890625 0
1 0.1338330890625 0.4930919078125 0.1848842296875 0.4850062015625 0.178868021875 0.4470213546875 0.1278168796875 0.45510706093750003 0.1338330890625 0.4930919078125
1 0.2568662828125 0.6245048546875 0.28654323125 0.6198044875 0.2815308109375 0.5881573062500001 0.2518538625 0.5928576734375001 0.2568662828125 0.6245048546875
1 0.2316366984375 0.6495938515625 0.279122903125 0.642072775 0.2753619578125 0.6183271015625 0.22787575312500002 0.625848178125 0.2316366984375 0.6495938515625
1 0 0.3828583578125 0.0126196859375 0.3808595953125 0.0050977968749999995 0.3333682484375 0 0.3341756609375 0 0.3828583578125
1 0.07912498125 0.13993764375 0.15034656875000002 0.12865725156250002 0.1380632046875 0.051103140625 0.06684161562499999 0.062383532812499996 0.07912498125 0.13993764375
1 0.8153385999999999 0.71616485625 0.8687663656250001 0.707702728125 0.8645035265625 0.680788221875 0.8110757609375 0.6892503484375 0.8153385999999999 0.71616485625
1 0.8780147109374999 0.7354306796875 0.9005772171875 0.73185713125 0.8950629015624999 0.6970411171875 0.8725003953125 0.7006146671875 0.8780147109374999 0.7354306796875
1 0.90855051875 0.8052214 0.948906846875 0.7988295859375001 0.9428906390625 0.7608447390624999 0.9025343093749999 0.7672365531249999 0.90855051875 0.8052214
1 1 0.6398482828125001 0.9837665234375 0.6424194125 0.9890298906250001 0.675651009375 1 0.6739135140625 1 0.6398482828125001
1 1 0.581431153125 0.972371671875 0.58580705 0.9766345109375001 0.6127215578125 1 0.609020828125 1 0.581431153125
1 0.3429240703125 0.7990876874999999 0.3904102734375 0.7915666125 0.3853978515625 0.7599194328125 0.3379116484375 0.7674405078125 0.3429240703125 0.7990876874999999
1 0.32072401875 0.75880416875 0.36583359843749996 0.7516595125000001 0.3613198109375 0.7231605875 0.3162102328125 0.7303052437499999 0.32072401875 0.75880416875
1 0.6516585312500001 0.7583097671875 0.7074474890625 0.749473665625 0.70268275625 0.7193903234375 0.6468937984375 0.7282264265625 0.6516585312500001 0.7583097671875