1 0.9411309484375 0.40935025625000004 0.9321867765625 0.36333648125 0.8378074124999999 0.381681971875 0.846751584375 0.4276957453125 0.9411309484375 0.40935025625000004
1 0.8313304171875 0.39885842031249996 0.8249085015625001 0.3658205296875 0.7667061890625 0.37713391406249996 0.7731281046875 0.410171803125 0.8313304171875 0.39885842031249996
1 0.9969939578125 0.7303146734375 0.985757096875 0.6725060359375 0.9181066234375 0.68565595625 0.9293434843749999 0.74346459375 0.9969939578125 0.7303146734375
1 0.97148585 0.8846582 0.9568084656250001 0.809149596875 0.8970314593750001 0.8207690703124999 0.9117088453125 0.8962776734375 0.97148585 0.8846582
1 0.7247940078124999 0.9509710140625 0.711950178125 0.884895234375 0.63487199375 0.899877715625 0.6477158234375 0.9659534953125 0.7247940078124999 0.9509710140625
1 0.5867450828125 0.9043380234375 0.57596735625 0.848891425 0.5413649984375 0.8556174421874999 0.5521427250000001 0.9110640406250001 0.5867450828125 0.9043380234375
1 0.4439103984375 0.832920653125 0.43909545312500003 0.8081499046875 0.40919672343749997 0.813961628125 0.41401167031249997 0.8387323765625 0.4439103984375 0.832920653125
1 0.43074877968749997 0.866096225 0.4218046078125 0.8200824499999999 0.3903516375 0.8261962890625 0.3992958078125 0.8722100625 0.43074877968749997 0.866096225
1 0.8529482249999999 0.28324216406249997 0.8451518890624999 0.243133490625 0.7963772890625 0.2526143125 0.804173625 0.2927229859375 0.8529482249999999 0.28324216406249997
1 0.4518964171875 0 0.403032525 0.0094981796875 0.4177099109375 0.0850067828125 0.480636303125 0.07277513125 0.46649025 0 0.4518964171875 0
1 0.47310975937500005 0.28605162812499996 0.46393602031250003 0.238856834375 0.4277589703125 0.245888940625 0.436932709375 0.293083734375 0.47310975937500005 0.28605162812499996
1 0.3915370625 0.3031333984375 0.37594140781249996 0.22290071406249998 0.33661496875 0.2305449984375 0.3522106234375 0.3107776828125 0.3915370625 0.3031333984375
1 0.3413659890625 0.29696821875 0.32622946875 0.21909757343749997 0.2821789484375 0.227660128125 0.29731546875000003 0.305530771875 0.3413659890625 0.29696821875
1 0.20086615624999998 0.3720230046875 0.190317996875 0.317757428125 0.1446927828125 0.3266260703125 0.15524094375 0.3808916484375 0.20086615624999998 0.3720230046875
1 0.10053094843749999 0.3095035828125 0.0936498984375 0.27410365312499996 0.057472846875000004 0.281135759375 0.06435389531249999 0.3165356890625 0.10053094843749999 0.3095035828125
1 0.27870275 0.14262833125000002 0.2713625671875 0.10486636093749999 0.2477626140625 0.1094537265625 0.25510279687500004 0.1472156984375 0.27870275 0.14262833125000002
1 0.3363189421875 0.1534665859375 0.32668607031249997 0.1039097515625 0.2905090171875 0.11094185781250002 0.300141890625 0.16049869218749999 0.3363189421875 0.1534665859375
1 0.8375551968750001 0.13684901249999998 0.828381459375 0.08965421875 0.726128628125 0.1095301546875 0.7353023671875001 0.15672495 0.8375551968750001 0.13684901249999998
1 0.3961902328125 0.7050676953125 0.3831168359375 0.6378108953125 0.3469397828125 0.644843003125 0.36001318125 0.712099803125 0.3961902328125 0.7050676953125
1 0.277672296875 0.8260612265624999 0.2680394234375 0.7765043921875 0.233437065625 0.783230409375 0.2430699375 0.83278724375 0.277672296875 0.8260612265624999
1 0.31682040312500004 0.8257975078124999 0.30879449999999997 0.7845078140624999 0.278895771875 0.7903195375000001 0.286921675 0.8316092312500001 0.31682040312500004 0.8257975078124999
1 0.647099365625 0.8620050453125 0.6372369265625 0.811267190625 0.608912890625 0.8167728249999999 0.61877533125 0.8675106796875 0.647099365625 0.8620050453125
1 0.21205580781250002 0.5388275890625 0.1996711109375 0.47511384999999995 0.169772384375 0.48092557343750003 0.1821570796875 0.5446393125 0.21205580781250002 0.5388275890625
1 0.49281688125 0.20264166874999998 0.4765325265625 0.11886592343749999 0.4151808265625 0.1307914859375 0.4314651828125 0.21456723125 0.49281688125 0.20264166874999998
1 0.182078196875 0.22508799375000002 0.1733635921875 0.180255240625 0.141910621875 0.186369078125 0.1506252265625 0.2312018328125 0.182078196875 0.22508799375000002
1 0.4760174390625 0.8805602390624999 0.4689068234375 0.8439792890625 0.43587915937500005 0.850399215625 0.44298977500000003 0.8869801671875001 0.4760174390625 0.8805602390624999
1 0.366930509375 0.3948575296875 0.35981989375 0.3582765796875 0.32992116562499996 0.364088303125 0.3370317828125 0.40066925312499996 0.366930509375 0.3948575296875
1 0.0818630390625 0.18824395625 0.0724597328125 0.13986814218750002 0.056733248437499995 0.1429250609375 0.0661365546875 0.1913008765625 0.0818630390625 0.18824395625
0 0.5340609359374999 0.767652778125 0.500347371875 0.594211525 0.3619174890625 0.6211195671875 0.395631053125 0.7945608203125001 0.5340609359374999 0.767652778125