0 0.688703125 0.2227604171875 0.44592187499999997 0.2227604171875 0.44592187499999997 0.35578125 0.688703125 0.35578125 0.688703125 0.2227604171875
0 0.472359375 0.13140625 0.370203125 0.13140625 0.370203125 0.21634375 0.472359375 0.21634375 0.472359375 0.13140625
0 0.567296875 0.09134375 0.465140625 0.09134375 0.465140625 0.1522395828125 0.567296875 0.1522395828125 0.567296875 0.09134375
0 0.4326875 0.3269270828125 0.3185 0.3269270828125 0.3185 0.42628125 0.4326875 0.42628125 0.4326875 0.3269270828125
0 1 0.6666562500000001 0.8641875000000001 0.6666562500000001 0.8641875000000001 0.8349270828125 1 0.8349270828125 1 0.6666562500000001
1 0.8834140625 0.78365625 0.7728359375 0.78365625 0.7728359375 0.8718020828125 0.8834140625 0.8718020828125 0.8834140625 0.78365625
1 0.78365625 0.6602708328125 0.68990625 0.6602708328125 0.68990625 0.7131458328125 0.78365625 0.7131458328125 0.78365625 0.6602708328125
1 0.6911015625 0.6314166671875 0.6430234375 0.6314166671875 0.6430234375 0.6875 0.6911015625 0.6875 0.6911015625 0.6314166671875
1 0.637015625 0.6346145828124999 0.569703125 0.6346145828124999 0.569703125 0.6843020828124999 0.637015625 0.6843020828124999 0.637015625 0.6346145828124999
1 0.22596875 0.5480833328125 0.09375 0.5480833328125 0.09375 0.607375 0.22596875 0.607375 0.22596875 0.5480833328125
1 0 0.6939062500000001 0.13821875 0.6939062500000001 0.13821875 0.6089687500000001 0 0.6089687500000001 0 0.6939062500000001
1 0.8762109375 0.43589583281250005 0.8257265625000001 0.43589583281250005 0.8257265625000001 0.4951875 0.8762109375 0.4951875 0.8762109375 0.43589583281250005
1 0.9999921875 0.43911458281250004 0.8966328125 0.43911458281250004 0.8966328125 0.49359374999999994 0.9999921875 0.49359374999999994 0.9999921875 0.43911458281250004
1 0.7415859375 0.43589583281250005 0.6802890625 0.43589583281250005 0.6802890625 0.4871875 0.7415859375 0.4871875 0.7415859375 0.43589583281250005
1 0.6706796875000001 0.8573645828125 0.5709140625 0.8573645828125 0.5709140625 0.9423020828125 0.6706796875000001 0.9423020828125 0.6706796875000001 0.8573645828125
1 0.72715625 0.2355729171875 0.6875 0.2355729171875 0.6875 0.26121875 0.72715625 0.26121875 0.72715625 0.2355729171875