0 0.9591328125 0.5721145828124999 0.7596171875 0.5721145828124999 0.7596171875 0.7468020828124999 0.9591328125 0.7468020828124999 0.9591328125 0.5721145828124999
0 0.4927890625 0.10577083281249999 0.41105468749999996 0.10577083281249999 0.41105468749999996 0.1570625 0.4927890625 0.1570625 0.4927890625 0.10577083281249999
0 0.40865625000000005 0.125 0.3016875 0.125 0.3016875 0.205125 0.40865625000000005 0.205125 0.40865625000000005 0.125
0 0.6262109375 0.2035208328125 0.40144531250000004 0.2035208328125 0.40144531250000004 0.3429375 0.6262109375 0.3429375 0.6262109375 0.2035208328125
0 0.3822109375 0.3205208328125 0.2848515625 0.3205208328125 0.2848515625 0.40385416718749995 0.3822109375 0.40385416718749995 0.3822109375 0.3205208328125
1 0 0.6281979171875001 0.109375 0.6281979171875001 0.109375 0.5432604171875 0 0.5432604171875 0 0.6281979171875001
1 0.21034375 0.47757291718749995 0.09615625 0.47757291718749995 0.09615625 0.5593020828124999 0.21034375 0.5593020828124999 0.21034375 0.47757291718749995
1 0.7031328125 0.5625 0.5769296875000001 0.5625 0.5769296875000001 0.642625 0.7031328125 0.642625 0.7031328125 0.5625
1 0.6634609375 0.3814166671875 0.5997578125 0.3814166671875 0.5997578125 0.4407083328125 0.6634609375 0.4407083328125 0.6634609375 0.3814166671875
1 0.7968828125 0.3926145828125 0.7175546875000001 0.3926145828125 0.7175546875000001 0.46313541718750006 0.7968828125 0.46313541718750006 0.7968828125 0.3926145828125
1 0.9278906250000001 0.41025 0.9122656250000001 0.41025 0.9122656250000001 0.4455 0.9278906250000001 0.4455 0.9278906250000001 0.41025
1 0.96875 0.4054479171875 0.94590625 0.4054479171875 0.94590625 0.45192708281250005 0.96875 0.45192708281250005 0.96875 0.4054479171875
1 0.53365625 0.1971145828125 0.48678125000000005 0.1971145828125 0.48678125000000005 0.2371770828125 0.53365625 0.2371770828125 0.53365625 0.1971145828125
1 0.7523984375 0.2756354171875 0.6935078125 0.2756354171875 0.6935078125 0.3301145828125 0.7523984375 0.3301145828125 0.7523984375 0.2756354171875
1 0.7139375 0.2275520828125 0.671875 0.2275520828125 0.671875 0.27403125 0.7139375 0.27403125 0.7139375 0.2275520828125
1 0.7848515625 0.6826875 0.6249921875 0.6826875 0.6249921875 0.7563958328125 0.7848515625 0.7563958328125 0.7848515625 0.6826875
1 1 0.8429375 0.96875 0.8429375 0.96875 0.9086458328125 1 0.9086458328125 1 0.8429375
1 0.891828125 0.37821875 0.842546875 0.37821875 0.842546875 0.4326979171875 0.891828125 0.4326979171875 0.891828125 0.37821875