1 0.8364948390625001 0.6606944046875001 0.8283526562500001 0.6933509203125 0.8547932140625001 0.6999432921875 0.8629353984374999 0.6672867765625 0.8364948390625001 0.6606944046875001
1 0.11540627968749999 0.6382283953125001 0.0703369875 0.81899145625 0.1620703625 0.84186315625 0.20713965625 0.66110009375 0.11540627968749999 0.6382283953125001
1 0.4678594703125 0.21822166875 0.4524482890625 0.2800325390625 0.5504077296875 0.3044565703125 0.565818909375 0.24264570000000002 0.4678594703125 0.21822166875
1 0.10935718593749999 0 0.10208577031249999 0.029164057812499998 0.1876031890625 0.0504859453125 0.2001907484375 0 0.10935718593749999 0
1 0.535294346875 0.080201478125 0.523081071875 0.12918625156250002 0.5930636515625001 0.14663486718750002 0.6052769265625 0.09765009375 0.535294346875 0.080201478125
1 0.5503194859375 0.0331577375 0.541886240625 0.066981640625 0.590097809375 0.079002134375 0.5985310546875 0.04517823125 0.5503194859375 0.0331577375
1 0.755555409375 0.50178368125 0.7442153203124999 0.54726629375 0.7753052125 0.555017875 0.7866453015625 0.5095352625 0.755555409375 0.50178368125
1 0.711235078125 0.5006369359375 0.6929170546875 0.574106515625 0.7411286234375 0.586127009375 0.7594466484375 0.5126574296874999 0.711235078125 0.5006369359375
1 0.68108701875 0.4361465703125 0.6697469296875 0.4816291828125 0.70550636875 0.4905450125 0.7168464578125 0.4450624 0.68108701875 0.4361465703125
0 0.76803009375 0.5445403890625 0.731394046875 0.691479546875 0.78736798125 0.7054354171874999 0.824004028125 0.5584962578125 0.76803009375 0.5445403890625
0 0.5991951359375001 0.6386954484375 0.5564505609375 0.8101345734375001 0.7026215703124999 0.8465790999999999 0.7453661453125 0.6751399734375 0.5991951359375001 0.6386954484375
0 0.4753825734375 0.4529838625 0.406468853125 0.729381696875 0.6366108703125 0.786762546875 0.705524590625 0.5103647125 0.4753825734375 0.4529838625
1 0.369655971875 0.274261528125 0.35628222656249997 0.3279006890625 0.4138126765625 0.34224464062500004 0.427186421875 0.2886054796875 0.369655971875 0.274261528125
1 0.31416295625 0.251745865625 0.2984607125 0.3147241234375 0.35287813125 0.32829190937499997 0.36858037499999996 0.265313653125 0.31416295625 0.251745865625
0 0.285243290625 0.47370198593749996 0.23930081093750002 0.657967209375 0.38858485 0.6951879 0.43452732968749996 0.510922678125 0.285243290625 0.47370198593749996