0 0.76803125 0.7131354171875001 0.5565 0.7131354171875001 0.5565 0.9134479171875001 0.76803125 0.9134479171875001 0.76803125 0.7131354171875001
0 0.592546875 0.107375 0.45432812499999997 0.107375 0.45432812499999997 0.197125 0.592546875 0.197125 0.592546875 0.107375
0 0.67909375 0.07371875 0.578125 0.07371875 0.578125 0.1522395828125 0.67909375 0.1522395828125 0.67909375 0.07371875
0 0.8425390625 0.2580104171875 0.6430234375 0.2580104171875 0.6430234375 0.3573645828125 0.8425390625 0.3573645828125 0.8425390625 0.2580104171875
0 0.670671875 0.2852604171875 0.554078125 0.2852604171875 0.554078125 0.3701979171875 0.670671875 0.3701979171875 0.670671875 0.2852604171875
1 0.38460937500000003 0.40385416718749995 0.282453125 0.40385416718749995 0.282453125 0.4567291671875 0.38460937500000003 0.4567291671875 0.38460937500000003 0.40385416718749995
1 0.1778828125 0.29646875 0.07811718749999999 0.29646875 0.07811718749999999 0.3605729171875 0.1778828125 0.3605729171875 0.1778828125 0.29646875
1 0.52403125 0.8525520828125 0.4483125 0.8525520828125 0.4483125 0.9823645828125 0.52403125 0.9823645828125 0.52403125 0.8525520828125
1 1 0.5320625 0.9375 0.5320625 0.9375 0.6121875 1 0.6121875 1 0.5320625
1 0.737984375 0.11217708281250001 0.688703125 0.11217708281250001 0.688703125 0.1522395828125 0.737984375 0.1522395828125 0.737984375 0.11217708281250001
1 0.24879687499999997 0.6650729171875 0.206734375 0.6650729171875 0.206734375 0.7051354171875001 0.24879687499999997 0.7051354171875001 0.24879687499999997 0.6650729171875
1 0.2716328125 0.8189062500000001 0.2211484375 0.8189062500000001 0.2211484375 0.8685937499999999 0.2716328125 0.8685937499999999 0.2716328125 0.8189062500000001
1 0.256 0.9551354171875 0.21634375 0.9551354171875 0.21634375 0.9887812500000001 0.256 0.9887812500000001 0.256 0.9551354171875
1 0.9495234375000001 1 0.9495234375000001 0.9503229171875001 0.8209140625 0.9503229171875001 0.8209140625 1 0.9495234375000001 1
1 0.47115625000000005 0.5576875 0.41587500000000005 0.5576875 0.41587500000000005 0.6105625 0.47115625000000005 0.6105625 0.47115625000000005 0.5576875
1 0.780046875 0.48557291718749995 0.7091406250000001 0.48557291718749995 0.7091406250000001 0.5400520828125 0.780046875 0.5400520828125 0.780046875 0.48557291718749995
1 0.9519140625 0.4054479171875 0.8954296875000001 0.4054479171875 0.8954296875000001 0.4455104171875 0.9519140625 0.4455104171875 0.9519140625 0.4054479171875