0 0.7141734 0.97523043125 0.7280909062500001 0.776200815625 0.5538289359374999 0.7640152328125 0.5399114296875 0.963044846875 0.7141734 0.97523043125
0 0.1584008875 0.4688845171875 0.164102390625 0.38734924375 0.1129356671875 0.3837713171875 0.1072341640625 0.46530659218750003 0.1584008875 0.4688845171875
0 0.21221511875000001 0.38830931875 0.21967688124999998 0.2816011390625 0.1397470625 0.2760119015625 0.1322852984375 0.38272008125 0.21221511875000001 0.38830931875
0 0.3345160671875 0.6149473671875 0.3501949234375 0.3907292609375 0.21111786875 0.3810040453125 0.1954390109375 0.6052221531249999 0.3345160671875 0.6149473671875
0 0.4123049234375 0.375791071875 0.4190963703125 0.278668859375 0.33596603125 0.27285581875 0.32917458437499997 0.36997803125 0.4123049234375 0.375791071875
1 0.65513425625 0.119269178125 0.6627638703125001 0.010160609375 0.5780332734375 0.004235668749999999 0.5704036593749999 0.1133442375 0.65513425625 0.119269178125
1 0.5793630249999999 0.21518604218749998 0.5873283421875 0.101276696875 0.5057982640625001 0.095575559375 0.497832946875 0.20948490312499998 0.5793630249999999 0.21518604218749998
1 0.62810774375 0.7125870078125 0.6369112296874999 0.5866913078125 0.556981409375 0.5811020703125 0.548177925 0.7069977703125 0.62810774375 0.7125870078125
1 0.42945030624999997 0.6589267765625 0.43389401093749996 0.5953788296875 0.3747467765625 0.5912428515625 0.370303071875 0.6547908 0.42945030624999997 0.6589267765625
1 0.44251571875 0.793588078125 0.44804937031250003 0.7144531921875 0.3777003203125 0.7095339078125 0.3721666703125 0.7886687921875 0.44251571875 0.793588078125
1 0.41578461874999995 0.9230465765625 0.4168745625 0.9074596390625 0.3817104296875 0.9050007234375 0.38062048593750003 0.9205876609375 0.41578461874999995 0.9230465765625
1 0.41934583906249995 0.9642547515625 0.42093933906250003 0.9414666468749999 0.37457339375 0.9382244249999999 0.37297989375 0.9610125281249999 0.41934583906249995 0.9642547515625
1 0.23546956562500002 0.515240665625 0.2387394 0.46847985000000003 0.19877449062500002 0.46568523125 0.1955046546875 0.512446046875 0.23546956562500002 0.515240665625
1 0.312921990625 0.739933 0.3170299921875 0.6811858296875 0.2626835359375 0.6773855546875 0.2585755328125 0.736132725 0.312921990625 0.739933
1 0.2596581734375 0.6976535765625 0.2625923046875 0.6556935375 0.21622635781250002 0.652451315625 0.2132922265625 0.694411353125 0.2596581734375 0.6976535765625
1 0.735901025 0.8020429468750001 0.7470522515625 0.6425729812500001 0.67352346875 0.6374313484374999 0.6623722421875 0.7969013140625 0.735901025 0.8020429468750001
1 0.40552931406250003 0.8861788953125 0.40896699999999997 0.8370176921875 0.354620540625 0.8332174171875 0.3511828546875 0.8823786203124999 0.40552931406250003 0.8861788953125