0 0.247533196875 0.5573601265625 0.2714114515625 0.4065987609375 0.170111665625 0.3905544515625 0.1462334109375 0.5413158171875 0.247533196875 0.5573601265625
0 0.1495403171875 0.63310381875 0.16852999531249999 0.5132077140625 0.1020462234375 0.50267771875 0.083056546875 0.6225738234375 0.1495403171875 0.63310381875
0 0.37883819218750003 0.8142510062499999 0.40666641718749996 0.638550509375 0.29586013125 0.6210005187500001 0.26803190625 0.7967010140624999 0.37883819218750003 0.8142510062499999
0 0.41589446093750004 0.63149314375 0.43093661250000004 0.5365207375 0.3486292515625 0.52348453125 0.3335871 0.6184569390625 0.41589446093750004 0.63149314375
0 0.9551004640625 0.8227687796875 0.9912001609375001 0.5948442625 0.7933538390625 0.5635084828125 0.7572541421875 0.7914329999999999 0.9551004640625 0.8227687796875
1 0.6187658046875 1 0.623169109375 0.9721986296875 0.5171160734375 0.9554014796875 0.5100523609375001 1 0.6187658046875 1
1 0.5311348390624999 1 0.5453906890625 0.9099921015625 0.45833007812500004 0.8962030546875001 0.4423493203125 0.9971015921875 0.4606491453125 1 0.5311348390624999 1
1 0.5717764046875 0.7742295234375 0.5823064 0.707745753125 0.5142382109375 0.6969648109375 0.503708215625 0.7634485828125 0.5717764046875 0.7742295234375
1 0.5602901953125 0.35499780937500003 0.574014875 0.268343590625 0.490123096875 0.2550564375 0.47639841718750003 0.34171065624999997 0.5602901953125 0.35499780937500003
1 0.48638688593749996 0.135215271875 0.4995493796875 0.0521105578125 0.4251641015625 0.0403290875 0.41200160781250006 0.12343380156249999 0.48638688593749996 0.135215271875
1 0.9087391625000001 0.5111959203125 0.9194573671875 0.4435238359375 0.8165731671875 0.4272285796875 0.8058549609375 0.4949006640625 0.9087391625000001 0.5111959203125
1 0.873996828125 0.5665440109375 0.8837739812500001 0.5048134890625 0.78564303125 0.4892710734375 0.7758658765625001 0.5510015953125 0.873996828125 0.5665440109375
1 0.8157717124999999 0.647368175 0.8308138640625 0.5523957687500001 0.7580130031250001 0.5408652453125 0.7429708515625 0.6358376515625 0.8157717124999999 0.647368175
1 1 0.490356315625 0.953751346875 0.4830312484375 0.9437859828124999 0.5459500828125 0.99759441875 0.5544725015624999 1 0.539284259375 1 0.490356315625
1 1 0.36744463125000004 0.9141805578125 0.3538521671875 0.8959412765625 0.4690104546875 1 0.4854917375 1 0.36744463125000004
1 1 0.24333064375000002 0.9381001843749999 0.2335266765625 0.9264433734375 0.30712489062500004 0.9945115609374999 0.3179058328125 1 0.28325319375 1 0.24333064375000002
1 0.838321603125 0.259084084375 0.8469694953125 0.20448343750000003 0.7836545562499999 0.1944553375 0.7750066640625 0.2490559828125 0.838321603125 0.259084084375
1 0.6878884984375 0.4713520328125 0.6952213640625 0.4250541421875 0.6287375921875 0.414524146875 0.6214047265625 0.4608220375 0.6878884984375 0.4713520328125
1 0.16986206875 0.6789251015625 0.17700672343749999 0.6338155234375 0.12951537500000002 0.6262936328125 0.1223707203125 0.6714032109375 0.16986206875 0.6789251015625
1 0.29955374687499997 0.710413525 0.3108341390625 0.6391919359375 0.2665116234375 0.6321719390625 0.25523123281250004 0.703393528125 0.29955374687499997 0.710413525
1 0.30077355625 0.8359546515625 0.3084828421875 0.7872801359375 0.262575909375 0.7800091921875 0.2548666234375 0.8286837078125 0.30077355625 0.8359546515625
1 0.44367184687499994 0.9376784453125 0.4536372109375 0.8747596124999999 0.40297702968750004 0.8667358281249999 0.393011665625 0.9296546609374999 0.44367184687499994 0.9376784453125
1 0.1436790859375 0.250072734375 0.1527034 0.1930954625 0.10679646875 0.18582451875 0.0977721546875 0.242801790625 0.1436790859375 0.250072734375
1 0.470407090625 0.0414042625 0.47548387812500004 0.0093506890625 0.43274578124999996 0.0025816390625 0.42766899374999995 0.0346352125 0.470407090625 0.0414042625