1 0.8788739859374999 0.6743171859375 0.8753128562500001 0.715021078125 0.92321321875 0.7192118171875 0.926774346875 0.678507925 0.8788739859374999 0.6743171859375
1 0.818274559375 0.171912859375 0.8149217859375 0.210235225 0.8580279609374999 0.21400652656250002 0.8613807328125 0.1756841609375 0.818274559375 0.171912859375
1 0.6495235828125 0.0413333484375 0.6436569109375 0.1083897046875 0.6819688984375001 0.11174156875 0.68783556875 0.0446852140625 0.6495235828125 0.0413333484375
1 0.6496219890625 0.18733500625 0.6457462828125 0.2316345390625 0.6856563328124999 0.23512621562499997 0.6895320390624999 0.19082668281249998 0.6496219890625 0.18733500625
1 0.401041215625 0.04976345 0.39276550625 0.14435525 0.4502334875 0.14938304687499998 0.45850919687499997 0.054791246875 0.401041215625 0.04976345
1 0.10979446875000001 0.068921275 0.03636661875 0.0624971703125 0.0292429984375 0.14392052187499998 0.10267085000000001 0.1503446265625 0.10979446875000001 0.068921275
1 0.31101220937499996 0.43519609218750005 0.29980316406249996 0.5633160703125 0.36845758281249996 0.569322553125 0.37966662812499996 0.44120257656249995 0.31101220937499996 0.43519609218750005
1 0.3662011859375 0.4846788 0.3604393734375 0.550536609375 0.4290937921875 0.5565430921875001 0.4348556046875 0.49068528437500003 0.3662011859375 0.4846788
1 0.485124965625 0.6700224171875 0.4826110671875 0.6987564078124999 0.5209230546875 0.702108271875 0.5234369531249999 0.67337428125 0.485124965625 0.6700224171875
1 0.6614959625 0.6950989609375 0.6554195734375 0.7645524109374999 0.6809678171875 0.7667875921875 0.68704420625 0.6973341421875 0.6614959625 0.6950989609375
1 0.461257034375 0.7958271640625 0.45507714843749997 0.8664635953125 0.5285049984375 0.8728877 0.5346848859375 0.8022512687500001 0.461257034375 0.7958271640625
1 0.5233017515625 0.8772633578125 0.5182739546875 0.9347313390625 0.5470183234375 0.9372461453125001 0.5520461203125 0.8797781640625001 0.5233017515625 0.8772633578125
1 0.5803917078125 0.849680990625 0.5756771265625 0.9035688984375 0.6060195562499999 0.906223515625 0.6107341374999999 0.852335609375 0.5803917078125 0.849680990625
1 0.3024893078125 0.8820835015625 0.2974615109375 0.939551484375 0.35972367968749996 0.9449987171875 0.3647514765625 0.8875307359375 0.3024893078125 0.8820835015625
0 0.71717611875 0.3343995484375 0.7036628921875 0.4888564234375 0.834579478125 0.500310140625 0.848092703125 0.345853265625 0.71717611875 0.3343995484375
0 0.8254855296875 0.236498040625 0.8146959203125 0.35982383125 0.8929179578124999 0.3666673734375 0.9037075671875 0.24334158281249998 0.8254855296875 0.236498040625
0 0.45044136874999996 0 0.42343358281250004 0.30870040625 0.5735061640625 0.32183005625 0.6010562312500001 0.0069313562499999995 0.5218304687499999 0 0.45044136874999996 0