1 0.6549146109375 0.822663634375 0.5567271703125 0.831253921875 0.5642697734375 0.917466271875 0.6624572140625 0.908875984375 0.6549146109375 0.822663634375
1 0.7396010875 0.8667316640625 0.65220056875 0.8743782187500001 0.657228365625 0.9318462000000001 0.744628884375 0.9241996453124999 0.7396010875 0.8667316640625
1 0.7349440375 0.7030668421875 0.63555805 0.7117619890625 0.6419821546875 0.785189840625 0.7413681421875 0.77649469375 0.7349440375 0.7030668421875
1 0.8672102140625 0.6979257718749999 0.7426858765625 0.7088202390625 0.7513451625 0.807796334375 0.8758695 0.796901865625 0.8672102140625 0.6979257718749999
0 0.8083554078124999 0.4665916765625 0.6862281640625 0.47727642656249997 0.695167075 0.5794486453125 0.8172943187499999 0.5687638953125 0.8083554078124999 0.4665916765625
1 0.8814639218749999 0.37814369531250003 0.7976434765625 0.38547703437499997 0.80406758125 0.458904884375 0.887888025 0.451571546875 0.8814639218749999 0.37814369531250003
1 0.7130860796875 0.5360551078125 0.634059821875 0.5429690093749999 0.6375514984375 0.582879059375 0.71657775625 0.5759651578125 0.7130860796875 0.5360551078125
1 0.6093630078125 0.52260649375 0.566262021875 0.5263773406250001 0.570312946875 0.572679640625 0.613413934375 0.56890879375 0.6093630078125 0.52260649375
1 0.57318111875 0.4952077765625 0.5228888515625 0.49960777968750003 0.526799965625 0.5443120171875 0.5770922328125 0.5399120140625 0.57318111875 0.4952077765625
1 0.6278564859375 0.45826024062500004 0.575167125 0.4628699625 0.580055109375 0.5187398812499999 0.6327444703125 0.514130159375 0.6278564859375 0.45826024062500004
1 0.455894303125 0.3269041328125 0.37926513906250003 0.333608315625 0.38582905625 0.4086342296875 0.46245822031249995 0.4019300453125 0.455894303125 0.3269041328125
1 0.20712230312500002 0.544936553125 0.13049313906249999 0.5516407359375 0.1360801859375 0.6155009671875 0.21270935 0.6087967843750001 0.20712230312500002 0.544936553125
1 0 0.5218304703125 0.0023220874999999998 0.5483720578125 0.0681721140625 0.542610928125 0.0627248796875 0.480348759375 0 0.485836475 0 0.5218304703125
1 0.15944095625000002 0.0825828609375 0.0876059796875 0.0888676078125 0.096824515625 0.1942359515625 0.1686594921875 0.18795120468749998 0.15944095625000002 0.0825828609375
1 0.5200133984375 0.09447298125 0.43381142656250005 0.1020146765625 0.44037534218749996 0.177040590625 0.526577315625 0.1694988953125 0.5200133984375 0.09447298125
1 1 0.5704610875 0.9265975624999999 0.57688296875 0.9305086765624999 0.6215872046875 1 0.6155075015625 1 0.5704610875
1 1 0.6074769437499999 0.8890997546875001 0.6171794578124999 0.8935701187499999 0.6682759453125 1 0.6589645375 1 0.6074769437499999
1 1 0.4781695234375 0.9990751281250001 0.4675981875 0.9236445109375 0.4741975125 0.9292315562500001 0.53805774375 1 0.53186630625 1 0.4781695234375
1 0.9419972671875 0.40824281874999996 0.99348808125 0.40373795625 0.986085290625 0.31912366875 0.9345944765624999 0.32362853125 0.9419972671875 0.40824281874999996
1 0.86610505625 0.2717022671875 0.8062399812500001 0.2769397828125 0.8122464656249999 0.34559419999999996 0.872111540625 0.340356684375 0.86610505625 0.2717022671875
1 0.9720946671874999 0.1868187390625 0.9170237796875 0.1916368171875 0.9226108249999999 0.25549705 0.9776817140625 0.25067897031249997 0.9720946671874999 0.1868187390625
1 0.5171208109375 0.6818874593750001 0.44648438125 0.688067346875 0.45193161562500006 0.750329515625 0.5225680453125 0.744149628125 0.5171208109375 0.6818874593750001
1 0.3461334578125 0.754754771875 0.2814741953125 0.7604117234375 0.285664934375 0.8083120859375 0.350324196875 0.8026551328125 0.3461334578125 0.754754771875
1 0.410517928125 0.9389483750000001 0.3626227546875 0.943138659375 0.36597461875000004 0.981450646875 0.4138697921875 0.9772603625 0.410517928125 0.9389483750000001