0 0.4867734375 0.1666770828125 0.3209140625 0.1666770828125 0.3209140625 0.26603125 0.4867734375 0.26603125 0.4867734375 0.1666770828125
0 0.4639375 0.3028854171875 0.1875 0.3028854171875 0.1875 0.48236458281249994 0.4639375 0.48236458281249994 0.4639375 0.3028854171875
0 0.5264375 0.3573645828125 0.28365625 0.3573645828125 0.28365625 0.5705104171875 0.5264375 0.5705104171875 0.5264375 0.3573645828125
1 0.777640625 0.5448645828124999 0.7127343749999999 0.5448645828124999 0.7127343749999999 0.6330104171875 0.777640625 0.6330104171875 0.777640625 0.5448645828124999
1 0.4555234375 0.6666666671875 0.3052890625 0.6666666671875 0.3052890625 0.7387916671875 0.4555234375 0.7387916671875 0.4555234375 0.6666666671875
1 0.3028828125 0.7788333328125 0.1346171875 0.7788333328125 0.1346171875 0.9134583328125 0.3028828125 0.9134583328125 0.3028828125 0.7788333328125
0 0.5805234375 0.7788333328125 0.3990390625 0.7788333328125 0.3990390625 0.865375 0.5805234375 0.865375 0.5805234375 0.7788333328125
1 0.7439843749999999 0.6874895828125 0.673078125 0.6874895828125 0.673078125 0.75159375 0.7439843749999999 0.75159375 0.7439843749999999 0.6874895828125
1 0.590140625 0.3317395828125 0.5408593749999999 0.3317395828125 0.5408593749999999 0.3718020828125 0.590140625 0.3718020828125 0.590140625 0.3317395828125
1 0.6189843749999999 0.5192187500000001 0.5877343749999999 0.5192187500000001 0.5877343749999999 0.5656979171875001 0.6189843749999999 0.5656979171875001 0.6189843749999999 0.5192187500000001
1 0.66946875 0.4038333328125 0.59975 0.4038333328125 0.59975 0.4519166671875 0.66946875 0.4519166671875 0.66946875 0.4038333328125
1 0.6394140625 0.3509583328125 0.6117734375 0.3509583328125 0.6117734375 0.3862083328125 0.6394140625 0.3862083328125 0.6394140625 0.3509583328125
1 0.063703125 0.5833229171875 0.003609375 0.5833229171875 0.003609375 0.68909375 0.063703125 0.68909375 0.063703125 0.5833229171875
1 0.23196093750000002 0.2067395828125 0.15985156250000002 0.2067395828125 0.15985156250000002 0.2644270828125 0.23196093750000002 0.2644270828125 0.23196093750000002 0.2067395828125
1 0.3870234375 0.10577083281249999 0.32332031250000004 0.10577083281249999 0.32332031250000004 0.1442291671875 0.3870234375 0.1442291671875 0.3870234375 0.10577083281249999
1 0.936296875 1 0.936296875 0.9727499999999999 0.891828125 0.9727499999999999 0.891828125 1 0.936296875 1