1 0.35851513125 0.470406528125 0.25139597812500003 0.4553519125 0.2400214765625 0.5362856953125 0.34714062968750004 0.5513403109375 0.35851513125 0.470406528125
1 0.12791988906250001 0.548038128125 0.0136522375 0.5319788562500001 0.0011614515625000001 0.620855415625 0.11542910312500002 0.6369146875 0.12791988906250001 0.548038128125
1 0.257751865625 0.8592084515625 0.197051528125 0.850677575 0.18657005468750001 0.9252571390625001 0.2472703921875 0.9337880140625 0.257751865625 0.8592084515625
1 0.6827205359375 0.8493504703125 0.6339188874999999 0.842491846875 0.62522056875 0.9043836015625001 0.6740222171875 0.911242225 0.6827205359375 0.8493504703125
1 0.6957980218750001 0.7217200828125 0.6386719328125 0.713691534375 0.6319800250000001 0.7613069234375 0.689106115625 0.7693354718750001 0.6957980218750001 0.7217200828125
1 0.8333426546875 0.7103035734375001 0.7904980875 0.7042821625 0.7835829249999999 0.7534861078125 0.826427490625 0.75950751875 0.8333426546875 0.7103035734375001
1 1 0.4845087078125 0.8903185890625 0.46909399062499996 0.8740382359375 0.5849347234375 0.990673246875 0.6013267046874999 1 0.5349634078125 1 0.4845087078125
1 1 0.44404197031250003 0.9434904203125001 0.4361000671875 0.9338990734375001 0.5043460421875 1 0.513635921875 1 0.44404197031250003
1 1 0.2320412953125 0.902491878125 0.218337421875 0.887548165625 0.32466745625 1 0.34047153125 1 0.2320412953125
1 0.9635610546875 0.1379080421875 0.9742657859375001 0.0617399234375 0.8528651093749999 0.0446781703125 0.8421603781250001 0.120846290625 0.9635610546875 0.1379080421875
1 0.6126680875 0.2164521484375 0.5222132875 0.20373955625 0.5132917124999999 0.267219865625 0.6037465109375 0.279932459375 0.6126680875 0.2164521484375
1 0.52816533125 0.1786781921875 0.46150791093750004 0.169310103125 0.45303285000000004 0.2296133015625 0.51969026875 0.238981390625 0.52816533125 0.1786781921875
1 0.46403886875 0.159946215625 0.404529946875 0.15158278125 0.395608371875 0.2150630890625 0.45511729375 0.2234265234375 0.46403886875 0.159946215625
1 0.44632577968750003 0.070085678125 0.322542271875 0.052689040625 0.30871484374999997 0.1510763 0.432498353125 0.1684729375 0.44632577968750003 0.070085678125
1 0.44040501406250004 0 0.428407653125 0.0853656609375 0.49981526406250004 0.095401346875 0.5132230484375 0 0.44040501406250004 0
0 0.6263458375 0.8705547375 0.5204181 0.855667565625 0.5114965234375 0.919147875 0.6174242609375 0.9340350484375 0.6263458375 0.8705547375
0 0.5631021234375 0.7677945265624999 0.407181321875 0.7458812859374999 0.3924608671875 0.8506227640624999 0.54838166875 0.8725360046875 0.5631021234375 0.7677945265624999
0 0.6458829421875001 0.5933363234375 0.5018608296875 0.5730953359375001 0.48491070625 0.6937017359375 0.62893281875 0.7139427234375 0.6458829421875001 0.5933363234375
0 0.8224798765625 0.6408028906250001 0.6415702796875 0.6153777046875 0.6259567968749999 0.7264734046875 0.8068663953125 0.751898590625 0.8224798765625 0.6408028906250001
0 0.7604327734375 0.46053828125 0.6878337453125 0.450335153125 0.6755662171875 0.5376231578125 0.7481652453125001 0.5478262859374999 0.7604327734375 0.46053828125