1 0.425484375 0.107375 0.391828125 0.107375 0.391828125 0.134625 0.425484375 0.134625 0.425484375 0.107375
1 0.2728359375 0.7451875 0.0865390625 0.7451875 0.0865390625 0.8397291671874999 0.2728359375 0.8397291671874999 0.2728359375 0.7451875
1 0.7656328125 0.49839583281250005 0.7019296875000001 0.49839583281250005 0.7019296875000001 0.5993541671875 0.7656328125 0.5993541671875 0.7656328125 0.49839583281250005
1 0.9639453124999999 1 0.9639453124999999 0.9118645828125 0.8605859375 0.9118645828125 0.8605859375 1 0.9639453124999999 1
1 0.9158671875 0.4951875 0.8653828125 0.4951875 0.8653828125 0.5673125 0.9158671875 0.5673125 0.9158671875 0.4951875
1 0.9651484375000001 0.5144270828125 0.9302890625 0.5144270828125 0.9302890625 0.5641145828125 0.9651484375000001 0.5641145828125 0.9651484375000001 0.5144270828125
1 0.56009375 0.21956250000000002 0.51321875 0.21956250000000002 0.51321875 0.2516041671875 0.56009375 0.2516041671875 0.56009375 0.21956250000000002
1 0.550484375 0.2451979171875 0.474765625 0.2451979171875 0.474765625 0.2948854171875 0.550484375 0.2948854171875 0.550484375 0.2451979171875
1 0.605765625 0.3028854171875 0.558890625 0.3028854171875 0.558890625 0.3397395828125 0.605765625 0.3397395828125 0.605765625 0.3028854171875
0 0.521625 0.17146875 0.3701875 0.17146875 0.3701875 0.22915625 0.521625 0.22915625 0.521625 0.17146875
0 0.389421875 0.2195520828125 0.212734375 0.2195520828125 0.212734375 0.3701979171875 0.389421875 0.3701979171875 0.389421875 0.2195520828125
0 0.5396640625 0.2980729171875 0.25480468749999996 0.2980729171875 0.25480468749999996 0.5352604171875 0.5396640625 0.5352604171875 0.5396640625 0.2980729171875
1 0.6875 0.6217916671875 0.63221875 0.6217916671875 0.63221875 0.6810833328125 0.6875 0.6810833328125 0.6875 0.6217916671875
1 0.695921875 0.6842916671875 0.6310156250000001 0.6842916671875 0.6310156250000001 0.740375 0.695921875 0.740375 0.695921875 0.6842916671875
0 0.4735625 0.5608854171875 0.28365625 0.5608854171875 0.28365625 0.7147395828125 0.4735625 0.7147395828125 0.4735625 0.5608854171875