1 0.4951875 0.8541770828124999 0.4483125 0.8541770828124999 0.4483125 0.9503229171875001 0.4951875 0.9503229171875001 0.4951875 0.8541770828124999
1 0.4639375 0.78525 0.43028125 0.78525 0.43028125 0.8445416671875 0.4639375 0.8445416671875 0.4639375 0.78525
1 0.8209140625 0.875 0.7620234375 0.875 0.7620234375 0.9439166671875 0.8209140625 0.9439166671875 0.8209140625 0.875
1 0.9675546875000001 0.8285312499999999 0.8906328125 0.8285312499999999 0.8906328125 0.8894270828125 0.9675546875000001 0.8894270828125 0.9675546875000001 0.8285312499999999
1 0.985578125 0.5560937499999999 0.9182656250000001 0.5560937499999999 0.9182656250000001 0.6346145828124999 0.985578125 0.6346145828124999 0.985578125 0.5560937499999999
1 0.9134609375 0.47275 0.8569765625000001 0.47275 0.8569765625000001 0.508 0.9134609375 0.508 0.9134609375 0.47275
1 0.8161015624999999 0.3509583328125 0.7908671875 0.3509583328125 0.7908671875 0.3814166671875 0.8161015624999999 0.3814166671875 0.8161015624999999 0.3509583328125
1 0.8461562499999999 0.330125 0.79928125 0.330125 0.79928125 0.3621666671875 0.8461562499999999 0.3621666671875 0.8461562499999999 0.330125
1 0.35457031250000004 0.8381354171875 0.3137109375 0.8381354171875 0.3137109375 0.8878229171875001 0.35457031250000004 0.8878229171875001 0.35457031250000004 0.8381354171875
1 0.0769296875 0.49840625000000005 0.0000078125 0.49840625000000005 0.0000078125 0.5625104171875 0.0769296875 0.5625104171875 0.0769296875 0.49840625000000005
1 0.2848515625 0.47757291718749995 0.2367734375 0.47757291718749995 0.2367734375 0.5144270828125 0.2848515625 0.5144270828125 0.2848515625 0.47757291718749995
1 0.28605468749999996 0.39103125 0.2043203125 0.39103125 0.2043203125 0.43109374999999994 0.28605468749999996 0.43109374999999994 0.28605468749999996 0.39103125
1 0.27042968749999996 0.3381458328125 0.19110156250000002 0.3381458328125 0.19110156250000002 0.3830208328125 0.27042968749999996 0.3830208328125 0.27042968749999996 0.3381458328125
1 0.317296875 0.1843020828125 0.262015625 0.1843020828125 0.262015625 0.23078125 0.317296875 0.23078125 0.317296875 0.1843020828125
1 0.23678125 0.10736458281250001 0.20071875 0.10736458281250001 0.20071875 0.14421875 0.23678125 0.14421875 0.23678125 0.10736458281250001
1 0.10696874999999999 0.3269166671875 0.0685 0.3269166671875 0.0685 0.3509583328125 0.10696874999999999 0.3509583328125 0.10696874999999999 0.3269166671875
1 0.12860156250000002 0.36859375 0.07811718749999999 0.36859375 0.07811718749999999 0.4054479171875 0.12860156250000002 0.4054479171875 0.12860156250000002 0.36859375
1 0.2079296875 0.7964791671875 0.15985156250000002 0.7964791671875 0.15985156250000002 0.9006458328125 0.2079296875 0.9006458328125 0.2079296875 0.7964791671875
1 0.6814921875 0.3221145828125 0.6129765625 0.3221145828125 0.6129765625 0.35896875 0.6814921875 0.35896875 0.6814921875 0.3221145828125
1 0.7776484375 0.1842916671875 0.7271640625 0.1842916671875 0.7271640625 0.21954166718749998 0.7776484375 0.21954166718749998 0.7776484375 0.1842916671875
1 0.784859375 0.22756249999999997 0.742796875 0.22756249999999997 0.742796875 0.2580208328125 0.784859375 0.2580208328125 0.784859375 0.22756249999999997
1 0.883421875 0.5464687500000001 0.8317343749999999 0.5464687500000001 0.8317343749999999 0.5753229171875 0.883421875 0.5753229171875 0.883421875 0.5464687500000001
1 0.48317187500000003 0.1794791671875 0.418265625 0.1794791671875 0.418265625 0.20993750000000003 0.48317187500000003 0.20993750000000003 0.48317187500000003 0.1794791671875
1 0.206734375 0.4871875 0.121390625 0.4871875 0.121390625 0.5496875 0.206734375 0.5496875 0.206734375 0.4871875
1 0.1694765625 0.20833333281250002 0.1238046875 0.20833333281250002 0.1238046875 0.240375 0.1694765625 0.240375 0.1694765625 0.20833333281250002
1 0.8689921875 0.3701979171875 0.8317265624999999 0.3701979171875 0.8317265624999999 0.40384374999999995 0.8689921875 0.40384374999999995 0.8689921875 0.3701979171875
1 0.3713984375 0.3589791671875 0.3341328125 0.3589791671875 0.3341328125 0.3894375 0.3713984375 0.3894375 0.3713984375 0.3589791671875
1 0.1141875 0.1330104171875 0.06490625 0.1330104171875 0.06490625 0.14903125 0.1141875 0.14903125 0.1141875 0.1330104171875
0 0.769234375 0.34134375 0.592546875 0.34134375 0.592546875 0.48236458281249994 0.769234375 0.48236458281249994 0.769234375 0.34134375