0 0.342546875 0.1874895828125 0.20192187499999997 0.1874895828125 0.20192187499999997 0.2371770828125 0.342546875 0.2371770828125 0.342546875 0.1874895828125
0 0.18389843749999998 0.22596875 0.0396640625 0.22596875 0.0396640625 0.37340625 0.18389843749999998 0.37340625 0.18389843749999998 0.22596875
0 0.365375 0.31890625 0.09134375 0.31890625 0.09134375 0.5320520828124999 0.365375 0.5320520828124999 0.365375 0.31890625
0 0.2740390625 0.5897395828125 0.1081796875 0.5897395828125 0.1081796875 0.6858854171875 0.2740390625 0.6858854171875 0.2740390625 0.5897395828125
1 0 0.8028854171875001 0.0504765625 0.8028854171875001 0.0504765625 0.72115625 0 0.72115625 0 0.8028854171875001
1 0.6850859375 0.78525 0.5973515625 0.78525 0.5973515625 0.8958333328125001 0.6850859375 0.8958333328125001 0.6850859375 0.78525
1 0.6514375 0.875 0.5625 0.875 0.5625 0.955125 0.6514375 0.955125 0.6514375 0.875
1 0.6298125 1 0.6298125 0.919875 0.5204375 0.919875 0.5204375 1 0.6298125 1
1 1 0.8076874999999999 0.9158671875 0.8076874999999999 0.9158671875 0.9054375 1 0.9054375 1 0.8076874999999999
1 0.9999921875 0.91346875 0.9122578125 0.91346875 0.9122578125 0.99840625 0.9999921875 0.99840625 0.9999921875 0.91346875
1 0.9411015624999999 0.7531979171875001 0.8689921875 0.7531979171875001 0.8689921875 0.87659375 0.9411015624999999 0.87659375 0.9411015624999999 0.7531979171875001
1 0.8569687500000001 0.5849270828125 0.78125 0.5849270828125 0.78125 0.6314062500000001 0.8569687500000001 0.6314062500000001 0.8569687500000001 0.5849270828125
1 0.983171875 0.6169895828125 0.860578125 0.6169895828125 0.860578125 0.7580104171875 0.983171875 0.7580104171875 0.983171875 0.6169895828125
1 0.5841406250000001 0.47436458281249994 0.5060156250000001 0.47436458281249994 0.5060156250000001 0.56571875 0.5841406250000001 0.56571875 0.5841406250000001 0.47436458281249994
1 0.4807734375 0.5753333328125 0.41225781250000004 0.5753333328125 0.41225781250000004 0.6907083328125 0.4807734375 0.6907083328125 0.4807734375 0.5753333328125