1 0.6675610328125 0.205735103125 0.6820385531250001 0.297142571875 0.7421846578125 0.28761636562500004 0.7277071359375 0.19620889531250002 0.6675610328125 0.205735103125
1 0.6796987671875 0.149060459375 0.687972684375 0.20129991249999998 0.7829348031250001 0.18625939062500002 0.7746608859374999 0.13401993750000002 0.6796987671875 0.149060459375
1 0.9233587671875 0.43781113749999995 0.9945957890624999 0.4265283015625 0.9756061109375 0.306632196875 0.9043690906249999 0.3179150328125 0.9233587671875 0.43781113749999995
1 0.5645783046874999 0.528712159375 0.5734144078125001 0.5845011171875 0.6525529359375 0.5719668062500001 0.6437168328125 0.5161778484374999 0.5645783046874999 0.528712159375
1 0.7727143484375001 0.080778325 0.78061184375 0.130641153125 0.851848865625 0.11935831718750001 0.84395136875 0.0694954890625 0.7727143484375001 0.080778325
1 0.3843266765625 0.6813910187500001 0.395795278125 0.7538009203125 0.4227097859375 0.74953808125 0.411241184375 0.6771281796874999 0.3843266765625 0.6813910187500001
1 0.6708709093749999 0.6055854578125001 0.6778273546875 0.6495067234375 0.7253187015625 0.6419848328125 0.71836225625 0.5980635671875 0.6708709093749999 0.6055854578125001
1 0.7087359921874999 0.58862511875 0.7192659875 0.655108890625 0.7968200999999999 0.642825525 0.7862901046874999 0.5763417546875 0.7087359921874999 0.58862511875
0 0.246681871875 0.8163506125 0.27187759843750003 0.975430165625 0.3399457875 0.9646492234374999 0.3147500609375 0.8055696703124999 0.246681871875 0.8163506125
0 0.4412754859375 1 0.434461815625 0.956980178125 0.298346015625 0.9785388015625 0.30174513593749996 1 0.4412754859375 1
0 0.539350853125 1 0.6415218828125 0.9838176984375 0.6037282937499999 0.74519836875 0.396375471875 0.7780398296875 0.43153050937500004 1 0.539350853125 1
0 0.688036340625 0.8267638906249999 0.7111641984375 0.9727874390625001 0.8029780609375001 0.958245553125 0.779850203125 0.8122220046875 0.688036340625 0.8267638906249999
1 0.8500924609375 0.4567241125 0.8576135375 0.504210315625 0.9478429828125 0.4899193765625 0.9403219078125 0.44243317187500003 0.8500924609375 0.4567241125