0 0.5555092578124999 0.33202104375 0.5236322296875 0.4960141359375 0.6604874203125 0.5226160890625 0.692364446875 0.3586229984375 0.5555092578124999 0.33202104375
1 0.47127279843750003 0.1270890421875 0.45934723593750004 0.188440740625 0.5269977109374999 0.2015906609375 0.538923271875 0.1402389625 0.47127279843750003 0.1270890421875
1 0.188699334375 0.21174242968749998 0.18021429687499999 0.2553941625 0.2384166078125 0.266707546875 0.2469016453125 0.2230558125 0.188699334375 0.21174242968749998
1 0.0878318078125 0 0.07340108906250001 0.0742396109375 0.12530462656250002 0.0843286359375 0.1399820109375 0.0088200328125 0.09460688125 0 0.0878318078125 0
1 0.07556425781250001 0.15548093125 0.06111643906250001 0.229808515625 0.13191630000000001 0.24357061406249997 0.1463641171875 0.16924303125 0.07556425781250001 0.15548093125
1 0.0454324546875 0.218180353125 0.0284623796875 0.3054838203125 0.12284174218749999 0.323829309375 0.1398118171875 0.2365258421875 0.0454324546875 0.218180353125
1 0.2518973484375 0.0966872921875 0.23951265156249998 0.16040103125 0.29456557656250004 0.1711022359375 0.306950271875 0.107388496875 0.2518973484375 0.0966872921875
1 0.3417783515625 0.0541575671875 0.3291640890625 0.1190523265625 0.368490528125 0.1266966125 0.38110479062499997 0.06180185312499999 0.3417783515625 0.0541575671875
1 0.1337389234375 0.477784046875 0.1252538859375 0.52143578125 0.2039067640625 0.5367243515625 0.2123918015625 0.49307261875 0.1337389234375 0.477784046875
1 0.2033206421875 0.5145727140624999 0.1946060375 0.55940546875 0.24808426875 0.5698005828125 0.2567988734375 0.5249678296875 0.2033206421875 0.5145727140624999
1 0.44804452031249997 0.74212080625 0.43795251406249996 0.79403968125 0.4741295640625 0.8010717875 0.48422157187500003 0.7491529124999999 0.44804452031249997 0.74212080625
1 0.5707982125 0.211330259375 0.5613949078125 0.259706075 0.584994859375 0.26429344062500004 0.594398165625 0.21591762499999997 0.5707982125 0.211330259375
1 0.6514066328125 0.309037478125 0.647506975 0.32909948437500003 0.6821093328125001 0.3358255015625 0.6860089921875 0.31576349531250003 0.6514066328125 0.309037478125
1 0.68229404375 0.2844321296875 0.674268140625 0.3257218234375 0.7041668671875 0.331533546875 0.7121927718750001 0.290243853125 0.68229404375 0.2844321296875
1 0.7984641015625 0.375577709375 0.792271753125 0.40743457968749996 0.8142970125 0.41171585625 0.8204893609375 0.37985898749999997 0.7984641015625 0.375577709375
1 0.15841238124999998 0.6111453124999999 0.15290873437500002 0.6394591203125 0.20010864218750002 0.648633853125 0.2056122890625 0.6203200453125 0.15841238124999998 0.6111453124999999
1 0.1265094578125 0.724937696875 0.11641745156250001 0.776856571875 0.1950703296875 0.7921451421875 0.20516233593750002 0.7402262671875001 0.1265094578125 0.724937696875
1 0.0979802625 0.7708214578125 0.0892656578125 0.8156542124999999 0.1160149984375 0.8208537578125 0.124729603125 0.776021003125 0.0979802625 0.7708214578125
1 0.4012050125 0.8150546562500001 0.38515022499999996 0.8976493812499999 0.4386284546875 0.9080444968749999 0.4546832421875 0.825449771875 0.4012050125 0.8150546562500001
1 0.5194480796875001 0.76948233125 0.5033932921875001 0.8520770546875 0.54586911875 0.8603335187500001 0.56192390625 0.7777387953125 0.5194480796875001 0.76948233125
1 0.5587129484375 0.7942577390625 0.543576428125 0.872128384375 0.57975348125 0.8791604906250001 0.5948900015625 0.801289846875 0.5587129484375 0.7942577390625
1 0.7107612296875 0.7931957203125 0.7008987890625 0.843933575 0.7323517609375 0.8500474125 0.7422142015625 0.7993095578125 0.7107612296875 0.7931957203125
1 0.7695535062500001 0.8854366656250001 0.7626724578124999 0.920836596875 0.7925711859375 0.9266483203125 0.7994522359375 0.8912483906249999 0.7695535062500001 0.8854366656250001
1 0.6656888171875 0.9325941390624999 0.6581220484375 0.9715217921875 0.69272440625 0.9782478093750001 0.700291175 0.93932015625 0.6656888171875 0.9325941390624999
1 0.36480459375 0.926763090625 0.3542564328125 0.9810286671874999 0.42818523124999996 0.9953989703125 0.43873339062500005 0.9411333921875 0.36480459375 0.926763090625
1 0.6772101687500001 0.6213793109375 0.6700995515625 0.6579602625 0.6984235859375 0.663465896875 0.705534203125 0.626884946875 0.6772101687500001 0.6213793109375
1 0.5017497765625001 0.2138340109375 0.49097205 0.26928060781249996 0.523999715625 0.2757005359375 0.5347774421875 0.22025393750000002 0.5017497765625001 0.2138340109375
1 0.5150383890625 0.9265740140625001 0.5072420515625 0.9666826859375 0.5324166984375001 0.9715761421875 0.5402130359374999 0.93146746875 0.5150383890625 0.9265740140625001