0 0.556703025 0.054718221874999994 0.42691350625 0.0799467484375 0.449234184375 0.1947766796875 0.5790237031250001 0.169548153125 0.556703025 0.054718221874999994
0 0.93138079375 0.527156353125 0.7355308328125 0.5652257281249999 0.7664140640625 0.7241061796875 0.962264025 0.686036803125 0.93138079375 0.527156353125
0 0.8382802937499999 0.1616109171875 0.67310618125 0.1937175109375 0.6923699390625 0.29282095468749997 0.8575440515625001 0.2607143609375 0.8382802937499999 0.1616109171875
0 0.6907541203124999 0.22784166562500002 0.5739558234375 0.2505449546875 0.588326125 0.32447375156249997 0.705124421875 0.3017704625 0.6907541203124999 0.22784166562500002
0 0.642177625 0.028298495312499998 0.5383552125 0.048479528125 0.54722385625 0.0941047421875 0.6510462687499999 0.07392370937500001 0.642177625 0.028298495312499998
1 0.4544380546875 0.353756728125 0.3482536015625 0.3743968953125 0.36292999375 0.4499003859375 0.46911444687500004 0.4292602203125 0.4544380546875 0.353756728125
1 0.2252857984375 0.315040546875 0.148596175 0.3299475 0.1586852015625 0.3818510375 0.235374825 0.366944084375 0.2252857984375 0.315040546875
1 0.0977082171875 0.67289580625 0.0281047140625 0.6864253578125 0.04278110625 0.7619288484375 0.11238460937500001 0.7483992984375 0.0977082171875 0.67289580625
1 0.6444492171875 0.6825203703125 0.580735478125 0.6949050671875 0.5954118703125 0.77040855625 0.659125609375 0.7580238609375 0.6444492171875 0.6825203703125
1 0.6340234296875 0.578441228125 0.565585609375 0.5917441921875 0.5799559125 0.6656729890624999 0.6483937328125 0.652370025 0.6340234296875 0.578441228125
1 0.5778642921875 0.661176984375 0.5153315734375 0.6733321140624999 0.524200215625 0.7189573265625 0.5867329359375 0.706802196875 0.5778642921875 0.661176984375
1 0.6981163015625 0.580658721875 0.6461974265625 0.5907507296875 0.6559843375 0.6411000234374999 0.7079032125 0.631008015625 0.6981163015625 0.580658721875
1 0.7768225140625 0.5572100515625 0.6965898296875 0.5728057046874999 0.7057645625 0.6200056109375 0.7859972468749999 0.6044099578125001 0.7768225140625 0.5572100515625
1 0.8197817453124999 0.3562054375 0.7631541265624999 0.3672127328125 0.7766101375 0.43643789999999993 0.8332377546874999 0.42543060625000007 0.8197817453124999 0.3562054375
1 0.9473005593750001 0.38857254375 0.9862282125 0.3810057734375 0.9791961062500001 0.344828721875 0.940268453125 0.35239549062500003 0.9473005593750001 0.38857254375
1 0.693704703125 0.0476768671875 0.6559427328125 0.055017051562499995 0.6641991968750001 0.0974928765625 0.7019611671875 0.09015269375 0.693704703125 0.0476768671875
1 1 0.7603369578125 0.974003853125 0.765390096875 0.9911289609375 0.8534911375 1 0.8517667828125 1 0.7603369578125
1 0.46873629218749996 0.7297278109375 0.4132896953125 0.7405055375 0.4212400703125 0.7814066687500001 0.4766866671875 0.7706289421875 0.46873629218749996 0.7297278109375
1 0.6029371015625 0.74610956875 0.5510182265625 0.756201575 0.56171943125 0.8112545000000001 0.61363830625 0.8011624921875 0.6029371015625 0.74610956875
1 0.2658523171875 0.06389415937500001 0.21865752343749997 0.07306789687500001 0.22446924687499997 0.102966625 0.2716640421875 0.0937928859375 0.2658523171875 0.06389415937500001