1 0.8248014328125001 0.5824794125 0.934159775 0.58057055625 0.9332926078125 0.5308906234374999 0.8239342671875001 0.5327994796875 0.8248014328125001 0.5824794125
1 0.6346175921875 0.2924835765625 0.71273069375 0.29112010625 0.7116679140625 0.2302335484375 0.6335548125 0.23159701875 0.6346175921875 0.2924835765625
1 0.43412502656249996 0.3761308109375 0.5326725156250001 0.3744106578125 0.5316377328125 0.315128021875 0.43309024375 0.3168481734375 0.43412502656249996 0.3761308109375
1 0.4868374484375 0.916959890625 0.5877908203125 0.9151977421874999 0.5863924468749999 0.8350849468750001 0.48543907500000005 0.83684709375 0.4868374484375 0.916959890625
1 0.26926080625000004 0.710788225 0.3533886171875 0.70931976875 0.3522418484375 0.6436214421875001 0.2681140375 0.6450898984375 0.26926080625000004 0.710788225
1 0.0588451 0.7080538187500001 0.0035722687500000004 0.7090186109375 0.004942646875 0.787527484375 0.0602154765625 0.78656269375 0.0588451 0.7080538187500001
1 0.209212559375 0.575596871875 0.28973154375 0.5741914078125 0.2889763640625 0.5309271640625 0.208457378125 0.532332628125 0.209212559375 0.575596871875
1 0.2756956421875 0.5968773234375 0.3237664453125 0.59603824375 0.322955271875 0.5495661562499999 0.27488446875 0.550405234375 0.2756956421875 0.5968773234375
1 0.325089184375 0.6024327984375 0.38036201406250003 0.6014680078125 0.379411221875 0.5469971390625 0.32413839218749996 0.5479619296875 0.325089184375 0.6024327984375
1 0.3575010140625 0.6691689656250001 0.41397678750000005 0.6681831765624999 0.41291400781250004 0.60729661875 0.3564382359375 0.6082824078125 0.3575010140625 0.6691689656250001
1 0.0939318515625 0.444578425 0.1528135078125 0.4435506421875 0.15203032968750002 0.3986824765625 0.093148675 0.39971025937500004 0.0939318515625 0.444578425
0 0.2877034328125 0.1831464109375 0.4126843953125 0.180964859375 0.41131401875 0.10245598593750001 0.28633305625 0.1046375375 0.2877034328125 0.1831464109375
0 0.21240817031249998 0.13957885781249998 0.3073468328125 0.1379216984375 0.3061720671875 0.07061945 0.21123340468750001 0.0722766109375 0.21240817031249998 0.13957885781249998
0 0.199002728125 0.33536346875 0.310766953125 0.3334126171875 0.3093405828125 0.2516958984375 0.1975763578125 0.25364675000000003 0.199002728125 0.33536346875
0 0.056952228125000004 0.3234136875 0.21678725625 0.32062375625 0.215025290625 0.21968079999999998 0.0551902625 0.22247073125 0.056952228125000004 0.3234136875
0 0.08358786093750001 0.6787737890625001 0.2710593046875 0.6755014625 0.2685141609375 0.5296903390625001 0.08104271874999999 0.532962665625 0.08358786093750001 0.6787737890625001