0 0.21335692499999998 0.5503203375 0.40211342656250004 0.58021643125 0.42718205 0.421939375 0.23842554843750002 0.39204328125 0.21335692499999998 0.5503203375
1 0.11199916406249999 0.183806259375 0.04551539375 0.173276265625 0.0302239234375 0.2698228 0.0967076953125 0.2803527953125 0.11199916406249999 0.183806259375
1 0.8363526609375 0.5045903296875001 0.9253835046875001 0.51869143125 0.935160659375 0.45696090937499995 0.8461298156250001 0.44285980937499997 0.8363526609375 0.5045903296875001
1 0.7297701953125 0.601305803125 0.8104982843749999 0.6140918765625 0.817769228125 0.568184946875 0.7370411390625 0.5553988734375 0.7297701953125 0.601305803125
1 0.7193714156250001 0.651579275 0.806025634375 0.6653039546875 0.81304563125 0.6209814406249999 0.7263914125 0.6072567609374999 0.7193714156250001 0.651579275
1 0.09728269843750001 0.38429536875000003 0.145957215625 0.3920046546875 0.1522243703125 0.352435390625 0.1035498546875 0.3447261046875 0.09728269843750001 0.38429536875000003
1 0.1689985578125 0.5384327203125 0.20105213125 0.5435095078125001 0.20681739375000002 0.507109078125 0.17476382031249998 0.502032290625 0.1689985578125 0.5384327203125
1 0.6347119015625 0.13354103281250002 0.6774448546875 0.14030926875 0.6899791671875 0.061170740625 0.6472462140624999 0.0544025046875 0.6347119015625 0.13354103281250002
1 0.920686728125 0.1642491703125 0.95985474375 0.170452775 0.9758990531249999 0.0691529890625 0.9367310375000001 0.0629493859375 0.920686728125 0.1642491703125
1 0.767438859375 0.0945427203125 0.811360125 0.10149916562500001 0.8181291749999999 0.0587610671875 0.7742079093750001 0.051804621875 0.767438859375 0.0945427203125
1 0.667100921875 0.0672816125 0.6743702359375 0.02138496875 0.6292606578125 0.0142403140625 0.62199134375 0.06013695625 0.667100921875 0.0672816125
1 0.7455668171875 0.5015698578125 0.7978062718750001 0.509843775 0.8040734265625 0.4702745109375 0.7518339734375 0.46200059375 0.7455668171875 0.5015698578125
1 1 0.46073380156250004 0.9741595828125 0.45664108125 0.963378640625 0.52470926875 1 0.530509521875 1 0.46073380156250004
1 0.8739617781250001 0.643591275 0.92382460625 0.6514887703125 0.9295898687499999 0.6150883390625 0.879727040625 0.60719084375 0.8739617781250001 0.643591275
1 0.6515621234375 0.803086875 0.7026132640625 0.8111725812499999 0.7086294734374999 0.773187734375 0.65757833125 0.765102028125 0.6515621234375 0.803086875
1 0.7055406359374999 0.8310945453125 0.726914828125 0.8344798843750001 0.732178196875 0.8012482890625 0.710804003125 0.7978629484375 0.7055406359374999 0.8310945453125
1 0.7185105125 0.90292449375 0.758866840625 0.9093163093750001 0.7641302078125001 0.8760847125 0.7237738796875 0.8696928968750001 0.7185105125 0.90292449375
1 0.201907228125 0.7302338265625 0.24107524374999997 0.7364374312499999 0.2463386109375 0.7032058343750001 0.20717059531249998 0.6970022296875 0.201907228125 0.7302338265625
1 0.1939871421875 0.68030725625 0.226040715625 0.68538404375 0.2308054484375 0.655300703125 0.198751875 0.6502239171875 0.1939871421875 0.68030725625
1 0.14311057968750002 0.5635463046875 0.17991740312499999 0.5693759328125 0.1861845578125 0.52980666875 0.149377734375 0.523977040625 0.14311057968750002 0.5635463046875
1 0.1275741578125 0.5156617515625 0.1608160421875 0.52092675 0.16883982656250002 0.4702665671875 0.13559794218750001 0.4650015703125 0.1275741578125 0.5156617515625
1 0.6201552765625 0.48658965624999995 0.6533971609375 0.491854653125 0.6576600015625 0.4649401453125 0.6244181156249999 0.4596751484375 0.6201552765625 0.48658965624999995
1 0.817459578125 0.8082588812499999 0.8673224078124999 0.8161563765625001 0.87308766875 0.779755946875 0.8232248406249999 0.7718584515625 0.817459578125 0.8082588812499999