1 0.3593671875 0.059291667187499994 0.3185078125 0.059291667187499994 0.3185078125 0.107375 0.3593671875 0.107375 0.3593671875 0.059291667187499994
1 0.854578125 0.1682604171875 0.8161093749999999 0.1682604171875 0.8161093749999999 0.21153125 0.854578125 0.21153125 0.854578125 0.1682604171875
1 0.969953125 0.3525625 0.9026406250000001 0.3525625 0.9026406250000001 0.3910208328125 0.969953125 0.3910208328125 0.969953125 0.3525625
1 0.8245156250000001 0.3381354171875 0.780046875 0.3381354171875 0.780046875 0.3781979171875 0.8245156250000001 0.3781979171875 0.8245156250000001 0.3381354171875
1 0.9398984374999999 0.5801354171875001 0.8449453124999999 0.5801354171875001 0.8449453124999999 0.6378229171875 0.9398984374999999 0.6378229171875 0.9398984374999999 0.5801354171875001
1 0.8954296875000001 1 0.8954296875000001 0.9262916671875001 0.8136953124999999 0.9262916671875001 0.8136953124999999 1 0.8954296875000001 1
1 0.5480859375 0.625 0.4194765625 0.625 0.4194765625 0.6939166671875 0.5480859375 0.6939166671875 0.5480859375 0.625
1 0.5036015625 0.5657083328125 0.4374921875 0.5657083328125 0.4374921875 0.634625 0.5036015625 0.634625 0.5036015625 0.5657083328125
1 0.329328125 0.4615416671875 0.300484375 0.4615416671875 0.300484375 0.5 0.329328125 0.5 0.329328125 0.4615416671875
1 0.31971875 0.29646875 0.25 0.29646875 0.25 0.3221145828125 0.31971875 0.3221145828125 0.31971875 0.29646875
1 0.20192187499999997 0.43910416718749995 0.131015625 0.43910416718749995 0.131015625 0.5128125 0.20192187499999997 0.5128125 0.20192187499999997 0.43910416718749995
1 0.126203125 0.4150520828125 0.068515625 0.4150520828125 0.068515625 0.44390625000000006 0.126203125 0.44390625000000006 0.126203125 0.4150520828125
1 0.15865625 0.3589791671875 0.1045625 0.3589791671875 0.1045625 0.3894375 0.15865625 0.3894375 0.15865625 0.3589791671875
1 0.10215624999999999 0.6009583328125 0.04446875 0.6009583328125 0.04446875 0.6634583328125 0.10215624999999999 0.6634583328125 0.10215624999999999 0.6009583328125
0 0.6838984375 0.1666666671875 0.5288515625 0.1666666671875 0.5288515625 0.2980833328125 0.6838984375 0.2980833328125 0.6838984375 0.1666666671875
0 0.7908671875 0.12019791718749999 0.6670703125 0.12019791718749999 0.6670703125 0.19871875 0.7908671875 0.19871875 0.7908671875 0.12019791718749999
0 1 0.4423020828125 0.6838984375 0.4423020828125 0.6838984375 0.5929479171875001 1 0.5929479171875001 1 0.4423020828125