0 0.6923125 0.4214791671875 0.5 0.4214791671875 0.5 0.5769375 0.6923125 0.5769375 0.6923125 0.4214791671875
1 0.9326874999999999 0.6843020828124999 0.859375 0.6843020828124999 0.859375 0.7724479171875 0.9326874999999999 0.7724479171875 0.9326874999999999 0.6843020828124999
1 0.14303125 0.57371875 0.08534375 0.57371875 0.08534375 0.6169895828125 0.14303125 0.6169895828125 0.14303125 0.57371875
1 0.15384375 0.4134583328125 0.06009375 0.4134583328125 0.06009375 0.4487083328125 0.15384375 0.4487083328125 0.15384375 0.4134583328125
1 0.14542187499999998 0.4759583328125 0.058890624999999995 0.4759583328125 0.058890624999999995 0.517625 0.14542187499999998 0.517625 0.14542187499999998 0.4759583328125
1 0.28725 0.55128125 0.22956249999999997 0.55128125 0.22956249999999997 0.60096875 0.28725 0.60096875 0.28725 0.55128125
1 0.2620234375 0.4326875 0.2091328125 0.4326875 0.2091328125 0.4679375 0.2620234375 0.4679375 0.2620234375 0.4326875
1 0.045679687499999996 0.5881458328125 0.0000078125 0.5881458328125 0.0000078125 0.6746875 0.045679687499999996 0.6746875 0.045679687499999996 0.5881458328125
1 0.30407812500000003 0.9423020828125 0.246390625 0.9423020828125 0.246390625 0.9999895828125 0.30407812500000003 0.9999895828125 0.30407812500000003 0.9423020828125
1 1 0.93909375 0.9326874999999999 0.93909375 0.9326874999999999 0.9999895828125 1 0.9999895828125 1 0.93909375
1 0.7403906250000001 0.4182708328125 0.706734375 0.4182708328125 0.706734375 0.4535208328125 0.7403906250000001 0.4535208328125 0.7403906250000001 0.4182708328125
1 0.7740390625 0.3974375 0.7235546875 0.3974375 0.7235546875 0.4326875 0.7740390625 0.4326875 0.7740390625 0.3974375
1 0.683890625 0.2275729171875 0.637015625 0.2275729171875 0.637015625 0.27084375 0.683890625 0.27084375 0.683890625 0.2275729171875
1 0.144234375 0.21475 0.12020312500000001 0.21475 0.12020312500000001 0.2532083328125 0.144234375 0.2532083328125 0.144234375 0.21475
1 0.2055234375 0.23718750000000002 0.14422656250000002 0.23718750000000002 0.14422656250000002 0.2820625 0.2055234375 0.2820625 0.2055234375 0.23718750000000002