0 0.30119542187500004 0.5950995531250001 0.3038173734375 0.44488805937500003 0.18685602343750002 0.44284649218750005 0.18423407187500002 0.5930579859375 0.30119542187500004 0.5950995531250001
0 0.1951250453125 0.7038508703125 0.1973065953125 0.578869909375 0.12519258125 0.5776111546875 0.1230110296875 0.702592115625 0.1951250453125 0.7038508703125
0 0.61277650625 0.7423879515625 0.61560843125 0.5801470390625 0.4890235484375 0.5779374921875 0.4861916234375 0.740178403125 0.61277650625 0.7423879515625
0 0.5757272078125 0.9364818500000001 0.5799016046875 0.6973307796875 0.3988458515625 0.6941704390625001 0.3946714546875 0.9333215109375 0.5757272078125 0.9364818500000001
0 0.743914025 0.3912637625 0.7463472734375001 0.2518631234375 0.6806489453125 0.25071635468750003 0.6782156984375 0.3901169953125 0.743914025 0.3912637625
1 0.694758315625 0.36155760312499996 0.6961847765625 0.27983567656249997 0.62727860625 0.278632915625 0.6258521453125 0.36035484218749997 0.694758315625 0.36155760312499996
1 0.9323765421875001 0.981173984375 0.9343483906250001 0.8682068171875 0.8189909640625 0.8661932453125001 0.8170191140625 0.9791604125 0.9323765421875001 0.981173984375
1 0.383969878125 0.719164625 0.384787959375 0.6722967640624999 0.352751171875 0.671737559375 0.351933090625 0.7186054203125 0.383969878125 0.719164625
1 0.3894406734375 0.8659230812500001 0.39084613749999997 0.7854040953125 0.3619963640625 0.784900521875 0.3605909 0.86541950625 0.3894406734375 0.8659230812500001
1 0.224352003125 0.7728714640625001 0.225254075 0.7211918359375 0.1707832046875 0.72024104375 0.16988113437500002 0.771920671875 0.224352003125 0.7728714640625001
1 0.48149421718749996 0 0.47996987031250005 0.08732976249999999 0.5744971390625 0.0889797421875 0.576028315625 0.0012587281250000001 0.5039157640624999 0 0.48149421718749996 0
1 0.116053728125 0.274522684375 0.1166201125 0.242074503125 0.0765637140625 0.24137531562499998 0.0759973296875 0.2738234984375 0.116053728125 0.274522684375
1 0.5580375484375 0.205296134375 0.558666925 0.169239128125 0.50898699375 0.1683719609375 0.508357615625 0.20442896875 0.5580375484375 0.205296134375