1 0.538194346875 0.5806032515624999 0.560901675 0.6653481515624999 0.6769938843750001 0.6342413375 0.6542865578125 0.5494964375 0.538194346875 0.5806032515624999
1 0.8243838953125 0.3608163265625 0.8520694453125 0.4641402046875 0.9294642515625 0.443402328125 0.9017787015625001 0.34007845 0.8243838953125 0.3608163265625
1 0.904656875 0.4002833953125 0.9239429375 0.4722599625 0.9966892265625 0.452767653125 0.9774031640624999 0.3807910859375 0.904656875 0.4002833953125
1 0.6766933546875 0.6455157875 0.689759671875 0.6942799484375 0.7919264515625 0.66690444375 0.7788601328125 0.61814028125 0.6766933546875 0.6455157875
1 0.7478604046874999 0.075226771875 0.7690148171875 0.154176115625 0.8557066609374999 0.13094710625 0.834552246875 0.0519977625 0.7478604046874999 0.075226771875
1 0.8753301875 0 0.8196358921875 0.014923240625 0.8544753625 0.1449459125 0.9179447375 0.1279393453125 0.88366349375 0 0.8753301875 0
1 0.7244259375000001 0.1549135703125 0.7381150390625 0.206001990625 0.8309847828124999 0.18111761875000001 0.8172956812500001 0.1300291984375 0.7244259375000001 0.1549135703125
1 0.58398744375 0.28089830312499997 0.6045190734375 0.3575233875 0.6586914140625 0.343007953125 0.638159784375 0.26638286875 0.58398744375 0.28089830312499997
1 0.5944274078125 0.2208533859375 0.6102922078125 0.28006162031250004 0.6768605953125 0.2622246734375 0.660995796875 0.2030164390625 0.5944274078125 0.2208533859375
1 0.6460651734375 0.14729459375 0.6613071890625 0.20417856875 0.7123805171875001 0.1904935125 0.6971385015625 0.1336095359375 0.6460651734375 0.14729459375
1 0.560247815625 0.3780805375 0.57829235625 0.44542367968749996 0.621638278125 0.43380917500000005 0.6035937375 0.3664660328125 0.560247815625 0.3780805375
0 0.4365388015625 1 0.4041341375 0.8790641453125 0.3375657484375 0.8969010921875 0.36519101875 1 0.4365388015625 1
0 0.5658262484375001 1 0.703715378125 0.96305271875 0.6551868078124999 0.7819416265625 0.4555017671875 0.8354470718749999 0.4995935921875 1 0.5658262484375001 1
0 0.7599477343750001 0.863375740625 0.781100125 0.9423175390624999 0.8708909796875 0.9182581515624999 0.8497385875000001 0.8393163546875 0.7599477343750001 0.863375740625
1 0.5045863374999999 0.4552167015625 0.51765265625 0.5039808640625 0.571824996875 0.48946542812500005 0.5587586796874999 0.4407012671875 0.5045863374999999 0.4552167015625
1 0.42876668437500004 0.754264453125 0.4458770484375 0.8181212046875 0.48147543906249995 0.8085826453125 0.4643650734375 0.7447258921875 0.42876668437500004 0.754264453125