0 0.3897703265625 0.8809614515625 0.538597334375 0.8887611453125001 0.5446355953124999 0.7735442625 0.39580858750000003 0.76574456875 0.3897703265625 0.8809614515625
0 0.3002263 0.9131942531250001 0.389041915625 0.9178488828125 0.3928166453125 0.845822728125 0.30400103125 0.8411680984375 0.3002263 0.9131942531250001
0 0.1394256046875 0.7202224687500001 0.3326760234375 0.73035029375 0.339385928125 0.6023176640625 0.146135509375 0.5921898390625 0.1394256046875 0.7202224687500001
0 0.3077420734375 0.677681503125 0.43857814531250006 0.68453833125 0.443443209375 0.5917073953124999 0.3126071359375 0.5848505671875001 0.3077420734375 0.677681503125
0 0.24514046718750002 0.2186615359375 0.49960375468749996 0.231997390625 0.509836525 0.0367445109375 0.2553732359375 0.0234086546875 0.24514046718750002 0.2186615359375
0 0.3950715640625 0.2746579796875 0.5018937171875 0.280256290625 0.5055005375 0.21143407343749998 0.39867838437500003 0.20583576093749997 0.3950715640625 0.2746579796875
1 0.516856328125 0.24732758124999998 0.5708759453125001 0.250158628125 0.57397903125 0.19094821875 0.5199594140625 0.1881171703125 0.516856328125 0.24732758124999998
1 0.5552005328125 0.27340134374999997 0.6512250046875 0.27843377343750003 0.6573472203125 0.16161492187499998 0.56132275 0.1565824921875 0.5552005328125 0.27340134374999997
1 0.632929671875 0.1683566625 0.7265511906250001 0.173263159375 0.7314991187500001 0.0788510578125 0.6378776 0.0739445625 0.632929671875 0.1683566625
1 0.6076327109374999 0.09962602968749999 0.612580640625 0.005213928125 0.552569246875 0.0020688640625 0.5476213171875 0.096480965625 0.6076327109374999 0.09962602968749999
1 0.7479791875 0.17758845625 0.85720429375 0.18331270156249999 0.8613137562500001 0.10489947968749999 0.7520886515625 0.099175234375 0.7479791875 0.17758845625
1 0.1014262421875 0.4117067578125 0.004208096875 0.406611771875 0.0001825890625 0.4834230265625 0.09740073437499999 0.48851801406249995 0.1014262421875 0.4117067578125
1 0.061750031250000004 0.342232971875 0.007730415625000001 0.3394019234375 0.0037888640625 0.41461121093750003 0.057808479687500004 0.417442259375 0.061750031250000004 0.342232971875
1 0.116671509375 0.0979705015625 0.0206470390625 0.0929380734375 0.013182623437499999 0.23536761093749997 0.10920709375 0.2404000390625 0.116671509375 0.0979705015625
1 0.238873834375 0.499155471875 0.30128818125 0.50242646875 0.306991709375 0.3935966546875 0.24457736406250002 0.3903256578125 0.238873834375 0.499155471875
1 0.614738490625 0.607120503125 0.7263665484375 0.6129706828125 0.7322379890625 0.5009369312499999 0.62060993125 0.495086753125 0.614738490625 0.607120503125
1 0.8587496578125 0.70495221875 0.9283728609375 0.7086010171875 0.932734190625 0.6253818890625 0.8631109875 0.6217330921875 0.8587496578125 0.70495221875
1 0.6761283375 0.9746182921875001 0.7109399390625 0.9764426921875 0.7129526937499999 0.9380370640625 0.6781410921875 0.936212665625 0.6761283375 0.9746182921875001
1 0.24051573906249998 0.8811711921875001 0.288527975 0.88368740625 0.2916310609375 0.8244769968749999 0.24361882499999998 0.8219607828125 0.24051573906249998 0.8811711921875001
1 0.5694304953125 0.4153718984375 0.61143535 0.41757327968749997 0.6139518374999999 0.3695558421875 0.57194698125 0.3673544609375 0.5694304953125 0.4153718984375
1 0.8211030234375001 0.321039140625 0.84990724375 0.32254870625 0.852087909375 0.2809391421875 0.8232836875 0.2794295765625 0.8211030234375001 0.321039140625