0 0.82224139375 0.0957149515625 0.371536475 0.008106790625 0.2825519046875 0.46589271718749997 0.7332568234375 0.5535008796875001 0.82224139375 0.0957149515625
0 0.612973509375 0.6558361781250001 0.4277373921875 0.619829925 0.40786145625000003 0.7220827546875 0.593097571875 0.758089009375 0.612973509375 0.6558361781250001
1 0.448502615625 0.7838472421875 0.4024888421875 0.7749030703125 0.39392628749999997 0.8189535906250001 0.4399400625 0.8278977624999999 0.448502615625 0.7838472421875
1 0.7980195296875 0.49751710625 0.75791085625 0.4897207703125 0.748430034375 0.5384953703125 0.7885387078125 0.5462917078125 0.7980195296875 0.49751710625
1 0.8684572984375001 0.47530966875 0.8342383874999999 0.46865818593749997 0.8223128265625 0.5300098859375 0.8565317359375 0.5366613671875 0.8684572984375001 0.47530966875
1 0.94263646875 0.3770649390625 0.8730329671874999 0.3635353890625 0.8620256718749999 0.42016300781249993 0.931629175 0.43369255781250005 0.94263646875 0.3770649390625
1 0.9578436578125 0.13513628125 0.9118298828125001 0.126192109375 0.8992921421875 0.1906931953125 0.9453059156249999 0.1996373671875 0.9578436578125 0.13513628125
1 0.779093553125 0.588536475 0.753141784375 0.5834919625 0.7461096781250001 0.6196690140625 0.772061446875 0.624713528125 0.779093553125 0.588536475
1 0.6428514468750001 0.64694675 0.61926171875 0.6423613703125 0.612841790625 0.6753890359375 0.63643151875 0.679974415625 0.6428514468750001 0.64694675
1 0.7233101937499999 0.629934353125 0.7032481875000001 0.6260346953125 0.69804864375 0.6527840359375 0.7181106484375 0.65668369375 0.7233101937499999 0.629934353125
1 0.10396376562500001 0.3642405234375 0.046155128125 0.35300366250000004 0.035147834375 0.4096312796875 0.092956471875 0.420868140625 0.10396376562500001 0.3642405234375
1 0.104147846875 0.4704032390625 0.0746530171875 0.46467002500000004 0.067314821875 0.5024217703125 0.09680965 0.5081549843750001 0.104147846875 0.4704032390625
1 0.299735390625 0.5916698625000001 0.25372161718749997 0.582725690625 0.2442407953125 0.631500290625 0.29025456875 0.6404444625 0.299735390625 0.5916698625000001