0 0.6574609375 0.1233854171875 0.5288515625 0.1233854171875 0.5288515625 0.2147395828125 0.6574609375 0.2147395828125 0.6574609375 0.1233854171875
0 0.8605703124999999 0.6730729171875 0.6586484375 0.6730729171875 0.6586484375 0.8269270828125 0.8605703124999999 0.8269270828125 0.8605703124999999 0.6730729171875
1 1 0.8781979171875 0.9038437500000001 0.8781979171875 0.9038437500000001 0.9599270828125 1 0.9599270828125 1 0.8781979171875
0 0.891828125 0.2580104171875 0.733171875 0.2580104171875 0.733171875 0.3701979171875 0.891828125 0.3701979171875 0.891828125 0.2580104171875
0 0.735578125 0.2964791671875 0.637015625 0.2964791671875 0.637015625 0.3621875 0.735578125 0.3621875 0.735578125 0.2964791671875
1 0.478359375 0.3894270828125 0.389421875 0.3894270828125 0.389421875 0.43911458281250004 0.478359375 0.43911458281250004 0.478359375 0.3894270828125
1 0.6370234375 0.77884375 0.5781328125 0.77884375 0.5781328125 0.8749895828125 0.6370234375 0.8749895828125 0.6370234375 0.77884375
1 0.7127343749999999 0.642625 0.639421875 0.642625 0.639421875 0.6875 0.7127343749999999 0.6875 0.7127343749999999 0.642625
1 0.6454296875 0.6714791671875 0.5949453124999999 0.6714791671875 0.5949453124999999 0.7227708328125 0.6454296875 0.7227708328125 0.6454296875 0.6714791671875
1 0.5889375 0.6730833328125 0.52884375 0.6730833328125 0.52884375 0.7291666671875 0.5889375 0.7291666671875 0.5889375 0.6730833328125
1 0.570921875 0.7307708328125 0.48557812499999997 0.7307708328125 0.48557812499999997 0.8253125000000001 0.570921875 0.8253125000000001 0.570921875 0.7307708328125
1 0.4194765625 0.7548020828124999 0.3689921875 0.7548020828124999 0.3689921875 0.8012812500000001 0.4194765625 0.8012812500000001 0.4194765625 0.7548020828124999
1 0.8473593749999999 0.46634374999999995 0.792078125 0.46634374999999995 0.792078125 0.5208229171875 0.8473593749999999 0.5208229171875 0.8473593749999999 0.46634374999999995
1 0.9999921875 0.4807708328125 0.9591328125 0.4807708328125 0.9591328125 0.5336458328125 0.9999921875 0.5336458328125 0.9999921875 0.4807708328125
1 0.8016875000000001 0.1266041671875 0.75240625 0.1266041671875 0.75240625 0.1682708328125 0.8016875000000001 0.1682708328125 0.8016875000000001 0.1266041671875
0 0.2800390625 0.2996875 0.1898984375 0.2996875 0.1898984375 0.3621875 0.2800390625 0.3621875 0.2800390625 0.2996875
0 0.7403828125 0.09134375 0.6454296875 0.09134375 0.6454296875 0.1346145828125 0.7403828125 0.1346145828125 0.7403828125 0.09134375
1 0.3870234375 0.6218020828124999 0.3365390625 0.6218020828124999 0.3365390625 0.65865625 0.3870234375 0.65865625 0.3870234375 0.6218020828124999
1 0.3641875 0.046479167187499996 0.328125 0.046479167187499996 0.328125 0.0849375 0.3641875 0.0849375 0.3641875 0.046479167187499996