0 0.176461034375 0.40000958593749997 0.3481106546875 0.3635243328125 0.31945782500000003 0.22872336718750003 0.147808203125 0.26520862031250003 0.176461034375 0.40000958593749997
0 0.05905606875 0.3332203625 0.20249224375 0.3027320625 0.18383217031250002 0.21494331562500002 0.04039599375 0.245431615625 0.05905606875 0.3332203625
0 0.3550141015625 0.8584885140624999 0.5219563859374999 0.8230038359374999 0.5036298359375 0.7367842 0.33668755156249996 0.772268878125 0.3550141015625 0.8584885140624999
0 0.1910392234375 0.6246479125 0.0229201046875 0.660382734375 0.050910217187499995 0.79206585625 0.2190293359375 0.756331034375 0.1910392234375 0.6246479125
1 0.9099487171874999 0.32439830000000003 0.9710829421874999 0.31140382031249997 0.9620864296875 0.26907855937499997 0.9009522046875 0.28207303906250003 0.9099487171874999 0.32439830000000003
1 0.7178560890625 0.54216831875 0.8013348734375001 0.5244243546875 0.7840089 0.442912053125 0.700530115625 0.46065601718750004 0.7178560890625 0.54216831875
1 0.4699250859375 0.1099055078125 0.502845865625 0.10290798125 0.4931823046875 0.057444496874999994 0.46026152343750004 0.0644420234375 0.4699250859375 0.1099055078125
1 0 0.3392237484375 0.0494939390625 0.3287034875 0.0404974265625 0.286378225 0 0.29498621875 0 0.3392237484375
1 0.0311725078125 0.5488654609375 0.073492675 0.5398700328125 0.0631620625 0.4912683234375 0.0208418953125 0.500263753125 0.0311725078125 0.5488654609375
1 0.728743559375 0.4546590640625 0.7698868937500001 0.445913778125 0.76055685625 0.40201940468749997 0.7194135234375 0.41076469062500004 0.728743559375 0.4546590640625
1 0.7821518984375 0.4400374125 0.8303562343750001 0.4297912640625 0.821359721875 0.3874660015625 0.7731553859375 0.39771215 0.7821518984375 0.4400374125
1 0.844420309375 0.6577975796875 0.899670365625 0.6460538171875 0.8916744281250001 0.6084358921875 0.836424371875 0.620179653125 0.844420309375 0.6577975796875
1 0.1413467359375 0.5238072015624999 0.1824900703125 0.515061915625 0.1734935578125 0.47273665468750004 0.1323502234375 0.4814819390625 0.1413467359375 0.5238072015624999
1 0.36707174375 0.47583851875 0.4058614109375 0.46759352187500003 0.3965313734375 0.4236991484375 0.3577417078125 0.4319441453125 0.36707174375 0.47583851875
1 0.568764128125 0.546010659375 0.6181452984375 0.53551436875 0.6104828859375 0.49946555468750004 0.561101715625 0.509961846875 0.568764128125 0.546010659375