1 0.359052709375 0.5502687984375 0.4224068609375 0.543610009375 0.4131931125 0.455947046875 0.3498389609375 0.46260583593750004 0.359052709375 0.5502687984375
1 0.2626231609375 0.874614815625 0.34868038281249997 0.8655698375 0.340305040625 0.7858837703125 0.2542478171875 0.7949287484374999 0.2626231609375 0.874614815625
1 0.30582682656250004 0.95225328125 0.373967115625 0.9450914484374999 0.3655917734375 0.8654053812500001 0.297451484375 0.8725672140625 0.30582682656250004 0.95225328125
1 0.3729362265625 1 0.4525748046875 0.9916296484375 0.44386409843749997 0.9087528234375 0.3231384640625 0.9214415984375 0.3313952859375 1 0.3729362265625 1
1 1 0.6279156703125001 0.853448378125 0.6433188671875001 0.8640013968750001 0.7437241390625 1 0.7294301109375 1 0.6279156703125001
0 0.569729946875 0.20907585625 0.7059949859375 0.1947538234375 0.69946195625 0.1325962046875 0.5631969171875 0.1469182375 0.569729946875 0.20907585625
0 0.724996003125 0.3410063625 0.8863727203125 0.3240449859375 0.8704582625 0.172629028125 0.7090815453125 0.1895904046875 0.724996003125 0.3410063625
0 0.5974728984375 0.5074877437499999 0.8484964406250001 0.48110410625 0.8240389578125 0.2484067015625 0.573015415625 0.2747903390625 0.5974728984375 0.5074877437499999
0 0.66011559375 0.6781455125 0.837031715625 0.6595508796875 0.8231272531249999 0.5272587484375 0.6462111312500001 0.5458533812499999 0.66011559375 0.6781455125
1 0.4675016421875 0.616221175 0.50575965625 0.6122000953125 0.5003982171875 0.5611894093750001 0.46214020156249996 0.5652104890625 0.4675016421875 0.616221175
1 0.0667147328125 0.655109096875 0.167130365625 0.6445549890625 0.16076501875 0.58399275 0.0603493859375 0.5945468578125 0.0667147328125 0.655109096875
1 0.066588625 0.6422497515625001 0.012791206250000001 0.6479040875 0.0208311875 0.7243993953125 0.07462860624999999 0.718745059375 0.066588625 0.6422497515625001
1 0.038092685937499995 0.88855685 0.0811212984375 0.8840343609374999 0.0690613265625 0.769291396875 0.0260327140625 0.7738138859375 0.038092685937499995 0.88855685
1 0.2366835234375 0.524449671875 0.2665657984375 0.52130891875 0.2588611796875 0.448004365625 0.2289789046875 0.45114511874999996 0.2366835234375 0.524449671875
1 0.195067928125 0.50788603125 0.214196934375 0.5058754921874999 0.210344625 0.469223215625 0.19121561874999998 0.4712337546875 0.195067928125 0.50788603125
1 0.495437275 0.30710775 0.5396624203125 0.3024595 0.5359777921875 0.26740260312499997 0.49175264687500003 0.2720508546875 0.495437275 0.30710775
1 0.1673945578125 0.6010285140625 0.2247660390625 0.594998528125 0.2197399625 0.5471786 0.16236848125 0.5532085859375 0.1673945578125 0.6010285140625