1 0.342546875 0.85096875 0.177890625 0.85096875 0.177890625 0.9679479171875001 0.342546875 0.9679479171875001 0.342546875 0.85096875
1 0.42909375 0.8637812500000001 0.375 0.8637812500000001 0.375 0.9038437500000001 0.42909375 0.9038437500000001 0.42909375 0.8637812500000001
1 0.9026406250000001 0.6971145828124999 0.8161093749999999 0.6971145828124999 0.8161093749999999 0.8718020828125 0.9026406250000001 0.8718020828125 0.9026406250000001 0.6971145828124999
1 0.9867812499999999 0.6458333328125 0.91346875 0.6458333328125 0.91346875 0.740375 0.9867812499999999 0.740375 0.9867812499999999 0.6458333328125
1 0.7427890625 0.5368541671875 0.6658671875 0.5368541671875 0.6658671875 0.6201875 0.7427890625 0.6201875 0.7427890625 0.5368541671875
1 0.753609375 0.8781979171875 0.698328125 0.8781979171875 0.698328125 0.95671875 0.753609375 0.95671875 0.753609375 0.8781979171875
1 0.6286015625 0.294875 0.5697109375 0.294875 0.5697109375 0.3429583328125 0.6286015625 0.3429583328125 0.6286015625 0.294875
1 0.683890625 0.2868541671875 0.621390625 0.2868541671875 0.621390625 0.3173125 0.683890625 0.3173125 0.683890625 0.2868541671875
1 0.7548046875 0.34134375 0.7043203124999999 0.34134375 0.7043203124999999 0.3878229171875 0.7548046875 0.3878229171875 0.7548046875 0.34134375
1 0.5360625 0.12179166718750001 0.46634374999999995 0.12179166718750001 0.46634374999999995 0.1666666671875 0.5360625 0.1666666671875 0.5360625 0.12179166718750001
0 0.615375 0.1842916671875 0.4326875 0.1842916671875 0.4326875 0.2612083328125 0.615375 0.2612083328125 0.615375 0.1842916671875
0 0.4447109375 0.1794791671875 0.3004765625 0.1794791671875 0.3004765625 0.3493541671875 0.4447109375 0.3493541671875 0.4447109375 0.1794791671875
0 0.6995234375 0.35578125 0.38582031250000004 0.35578125 0.38582031250000004 0.5560937499999999 0.6995234375 0.5560937499999999 0.6995234375 0.35578125
0 0.5552890625 0.5897291671875 0.3930234375 0.5897291671875 0.3930234375 0.7868541671875 0.5552890625 0.7868541671875 0.5552890625 0.5897291671875