1 0.5228359375 0.1490416671875 0.44832031250000004 0.1490416671875 0.44832031250000004 0.205125 0.5228359375 0.205125 0.5228359375 0.1490416671875
1 0.663453125 0.33334375 0.605765625 0.33334375 0.605765625 0.39103125 0.663453125 0.39103125 0.663453125 0.33334375
1 0.6069765625 0.3557708328125 0.5540859375 0.3557708328125 0.5540859375 0.40064583281250005 0.6069765625 0.40064583281250005 0.6069765625 0.3557708328125
1 0.7488046875000001 0.4230833328125 0.6959140625 0.4230833328125 0.6959140625 0.4711666671875 0.7488046875000001 0.4711666671875 0.7488046875000001 0.4230833328125
1 0.8761953124999999 0.5560833328125 0.8124921875 0.5560833328125 0.8124921875 0.625 0.8761953124999999 0.625 0.8761953124999999 0.5560833328125
1 0.7115390625 0.6570520828124999 0.6454296875 0.6570520828124999 0.6454296875 0.7323645828124999 0.7115390625 0.7323645828124999 0.7115390625 0.6570520828124999
1 0.8810078125 1 0.8810078125 0.8669895828125 0.7752421875 0.8669895828125 0.7752421875 1 0.8810078125 1
1 1 0.78365625 0.91346875 0.78365625 0.91346875 0.91346875 1 0.91346875 1 0.78365625
0 0.6875 0.42787499999999995 0.36778125 0.42787499999999995 0.36778125 0.66025 0.6875 0.66025 0.6875 0.42787499999999995
0 0.5841406250000001 0.21956250000000002 0.42067187500000003 0.21956250000000002 0.42067187500000003 0.2964791671875 0.5841406250000001 0.2964791671875 0.5841406250000001 0.21956250000000002
0 0.42066406250000005 0.2419791671875 0.2836484375 0.2419791671875 0.2836484375 0.3974375 0.42066406250000005 0.3974375 0.42066406250000005 0.2419791671875
0 0.49278125 0.7179479171875001 0.32571875 0.7179479171875001 0.32571875 0.8894270828125 0.49278125 0.8894270828125 0.49278125 0.7179479171875001