0 0.6486340125 0.42721509687500003 0.65762925625 0.5988545484375 0.7872638515625 0.5920606875 0.778268609375 0.4204212359375 0.6486340125 0.42721509687500003
0 0.751603246875 0.30988405625 0.758145240625 0.4347127484375 0.8301713968750001 0.4309380171875 0.8236294015625001 0.306109325 0.751603246875 0.30988405625
0 0.3616678 0.0956230640625 0.3747517890625 0.34528044687500004 0.5235892 0.337480209375 0.5105052109375 0.08782282500000001 0.3616678 0.0956230640625
0 0.29060842187499997 0.3015539328125 0.300358446875 0.48759549375000005 0.44118601562500004 0.480215034375 0.431435990625 0.294173471875 0.29060842187499997 0.3015539328125
1 0.173137225 0.7241482375 0.1815665859375 0.8849900078124999 0.24718486718750002 0.8815511 0.23875550781250002 0.7207093296875 0.173137225 0.7241482375
1 0.23044164375 0.7151289843749999 0.23748655312500003 0.84955388125 0.31589977812500003 0.84544441875 0.3088548671875 0.7110195203125 0.23044164375 0.7151289843749999
1 0 0.1843916984375 0.07564121562500001 0.18042750937500002 0.073062034375 0.1312137984375 0 0.1350428171875 0 0.1843916984375
1 0 0.22411019375 0.0168942921875 0.22322480156250002 0.0146299453125 0.1800184703125 0 0.18078519375 0 0.22411019375
1 0.477349128125 0.77198006875 0.47936242656249994 0.8103960984375 0.5177680546875 0.8083833453124999 0.51575475625 0.769967315625 0.477349128125 0.77198006875
1 0.397018115625 0.8929516187500001 0.39915652968750004 0.9337549984375 0.44236806250000005 0.9314903781250001 0.44022964687500005 0.8906869984375 0.397018115625 0.8929516187500001
1 0.6132017109375 0.8840314687499999 0.6154660578125 0.9272378 0.6522697171875 0.925309003125 0.65000536875 0.882102671875 0.6132017109375 0.8840314687499999
1 0.550152609375 0.3240637875 0.553360640625 0.3852766578125 0.5981741406250001 0.38292808125 0.5949661093749999 0.3217152125 0.550152609375 0.3240637875
1 0.53435306875 0.1756482109375 0.5385677484375 0.256069096875 0.5817792796875 0.25380447500000003 0.5775646 0.173383590625 0.53435306875 0.1756482109375
1 0.7277897375 0.2533654015625 0.7302429859374999 0.3001761609375 0.7942592984375 0.296821209375 0.79180605 0.25001045 0.7277897375 0.2533654015625
1 0.8722004453125001 0.742876825 0.873772978125 0.772882521875 0.9121786046875 0.77086976875 0.9106060734374999 0.740864071875 0.8722004453125001 0.742876825