1 0.427890625 0.017625 0.378609375 0.017625 0.378609375 0.0657083328125 0.427890625 0.0657083328125 0.427890625 0.017625
1 0.37980468749999996 0.2131354171875 0.3028828125 0.2131354171875 0.3028828125 0.2804479171875 0.37980468749999996 0.2804479171875 0.37980468749999996 0.2131354171875
1 0.576921875 0.2820520828125 0.474765625 0.2820520828125 0.474765625 0.34615625 0.576921875 0.34615625 0.576921875 0.2820520828125
1 0.2391796875 0.4679583328125 0.1334140625 0.4679583328125 0.1334140625 0.5512916671875 0.2391796875 0.5512916671875 0.2391796875 0.4679583328125
1 0 0.6442187500000001 0.04928125 0.6442187500000001 0.04928125 0.5656979171875001 0 0.5656979171875001 0 0.6442187500000001
1 0.5372656250000001 0.7211458328125 0.441109375 0.7211458328125 0.441109375 0.8108958328125 0.5372656250000001 0.8108958328125 0.5372656250000001 0.7211458328125
1 1 0.6185937499999999 0.9110625000000001 0.6185937499999999 0.9110625000000001 0.6794895828125 1 0.6794895828125 1 0.6185937499999999
1 0.7199453124999999 0.5528958328125 0.6610546875 0.5528958328125 0.6610546875 0.6538541671875 0.7199453124999999 0.6538541671875 0.7199453124999999 0.5528958328125
1 0.677875 0.47757291718749995 0.63821875 0.47757291718749995 0.63821875 0.5320520828124999 0.677875 0.5320520828124999 0.677875 0.47757291718749995
1 0.6478359375 0.5432604171875 0.5973515625 0.5432604171875 0.5973515625 0.5929479171875001 0.6478359375 0.5929479171875001 0.6478359375 0.5432604171875
0 0.9014374999999999 0.4727604171875 0.756 0.4727604171875 0.756 0.5993645828124999 0.9014374999999999 0.5993645828124999 0.9014374999999999 0.4727604171875
0 0.7079296875 0.0785208328125 0.5685078125 0.0785208328125 0.5685078125 0.1762708328125 0.7079296875 0.1762708328125 0.7079296875 0.0785208328125
0 0.780046875 0.0544791671875 0.686296875 0.0544791671875 0.686296875 0.1137708328125 0.780046875 0.1137708328125 0.780046875 0.0544791671875
0 0.921875 0.17628125 0.7920625 0.17628125 0.7920625 0.2996770828125 0.921875 0.2996770828125 0.921875 0.17628125
0 0.77884375 0.2243541671875 0.68990625 0.2243541671875 0.68990625 0.2900625 0.77884375 0.2900625 0.77884375 0.2243541671875