0 0.6535481125 0.6236758703125 0.6062310640625 0.41872321562500003 0.42666278125 0.460179821875 0.47397982968749997 0.665132475 0.6535481125 0.6236758703125
1 0.9084303328125 0.8300430859375 0.8905853875 0.7527481359375 0.7906515578125 0.775819678125 0.808496503125 0.853114628125 0.9084303328125 0.8300430859375
1 0.38264615 0.0842510671875 0.36723524531249996 0.0174991046875 0.3250734421875 0.027232925 0.340484346875 0.0939848859375 0.38264615 0.0842510671875
1 0.4483639109375 0.055504450000000004 0.4359283359375 0.0016400546875000002 0.387514321875 0.012817310937500001 0.3999498984375 0.06668170625 0.4483639109375 0.055504450000000004
1 0.47501964531249996 0 0.4893514203125 0.062077740625 0.5830330421875 0.040449632812500004 0.5736945078125 0 0.47501964531249996 0
1 0.301347425 0.6938908921875 0.2926938390625 0.65640809375 0.2567842421875 0.6646984781249999 0.265437828125 0.7021812765625 0.301347425 0.6938908921875
1 0.5186003109375 0.7017042578125 0.512111878125 0.673599771875 0.471513125 0.68297273125 0.47800155625 0.7110772187500001 0.5186003109375 0.7017042578125
1 0.70642318125 0.7743062765625 0.6945253796874999 0.7227712359375 0.6523635765625 0.7325050546874999 0.664261378125 0.784040096875 0.70642318125 0.7743062765625
1 0.8043426328125 0.7282471375 0.7913657703125 0.672038165625 0.7492039640625 0.681771984375 0.762180828125 0.7379809578125001 0.8043426328125 0.7282471375
1 0.9476245609375 0.5866202031250001 0.9300502609375 0.5104975421875 0.858231065625 0.527078309375 0.8758053671875 0.6032009703125001 0.9476245609375 0.5866202031250001
1 0.774469509375 0.869605765625 0.7920438109375 0.945728428125 0.9544388203124999 0.9082365859375001 0.93686451875 0.8321139234375 0.774469509375 0.869605765625
1 0.504579534375 0.740717528125 0.49403495468749997 0.6950439312500001 0.45031009843750003 0.7051386109375 0.46085467812500003 0.75081220625 0.504579534375 0.740717528125
1 0.360548603125 0.6012619515625001 0.35162788749999996 0.5626220890625 0.3266393546875 0.5683911453125 0.3355600703125 0.6070310078125 0.360548603125 0.6012619515625001
1 0.4145157515625 0.186683875 0.405862165625 0.14920107656249998 0.376184478125 0.1560527109375 0.3848380640625 0.193535509375 0.4145157515625 0.186683875