1 0.757113021875 0.454323040625 0.7785469875000001 0.31899430624999997 0.6535015296875 0.29918905156250003 0.6320675625 0.4345177859375 0.757113021875 0.454323040625
1 0.578497909375 0.6292460109375 0.59936724375 0.49748221406250004 0.53129905625 0.486701271875 0.5104297203125 0.61846506875 0.578497909375 0.6292460109375
1 0.06982564999999999 0.62414053125 0.0758434875 0.5861453953125 0.034689806249999997 0.5796272921875001 0.02867196875 0.617622428125 0.06982564999999999 0.62414053125
1 0.31595530312500003 0.9551802781250001 0.3125711859375 0.9765467546875 0.39329413125 0.9893320140625 0.39667825 0.9679655374999999 0.31595530312500003 0.9551802781250001
1 0.3705126140625 0.8360529546875 0.3757776109375 0.80281106875 0.336208346875 0.7965439125 0.33094334999999997 0.8297857984375 0.3705126140625 0.8360529546875
1 0.6952223265625 0.23034459531249998 0.7025551921875001 0.184046703125 0.636071421875 0.173516709375 0.62873855625 0.2198146 0.6952223265625 0.23034459531249998
0 0.51429755 0.778493471875 0.5351668843749999 0.6467296734375 0.4291138484375 0.6299325234375 0.40824451406250006 0.7616963203125 0.51429755 0.778493471875
0 0.35512203593749997 0.7897945703125 0.3925392046875 0.553551865625 0.21526972500000002 0.5254751375 0.17785255625000002 0.76171784375 0.35512203593749997 0.7897945703125
0 0.261097 0.6459159921875 0.284598834375 0.4975312515625 0.1453142015625 0.47547073281249996 0.12181236718749999 0.6238554734374999 0.261097 0.6459159921875
0 0.12564654375 0.7327569671874999 0.146515878125 0.60099316875 0.087954190625 0.591717909375 0.0670848546875 0.7234817062500001 0.12564654375 0.7327569671874999
1 0.474537890625 0.968131890625 0.48281180625 0.9158924374999999 0.427418953125 0.907119071875 0.41914503593749997 0.9593585250000001 0.474537890625 0.968131890625
1 0.5343831640625 1 0.5442355765625 0.93779431875 0.474582971875 0.9267624296875001 0.4640529765625 0.9932462015624999 0.5066947875000001 1 0.5343831640625 1
1 0.21246758593749998 0.8402164624999999 0.219612240625 0.795106884375 0.1847962265625 0.7895925687500001 0.177651571875 0.834702146875 0.21246758593749998 0.8402164624999999
1 0.14494850625 0.774762365625 0.15152853125000001 0.733217725 0.12302960781250001 0.7287039390625 0.1164495828125 0.7702485796875 0.14494850625 0.774762365625