0 0.296875 0.1987291671875 0.15384375 0.1987291671875 0.15384375 0.2756458328125 0.296875 0.2756458328125 0.296875 0.1987291671875
0 0.13702343749999998 0.2131458328125 0.0000078125 0.2131458328125 0.0000078125 0.3798125 0.13702343749999998 0.3798125 0.13702343749999998 0.2131458328125
0 0.362984375 0.35415625 0.061296874999999994 0.35415625 0.061296874999999994 0.5673020828124999 0.362984375 0.5673020828124999 0.362984375 0.35415625
0 0.2403828125 0.6153854171875001 0.0721171875 0.6153854171875001 0.0721171875 0.7419895828125 0.2403828125 0.7419895828125 0.2403828125 0.6153854171875001
1 0.484375 0.66346875 0.41946874999999995 0.66346875 0.41946874999999995 0.7628229171875 0.484375 0.7628229171875 0.484375 0.66346875
1 0.10096093749999999 0.8108854171875001 0.0216328125 0.8108854171875001 0.0216328125 0.83653125 0.10096093749999999 0.83653125 0.10096093749999999 0.8108854171875001
1 0.7391796875 1 0.7391796875 0.9535312499999999 0.6490390625 0.9535312499999999 0.6490390625 1 0.7391796875 1
1 0.6310156250000001 0.89584375 0.566109375 0.89584375 0.566109375 0.9951979171875 0.6310156250000001 0.9951979171875 0.6310156250000001 0.89584375
1 0.895421875 0.73878125 0.8088906250000001 0.73878125 0.8088906250000001 0.7932604171875 0.895421875 0.7932604171875 0.895421875 0.73878125
1 0.9915859375 0.7756458328125 0.9074453124999999 0.7756458328125 0.9074453124999999 0.8733958328125 0.9915859375 0.8733958328125 0.9915859375 0.7756458328125
1 0.5733203125 0.5849375 0.5204296875 0.5849375 0.5204296875 0.6650625 0.5733203125 0.6650625 0.5733203125 0.5849375
1 0.49759374999999995 0.4406979171875 0.46153125 0.4406979171875 0.46153125 0.4807604171875 0.49759374999999995 0.4807604171875 0.49759374999999995 0.4406979171875
1 0.431484375 0.35417708281250004 0.358171875 0.35417708281250004 0.358171875 0.3878229171875 0.431484375 0.3878229171875 0.431484375 0.35417708281250004
1 0.36657812500000003 0.28525 0.308890625 0.28525 0.308890625 0.3365416671875 0.36657812500000003 0.3365416671875 0.36657812500000003 0.28525
1 1 0.875 0.9627421875 0.875 0.9627421875 0.927875 1 0.927875 1 0.875