1 0.29153783906249997 0.136235478125 0.300711578125 0.089040684375 0.2535116703125 0.07986595156250001 0.2443379328125 0.1270607453125 0.29153783906249997 0.136235478125
1 0.955166865625 0.14890718125 0.9682387718750001 0.08165805000000001 0.9241882531250001 0.073095496875 0.9111163453125 0.1403446265625 0.955166865625 0.14890718125
1 0.8891584171875 0.774007975 0.953659503125 0.786545715625 0.9788880296875 0.656756196875 0.91438694375 0.64421845625 0.8891584171875 0.774007975
1 0.9465065656249999 0.6553644515625 0.9588912625000001 0.5916507125 0.875514303125 0.5754438734375 0.86312960625 0.6391576125 0.9465065656249999 0.6553644515625
1 0.91216819375 1 0.9201784875 0.9587906109375 0.8572623187499999 0.9465609468749999 0.8468748187499999 1 0.91216819375 1
1 0.8256409437500001 1 0.8335905703125001 0.9591027171875 0.78954005 0.9505401625 0.77992603125 1 0.8256409437500001 1
1 0.7819820156249999 0.989477471875 0.8060627078125 0.8655930546875 0.6912327765625 0.8432723765624999 0.6671520859375 0.9671567953125001 0.7819820156249999 0.989477471875
1 0.715668978125 0.8602628109375001 0.7298872296875001 0.7871162484374999 0.6638114500000001 0.7742724171875001 0.6495931984375 0.84741898125 0.715668978125 0.8602628109375001
1 0.6601347109375 0.5580593578124999 0.6729785406250001 0.491983578125 0.5943256640625 0.47669500625000005 0.5814818328125 0.5427707859375 0.6601347109375 0.5580593578124999
1 0.738457975 0.4826737828125 0.7501539703125 0.4225031046875 0.6982504328125 0.412414078125 0.6865544375 0.47258475781250003 0.738457975 0.4826737828125
1 0.79345955625 0.5105080984375 0.8102000640625 0.42438565156249997 0.7504230578125 0.41276617812499994 0.7336825499999999 0.4988886265625 0.79345955625 0.5105080984375
1 0.618511290625 0.385899484375 0.6370883359375 0.2903288765625 0.589888428125 0.28115414375 0.5713113843750001 0.376724753125 0.618511290625 0.385899484375
1 0.38114222343750004 0.2883303359375 0.39191995 0.23288373906249998 0.3573175921875 0.226157721875 0.346539865625 0.2816043203125 0.38114222343750004 0.2883303359375
0 0.3494836453125 0.21607136875 0.37700486093749996 0.0744869859375 0.3203772421875 0.0634796921875 0.2928560265625 0.20506407499999998 0.3494836453125 0.21607136875
0 0.33761901875 0 0.33037689375 0.037257503125 0.49240673125 0.0687529125 0.50577094375 0 0.33761901875 0
0 0.6259115546875 0.331014059375 0.678658315625 0.059655495312499994 0.49145383125000003 0.023266629687500002 0.43870706875 0.29462519375 0.6259115546875 0.331014059375
0 0.8160574625000001 0.24308637968750002 0.8428899781249999 0.1050450578125 0.7138878046875 0.079969575 0.6870552890625 0.2180108984375 0.8160574625000001 0.24308637968750002
1 0.6011795921875 0.684970021875 0.6126460203125 0.6259803625 0.5560184031250001 0.61497306875 0.544551975 0.673962728125 0.6011795921875 0.684970021875