0 0.338678046875 0.48891128124999994 0.5038521578124999 0.45680468750000003 0.480001034375 0.33410128906250003 0.314826921875 0.36620788437499996 0.338678046875 0.48891128124999994
1 0.179127603125 0.6570588703125 0.2345742015625 0.64628114375 0.22234254999999997 0.58335475 0.16689595156249998 0.5941324781249999 0.179127603125 0.6570588703125
1 0.6800998671875 0.8470108921874999 0.7284756812500001 0.8376075875 0.7137992890625 0.7621040953125 0.665423475 0.7715074015625001 0.6800998671875 0.8470108921874999
1 0.460053378125 1 0.4482761375 0.9394113515625 0.37040549375 0.9545478718749999 0.3792404921875 1 0.460053378125 1
1 0.39457474062500003 0.9025007421875 0.4346834140625 0.89470440625 0.4230639421875 0.8349274015624999 0.38295526875 0.8427237375000001 0.39457474062500003 0.9025007421875
1 0.24911053437500003 0.8785350546874999 0.31636733437500003 0.8654616578125 0.30566613125000003 0.8104087328125 0.23840933125000002 0.8234821312499999 0.24911053437500003 0.8785350546874999
1 0.16272567031250001 0.8120783171875001 0.226439409375 0.7996936203125 0.21879512499999998 0.76036718125 0.1550813859375 0.772751878125 0.16272567031250001 0.8120783171875001
1 0.5480899265625 1 0.552924128125 0.9990603265625 0.537941646875 0.92198214375 0.4494571578125 0.9391817859374999 0.461279021875 1 0.5480899265625 1
1 0.93677704375 0.7628317203125 0.9792477578125001 0.7545762500000001 0.96304091875 0.671199290625 0.9205702046875001 0.6794547609375 0.93677704375 0.7628317203125
1 0.7939289406250001 0.7775462703125 0.8411237343750001 0.7683725328125 0.8334794484374999 0.72904609375 0.7862846546875 0.73821983125 0.7939289406250001 0.7775462703125
1 0.88279356875 0.4598892640625 0.9689160171875001 0.44314875625 0.9591291046875 0.39279946093749996 0.8730066578125 0.40953996875 0.88279356875 0.4598892640625
1 0.7991112015625 0.44512705468749997 0.8463059953125001 0.43595331562500006 0.8389678 0.39820157031250003 0.7917730046875 0.407375309375 0.7991112015625 0.44512705468749997
1 0.7838226296874999 0.36647417656250003 0.861693275 0.35133765625 0.854355078125 0.3135859109375 0.776484434375 0.32872243125 0.7838226296874999 0.36647417656250003
1 0.7923401937500001 0.31583523593749996 0.8713918578125 0.3004691484375 0.864665840625 0.26586679062499996 0.7856141765625 0.28123287812500003 0.7923401937500001 0.31583523593749996
1 0.761717728125 0.1519909140625 0.7900315359375 0.1464872671875 0.7836116093750001 0.11345960156249998 0.7552978 0.11896324843749999 0.761717728125 0.1519909140625
1 0.7161967437500001 0.1886099375 0.7704623203125001 0.1780617765625 0.7618997671875001 0.1340112578125 0.7076341890625 0.1445594171875 0.7161967437500001 0.1886099375
1 0.2740877234375 0.41493911875 0.3000394921875 0.40989460624999996 0.29422776875 0.3799958796875 0.268276 0.38504039218749997 0.2740877234375 0.41493911875
1 0.24119421718749998 0.3968413234375 0.28366493125000003 0.388585853125 0.27846538593750003 0.3618365125 0.23599467343749997 0.3700919828125 0.24119421718749998 0.3968413234375
1 0.140316665625 0.596030584375 0.0140778765625 0.6205689203125 0.050160651562500005 0.806198709375 0.1763994421875 0.781660375 0.140316665625 0.596030584375
1 0.68156701875 0.4451178734375 0.7193289890625 0.43777768906250003 0.713517265625 0.4078789625 0.6757552953125 0.4152191453125 0.68156701875 0.4451178734375
1 0.9400067218749999 0.3132576078125 0.9718559234375 0.30706675156249996 0.96512990625 0.27246439218749996 0.9332807046875 0.27865525 0.9400067218749999 0.3132576078125
1 0.6878378640625 0.767139875 0.7244188140625 0.7600292578125 0.7140237 0.7065510265625 0.6774427484375 0.71366164375 0.6878378640625 0.767139875
1 0.27983247499999997 0.255454453125 0.3199411484375 0.2476581171875 0.31382730937500003 0.2162051453125 0.2737186359375 0.2240014828125 0.27983247499999997 0.255454453125