1 0.6538515625 0.5448854171875 0.5588984375 0.5448854171875 0.5588984375 0.6618645828124999 0.6538515625 0.6618645828124999 0.6538515625 0.5448854171875
1 0.9663437500000001 0.7179583328125 0.875 0.7179583328125 0.875 0.7804583328125 0.9663437500000001 0.7804583328125 0.9663437500000001 0.7179583328125
1 1 0.7580104171875 0.96875 0.7580104171875 0.96875 0.8285312499999999 1 0.8285312499999999 1 0.7580104171875
1 0.8389453124999999 1 0.8389453124999999 0.9567395828124999 0.6995234375 0.9567395828124999 0.6995234375 1 0.8389453124999999 1
1 0.688703125 0.8958229171875001 0.639421875 0.8958229171875001 0.639421875 0.9871770828124999 0.688703125 0.9871770828124999 0.688703125 0.8958229171875001
1 0.5456796875000001 0.6602604171875 0.49519531250000004 0.6602604171875 0.49519531250000004 0.7147395828125 0.5456796875000001 0.7147395828125 0.5456796875000001 0.6602604171875
1 0.567296875 0.7083229171875 0.480765625 0.7083229171875 0.480765625 0.7580104171875 0.567296875 0.7580104171875 0.567296875 0.7083229171875
1 0.1502421875 0.8205104171875 0.0889453125 0.8205104171875 0.0889453125 0.9022395828124999 0.1502421875 0.9022395828124999 0.1502421875 0.8205104171875
1 0 0.9455104171875 0.0889375 0.9455104171875 0.0889375 0.8076979171875 0 0.8076979171875 0 0.9455104171875
1 0.2500078125 0.1682708328125 0.18389843749999998 0.1682708328125 0.18389843749999998 0.2131458328125 0.2500078125 0.2131458328125 0.2500078125 0.1682708328125
0 0.316109375 0.2099270828125 0.193515625 0.2099270828125 0.193515625 0.2804479171875 0.316109375 0.2804479171875 0.316109375 0.2099270828125
0 0 0.37659375 0.1935078125 0.37659375 0.1935078125 0.2355729171875 0 0.2355729171875 0 0.37659375
0 0.4086484375 0.36859375 0.11297656250000002 0.36859375 0.11297656250000002 0.5721145828124999 0.4086484375 0.5721145828124999 0.4086484375 0.36859375
0 0.2920625 0.6266041671875 0.11778124999999999 0.6266041671875 0.11778124999999999 0.7692291671875 0.2920625 0.7692291671875 0.2920625 0.6266041671875
1 0.46032812500000003 0.34615625 0.400234375 0.34615625 0.400234375 0.3894270828125 0.46032812500000003 0.3894270828125 0.46032812500000003 0.34615625
1 0.4014375 0.2948854171875 0.34375 0.2948854171875 0.34375 0.3493645828125 0.4014375 0.3493645828125 0.4014375 0.2948854171875
1 0.546875 0.4214791671875 0.48196874999999995 0.4214791671875 0.48196874999999995 0.47435416718749995 0.546875 0.47435416718749995 0.546875 0.4214791671875