0 0.3981663609375 0.7145642734375001 0.3476893015625 0.4770883765625 0.2175752921875 0.5047449625 0.268052353125 0.7422208593749999 0.3981663609375 0.7145642734375001
0 0.2167955109375 0.5319388390625 0.19555603125 0.43201494843750005 0.1124746203125 0.44967444843750004 0.13371409843749998 0.5495983390625 0.2167955109375 0.5319388390625
0 0.1738307890625 0.6381297328125 0.1525913109375 0.5382058421875 0.0930261984375 0.5508667984375 0.1142656765625 0.6507906890624999 0.1738307890625 0.6381297328125
0 0.4138971265625 0.44948542968750005 0.390156209375 0.3377932 0.29297316875 0.35845009375000003 0.3167140859375 0.47014232187499994 0.4138971265625 0.44948542968750005
0 0.73873325 0.821579346875 0.76697025625 0.9544240171875 0.9315639671874999 0.9194385437499999 0.9033269609374999 0.7865938734375 0.73873325 0.821579346875
1 0.94339358125 0.7977335453125 0.9204030968750001 0.68957181875 0.8341834609375001 0.7078983671875 0.8571739468749999 0.8160600953125 0.94339358125 0.7977335453125
1 0.7674635359375 0.7331421703125 0.7479718140625 0.6414408328125 0.696252259375 0.6524341625 0.7157439812499999 0.7441355 0.7674635359375 0.7331421703125
1 0.7231349234375 0.6479420921875 0.7131389203125 0.600914590625 0.6582811421875 0.6125749703125 0.6682771468750001 0.6596024734375 0.7231349234375 0.6479420921875
1 0.708761790625 0.595702946875 0.694766734375 0.5298613875 0.646165025 0.5401919984375 0.66016008125 0.6060335593749999 0.708761790625 0.595702946875
1 0.5480542984375 0.209632471875 0.520564475 0.08030301875 0.46256847187499994 0.09263045 0.490058296875 0.221959903125 0.5480542984375 0.209632471875
1 0.5051248968750001 0 0.5313689703125 0.1234686609375 0.61445038125 0.10580916250000001 0.59195995 0 0.5051248968750001 0
1 0.5735113171874999 0.8689904015625001 0.563015025 0.81960923125 0.5050190234375 0.8319366609375001 0.5155153140625 0.88131783125 0.5735113171874999 0.8689904015625001
1 0.552514540625 1 0.5976879625 0.9903980921875 0.576198340625 0.88929736875 0.5229096734375 0.9006242234374999 0.5440326484375 1 0.552514540625 1
1 0.537696025 0.7389705734375001 0.5249516875 0.6790131828125 0.4747808671875 0.6896773203125 0.487525203125 0.7496347109375 0.537696025 0.7389705734375001
1 0.9681230234375 0.574990153125 0.9473805843750001 0.477404646875 0.864299171875 0.4950641453125 0.8850416109375001 0.5926496515624999 0.9681230234375 0.574990153125
1 0.3136651328125 0.7718377546874999 0.3054201359375 0.7330480890625 0.280334725 0.7383801562500001 0.2885797234375 0.7771698234375 0.3136651328125 0.7718377546874999