0 0.264673371875 0.4141507421875 0.4269142828125 0.4169826671875 0.429095834375 0.2920017046875 0.2668549234375 0.2891697796875 0.264673371875 0.4141507421875
1 0.0763431171875 0.5294648234375 0.13402183125 0.5304716078125 0.13500062031249999 0.474396815625 0.07732190781250001 0.47339002968750005 0.0763431171875 0.5294648234375
1 0.1090928953125 0.9259301015625001 0.1884089375 0.92731456875 0.1896676921875 0.855200553125 0.11035165 0.8538160859374999 0.1090928953125 0.9259301015625001
1 0.1771906921875 0.9495700890625001 0.27694112187500003 0.951311240625 0.278731084375 0.8487643609375001 0.1789806546875 0.8470232109375001 0.1771906921875 0.9495700890625001
1 0 0.9913382125 0.039413121875 0.992026171875 0.041203084375 0.8894792921875 0 0.888760090625 0 0.9913382125
1 0.09554056250000001 0.9449256406250001 0.09470139375 0.9930016500000001 0.17642332031250002 0.9944281125 0.1772624890625 0.946352103125 0.09554056250000001 0.9449256406250001
1 0.0424131140625 0.7516669203124999 0.107309478125 0.7527996906250001 0.1081766453125 0.7031197578125 0.0432802796875 0.7019869875 0.0424131140625 0.7516669203124999
1 0.160687809375 0.793810434375 0.206352728125 0.79460751875 0.2072478921875 0.7433236640625001 0.16158297187499998 0.7425265796875 0.160687809375 0.793810434375
1 0.4273556796875 0.8048723656250001 0.48503439375 0.8058791515625 0.486348778125 0.730578121875 0.42867006406249997 0.7295713359375 0.4273556796875 0.8048723656250001
1 0.145491321875 0.4248848625 0.194765065625 0.4257449390625 0.19518465000000002 0.4017069359375 0.14591090625 0.400846859375 0.145491321875 0.4248848625
1 0.2277162796875 0.3285552140625 0.25896151875 0.329100603125 0.259437096875 0.301854753125 0.22819185625 0.301309365625 0.2277162796875 0.3285552140625
1 0.8582291281250001 0.49984568749999997 0.98080420625 0.5019852421875 0.9816713734375 0.4523053109375 0.8590962953125001 0.45016575468750003 0.8582291281250001 0.49984568749999997
1 0.7466328828125001 0.4882713015625 0.8379627203125001 0.48986546875 0.8388298875 0.4401855375 0.7475000484375001 0.43859136875000004 0.7466328828125001 0.4882713015625
1 0.6810805875 0.4566745265625 0.725542565625 0.4574506125 0.7261577625 0.42220598125000003 0.6816957859375 0.42142989531249997 0.6810805875 0.4566745265625
1 0.731093346875 0.34536375 0.7959897109375 0.3464965203125 0.7966609015625 0.30804404375 0.7317645374999999 0.3069112734375 0.731093346875 0.34536375
1 0.785381740625 0.128319821875 0.8154240390625 0.1288442125 0.8161512234374999 0.0871838921875 0.786108925 0.08665950312500001 0.785381740625 0.128319821875
1 0.749569071875 0.182182175 0.7832201953125 0.18276955781249998 0.7837794 0.150732771875 0.750128275 0.1501453890625 0.749569071875 0.182182175
1 0.7011904890625 0.198975828125 0.7528701156250001 0.19987789843749998 0.753625296875 0.1566136546875 0.70194566875 0.155711584375 0.7011904890625 0.198975828125
1 0.8294804890625 0.2188428234375 0.8859562609375 0.2198286109375 0.8865434609375 0.1861879015625 0.8300676890625001 0.18520211250000002 0.8294804890625 0.2188428234375
1 0.6685008609375 0.764189315625 0.7405992546875 0.7654477984375 0.741941634375 0.688542846875 0.6698432421875 0.6872843640624999 0.6685008609375 0.764189315625
1 0.5545185546875 0.75098970625 0.6037922984375 0.7518497828124999 0.6044634890625 0.7133973078125 0.55518974375 0.71253723125 0.5545185546875 0.75098970625
1 0.6850953640624999 0.91514775625 0.7764252015625 0.9167419234375 0.777208378125 0.8718737593749999 0.685878540625 0.8702795906249999 0.6850953640624999 0.91514775625
1 0.6225492515625 0.9861815765624999 0.6850397328125 0.987272353125 0.6857949125 0.9440081093750001 0.62330443125 0.9429173343749999 0.6225492515625 0.9861815765624999
1 0.46716113281249994 0.728628371875 0.5092172265625 0.7293624624999999 0.510056396875 0.6812864515625 0.468000303125 0.680552359375 0.46716113281249994 0.728628371875
1 0.163596184375 0.4893148171875 0.20926110312500001 0.49011189999999993 0.20973668124999997 0.46286605156249994 0.1640717625 0.46206896718749996 0.163596184375 0.4893148171875
1 0.2794711796875 0.1868222921875 0.3143252453125 0.1874306734375 0.3148288203125 0.1585809 0.2799747546875 0.1579725203125 0.2794711796875 0.1868222921875
1 0.7051436234375 0.3865733921875 0.7796479 0.38787386874999996 0.78029109375 0.35102531406250004 0.7057868187499999 0.3497248375 0.7051436234375 0.3865733921875
1 0.8840544921875001 0.39771834687499996 0.956152884375 0.3989768296875 0.956656459375 0.37012705625 0.8845580671875 0.368868575 0.8840544921875001 0.39771834687499996