0 0.6911015625 0.3525729171875 0.5180234375 0.3525729171875 0.5180234375 0.5000104171875 0.6911015625 0.5000104171875 0.6911015625 0.3525729171875
1 0.882203125 0.5721145828124999 0.8221093749999999 0.5721145828124999 0.8221093749999999 0.6426354171875001 0.882203125 0.6426354171875001 0.882203125 0.5721145828124999
1 0.21033593750000001 0.35896875 0.12860156250000002 0.35896875 0.12860156250000002 0.39903125 0.21033593750000001 0.39903125 0.21033593750000001 0.35896875
1 0.2199609375 0.4054583328125 0.1382265625 0.4054583328125 0.1382265625 0.44712500000000005 0.2199609375 0.44712500000000005 0.2199609375 0.4054583328125
1 0.215140625 0.4887916671875 0.168265625 0.4887916671875 0.168265625 0.52725 0.215140625 0.52725 0.215140625 0.4887916671875
1 0.384625 0.7948645828124999 0.34615625 0.7948645828124999 0.34615625 0.8525520828125 0.384625 0.8525520828125 0.384625 0.7948645828124999
1 0.7103359375 0.8685833328125 0.6646640625 0.8685833328125 0.6646640625 0.9375 0.7103359375 0.9375 0.7103359375 0.8685833328125
1 0.8569687500000001 0.8157083328124999 0.7860625 0.8157083328124999 0.7860625 0.884625 0.8569687500000001 0.884625 0.8569687500000001 0.8157083328124999
1 0.9326953124999999 0.7628125 0.8605859375 0.7628125 0.8605859375 0.8108958328125 0.9326953124999999 0.8108958328125 0.9326953124999999 0.7628125
1 0.7920703125 0.5560937499999999 0.7463984375 0.5560937499999999 0.7463984375 0.5929479171875001 0.7920703125 0.5929479171875001 0.7920703125 0.5560937499999999
1 0.8185 0.48396875 0.76321875 0.48396875 0.76321875 0.52403125 0.8185 0.52403125 0.8185 0.48396875
1 0.737984375 0.365375 0.7091406250000001 0.365375 0.7091406250000001 0.3894166671875 0.737984375 0.3894166671875 0.737984375 0.365375
1 0.7031171875 0.1955104171875 0.6622578125 0.1955104171875 0.6622578125 0.23878125 0.7031171875 0.23878125 0.7031171875 0.1955104171875
1 0.7019296875000001 0.23878125 0.6670703125 0.23878125 0.6670703125 0.2644270828125 0.7019296875000001 0.2644270828125 0.7019296875000001 0.23878125
1 0.19952343749999998 0.1826875 0.1778828125 0.1826875 0.1778828125 0.2211458328125 0.19952343749999998 0.2211458328125 0.19952343749999998 0.1826875
1 0.2523984375 0.2003229171875 0.2019140625 0.2003229171875 0.2019140625 0.24359375 0.2523984375 0.24359375 0.2523984375 0.2003229171875
1 0.1358125 0.5064062500000001 0.052875000000000005 0.5064062500000001 0.052875000000000005 0.56409375 0.1358125 0.56409375 0.1358125 0.5064062500000001
1 0.134609375 0.7996875 0.090140625 0.7996875 0.090140625 0.8974375 0.134609375 0.8974375 0.134609375 0.7996875
1 0.2764375 0.8381458328125 0.23678125 0.8381458328125 0.23678125 0.8862291671875001 0.2764375 0.8862291671875001 0.2764375 0.8381458328125
1 0.765625 0.3429479171875 0.72115625 0.3429479171875 0.72115625 0.37659375 0.765625 0.37659375 0.765625 0.3429479171875
1 0.421875 0.2820520828125 0.38340625 0.2820520828125 0.38340625 0.3076979171875 0.421875 0.3076979171875 0.421875 0.2820520828125
1 0.9483124999999999 0.56090625 0.921875 0.56090625 0.921875 0.5945520828124999 0.9483124999999999 0.5945520828124999 0.9483124999999999 0.56090625
1 1 0.5929583328125 0.890625 0.5929583328125 0.890625 0.7115416671875 1 0.7115416671875 1 0.5929583328125
1 0.06009375 0.3894270828125 0.015625 0.3894270828125 0.015625 0.41828125 0.06009375 0.41828125 0.06009375 0.3894270828125
1 0.409859375 0.8477604171875001 0.362984375 0.8477604171875001 0.362984375 0.9391145828124999 0.409859375 0.9391145828124999 0.409859375 0.8477604171875001