0 0.573328125 0.1233958328125 0.441109375 0.1233958328125 0.441109375 0.2339791671875 0.573328125 0.2339791671875 0.573328125 0.1233958328125
0 0.6802890625 0.0849270828125 0.5697109375 0.0849270828125 0.5697109375 0.1522395828125 0.6802890625 0.1522395828125 0.6802890625 0.0849270828125
0 0.8257109375 0.2531979171875 0.6754765625 0.2531979171875 0.6754765625 0.3974270828125 0.8257109375 0.3974270828125 0.8257109375 0.2531979171875
0 0.6622578125 0.322125 0.5540859375 0.322125 0.5540859375 0.4230833328125 0.6622578125 0.4230833328125 0.6622578125 0.322125
0 0.74759375 0.77403125 0.52403125 0.77403125 0.52403125 0.9807604171875001 0.74759375 0.9807604171875001 0.74759375 0.77403125
1 0.6009609375 0.7275625 0.49519531250000004 0.7275625 0.49519531250000004 0.7964791671875 0.6009609375 0.7964791671875 0.6009609375 0.7275625
1 0.51321875 0.75 0.45071874999999995 0.75 0.45071874999999995 0.822125 0.51321875 0.822125 0.51321875 0.75
1 0.46153125 0.7660208328125 0.37259375 0.7660208328125 0.37259375 0.8461458328125 0.46153125 0.8461458328125 0.46153125 0.7660208328125
1 0.3930234375 0.8221145828124999 0.2824453125 0.8221145828124999 0.2824453125 0.9551354171875 0.3930234375 0.9551354171875 0.3930234375 0.8221145828124999
1 0.48317187500000003 1 0.48317187500000003 0.9070416671875 0.400234375 0.9070416671875 0.400234375 1 0.48317187500000003 1
1 1 0.5673125 0.9350937500000001 0.5673125 0.9350937500000001 0.6602708328125 1 0.6602708328125 1 0.5673125
1 1 0.4919895828125 0.8930312499999999 0.4919895828125 0.8930312499999999 0.5801354171875001 1 0.5801354171875001 1 0.4919895828125
1 0.7668203124999999 0.5144166671875 0.6923046875 0.5144166671875 0.6923046875 0.6009583328125 0.7668203124999999 0.6009583328125 0.7668203124999999 0.5144166671875
1 0.3581640625 0.4310833328125 0.25480468749999996 0.4310833328125 0.25480468749999996 0.5032083328125 0.3581640625 0.5032083328125 0.3581640625 0.4310833328125
1 0.13702343749999998 0.31571875 0.060101562500000004 0.31571875 0.060101562500000004 0.41186458281249994 0.13702343749999998 0.41186458281249994 0.13702343749999998 0.31571875
1 0.30528125 0.03365625 0.24518749999999997 0.03365625 0.24518749999999997 0.09134375 0.30528125 0.09134375 0.30528125 0.03365625
1 0.22956249999999997 0.8429583328125 0.16465625 0.8429583328125 0.16465625 0.9166666671874999 0.22956249999999997 0.9166666671874999 0.22956249999999997 0.8429583328125
1 0.2007265625 0.7083333328125 0.1502421875 0.7083333328125 0.1502421875 0.7644166671875 0.2007265625 0.7644166671875 0.2007265625 0.7083333328125
1 0.45071874999999995 0.5833333328125 0.37740625 0.5833333328125 0.37740625 0.6634583328125 0.45071874999999995 0.6634583328125 0.45071874999999995 0.5833333328125
1 1 0.7628125 0.9026484375000001 0.7628125 0.9026484375000001 0.8910208328125 1 0.8910208328125 1 0.7628125
1 0.734375 0.1105729171875 0.68028125 0.1105729171875 0.68028125 0.1778854171875 0.734375 0.1778854171875 0.734375 0.1105729171875
1 0.8810156250000001 0.27884375 0.811296875 0.27884375 0.811296875 0.31890625 0.8810156250000001 0.31890625 0.8810156250000001 0.27884375
1 0.9495234375000001 0.4342916671875 0.8882265625000001 0.4342916671875 0.8882265625000001 0.4759583328125 0.9495234375000001 0.4759583328125 0.9495234375000001 0.4342916671875
1 0.6141875 0.2564166671875 0.57571875 0.2564166671875 0.57571875 0.294875 0.6141875 0.294875 0.6141875 0.2564166671875
1 0.5552890625 0.2644270828125 0.5180234375 0.2644270828125 0.5180234375 0.29328125 0.5552890625 0.29328125 0.5552890625 0.2644270828125