0 0.8233318859375001 0.2798611234375 0.8366613453125 0.388420859375 0.9018798984374999 0.380413028125 0.8885504390625 0.2718532921875 0.8233318859375001 0.2798611234375
0 0.7500251203125 0.3796953703125 0.7677494921875 0.5240488015625 0.8791007640625 0.510376584375 0.8613763921875 0.366023153125 0.7500251203125 0.3796953703125
0 0.5418543734375 0.17033256875 0.562800665625 0.34092643906250003 0.6948299812500001 0.3247152765625 0.6738836890625 0.1541214078125 0.5418543734375 0.17033256875
0 0.5611012609375 0.353240959375 0.574430721875 0.46180069531249995 0.669859896875 0.450083465625 0.6565304375000001 0.3415237296875 0.5611012609375 0.353240959375
0 0.0180039265625 0.3484783125 0.0467136765625 0.582300475 0.2360004984375 0.559058975 0.207290746875 0.3252368140625 0.0180039265625 0.3484783125
1 0.5132700828125001 0.660642690625 0.526892790625 0.7715907390625001 0.593703553125 0.763387409375 0.5800808453124999 0.652439359375 0.5132700828125001 0.660642690625
1 0.6361881765625 0.8465641984375001 0.6465889640625 0.931271809375 0.7149919375 0.9228729796874999 0.7045911499999999 0.83816536875 0.6361881765625 0.8465641984375001
1 0.1918479453125 0.6335025203125 0.20297994843749997 0.7241654078125 0.288876546875 0.7136186328125 0.2777445453125 0.6229557453125001 0.1918479453125 0.6335025203125
1 0.35307185625000004 0.6052215921874999 0.36068869062500003 0.6672557265625 0.424315034375 0.6594433937499999 0.4166982 0.597409259375 0.35307185625000004 0.6052215921874999
1 0 0.2744015328125 0.0724024765625 0.2655116265625 0.060830601562499996 0.1712662671875 0 0.1787353265625 0 0.2744015328125
1 0.391464196875 0.08948760312500001 0.38179748281250003 0.01075853125 0.3118023015625 0.019352859375 0.321469015625 0.0980819296875 0.391464196875 0.08948760312500001
1 0.47671492187500003 0.12624715312499998 0.4613355828125 0.00099248125 0.372254565625 0.0119302546875 0.38763390468750003 0.1371849265625 0.47671492187500003 0.12624715312499998
1 0.1368463171875 0.040842623437499996 0.1576459859375 0.2102423359375 0.241950375 0.199891059375 0.22115070625 0.030491346875000002 0.1368463171875 0.040842623437499996
1 0.2131750109375 0.47829337499999997 0.22548000625000003 0.57850951875 0.277960884375 0.572065678125 0.2656558890625 0.471849534375 0.2131750109375 0.47829337499999997
1 0.196119084375 0.5760616578125 0.20329604687499997 0.6345133203125 0.260553553125 0.6274829828125 0.253376590625 0.56903131875 0.196119084375 0.5760616578125
1 0.1240399046875 0.6466611999999999 0.015883390625 0.6599411500000001 0.02437996875 0.7291402265625 0.1325364828125 0.7158602765625 0.1240399046875 0.6466611999999999
1 0.10808942656250001 0.7140291000000001 0.120832390625 0.81781220625 0.2226304046875 0.8053129828125 0.20988744062500003 0.7015298750000001 0.10808942656250001 0.7140291000000001
1 0.17428028125 0.8584766531250001 0.182776859375 0.9276757312499999 0.2352577375 0.9212318890625 0.226761159375 0.8520328125000001 0.17428028125 0.8584766531250001
1 0.3070980203125 0.8881756781249999 0.3129572703125 0.9358954359375 0.3511289390625 0.9312085437500001 0.345269690625 0.8834887859375 0.3070980203125 0.8881756781249999
1 0.40028094062499997 0.26642730625 0.40950873593750003 0.34158165937499996 0.4635818234375 0.33494231874999997 0.45435402968750005 0.259787965625 0.40028094062499997 0.26642730625
1 0.793024628125 0.23030243437500003 0.7985906296875 0.275633878125 0.8399467203125001 0.2705559875 0.83438071875 0.22522454375 0.793024628125 0.23030243437500003
1 0.6878246578125 0.372794575 0.692072946875 0.40739411406250003 0.725467990625 0.4032937171875 0.7212197015624999 0.36869417968749996 0.6878246578125 0.372794575
1 0.624812934375 0.1226089265625 0.6300856875 0.16555205625 0.661888521875 0.16164715937500002 0.6566157671874999 0.1187040296875 0.624812934375 0.1226089265625
1 0.4728596171875 0.068607671875 0.47886549062499995 0.1175215875 0.5186293703125 0.11263919687499999 0.5126234968750001 0.06372528281249999 0.4728596171875 0.068607671875