0 0.67909375 0.0865416671875 0.56971875 0.0865416671875 0.56971875 0.15225 0.67909375 0.15225 0.67909375 0.0865416671875
0 0.5889375 0.12498958281250001 0.44349999999999995 0.12498958281250001 0.44349999999999995 0.2371770828125 0.5889375 0.2371770828125 0.5889375 0.12498958281250001
0 0.8221093749999999 0.2852604171875 0.6502343749999999 0.2852604171875 0.6502343749999999 0.41828125 0.8221093749999999 0.41828125 0.8221093749999999 0.2852604171875
0 0.63821875 0.3253229171875 0.52884375 0.3253229171875 0.52884375 0.42146875 0.63821875 0.42146875 0.63821875 0.3253229171875
0 0.7091328125 0.7692291671875 0.47355468749999996 0.7692291671875 0.47355468749999996 0.9599375 0.7091328125 0.9599375 0.7091328125 0.7692291671875
1 0.3389375 0.43909374999999995 0.22715625 0.43909374999999995 0.22715625 0.5064062500000001 0.3389375 0.5064062500000001 0.3389375 0.43909374999999995
1 0.139421875 0.3381458328125 0.054078125 0.3381458328125 0.054078125 0.4070625 0.139421875 0.4070625 0.139421875 0.3381458328125
1 0.40504687500000003 0.7355833328125 0.313703125 0.7355833328125 0.313703125 0.822125 0.40504687500000003 0.822125 0.40504687500000003 0.7355833328125
1 0.41346875 0.5945520828124999 0.35096875 0.5945520828124999 0.35096875 0.65865625 0.41346875 0.65865625 0.41346875 0.5945520828124999
1 0.8798046875000001 1 0.8798046875000001 0.8958333328125001 0.7848515625 0.8958333328125001 0.7848515625 1 0.8798046875000001 1
1 1 0.5576979171875001 0.9206796875000001 0.5576979171875001 0.9206796875000001 0.62821875 1 0.62821875 1 0.5576979171875001
1 1 0.4775625 0.8738046875000001 0.4775625 0.8738046875000001 0.5673125 1 0.5673125 1 0.4775625
1 0.9999921875 0.7195520828124999 0.8293203124999999 0.7195520828124999 0.8293203124999999 0.8044895828125 0.9999921875 0.8044895828125 0.9999921875 0.7195520828124999
1 0.5565 0.7291666671875 0.45553125000000005 0.7291666671875 0.45553125000000005 0.7820416671875 0.5565 0.7820416671875 0.5565 0.7291666671875
1 0.4615390625 0.7531979171875001 0.4026484375 0.7531979171875001 0.4026484375 0.8108854171875001 0.4615390625 0.8108854171875001 0.4615390625 0.7531979171875001
1 0.40025000000000005 1 0.40025000000000005 0.8910312499999999 0.33053125 0.8910312499999999 0.33053125 1 0.40025000000000005 1
1 0.33532812500000003 0.8125104171875 0.230765625 0.8125104171875 0.230765625 0.9150729171875 0.33532812500000003 0.9150729171875 0.33532812500000003 0.8125104171875
1 0.183890625 0.8141041671875 0.11417187499999999 0.8141041671875 0.11417187499999999 0.8669791671875 0.183890625 0.8669791671875 0.183890625 0.8141041671875
1 0.1382265625 0.7003125 0.0901484375 0.7003125 0.0901484375 0.7387708328125 0.1382265625 0.7387708328125 0.1382265625 0.7003125
1 0.7439843749999999 0.5160312499999999 0.668265625 0.5160312499999999 0.668265625 0.5705104171875 0.7439843749999999 0.5705104171875 0.7439843749999999 0.5160312499999999
1 0.7319765625 0.134625 0.6863046875000001 0.134625 0.6863046875000001 0.1762916671875 0.7319765625 0.1762916671875 0.7319765625 0.134625
1 0.6033671875 0.2644270828125 0.5685078125 0.2644270828125 0.5685078125 0.2980729171875 0.6033671875 0.2980729171875 0.6033671875 0.2644270828125
1 0.8593671875 0.2980833328125 0.8161015624999999 0.2980833328125 0.8161015624999999 0.330125 0.8593671875 0.330125 0.8593671875 0.2980833328125
1 0.9314843749999999 0.4343020828125 0.882203125 0.4343020828125 0.882203125 0.47436458281249994 0.9314843749999999 0.47436458281249994 0.9314843749999999 0.4343020828125