1 0.8783550078125 1 0.8932032703124999 0.906251759375 0.727009275 0.879929215625 0.7119687531250001 0.9748913359375001 0.8704986140625 1 0.8783550078125 1
1 0.83725558125 0.8292495046875 0.7494130484375 0.8153366140625 0.7378825250000001 0.8881374750000001 0.8257250578124999 0.902050365625 0.83725558125 0.8292495046875
1 0.7617628359374999 0.7296722078125 0.6561110484375 0.712938609375 0.636556740625 0.8363996515625001 0.742208528125 0.85313325 0.7617628359374999 0.7296722078125
1 0.78782539375 0.595883378125 0.633499090625 0.5714404921875 0.612690046875 0.7028236203125 0.76701635 0.7272665046875 0.78782539375 0.595883378125
1 0.5942059484375 0.8118367015624999 0.5407781828125 0.803374575 0.5269891359375001 0.8904351859374999 0.5804169031249999 0.8988973124999999 0.5942059484375 0.8118367015624999
1 0.5169955749999999 0.7768905937499999 0.41253209999999996 0.7603452046875 0.3959858953125 0.8648138234375 0.5004493703125 0.8813592124999999 0.5169955749999999 0.7768905937499999
1 0.5691806890625 0.8776488109375 0.4848876625 0.86429810625 0.46984714062500005 0.9592602265625001 0.5541401671874999 0.9726109296875001 0.5691806890625 0.8776488109375
1 0.44877274375000004 0.74662684375 0.34549758124999996 0.7302696656250001 0.335720428125 0.7920001875 0.438995590625 0.8083573656249999 0.44877274375000004 0.74662684375
0 0.21084694843750001 0.5969813312500001 0.036334764062500004 0.5693413171875 0.021792878125 0.6611551796875 0.1963050609375 0.68879519375 0.21084694843750001 0.5969813312500001
1 0 0.6041588859375 0.0668650859375 0.614749275 0.085666553125 0.4960414828125 0 0.482473234375 0 0.6041588859375
1 0.46372858125 0.429362484375 0.39962143437500003 0.4192089109375 0.38959333281249997 0.4825238484375 0.45370047968750005 0.49267742343750004 0.46372858125 0.429362484375
1 0.6336280750000001 0.4400302921875 0.5350907296875 0.4244235109375 0.5228073656250001 0.5019776234375 0.6213447109375 0.5175844046875 0.6336280750000001 0.4400302921875
1 0.3490342171875 0.239193621875 0.2979830765625 0.231107915625 0.29246876093749996 0.2659239296875 0.3435199015625 0.2740096359375 0.3490342171875 0.239193621875
1 0.3787501640625 0.297434259375 0.33601721093750003 0.290666025 0.331252478125 0.320749365625 0.37398543125 0.3275176015625 0.3787501640625 0.297434259375
0 0.2855502328125 0.0944597921875 0.12054455 0.068325459375 0.10976360781250001 0.1363936484375 0.274769290625 0.16252798125 0.2855502328125 0.0944597921875
0 0.25106192968749996 0.212328290625 0.0445116046875 0.1796139328125 0.007658253125 0.41229684375 0.2142085765625 0.44501120156249996 0.25106192968749996 0.212328290625