0 0.376203125 0.2900520828125 0.056484374999999996 0.2900520828125 0.056484374999999996 0.5064062500000001 0.376203125 0.5064062500000001 0.376203125 0.2900520828125
0 0.3605703125 0.1650729171875 0.21874218750000002 0.1650729171875 0.21874218750000002 0.2468020828125 0.3605703125 0.2468020828125 0.3605703125 0.1650729171875
1 0.3100859375 0.5913333328125 0.17547656250000002 0.5913333328125 0.17547656250000002 0.6842916671875 0.3100859375 0.6842916671875 0.3100859375 0.5913333328125
1 0 0.8573645828125 0.16946875 0.8573645828125 0.16946875 0.68909375 0 0.68909375 0 0.8573645828125
0 0.441109375 0.6858958328125 0.266828125 0.6858958328125 0.266828125 0.7580208328125 0.441109375 0.7580208328125 0.441109375 0.6858958328125
1 0.7512109375 0.8349375 0.6851015625 0.8349375 0.6851015625 0.9487291671875001 0.7512109375 0.9487291671875001 0.7512109375 0.8349375
1 0.8545703124999999 0.8733958328125 0.7752421875 0.8733958328125 0.7752421875 0.9471041671875 0.8545703124999999 0.9471041671875 0.8545703124999999 0.8733958328125
1 0.8918203124999999 1 0.8918203124999999 0.9327083328124999 0.7680234375 0.9327083328124999 0.7680234375 1 0.8918203124999999 1
1 0.579328125 0.6233958328125 0.5252343749999999 0.6233958328125 0.5252343749999999 0.6650625 0.579328125 0.6650625 0.579328125 0.6233958328125
1 0.6009609375 0.6618645828124999 0.5396640625 0.6618645828124999 0.5396640625 0.7323854171875 0.6009609375 0.7323854171875 0.6009609375 0.6618645828124999
1 0.6274140625 0.4679479171875 0.5588984375 0.4679479171875 0.5588984375 0.5593020828124999 0.6274140625 0.5593020828124999 0.6274140625 0.4679479171875
1 0.9314843749999999 0.6394166671875 0.842546875 0.6394166671875 0.842546875 0.6955 0.9314843749999999 0.6955 0.9314843749999999 0.6394166671875
1 0.9903906250000001 0.6875104171875 0.938703125 0.6875104171875 0.938703125 0.7660312499999999 0.9903906250000001 0.7660312499999999 0.9903906250000001 0.6875104171875
1 0.9999921875 0.7996666671875 0.9386953124999999 0.7996666671875 0.9386953124999999 0.8894166671875 0.9999921875 0.8894166671875 0.9999921875 0.7996666671875
1 0.47115625000000005 0.3060833328125 0.41946874999999995 0.3060833328125 0.41946874999999995 0.3269166671875 0.47115625000000005 0.3269166671875 0.47115625000000005 0.3060833328125
1 0.5240390625 0.3637916671875 0.4807734375 0.3637916671875 0.4807734375 0.4166666671875 0.5240390625 0.4166666671875 0.5240390625 0.3637916671875
1 0.12980468750000002 0.2099479171875 0.0576953125 0.2099479171875 0.0576953125 0.2468020828125 0.12980468750000002 0.2468020828125 0.12980468750000002 0.2099479171875
1 0.2800390625 0.09456250000000001 0.2367734375 0.09456250000000001 0.2367734375 0.1266041671875 0.2800390625 0.1266041671875 0.2800390625 0.09456250000000001
1 0.4014375 0.19390625 0.359375 0.19390625 0.359375 0.2307604171875 0.4014375 0.2307604171875 0.4014375 0.19390625
1 0.43149218749999996 0.7708437499999999 0.37019531250000004 0.7708437499999999 0.37019531250000004 0.8285312499999999 0.43149218749999996 0.8285312499999999 0.43149218749999996 0.7708437499999999