0 0.3538400796875 0.8306004937499999 0.505346596875 0.8573151796875 0.5264954984375 0.737373803125 0.3749889796875 0.7106591171875001 0.3538400796875 0.8306004937499999
0 0.2403471046875 0.8512691484375001 0.3598935328125 0.872348409375 0.37074654375 0.8107979249999999 0.251200115625 0.7897186640625 0.2403471046875 0.8512691484375001
0 0.0799575765625 0.5772760625 0.263424184375 0.609626175 0.2887478765625 0.466008378125 0.10528126874999999 0.4336582640625 0.0799575765625 0.5772760625
0 0.262509053125 0.5248353515625 0.41046102968750003 0.5509232765625 0.425210271875 0.46727616875000005 0.2772582953125 0.44118824375 0.262509053125 0.5248353515625
0 0.58569839375 0.42235806406250004 0.72063244375 0.446150578125 0.731764015625 0.383020296875 0.596829965625 0.35922778437499997 0.58569839375 0.42235806406250004
1 0.60555590625 0.482818565625 0.68012431875 0.49596698906250003 0.6926486921875 0.4249377296875 0.6180802812499999 0.41178930625000004 0.60555590625 0.482818565625
1 0.879891190625 0.6434593828125 0.9591989890624999 0.6574434874999999 0.9719983078125001 0.58485495 0.8926905078124999 0.5708708453125 0.879891190625 0.6434593828125
1 0.646299978125 0.0994549625 0.709035309375 0.11051689375 0.7165492109375 0.067903440625 0.6538138796874999 0.056841509375 0.646299978125 0.0994549625
1 0.08812900312500001 0.21258157031249997 0.16862165 0.2267745953125 0.18587431875 0.128929840625 0.1053816734375 0.114736815625 0.08812900312500001 0.21258157031249997
1 0.12189021250000001 0.6302371875 0.1917192375 0.642549928125 0.198954578125 0.601516271875 0.12912555312500001 0.5892035296875 0.12189021250000001 0.6302371875
1 0.1849824375 0.812218153125 0.23114530000000003 0.8203579109374999 0.2406055078125 0.76670640625 0.1944426453125 0.7585666484375 0.1849824375 0.812218153125
1 0.2506232765625 0.6545546359375 0.2991558328125 0.663112234375 0.304998371875 0.62997755625 0.2564658140625 0.6214199578125 0.2506232765625 0.6545546359375
1 0.3623676078125 0.1177303515625 0.4109001640625 0.12628794999999998 0.4284313953125 0.0268634015625 0.3798988375 0.018305801562499998 0.3623676078125 0.1177303515625
1 0.6407757890625 0.98209244375 0.675105571875 0.9881457109375 0.6826194734375 0.9455322578124999 0.648289690625 0.9394789906250001 0.6407757890625 0.98209244375