1 0.12637554687500002 0.5683234421875001 0.11907147031250001 0.526899965625 0.084356996875 0.5330210640625 0.09166107343749999 0.5744445406249999 0.12637554687500002 0.5683234421875001
1 0.503571046875 0.206459415625 0.4839515171875 0.09519152656249999 0.4097831828125 0.10826940468749999 0.4294027140625 0.21953729375000003 0.503571046875 0.206459415625
1 0.4671772609375 0 0.48625854375 0.1082153390625 0.5414898453125 0.0984765703125 0.52412576875 0 0.4671772609375 0
1 0.6260550015625 0.541237265625 0.6170795609375 0.4903350140625 0.5413314312499999 0.503691453125 0.5503068718749999 0.5545937046875 0.6260550015625 0.541237265625
1 0.6223326390625 0.5846129328125 0.6144018015625 0.5396349171875 0.5686287578125 0.5477059390625 0.5765595953125 0.5926839562499999 0.6223326390625 0.5846129328125
1 0.659384640625 0.6378787734375 0.650618121875 0.58816136875 0.5890676375 0.5990143812500001 0.59783415625 0.648731784375 0.659384640625 0.6378787734375
1 0.7826498 0.7186622234375 0.7605259359375001 0.593191559375 0.691076471875 0.6054373749999999 0.713200334375 0.7309080375 0.7826498 0.7186622234375
1 0.47909885625 0.778279003125 0.466786115625 0.7084499796875 0.413134609375 0.7179101875 0.42544734999999995 0.7877392125 0.47909885625 0.778279003125
1 0.4596007484375 0.6584617078125 0.45041638749999996 0.6063746109375 0.41412211875000005 0.6127742703125 0.4233064796875 0.6648613671875 0.4596007484375 0.6584617078125
1 0.377169975 0.781607459375 0.3675704875 0.72716605625 0.3312762171875 0.733565715625 0.34087570624999997 0.78800711875 0.377169975 0.781607459375
1 0.277482125 0.6869090796874999 0.26996912812499996 0.64430075625 0.2415533203125 0.64931123125 0.2490663171875 0.691919553125 0.277482125 0.6869090796874999
1 0.241857071875 0.5772496453125 0.23413515468749999 0.533456475 0.21203852968749998 0.53735270625 0.21976044843749998 0.581145875 0.241857071875 0.5772496453125
1 0.23933912031250001 0.49836342343749995 0.2303636796875 0.4474611734375 0.20668726093749998 0.45163596406249995 0.21566270156249998 0.502538215625 0.23933912031250001 0.49836342343749995
1 0.517519828125 0.9130928984375 0.5133468453125001 0.8894267375 0.4628344140625 0.898333440625 0.467007396875 0.921999603125 0.517519828125 0.9130928984375
1 0.5141695562499999 0.8941525453124999 0.5033165453125 0.8326020609375 0.44334585468750004 0.8431765109375 0.454198865625 0.9047269953124999 0.5141695562499999 0.8941525453124999
1 0.5328529343749999 0.9909332140625 0.5253399375 0.9483248906249999 0.49062546406249996 0.9544459890624999 0.49813846249999993 0.9970543125000001 0.5328529343749999 0.9909332140625
0 0.1459678375 0.5502244375 0.1315658921875 0.46854694375 0.084213053125 0.4768965265625 0.0986149984375 0.5585740203125 0.1459678375 0.5502244375
0 0.1911289984375 0.455600990625 0.1725540703125 0.35025733593749997 0.0857473703125 0.3655637 0.1043222984375 0.47090735468749995 0.1911289984375 0.455600990625
0 0.36801254375000003 0.6282347421875001 0.33065376562500004 0.4163625875 0.1696787328125 0.444746828125 0.207037509375 0.656618984375 0.36801254375000003 0.6282347421875001
0 0.3911699078125 0.39958353281250003 0.3719682171875 0.2906853375 0.302518753125 0.30293115312499996 0.3217204421875 0.411829346875 0.3911699078125 0.39958353281250003
0 0.8012383468750001 0.8886893234375 0.7695149953125 0.7087772578125 0.6053803703125 0.7377186203125 0.637103721875 0.9176306875 0.8012383468750001 0.8886893234375
1 1 0.9176171625 0.994903996875 0.888716296875 0.9049377046875 0.90457978125 0.9103642109375001 0.9353550234375 1 0.919549815625 1 0.9176171625