0 0.5874174046875 0.0973680515625 0.4781090328125 0.09355091875 0.4754246796875 0.1704207296875 0.5847330515625 0.1742378625 0.5874174046875 0.0973680515625
0 0.67988826875 0.066910015625 0.5801834171875 0.06342824531249999 0.57811416875 0.12268379375 0.67781901875 0.12616556406249999 0.67988826875 0.066910015625
0 0.67286929375 0.233433165625 0.5671680984374999 0.22974199843749998 0.563644703125 0.33063883125000004 0.6693458984375 0.3343299984375 0.67286929375 0.233433165625
0 0.8023431625 0.21069830625 0.6618038281249999 0.205790565625 0.6586156140625 0.2970890796875 0.7991549484375 0.301996821875 0.8023431625 0.21069830625
0 0.7697892656249999 0.4885856390625 0.6124320578125 0.4830906046875 0.6083495437499999 0.5999985109375 0.7657067515625 0.6054935453125 0.7697892656249999 0.4885856390625
1 0.44643089218750004 0.3121097578125 0.3551427859375 0.30892190625 0.353744625 0.3489600015625 0.44503273125 0.352147853125 0.44643089218750004 0.3121097578125
1 0 0.5242316796875001 0.10215465937499998 0.527799 0.104111940625 0.4717498296875 0.000815528125 0.4681426390625 0 0.4914963140625 0 0.5242316796875001
1 0.3241868109375 0.7472231421875 0.2220927921875 0.743657940625 0.22024748125000002 0.79650073125 0.3223415 0.8000659328124999 0.3241868109375 0.7472231421875
1 0.7430041203125 0.7393973890625001 0.6925505000000001 0.737635509375 0.689978115625 0.8112989421875 0.7404317375 0.813060821875 0.7430041203125 0.7393973890625001
1 0.8417430906250001 0.632194690625 0.7444430234375 0.6287968984375001 0.7422618046875 0.691258825 0.8395618718750001 0.6946566171875 0.8417430906250001 0.632194690625
1 0.944663225 0.647024753125 0.9951090375 0.6487863593750001 0.9976261640624999 0.5767052968749999 0.94718035 0.574943690625 0.944663225 0.647024753125
1 0.97678996875 0.415619578125 0.8927006000000001 0.4126831125 0.8913024390625001 0.4527212078125 0.9753918078125 0.45565767343749997 0.97678996875 0.415619578125
1 0.7527560078125 0.3564940546875 0.6926988656249999 0.3543968125 0.6911887343750001 0.3976412859375 0.7512458765625001 0.399738528125 0.7527560078125 0.3564940546875
1 0.9299071281250001 0.7940159812500001 0.9899642703125 0.7961132234375 0.9926486234375 0.7192434140625 0.93259148125 0.717146171875 0.9299071281250001 0.7940159812500001
1 0.9708895953125 0.5501101687500001 0.8711847453124999 0.5466283984375 0.8693946921875 0.5978888203125 0.9690995421874999 0.601370590625 0.9708895953125 0.5501101687500001
1 0.54396596875 0.5496479671875 0.47909925781249996 0.547382771875 0.477141978125 0.6034319421875 0.5420086890625 0.6056971375 0.54396596875 0.5496479671875
1 0.2569762453125 0.22691473750000002 0.1764940515625 0.22410423750000003 0.1747039984375 0.275364659375 0.25518619062500003 0.27817515937500004 0.2569762453125 0.22691473750000002