1 0.5508898656250001 0.17522233125 0.58981751875 0.18278909999999998 0.5999065453125 0.1308855625 0.5609788921875001 0.12331879375000002 0.5508898656250001 0.17522233125
1 0 0.6868832406250001 0.048006073437500005 0.6962146765624999 0.0758323859375 0.5530607109375001 0 0.5383203875 0 0.6868832406250001
1 0.0044450437500000006 0.762845790625 0.11417255625 0.784174659375 0.13894195 0.65674718125 0.029214435937499998 0.6354183124999999 0.0044450437500000006 0.762845790625
1 0.6966777765625001 1 0.720175959375 0.8791123328125 0.549096746875 0.8458579015625001 0.5249395328124999 0.9701359921874999 0.6785765359375 1 0.6966777765625001 1
1 0.47572343593750005 0.9083070640625 0.54416125625 0.921610028125 0.5508872734375 0.8870076703124999 0.482449453125 0.8737047062500001 0.47572343593750005 0.9083070640625
1 0.159700525 0.8648545375 0.2116194 0.8749465437499999 0.22140631093750002 0.8245972515625001 0.1694874359375 0.81450524375 0.159700525 0.8648545375
1 0.24447151875 0.5548124249999999 0.3294129453125 0.5713233671875 0.3395019703125 0.5194198296875 0.25456054375 0.5029088890625 0.24447151875 0.5548124249999999
1 0.14128127968749998 0.43679829843749995 0.192019134375 0.44666073749999996 0.20027559843749998 0.4041849125 0.14953774375 0.39432247187499997 0.14128127968749998 0.43679829843749995
1 0.40901341406249997 0.325590803125 0.457389228125 0.3349941078125 0.4650335140625 0.29566766875 0.4166577 0.2862643640625 0.40901341406249997 0.325590803125
1 0.2718029984375 0.35115025312500003 0.3307926578125 0.36261668125 0.3378247640625 0.32643963125000003 0.2788351046875 0.314973203125 0.2718029984375 0.35115025312500003
0 0.38016181250000003 0.7134194953125 0.5583118093749999 0.748048346875 0.5846076734375 0.6127678515625 0.40645767812500005 0.578139 0.38016181250000003 0.7134194953125
0 0.464852440625 0.233586259375 0.6123265875 0.2622523296875 0.6254765078125 0.1946018546875 0.47800236093750004 0.165935784375 0.464852440625 0.233586259375
0 0.5856782875000001 0.3615545546875 0.7237196109374999 0.38838707031249997 0.7521581015625001 0.24208371875 0.614116778125 0.215251203125 0.5856782875000001 0.3615545546875
0 0.2933591515625 0.4859589265625 0.601298665625 0.5458163046875 0.637075353125 0.3617612078125 0.32913583750000003 0.30190382968749996 0.2933591515625 0.4859589265625