0 0.6394296875000001 0.15865625 0.4927890625 0.15865625 0.4927890625 0.2820520828125 0.6394296875000001 0.2820520828125 0.6394296875000001 0.15865625
0 0.760828125 0.11697916718750001 0.628609375 0.11697916718750001 0.628609375 0.1858958328125 0.760828125 0.1858958328125 0.760828125 0.11697916718750001
0 0.983171875 0.3766041671875 0.777640625 0.3766041671875 0.777640625 0.5288541671875 0.983171875 0.5288541671875 0.983171875 0.3766041671875
0 0.78365625 0.45192708281250005 0.63221875 0.45192708281250005 0.63221875 0.5480729171875 0.78365625 0.5480729171875 0.78365625 0.45192708281250005
1 0.490390625 0.6009583328125 0.358171875 0.6009583328125 0.358171875 0.6634583328125 0.490390625 0.6634583328125 0.490390625 0.6009583328125
1 0.45553125000000005 0.5576979171875001 0.39303125 0.5576979171875001 0.39303125 0.6153854171875001 0.45553125000000005 0.6153854171875001 0.45553125000000005 0.5576979171875001
1 0.155046875 0.4054583328125 0.072109375 0.4054583328125 0.072109375 0.5064166671875 0.155046875 0.5064166671875 0.155046875 0.4054583328125
1 0.34134375 0.0576875 0.2860625 0.0576875 0.2860625 0.0993541671875 0.34134375 0.0993541671875 0.34134375 0.0576875
1 0.8197109375 0.8894166671875 0.7451953125 0.8894166671875 0.7451953125 0.9871666671874999 0.8197109375 0.9871666671874999 0.8197109375 0.8894166671875
1 0.5228359375 0.9358958328125 0.4567265625 0.9358958328125 0.4567265625 0.9951874999999999 0.5228359375 0.9951874999999999 0.5228359375 0.9358958328125
1 0.8773984374999999 0.5560833328125 0.7896640625 0.5560833328125 0.7896640625 0.6041666671875 0.8773984374999999 0.6041666671875 0.8773984374999999 0.5560833328125
1 0.780046875 0.3173125 0.737984375 0.3173125 0.737984375 0.3589791671875 0.780046875 0.3589791671875 0.780046875 0.3173125
1 0.822125 0.1506458328125 0.76803125 0.1506458328125 0.76803125 0.2035208328125 0.822125 0.2035208328125 0.822125 0.1506458328125
1 0.9314921875 0.3285208328125 0.8521640625 0.3285208328125 0.8521640625 0.3669791671875 0.9314921875 0.3669791671875 0.9314921875 0.3285208328125