0 0.5264375 0.45513541718750006 0.27403125 0.45513541718750006 0.27403125 0.65865625 0.5264375 0.65865625 0.5264375 0.45513541718750006
1 0.7175546875000001 0.6346145828124999 0.6358203125 0.6346145828124999 0.6358203125 0.6923020828124999 0.7175546875000001 0.6923020828124999 0.7175546875000001 0.6346145828124999
1 0.5841406250000001 0.4455208328125 0.550484375 0.4455208328125 0.550484375 0.4775625 0.5841406250000001 0.4775625 0.5841406250000001 0.4455208328125
1 0.62740625 0.40384374999999995 0.56490625 0.40384374999999995 0.56490625 0.44390625000000006 0.62740625 0.44390625000000006 0.62740625 0.40384374999999995
1 0.5420703125 0.1923020828125 0.49399218749999996 0.1923020828125 0.49399218749999996 0.24678125 0.5420703125 0.24678125 0.5420703125 0.1923020828125
1 0.550484375 0.2451979171875 0.508421875 0.2451979171875 0.508421875 0.2852604171875 0.550484375 0.2852604171875 0.550484375 0.2451979171875
1 0.8101015625000001 0.7884583328125 0.7259609375 0.7884583328125 0.7259609375 0.9310833328125 0.8101015625000001 0.9310833328125 0.8101015625000001 0.7884583328125
1 0.9002421875 0.75 0.8545703124999999 0.75 0.8545703124999999 0.8060833328125 0.9002421875 0.8060833328125 0.9002421875 0.75
1 0.9134609375 0.8012708328124999 0.8858203124999999 0.8012708328124999 0.8858203124999999 0.8317291671874999 0.9134609375 0.8317291671874999 0.9134609375 0.8012708328124999
1 0.9555312499999999 0.8125 0.8930312499999999 0.8125 0.8930312499999999 0.892625 0.9555312499999999 0.892625 0.9555312499999999 0.8125
1 0.984375 0.9294895828125 0.9350937500000001 0.9294895828125 0.9350937500000001 0.9695520828124999 0.984375 0.9695520828124999 0.984375 0.9294895828125
1 0.9999921875 0.8621770828124999 0.9254765624999999 0.8621770828124999 0.9254765624999999 0.9471145828124999 0.9999921875 0.9471145828124999 0.9999921875 0.8621770828124999
1 0.078125 0.40864583281250005 0.026437500000000003 0.40864583281250005 0.026437500000000003 0.4535208328125 0.078125 0.4535208328125 0.078125 0.40864583281250005
1 0.43509374999999995 0.3028854171875 0.4014375 0.3028854171875 0.4014375 0.3317395828125 0.43509374999999995 0.3317395828125 0.43509374999999995 0.3028854171875