0 0.8950498484375 0.29021938281250004 0.742804525 0.25507078125 0.7074778375 0.40808747968750003 0.8597231593749999 0.44323608124999997 0.8950498484375 0.29021938281250004
0 0.993077446875 0.27174521875 0.85605665625 0.2401114765625 0.83370683125 0.336919203125 0.970727621875 0.3685529453125 0.993077446875 0.27174521875
0 0.699164678125 0.7861145703125 0.5551101546874999 0.7528569625 0.5331211890625001 0.8481016359375 0.6771757125 0.8813592437500001 0.699164678125 0.7861145703125
0 0.8436617468750001 0.7586230640625 0.9478888953125001 0.7826857984375 0.9727647328125 0.674936709375 0.8685375843750001 0.650873975 0.8436617468750001 0.7586230640625
1 0.68267773125 0.7132251625 0.5925028265625001 0.6924066453125 0.575200340625 0.7673519421874999 0.6653752453124999 0.7881704593750001 0.68267773125 0.7132251625
1 0.3793835609375 0.4294015203125 0.28569178906250003 0.4077710703125 0.2539690046875 0.5451775484375 0.3476607765625 0.5668079984375 0.3793835609375 0.4294015203125
1 0.1544446609375 0.308376496875 0.0537343796875 0.285125696875 0.04436141875 0.32572445 0.1450717 0.34897524999999996 0.1544446609375 0.308376496875
1 0.0632769734375 0.33995893593750004 0.025794175000000003 0.33130535 0.0120955921875 0.390640428125 0.049578390625 0.3992940140625 0.0632769734375 0.33995893593750004
1 0.23179827187500002 0.630512771875 0.17793387656249998 0.6180771968750001 0.168560915625 0.65867595 0.2224253109375 0.6711115249999999 0.23179827187500002 0.630512771875
1 0.253183275 0.20124841718750003 0.2063373890625 0.19043319218750002 0.1919170890625 0.2528943734375 0.238762975 0.2637095984375 0.253183275 0.20124841718750003
1 0.58968274375 0.10622770156250001 0.51238779375 0.08838275625 0.502293115625 0.1321076140625 0.579588065625 0.14995255937500002 0.58968274375 0.10622770156250001
1 0.5965176390625 0.2048448546875 0.5168781109375 0.1864586203125 0.50570085625 0.2348726328125 0.585340384375 0.2532588671875 0.5965176390625 0.2048448546875
1 0.478305953125 0.3107806390625 0.434976934375 0.300777346875 0.42127835156250004 0.3601124234375 0.46460737031250005 0.370115715625 0.478305953125 0.3107806390625
1 1 0.52333399375 0.9663876046875 0.5155739609375 0.957375503125 0.5546096609375 0.9983599453125 0.5640716640625 1 0.5569678062500001 1 0.52333399375
1 0.921253959375 0.49199382500000005 0.873235784375 0.4809079546875 0.8577329078125 0.5480582921875 0.9057510828125 0.5591441625 0.921253959375 0.49199382500000005
1 0.9055617859374999 0.591984953125 0.866921921875 0.5830642375 0.8535842 0.6408362624999999 0.8922240625000001 0.649756978125 0.9055617859374999 0.591984953125