0 0.579328125 0.46635416718749995 0.33654687499999997 0.46635416718749995 0.33654687499999997 0.6682708328125 0.579328125 0.6682708328125 0.579328125 0.46635416718749995
1 0.68509375 0.4166666671875 0.6201875 0.4166666671875 0.6201875 0.45512499999999995 0.68509375 0.45512499999999995 0.68509375 0.4166666671875
1 0.8738046875000001 0.8076979171875 0.7812578125 0.8076979171875 0.7812578125 0.9343020828125 0.8738046875000001 0.9343020828125 0.8738046875000001 0.8076979171875
1 0.9423046875000001 0.7531979171875001 0.8990390625 0.7531979171875001 0.8990390625 0.8173020828125 0.9423046875000001 0.8173020828125 0.9423046875000001 0.7531979171875001
1 1 0.8157083328124999 0.88221875 0.8157083328124999 0.88221875 0.9342916671875001 1 0.9342916671875001 1 0.8157083328124999
1 0.7584140625 0.6298020828124999 0.6971171875 0.6298020828124999 0.6971171875 0.6874895828125 0.7584140625 0.6874895828125 0.7584140625 0.6298020828124999
1 0.6382109375 0.44871875 0.5973515625 0.44871875 0.5973515625 0.4919895828125 0.6382109375 0.4919895828125 0.6382109375 0.44871875
1 0.5817265625 0.2243541671875 0.5360546875 0.2243541671875 0.5360546875 0.2563958328125 0.5817265625 0.2563958328125 0.5817265625 0.2243541671875
1 0.6057734375 0.2804479171875 0.5372578125 0.2804479171875 0.5372578125 0.30609375 0.6057734375 0.30609375 0.6057734375 0.2804479171875
1 0.1430234375 0.43589583281250005 0.0949453125 0.43589583281250005 0.0949453125 0.46635416718749995 0.1430234375 0.46635416718749995 0.1430234375 0.43589583281250005
1 0 0.544875 0.02284375 0.544875 0.02284375 0.4935833328125 0 0.4935833328125 0 0.544875
1 0.240390625 0.35415625 0.186296875 0.35415625 0.186296875 0.40384374999999995 0.240390625 0.40384374999999995 0.240390625 0.35415625
1 0.4807734375 0.3221145828125 0.4507265625 0.3221145828125 0.4507265625 0.3557604171875 0.4807734375 0.3557604171875 0.4807734375 0.3221145828125