0 0.148468490625 0.6354026109375 0.176205209375 0.5049116078125 0.096262021875 0.48791915937499997 0.068525303125 0.6184101625 0.148468490625 0.6354026109375
0 0.081744740625 0.69494836875 0.10248718125 0.5973628625 0.0476294015625 0.58570248125 0.0268869625 0.6832879875 0.081744740625 0.69494836875
0 0.61036171875 0.9596700734375 0.6490950171875001 0.77744423125 0.5064484921875 0.7471237765625001 0.46771519375 0.9293496187500001 0.61036171875 0.9596700734375
0 0.275253240625 0.755727978125 0.2977434375 0.64991991875 0.2225075859375 0.6339280453125 0.20001738906250002 0.7397361046875 0.275253240625 0.755727978125
0 0.242365334375 0.8949720781250001 0.2753518234375 0.7397828484375 0.1813070078125 0.71979300625 0.14832051875000002 0.8749822359375001 0.242365334375 0.8949720781250001
1 0.9398732203125 0.61192403125 0.9646114625 0.49553975 0.8783918281249999 0.4772132015625 0.8536535859375001 0.5935974828125 0.9398732203125 0.61192403125
1 0.8428644265624999 0.752274896875 0.859857959375 0.6723266140625 0.8143944734374999 0.6626630515625 0.797400940625 0.742611334375 0.8428644265624999 0.752274896875
1 0.6886527859375 0.7686484203124999 0.7008968359375001 0.7110446968749999 0.620953646875 0.694052246875 0.608709596875 0.7516559703125 0.6886527859375 0.7686484203124999
1 0.367254184375 0.8932519031249999 0.380498809375 0.83094084375 0.34601910625 0.8236119578125001 0.33277448125000003 0.885923015625 0.367254184375 0.8932519031249999
1 0.37024270625 0.540005534375 0.3947308046875 0.42479808593749996 0.3430112515625 0.41380475624999996 0.3185231515625 0.529012203125 0.37024270625 0.540005534375
1 0.34024920625 0.31121522968750004 0.35624216249999996 0.2359742828125 0.29981527343750003 0.2239803765625 0.28382231562500004 0.29922132343749996 0.34024920625 0.31121522968750004
1 0.676069453125 0.1958191921875 0.7043064593749999 0.062974521875 0.6431722343749999 0.049980040625 0.614935228125 0.1828247109375 0.676069453125 0.1958191921875
1 0.5617432859375 0.49469784843750003 0.56949124375 0.4582465671875 0.5255968703125 0.4489165296875 0.5178489125 0.48536781093750003 0.5617432859375 0.49469784843750003
1 0.6739576703125 0.56032195 0.6839536749999999 0.5132944484374999 0.6447666375 0.5049649859375 0.6347706328125 0.5519924875 0.6739576703125 0.56032195
1 0.7599153484375 0.579830809375 0.7669128765625 0.5469100296875 0.743396578125 0.5419114859375 0.7363990499999999 0.574832265625 0.7599153484375 0.579830809375
1 0.5836455484374999 0.692264196875 0.5951391671875 0.638190975 0.5308667171875 0.62452944375 0.5193730999999999 0.6786026656249999 0.5836455484374999 0.692264196875
1 0.5244856640625 0.808711953125 0.542976809375 0.72171795 0.500651546875 0.7127214375 0.48216040156249995 0.799715440625 0.5244856640625 0.808711953125