1 0.5865390625 0.1057604171875 0.5300546875000001 0.1057604171875 0.5300546875000001 0.1698645828125 0.5865390625 0.1698645828125 0.5865390625 0.1057604171875
1 0.3317265625 0.6746666671875 0.22596093750000001 0.6746666671875 0.22596093750000001 0.767625 0.3317265625 0.767625 0.3317265625 0.6746666671875
1 0.26803125 0.6153854171875001 0.14303125 0.6153854171875001 0.14303125 0.67628125 0.26803125 0.67628125 0.26803125 0.6153854171875001
1 0 0.7804479171875001 0.15625 0.7804479171875001 0.15625 0.69871875 0 0.69871875 0 0.7804479171875001
1 0.456734375 0.8237187499999999 0.409859375 0.8237187499999999 0.409859375 0.8942395828124999 0.456734375 0.8942395828124999 0.456734375 0.8237187499999999
1 0.70071875 0.732375 0.63821875 0.732375 0.63821875 0.7916666671875 0.70071875 0.7916666671875 0.70071875 0.732375
1 0.7391875 0.7371770828125 0.6923125 0.7371770828125 0.6923125 0.78365625 0.7391875 0.78365625 0.7391875 0.7371770828125
1 0.828125 0.7483958328125 0.75240625 0.7483958328125 0.75240625 0.8285208328125 0.828125 0.8285208328125 0.828125 0.7483958328125
1 0.9879765624999999 1 0.9879765624999999 0.9519166671875 0.8689921875 0.9519166671875 0.8689921875 1 0.9879765624999999 1
1 0.8617734374999999 1 0.8617734374999999 0.947125 0.7980703124999999 0.947125 0.7980703124999999 1 0.8617734374999999 1
1 0.9134609375 0.4695416671875 0.8545703124999999 0.4695416671875 0.8545703124999999 0.5320416671875 0.9134609375 0.5320416671875 0.9134609375 0.4695416671875
1 0.7812578125 0.50321875 0.7175546875000001 0.50321875 0.7175546875000001 0.5368645828124999 0.7812578125 0.5368645828124999 0.7812578125 0.50321875
1 0.6935 0.40064583281250005 0.60696875 0.40064583281250005 0.60696875 0.43589583281250005 0.6935 0.43589583281250005 0.6935 0.40064583281250005
1 0.62740625 0.2355729171875 0.56490625 0.2355729171875 0.56490625 0.2724270828125 0.62740625 0.2724270828125 0.62740625 0.2355729171875
1 0.717546875 0.21153125 0.652640625 0.21153125 0.652640625 0.2548020828125 0.717546875 0.2548020828125 0.717546875 0.21153125
1 0.5324609375 0.2531979171875 0.47957031250000004 0.2531979171875 0.47957031250000004 0.2932604171875 0.5324609375 0.2932604171875 0.5324609375 0.2531979171875
0 0.4663515625 0.42788541718750006 0.3064921875 0.42788541718750006 0.3064921875 0.5096145828124999 0.4663515625 0.5096145828124999 0.4663515625 0.42788541718750006
0 0.48678125000000005 0.1538333328125 0.369 0.1538333328125 0.369 0.24358333281250003 0.48678125000000005 0.24358333281250003 0.48678125000000005 0.1538333328125
0 0.579328125 0.1362083328125 0.48557812499999997 0.1362083328125 0.48557812499999997 0.1810833328125 0.579328125 0.1810833328125 0.579328125 0.1362083328125
0 0.7439921875 0.2756458328125 0.4687578125 0.2756458328125 0.4687578125 0.4102708328125 0.7439921875 0.4102708328125 0.7439921875 0.2756458328125
0 1 0.7660312499999999 0.9350937500000001 0.7660312499999999 0.9350937500000001 0.9070520828124999 1 0.9070520828124999 1 0.7660312499999999