1 0.313703125 0.0432708328125 0.25842187499999997 0.0432708328125 0.25842187499999997 0.0961458328125 0.313703125 0.0961458328125 0.313703125 0.0432708328125
1 0.7283671875 0.142625 0.6826953125 0.142625 0.6826953125 0.1955 0.7283671875 0.1955 0.7283671875 0.142625
1 0.73196875 0.27403125 0.6610625 0.27403125 0.6610625 0.3205104171875 0.73196875 0.3205104171875 0.73196875 0.27403125
1 0.8545624999999999 0.302875 0.8185 0.302875 0.8185 0.3541666671875 0.8545624999999999 0.3541666671875 0.8545624999999999 0.302875
1 0.9531171875 0.43911458281250004 0.8810078125 0.43911458281250004 0.8810078125 0.4968020828125 0.9531171875 0.4968020828125 0.9531171875 0.43911458281250004
1 0.9999921875 0.5144166671875 0.8653828125 0.5144166671875 0.8653828125 0.5769166671875 0.9999921875 0.5769166671875 0.9999921875 0.5144166671875
1 0.9999921875 0.5769270828125 0.9230703124999999 0.5769270828125 0.9230703124999999 0.6346145828124999 0.9999921875 0.6346145828124999 0.9999921875 0.5769270828125
1 1 0.7467916671875 0.85215625 0.7467916671875 0.85215625 0.8541666671874999 1 0.8541666671874999 1 0.7467916671875
1 0.61178125 0.2628229171875 0.546875 0.2628229171875 0.546875 0.32371875 0.61178125 0.32371875 0.61178125 0.2628229171875
1 0.757203125 0.5208333328125 0.6658593749999999 0.5208333328125 0.6658593749999999 0.615375 0.757203125 0.615375 0.757203125 0.5208333328125
1 0.9194687500000001 1 0.9194687500000001 0.9375 0.802875 0.9375 0.802875 1 0.9194687500000001 1
1 0.5697109375 0.7548020828124999 0.4615390625 0.7548020828124999 0.4615390625 0.8124895828125 0.5697109375 0.8124895828125 0.5697109375 0.7548020828124999
1 0.3665859375 0.42789583281250004 0.2403828125 0.42789583281250004 0.2403828125 0.5464791671875 0.3665859375 0.5464791671875 0.3665859375 0.42789583281250004
1 0.14784375 0.3621875 0.03125 0.3621875 0.03125 0.4246875 0.14784375 0.4246875 0.14784375 0.3621875
1 0.11417187499999999 0.3253125 0.027640625000000002 0.3253125 0.027640625000000002 0.3766041671875 0.11417187499999999 0.3766041671875 0.11417187499999999 0.3253125
1 0.28605468749999996 0.17628125 0.2331640625 0.17628125 0.2331640625 0.22596875 0.28605468749999996 0.22596875 0.28605468749999996 0.17628125
1 0.4254765625 0.5993541671875 0.3689921875 0.5993541671875 0.3689921875 0.6762708328125 0.4254765625 0.6762708328125 0.4254765625 0.5993541671875
1 0.42307812499999997 1 0.42307812499999997 0.8990416671875 0.35217187499999997 0.8990416671875 0.35217187499999997 1 0.42307812499999997 1
1 0.46995312499999997 0.77884375 0.425484375 0.77884375 0.425484375 0.8429479171875001 0.46995312499999997 0.8429479171875001 0.46995312499999997 0.77884375
1 0.40746093749999995 0.77403125 0.3413515625 0.77403125 0.3413515625 0.8381354171875 0.40746093749999995 0.8381354171875 0.40746093749999995 0.77403125
1 0.3569765625 0.8317395828124999 0.2488046875 0.8317395828124999 0.2488046875 0.9519270828125 0.3569765625 0.9519270828125 0.3569765625 0.8317395828124999
1 0.206734375 0.8365520828124999 0.149046875 0.8365520828124999 0.149046875 0.9118645828125 0.206734375 0.9118645828125 0.206734375 0.8365520828124999
1 0.1646640625 0.7211458328125 0.1238046875 0.7211458328125 0.1238046875 0.7628125 0.1646640625 0.7628125 0.1646640625 0.7211458328125
0 0.7307734375 0.7820416671875 0.49038281250000004 0.7820416671875 0.49038281250000004 0.9935833328125 0.7307734375 0.9935833328125 0.7307734375 0.7820416671875
0 0.592546875 0.14903125 0.43870312499999997 0.14903125 0.43870312499999997 0.26921875 0.592546875 0.26921875 0.592546875 0.14903125
0 0.6874921875 0.0993645828125 0.5685078125 0.0993645828125 0.5685078125 0.1698854171875 0.6874921875 0.1698854171875 0.6874921875 0.0993645828125