1 0.6655405890625 0 0.582311434375 0.013182203125 0.6006110078125 0.1287211625 0.763240065625 0.10296324999999999 0.7469322890625001 0 0.6655405890625 0
1 0.5131253515624999 0.1296053203125 0.5665531171875 0.1211431921875 0.5602859609374999 0.081573928125 0.5068581953125 0.0900360546875 0.5131253515624999 0.1296053203125
1 0.071481034375 0.3682990953125 0.1569469421875 0.354762625 0.1296197953125 0.18222581875 0.0441538890625 0.19576228906249998 0.071481034375 0.3682990953125
1 0 0.43154105625000005 0.0688083765625 0.42064287968749997 0.054018801562499996 0.327265178125 0 0.335820915625 0 0.43154105625000005
1 0.2544348125 0.5015801453125001 0.3304096515625 0.4895469140625 0.3173734453125 0.40723955156249997 0.24139860624999998 0.41927278437500004 0.2544348125 0.5015801453125001
1 0.1903497890625 0.1661315734375 0.24495043437500003 0.15748368125 0.2326670703125 0.0799295703125 0.1780664234375 0.08857746250000001 0.1903497890625 0.1661315734375
1 0.40507035625 0.7227172875 0.4632359390625 0.7135047640625001 0.4557140484375 0.6660134171875 0.397548465625 0.6752259406250001 0.40507035625 0.7227172875
1 0.351716728125 0.7392884859375 0.41344725000000004 0.72951133125 0.40868251562499996 0.699427990625 0.3469519953125 0.7092051453125 0.351716728125 0.7392884859375
1 0.2731516859375 0.6965631625 0.323014515625 0.6886656671875 0.315743571875 0.6427587359375 0.2658807421875 0.6506562312499999 0.2731516859375 0.6965631625
1 0.5235463078125 0.879193378125 0.5924067046875 0.8682869625 0.5853867078125 0.8239644484375 0.5165263109375 0.8348708640625 0.5235463078125 0.879193378125
0 0.43543312187499994 0.829870065625 0.6158714359374999 0.8012914437499999 0.60383901875 0.72532175 0.4234007046875 0.753900371875 0.43543312187499994 0.829870065625
0 0.6047488671875 0.807925575 0.747207478125 0.7853623468750001 0.7206331734375 0.617578790625 0.5781745625 0.6401420171875001 0.6047488671875 0.807925575
0 0.325493809375 0.6736555203125 0.6353347296875 0.6245815390625 0.60399895 0.42673521875000003 0.29415803125 0.47580920000000004 0.325493809375 0.6736555203125
0 0.431354903125 0.42002466250000003 0.59162276875 0.3946407265625 0.5607856250000001 0.19994266249999998 0.400517759375 0.2253265984375 0.431354903125 0.42002466250000003