0 0.7932734375 0.4086666671875 0.6153828125 0.4086666671875 0.6153828125 0.5689166671875 0.7932734375 0.5689166671875 0.7932734375 0.4086666671875
1 1 0.6618645828124999 0.9555312499999999 0.6618645828124999 0.9555312499999999 0.7371770828125 1 0.7371770828125 1 0.6618645828124999
1 0.842546875 0.41988541718750005 0.8088906250000001 0.41988541718750005 0.8088906250000001 0.45353125 0.842546875 0.45353125 0.842546875 0.41988541718750005
1 0.8726015625000001 0.4022291671875 0.8221171875 0.4022291671875 0.8221171875 0.4326875 0.8726015625000001 0.4326875 0.8726015625000001 0.4022291671875
1 0.2920625 0.3878229171875 0.20553125 0.3878229171875 0.20553125 0.4375104171875 0.2920625 0.4375104171875 0.2920625 0.3878229171875
1 0.2956796875 0.44390625000000006 0.2139453125 0.44390625000000006 0.2139453125 0.49038541718750006 0.2956796875 0.49038541718750006 0.2956796875 0.44390625000000006
1 0.46754687500000003 0.8733958328125 0.425484375 0.8733958328125 0.425484375 0.9358958328125 0.46754687500000003 0.9358958328125 0.46754687500000003 0.8733958328125
1 0.49759374999999995 0.93909375 0.4375 0.93909375 0.4375 0.9999895828125 0.49759374999999995 0.9999895828125 0.49759374999999995 0.93909375
1 0.18990625 0.8717812500000001 0.1454375 0.8717812500000001 0.1454375 0.9631354171875 0.18990625 0.9631354171875 0.18990625 0.8717812500000001
1 0.3497578125 0.9182708328125001 0.3040859375 0.9182708328125001 0.3040859375 0.9663541671875 0.3497578125 0.9663541671875 0.3497578125 0.9182708328125001
1 0.21033593750000001 0.5352708328125 0.1261953125 0.5352708328125 0.1261953125 0.6089791671875 0.21033593750000001 0.6089791671875 0.21033593750000001 0.5352708328125
1 0.3341328125 0.52725 0.24158593750000001 0.52725 0.24158593750000001 0.5929583328125 0.3341328125 0.5929583328125 0.3341328125 0.52725
1 0.14542968750000002 0.4134583328125 0.0865390625 0.4134583328125 0.0865390625 0.4519166671875 0.14542968750000002 0.4519166671875 0.14542968750000002 0.4134583328125
1 0 0.6282083328125 0.0841328125 0.6282083328125 0.0841328125 0.5304583328125 0 0.5304583328125 0 0.6282083328125
1 0.277640625 0.2131458328125 0.253609375 0.2131458328125 0.253609375 0.2436041671875 0.277640625 0.2436041671875 0.277640625 0.2131458328125
1 0.3473515625 0.21793749999999998 0.2752421875 0.21793749999999998 0.2752421875 0.2868541671875 0.3473515625 0.2868541671875 0.3473515625 0.21793749999999998
1 0.7956796875000001 0.23718750000000002 0.7451953125 0.23718750000000002 0.7451953125 0.2756458328125 0.7956796875000001 0.2756458328125 0.7956796875000001 0.23718750000000002
1 0.8088984375000001 0.2820625 0.7716328125 0.2820625 0.7716328125 0.3205208328125 0.8088984375000001 0.3205208328125 0.8088984375000001 0.2820625
1 0.9423046875000001 0.5641041671875 0.8966328125 0.5641041671875 0.8966328125 0.5993541671875 0.9423046875000001 0.5993541671875 0.9423046875000001 0.5641041671875
1 0.9170624999999999 0.63621875 0.865375 0.63621875 0.865375 0.67628125 0.9170624999999999 0.67628125 0.9170624999999999 0.63621875
1 0.9807656250000001 1 0.9807656250000001 0.93590625 0.9158593749999999 0.93590625 0.9158593749999999 1 0.9807656250000001 1
1 0.762015625 0.6089791671875 0.706734375 0.6089791671875 0.706734375 0.6538541671875 0.762015625 0.6538541671875 0.762015625 0.6089791671875
1 0.17428125 0.25159375 0.134625 0.25159375 0.134625 0.2948645828125 0.17428125 0.2948645828125 0.17428125 0.25159375
1 0.2560078125 0.1426354171875 0.2211484375 0.1426354171875 0.2211484375 0.1794895828125 0.2560078125 0.1794895828125 0.2560078125 0.1426354171875
1 0.07571875 0.3766041671875 0.03125 0.3766041671875 0.03125 0.40385416718749995 0.07571875 0.40385416718749995 0.07571875 0.3766041671875
1 0.8221171875 1 0.8221171875 0.9679583328125 0.7740390625 0.9679583328125 0.7740390625 1 0.8221171875 1
1 0.415859375 0.5256458328125 0.38220312500000003 0.5256458328125 0.38220312500000003 0.5576875 0.415859375 0.5576875 0.415859375 0.5256458328125