0 0.6786974031249999 0.4550337265625 0.6759284703125 0.6136658125000001 0.8057211984375 0.6159313531249999 0.8084901328124999 0.4572992671875 0.6786974031249999 0.4550337265625
0 0.7944435875 0.344052496875 0.7921780468749999 0.4738452265625 0.8674790765625 0.4751596109375 0.8697446171875001 0.34536688125000004 0.7944435875 0.344052496875
0 0.4258340578125 0.1573096828125 0.42268771562499996 0.337563475 0.5973486109375 0.3406121921875 0.6004949515625 0.16035839999999998 0.4258340578125 0.1573096828125
0 0.3970036265625 0.3407250828125 0.3943186828125 0.4945454015625 0.5176957234375 0.4966989546875 0.5203806671875 0.3428786359375 0.3970036265625 0.3407250828125
0 0.27216642812499997 0.6967802890625 0.269649190625 0.840992696875 0.3481580640625 0.8423630734374999 0.35067530156250004 0.6981506671875 0.27216642812499997 0.6967802890625
1 0.1487102734375 0.14765923593750002 0.146990121875 0.2462067234375 0.238330375 0.247801075 0.240050528125 0.1492535859375 0.1487102734375 0.14765923593750002
1 0.3361873921875 0.7027031984375001 0.3339218515625 0.8324959281250001 0.402828021875 0.8336986890625001 0.4050935625 0.703905959375 0.3361873921875 0.7027031984375001
1 0.545759934375 1 0.54637404375 0.9648176328125 0.46305340156249997 0.9633632656250001 0.46242402499999996 0.9994202734375 0.4956365375 1 0.545759934375 1
1 0.7680851796875 0.7523187234375001 0.76642801875 0.8472573859375 0.8241067328125 0.8482641718749999 0.8257638921874999 0.753325509375 0.7680851796875 0.7523187234375001
1 0.8638179625 0.7768213484375 0.863293571875 0.806863646875 0.9097656609375001 0.8076748203124999 0.9102900500000001 0.7776325203125001 0.8638179625 0.7768213484375
1 0.7681309484375001 0.2907101546875 0.7673128671875 0.337578015625 0.8201798140625 0.3385008109375 0.8209978953125001 0.29163295 0.7681309484375001 0.2907101546875
1 0.5994145921875 0.2228490625 0.5981351125 0.296150396875 0.654209903125 0.2971291859375 0.6554893828125 0.22382785156249999 0.5994145921875 0.2228490625
1 0.4236443484375 0.00820188125 0.4230149703125 0.0442588890625 0.507939534375 0.045741253125 0.5085689125 0.009684245312500001 0.4236443484375 0.00820188125
1 0.30997851249999997 0 0.3095131921875 0.0266581421875 0.380023284375 0.0278889 0.3805100875 0 0.30997851249999997 0
1 0.27198298906249996 0.0644698453125 0.2714376 0.0957150859375 0.30668223125 0.09633028437499999 0.3072276203125 0.06508504375 0.27198298906249996 0.0644698453125
1 0.135274821875 0 0.134611153125 0.038021473437499995 0.20672516875000002 0.039280228125 0.20741080625000002 0 0.135274821875 0
1 0.0202559375 0.5288973375 0.01947985 0.5733593156250001 0.12042280937500001 0.5751212812500001 0.12119889531250001 0.530659303125 0.0202559375 0.5288973375
1 0.6052520234375 0.438132165625 0.604266234375 0.4946079375 0.6507383234375 0.4954191109375 0.6517241109375 0.43894333906250005 0.6052520234375 0.438132165625
1 0.608145975 0.36485119843749997 0.607181184375 0.42012402968749996 0.639217971875 0.42068323281250003 0.6401827625000001 0.365410403125 0.608145975 0.36485119843749997
1 0.6248835781250001 0.8748303578125001 0.6236668187500001 0.9445384890625 0.6573075265625 0.9451256890625 0.6585242874999999 0.8754175578125001 0.6248835781250001 0.8748303578125001
1 0.44074569218750004 0.8644119968749999 0.4400535953125 0.9040622062500001 0.497732309375 0.9050689921874999 0.49842440625 0.8654187828125 0.44074569218750004 0.8644119968749999