0 0.9221491484375001 0.2644481875 0.7541141265625 0.2732545296875 0.7627528296875 0.43809081718750004 0.9307878531249999 0.42928447500000005 0.9221491484375001 0.2644481875
0 0.3757137234375 0.6316851109375 0.29168841093750003 0.6360886906250001 0.2949594078125 0.6985030375 0.37898472031249997 0.69409945625 0.3757137234375 0.6316851109375
0 0.6285019265625 0.6553522171874999 0.38244897187500004 0.6682473046874999 0.39016525468749996 0.815482746875 0.6362182093750001 0.8025876578125001 0.6285019265625 0.6553522171874999
0 0.43727445468750004 0.7728963796875 0.3208404921875 0.7789984249999999 0.3274664421875 0.9054290859374999 0.44390040468749997 0.8993270390625 0.43727445468750004 0.7728963796875
0 0.5067800124999999 0.8591060531249999 0.432366509375 0.8630058999999999 0.4349669515625 0.9126253046875 0.50938045625 0.908725459375 0.5067800124999999 0.8591060531249999
1 0.5345229359375 0.8833227062500001 0.49131660468750005 0.8855870546875 0.492742759375 0.912799709375 0.535949090625 0.9105353609375 0.5345229359375 0.8833227062500001
1 0.20855224687499999 0.47355028125 0.10892334687500001 0.47877161093750004 0.1132846765625 0.5619907390625001 0.2129135765625 0.5567694109375 0.20855224687499999 0.47355028125
1 0.6016985109374999 0.396786059375 0.57649871875 0.398106725 0.5801055390625 0.46692894375 0.6053053312500001 0.4656082796875 0.6016985109374999 0.396786059375
1 0.6626939593750001 0.366291596875 0.6086743421875 0.36912264375000003 0.6120292953125 0.433138959375 0.6660489125 0.4303079109375 0.6626939593750001 0.366291596875
1 0.7630386875 0.25993586875 0.6634097875 0.26515719843749996 0.6664289171875 0.322765640625 0.7660578171875 0.3175443109375 0.7630386875 0.25993586875
1 0.801024571875 0.5484161109375 0.730215496875 0.5521270578124999 0.7333185828125 0.611337465625 0.8041276578125001 0.60762651875 0.801024571875 0.5484161109375
1 0.946784784375 0.5279261953125001 0.89396664375 0.5306942765625 0.8966510421875 0.5819156515625 0.9494691828124999 0.5791475687500001 0.946784784375 0.5279261953125001
1 0.677733178125 0.5613030109375 0.6021181984374999 0.5652658234375 0.6048854625 0.6180683609375001 0.6805004421875 0.6141055468750001 0.677733178125 0.5613030109375
1 0 0.48608640937500003 0.1042170015625 0.480624628125 0.1006101828125 0.411802409375 0 0.417075165625 0 0.48608640937500003
1 0.8939472578125001 0.5531635859375 0.8675459890624999 0.5545472171875 0.869894565625 0.5993607171875001 0.8962958343749999 0.5979770859375 0.8939472578125001 0.5531635859375