1 0.7593556390625 0.7635466640625 0.8290319171875 0.761113515625 0.8273538328125 0.7130594734375 0.7576775546875 0.715492621875 0.7593556390625 0.7635466640625
1 0.5068349953125 0.3169624609375 0.640159978125 0.31230665 0.6366365828125 0.2114098171875 0.5033116 0.21606562812500002 0.5068349953125 0.3169624609375
1 0.1887807796875 0.438709475 0.256052275 0.436360303125 0.252696834375 0.3402730375 0.1854253390625 0.342622209375 0.1887807796875 0.438709475
1 0.6183688078125 0.893535803125 0.654409340625 0.8922772390624999 0.652899209375 0.8490327656250001 0.6168586781250001 0.8502913296875001 0.6183688078125 0.893535803125
0 0.36841233125 0.1758636375 0.5341706703125 0.1700752296875 0.531094425 0.0819830921875 0.3653360875 0.08777150156249999 0.36841233125 0.1758636375
1 0.630612059375 0.1763382890625 0.8360181046875 0.1691653515625 0.8313757453124999 0.0362255515625 0.6259697 0.043398489062500004 0.630612059375 0.1763382890625
1 0.91951276875 0.39074057500000003 0.9963877859375 0.388056040625 0.98844596875 0.160632165625 0.9115709531249999 0.1633167 0.91951276875 0.39074057500000003
1 0.3484589828125 0.465205009375 0.388091075 0.4638210265625 0.3870280953125 0.43338124687499996 0.3473960015625 0.43476523125 0.3484589828125 0.465205009375
1 0.3794189484375 0.6629741640625 0.43586891562499996 0.6610028890625 0.4333517890625 0.588921825 0.3769018234375 0.5908931015625 0.3794189484375 0.6629741640625
1 0.327315059375 0.651952515625 0.370554328125 0.6504425671875 0.3658559828125 0.5158995765625 0.3226167140625 0.5174095249999999 0.327315059375 0.651952515625
1 0.1934067609375 0.2958359953125 0.3159258296875 0.2915575359375 0.312849584375 0.20346539687499998 0.190330515625 0.20774385781250002 0.1934067609375 0.2958359953125
1 0.19709771874999998 0.19468723125 0.2643692125 0.19233805937499998 0.26151690625 0.11065868125 0.1942454109375 0.11300785312499999 0.19709771874999998 0.19468723125
1 0.37271875625 0.0923395484375 0.44718898906250004 0.089738990625 0.44461660468749997 0.016075559375 0.3701463734375 0.0186761171875 0.37271875625 0.0923395484375
0 0.46165484531249995 0.676133021875 0.7895799593749999 0.6646816249999999 0.7805191781249999 0.40521478125000004 0.45259406249999995 0.416666178125 0.46165484531249995 0.676133021875
0 0.5072432953125 0.8108428203125 0.6501874140624999 0.8058511015625 0.6469992 0.714552584375 0.50405508125 0.719544303125 0.5072432953125 0.8108428203125