1 0.1766875 0.41186458281249994 0.0673125 0.41186458281249994 0.0673125 0.4615520828125 0.1766875 0.4615520828125 0.1766875 0.41186458281249994
1 0.36178125 0.7051354171875001 0.28365625 0.7051354171875001 0.28365625 0.7660312499999999 0.36178125 0.7660312499999999 0.36178125 0.7051354171875001
1 0.563703125 0.625 0.465140625 0.625 0.465140625 0.6842916671875 0.563703125 0.6842916671875 0.563703125 0.625
1 0.5204375 0.08333333281250001 0.41946874999999995 0.08333333281250001 0.41946874999999995 0.1634583328125 0.5204375 0.1634583328125 0.5204375 0.08333333281250001
1 0.7343828125 0.2932708328125 0.6502421875 0.2932708328125 0.6502421875 0.3589791671875 0.7343828125 0.3589791671875 0.7343828125 0.2932708328125
1 1 0.22115625 0.94471875 0.22115625 0.94471875 0.2996770828125 1 0.2996770828125 1 0.22115625
1 0.7920625 0.4294895828125 0.71153125 0.4294895828125 0.71153125 0.4727604171875 0.7920625 0.4727604171875 0.7920625 0.4294895828125
1 0.7259609375 0.4070520828125 0.6778828125 0.4070520828125 0.6778828125 0.45353125 0.7259609375 0.45353125 0.7259609375 0.4070520828125
1 0.676671875 0.40063541718750006 0.621390625 0.40063541718750006 0.621390625 0.45511458281249995 0.676671875 0.45511458281249995 0.676671875 0.40063541718750006
1 0.6454296875 0.33334375 0.5889453125 0.33334375 0.5889453125 0.3942395828125 0.6454296875 0.3942395828125 0.6454296875 0.33334375
1 0.9050390625 0.5625 0.8461484374999999 0.5625 0.8461484374999999 0.607375 0.9050390625 0.607375 0.9050390625 0.5625
0 0.706734375 0.8205104171875 0.581734375 0.8205104171875 0.581734375 0.89903125 0.706734375 0.89903125 0.706734375 0.8205104171875
0 0.7812578125 0.8653854171875001 0.6863046875000001 0.8653854171875001 0.6863046875000001 0.9326979171875 0.7812578125 0.9326979171875 0.7812578125 0.8653854171875001
0 0.798078125 0.6698645828124999 0.686296875 0.6698645828124999 0.686296875 0.75159375 0.798078125 0.75159375 0.798078125 0.6698645828124999
0 0.9398984374999999 0.6842916671875 0.7800390625 0.6842916671875 0.7800390625 0.78525 0.9398984374999999 0.78525 0.9398984374999999 0.6842916671875
0 0.9194687500000001 0.3285208328125 0.73196875 0.3285208328125 0.73196875 0.47435416718749995 0.9194687500000001 0.47435416718749995 0.9194687500000001 0.3285208328125