1 0.5742916546875 0.746222128125 0.64432493125 0.735129946875 0.637304934375 0.6908074328125 0.567271659375 0.7018996140625 0.5742916546875 0.746222128125
1 0.44532298593749997 0.615738721875 0.4868676265625 0.6091586984374999 0.48060047031249997 0.569589434375 0.43905582968749995 0.5761694578125 0.44532298593749997 0.615738721875
1 0.42542705 0.566979996875 0.4705366296875 0.5598353421875 0.4627637921875 0.510759578125 0.41765421406250003 0.5179042328125 0.42542705 0.566979996875
1 0.41639279062499995 0.6252038484375 0.4436931140625 0.620879903125 0.43817880000000003 0.5860638890625001 0.4108784765625 0.590387834375 0.41639279062499995 0.6252038484375
1 0.36572989843750003 0.6510727609375 0.4203305453125 0.6424248671874999 0.4138124421875 0.6012711875 0.359211796875 0.6099190812499999 0.36572989843750003 0.6510727609375
1 0.1631761265625 0.5630926374999999 0.251018659375 0.5491797468749999 0.242994875 0.498519565625 0.15515234218750001 0.51243245625 0.1631761265625 0.5630926374999999
1 0.074162759375 0.7540454249999999 0.165570228125 0.739567903125 0.15880117968750002 0.69682980625 0.067393709375 0.711307328125 0.074162759375 0.7540454249999999
1 0 0.5393508515625001 0.0016436734375000002 0.549728596875 0.09779667656249999 0.5344994578125 0.08501141718750001 0.4537765125 0 0.4672409984375 0 0.5393508515625001
1 0.0308005578125 0.626244915625 0.0794750734375 0.6185356296875 0.0714512890625 0.5678754484375 0.022776771874999997 0.575584734375 0.0308005578125 0.626244915625
1 0.0721195375 0.6489039234375 0.1492826890625 0.6366824796875 0.14301553281249998 0.5971132156250001 0.06585238125000001 0.609334659375 0.0721195375 0.6489039234375
1 0.2817311828125 0.758472828125 0.3304056984375 0.7507635421875001 0.3243894890625 0.7127786953124999 0.2757149734375 0.72048798125 0.2817311828125 0.758472828125
1 0.560569725 0.40603460468749997 0.6436744390625 0.3928721109375 0.6354029671875 0.340648090625 0.552298253125 0.353810584375 0.560569725 0.40603460468749997
1 0.45762084999999997 0.2016648921875 0.5347840015624999 0.18944345 0.5217477953125 0.10713608906250001 0.44458464375 0.11935753125 0.45762084999999997 0.2016648921875
1 0.7982089265625001 0.16233850625 0.8623160734375 0.15218493125000002 0.8492798671875 0.0698775703125 0.785172721875 0.08003114375 0.7982089265625001 0.16233850625
1 0.826571646875 0.5488687624999999 0.9215440546875 0.5338266109375 0.9145240578125 0.4895040953125 0.8195516515625 0.504546246875 0.826571646875 0.5488687624999999
1 0.9677436421875001 0.456754684375 0.998608903125 0.4518661078125 0.99158890625 0.40754359375 0.9607236453124999 0.4124321703125 0.9677436421875001 0.456754684375
1 0.7408930984375 0.7685177484375 0.8156796249999999 0.7566727265625001 0.8081577359375001 0.7091813796875 0.733371209375 0.7210264015625001 0.7408930984375 0.7685177484375
1 0.557318296875 0.5314835578125 0.5988629375000001 0.5249035328125 0.5946000984375 0.49798902500000003 0.5530554578125 0.50456905 0.557318296875 0.5314835578125
1 0.560556015625 0.260020321875 0.5973628375 0.25419069375 0.5895900000000001 0.20511492812499998 0.552783178125 0.21094455625 0.560556015625 0.260020321875
0 0.45547997812499996 0.9564908765625001 0.5753760828125001 0.9375011984375 0.5610851421875 0.847271753125 0.44118903749999994 0.8662614296875001 0.45547997812499996 0.9564908765625001
0 0.4003147828125 0.9846970453124999 0.48578068906249994 0.9711605765625 0.4767563765625 0.9141833046875 0.39129046875 0.9277197749999999 0.4003147828125 0.9846970453124999
0 0.3663882 0.847302359375 0.4589839828125 0.832636628125 0.4454458828125 0.74716043125 0.35285010156249996 0.7618261625 0.3663882 0.847302359375
0 0.2543736890625 0.9007225625 0.3837762953125 0.880227203125 0.3677319859375 0.77892741875 0.23832937968749998 0.7994227781250001 0.2543736890625 0.9007225625
0 0.2551387078125 0.6750747890625 0.3869025046875 0.6542054546875 0.3681010375 0.5354976609375 0.236337240625 0.556366996875 0.2551387078125 0.6750747890625
1 0.48060210000000003 0.5695997203125 0.529276615625 0.561890434375 0.5237623015625 0.5270744203125 0.475087784375 0.53478370625 0.48060210000000003 0.5695997203125
1 0.191618140625 0.46609495624999997 0.23316278124999998 0.4595149328125 0.22489130937500001 0.4072909109375 0.18334666718749998 0.4138709359375 0.191618140625 0.46609495624999997
1 0.07068473750000001 0.41710791406250003 0.13003863437500002 0.40770718125 0.12326958437499999 0.36496908281249996 0.0639156875 0.3743698171875 0.07068473750000001 0.41710791406250003
1 0.46281264375 0.4880452 0.4913012796875 0.48353304374999995 0.48528507187500003 0.445548196875 0.45679643593749997 0.45006035312500003 0.46281264375 0.4880452