0 0.5913515625 0.4759583328125 0.3557734375 0.4759583328125 0.3557734375 0.6746666671875 0.5913515625 0.6746666671875 0.5913515625 0.4759583328125
1 0.8834140625 0.8076874999999999 0.8016796875000001 0.8076874999999999 0.8016796875000001 0.9294791671875 0.8834140625 0.9294791671875 0.8834140625 0.8076874999999999
1 0.6466406250000001 0.4599375 0.623796875 0.4599375 0.623796875 0.49039583281250004 0.6466406250000001 0.49039583281250004 0.6466406250000001 0.4599375
1 0.6983125 0.42787499999999995 0.6358125 0.42787499999999995 0.6358125 0.45512499999999995 0.6983125 0.45512499999999995 0.6983125 0.42787499999999995
1 0.7656171875 0.6330104171875 0.7043203124999999 0.6330104171875 0.7043203124999999 0.7003229171875 0.7656171875 0.7003229171875 0.7656171875 0.6330104171875
1 0.9651406250000001 0.7660312499999999 0.9158593749999999 0.7660312499999999 0.9158593749999999 0.8237187499999999 0.9651406250000001 0.8237187499999999 0.9651406250000001 0.7660312499999999
1 1 0.8173020828125 0.9507187500000001 0.8173020828125 0.9507187500000001 0.8958229171875001 1 0.8958229171875001 1 0.8173020828125
1 0.045671875 0.6506458328125 0.003609375 0.6506458328125 0.003609375 0.7067291671875 0.045671875 0.7067291671875 0.045671875 0.6506458328125
1 0.0624921875 0.4919895828125 0.0060078125 0.4919895828125 0.0060078125 0.5352604171875 0.0624921875 0.5352604171875 0.0624921875 0.4919895828125
1 0.164671875 0.42788541718750006 0.115390625 0.42788541718750006 0.115390625 0.46153125 0.164671875 0.46153125 0.164671875 0.42788541718750006
1 0.19952343749999998 0.51121875 0.15625781249999998 0.51121875 0.15625781249999998 0.55128125 0.19952343749999998 0.55128125 0.19952343749999998 0.51121875