0 0.6714791671875 0.6141875 0.6714791671875 0.384625 0.4727708328125 0.384625 0.4727708328125 0.6141875 0.6714791671875 0.6141875
1 0.7083333328125 0.0745234375 0.7083333328125 0.031257812499999996 0.6666666671875 0.031257812499999996 0.6666666671875 0.0745234375 0.7083333328125 0.0745234375
1 0.9375104171875 0.9110546875000001 0.9375104171875 0.8269140625 0.8076979171875 0.8269140625 0.8076979171875 0.9110546875000001 0.9375104171875 0.9110546875000001
1 0.6971145828124999 0.8028906250000001 0.6971145828124999 0.7403906250000001 0.6474270828125 0.7403906250000001 0.6474270828125 0.8028906250000001 0.6971145828124999 0.8028906250000001
1 0.4935833328125 0.6742734375 0.4935833328125 0.6490390625 0.45512499999999995 0.6490390625 0.45512499999999995 0.6742734375 0.4935833328125 0.6742734375
1 0.8269270828125 0.9975937500000001 0.8269270828125 0.9483124999999999 0.7692395828125 0.9483124999999999 0.7692395828125 0.9975937500000001 0.8269270828125 0.9975937500000001
1 0.919875 0.9999921875 0.919875 0.9278828125 0.8269166671875 0.9278828125 0.8269166671875 0.9999921875 0.919875 0.9999921875
1 0.25640625 0.61778125 0.25640625 0.5733125 0.2195520828125 0.5733125 0.2195520828125 0.61778125 0.25640625 0.61778125
1 0.4615416671875 0.191109375 0.4615416671875 0.141828125 0.4230833328125 0.141828125 0.4230833328125 0.191109375 0.4615416671875 0.191109375
1 0.5336458328125 0.07811718749999999 0.5336458328125 0.032445312500000004 0.5016041671875 0.032445312500000004 0.5016041671875 0.07811718749999999 0.5336458328125 0.07811718749999999
1 0.44390625000000006 0.30289062499999997 0.44390625000000006 0.264421875 0.4070520828125 0.264421875 0.4070520828125 0.30289062499999997 0.44390625000000006 0.30289062499999997
1 0.4583333328125 0.7151484375 0.4583333328125 0.6622578125 0.41987500000000005 0.6622578125 0.41987500000000005 0.7151484375 0.4583333328125 0.7151484375
1 0.5256458328125 0.734375 0.5256458328125 0.6983125 0.4775625 0.6983125 0.4775625 0.734375 0.5256458328125 0.734375
1 0.5432812499999999 0.8149062499999999 0.5432812499999999 0.78846875 0.5176354171875001 0.78846875 0.5176354171875001 0.8149062499999999 0.5432812499999999 0.8149062499999999
1 0.7596041671875 0.9146640625 0.7596041671875 0.8377421875 0.6794791671875 0.8377421875 0.6794791671875 0.9146640625 0.7596041671875 0.9146640625
1 0.8413437500000001 0.77884375 0.8413437500000001 0.7139375 0.78365625 0.7139375 0.78365625 0.77884375 0.8413437500000001 0.77884375
1 0.302875 0.070921875 0.302875 0.006015625 0.25 0.006015625 0.25 0.070921875 0.302875 0.070921875
1 0.383 0.2680234375 0.383 0.23797656250000002 0.3509583328125 0.23797656250000002 0.3509583328125 0.2680234375 0.383 0.2680234375
1 0.3044895828125 0.632203125 0.3044895828125 0.590140625 0.2756354171875 0.590140625 0.2756354171875 0.632203125 0.3044895828125 0.632203125
1 0.3525625 0.526453125 0.3525625 0.487984375 0.3173125 0.487984375 0.3173125 0.526453125 0.3525625 0.526453125