1 0.496390625 0.5641041671875 0.425484375 0.5641041671875 0.425484375 0.6570625 0.496390625 0.6570625 0.496390625 0.5641041671875
1 0.640625 0.9182604171875001 0.5360625 0.9182604171875001 0.5360625 0.9887812500000001 0.640625 0.9887812500000001 0.640625 0.9182604171875001
1 0.5721093749999999 1 0.5721093749999999 0.9583333328125001 0.516828125 0.9583333328125001 0.516828125 1 0.5721093749999999 1
1 0.9891796875000001 1 0.9891796875000001 0.9439166671875 0.8918203124999999 0.9439166671875 0.8918203124999999 1 0.9891796875000001 1
1 0.9194765625000001 0.8862083328124999 0.8449609375 0.8862083328124999 0.8449609375 0.9791666671874999 0.9194765625000001 0.9791666671874999 0.9194765625000001 0.8862083328124999
1 0.7908671875 0.6810937499999999 0.6983203125 0.6810937499999999 0.6983203125 0.7451979171875001 0.7908671875 0.7451979171875001 0.7908671875 0.6810937499999999
1 0.8557734375000001 0.7019166671875 0.7764453125 0.7019166671875 0.7764453125 0.7916666671875 0.8557734375000001 0.7916666671875 0.8557734375000001 0.7019166671875
1 0.9098515624999999 0.7900729171875 0.8413359375 0.7900729171875 0.8413359375 0.8718020828125 0.9098515624999999 0.8718020828125 0.9098515624999999 0.7900729171875
1 0.3449609375 0.3653958328125 0.29207031250000004 0.3653958328125 0.29207031250000004 0.4246875 0.3449609375 0.4246875 0.3449609375 0.3653958328125
1 0.2956640625 0.2900625 0.2211484375 0.2900625 0.2211484375 0.3557708328125 0.2956640625 0.3557708328125 0.2956640625 0.2900625
0 0.2331640625 0.23558333281250002 0.09614843749999999 0.23558333281250002 0.09614843749999999 0.294875 0.2331640625 0.294875 0.2331640625 0.23558333281250002
0 0 0.4407083328125 0.08053125 0.4407083328125 0.08053125 0.2628333328125 0 0.2628333328125 0 0.4407083328125
0 0.2620234375 0.3830208328125 0.0060078125 0.3830208328125 0.0060078125 0.5945625 0.2620234375 0.5945625 0.2620234375 0.3830208328125
1 0.39303125 0.6650625 0.3485625 0.6650625 0.3485625 0.7131458328125 0.39303125 0.7131458328125 0.39303125 0.6650625
1 0.400234375 0.7035208328125 0.342546875 0.7035208328125 0.342546875 0.7596041671875 0.400234375 0.7596041671875 0.400234375 0.7035208328125
1 0.6778906250000001 0.6057708328125 0.623796875 0.6057708328125 0.623796875 0.6746875 0.6778906250000001 0.6746875 0.6778906250000001 0.6057708328125