0 0.6466328125 0.4695416671875 0.42667968749999996 0.4695416671875 0.42667968749999996 0.6570416671875 0.6466328125 0.6570416671875 0.6466328125 0.4695416671875
1 0.9351015625000001 0.78365625 0.8557734375000001 0.78365625 0.8557734375000001 0.89584375 0.9351015625000001 0.89584375 0.9351015625000001 0.78365625
1 0.7055234375 0.45192708281250005 0.6754765625 0.45192708281250005 0.6754765625 0.48878125 0.7055234375 0.48878125 0.7055234375 0.45192708281250005
1 0.735578125 0.42146875 0.691109375 0.42146875 0.691109375 0.45832291718749996 0.735578125 0.45832291718749996 0.735578125 0.42146875
1 0.8064921875 0.75159375 0.7451953125 0.75159375 0.7451953125 0.8156979171875 0.8064921875 0.8156979171875 0.8064921875 0.75159375
1 0.8305234374999999 0.6266041671875 0.7644140625 0.6266041671875 0.7644140625 0.6826875 0.8305234374999999 0.6826875 0.8305234374999999 0.6266041671875
1 0.139421875 0.6442291671875 0.099765625 0.6442291671875 0.099765625 0.6891041671875 0.139421875 0.6891041671875 0.139421875 0.6442291671875
1 0.13821875 0.4968020828125 0.09134375 0.4968020828125 0.09134375 0.5224479171875 0.13821875 0.5224479171875 0.13821875 0.4968020828125
1 0.2367734375 0.4262916671875 0.1886953125 0.4262916671875 0.1886953125 0.4583333328125 0.2367734375 0.4583333328125 0.2367734375 0.4262916671875
1 0.640625 0.23078125 0.60096875 0.23078125 0.60096875 0.2644270828125 0.640625 0.2644270828125 0.640625 0.23078125
1 0.6598515625 0.27884375 0.6189921875 0.27884375 0.6189921875 0.3076979171875 0.6598515625 0.3076979171875 0.6598515625 0.27884375
1 0.11659375000000001 0.2532083328125 0.04928125 0.2532083328125 0.04928125 0.3060833328125 0.11659375000000001 0.3060833328125 0.11659375000000001 0.2532083328125
1 0.0540859375 0.2339791671875 0.0216328125 0.2339791671875 0.0216328125 0.2756458328125 0.0540859375 0.2756458328125 0.0540859375 0.2339791671875
1 0 0.1810833328125 0.032445312500000004 0.1810833328125 0.032445312500000004 0.1490416671875 0 0.1490416671875 0 0.1810833328125
1 0.3233125 0.3493541671875 0.27884375 0.3493541671875 0.27884375 0.3813958328125 0.3233125 0.3813958328125 0.3233125 0.3493541671875
1 0.9999921875 0.7419895828125 0.9723515624999999 0.7419895828125 0.9723515624999999 0.7996770828125 0.9999921875 0.7996770828125 0.9999921875 0.7419895828125
1 1 0.7996875 0.953125 0.7996875 0.953125 0.8733958328125 1 0.8733958328125 1 0.7996875