0 0.5372656250000001 0.4679375 0.28726562499999997 0.4679375 0.28726562499999997 0.6858958328125 0.5372656250000001 0.6858958328125 0.5372656250000001 0.4679375
1 0.8353359375 0.8012916671875001 0.7379765625 0.8012916671875001 0.7379765625 0.9407083328124999 0.8353359375 0.9407083328124999 0.8353359375 0.8012916671875001
1 0.7259609375 0.63621875 0.6418203124999999 0.63621875 0.6418203124999999 0.7003229171875 0.7259609375 0.7003229171875 0.7259609375 0.63621875
1 0.6045703125 0.4503125 0.5637109375 0.4503125 0.5637109375 0.4887708328125 0.6045703125 0.4887708328125 0.6045703125 0.4503125
1 0.64784375 0.41507291718749995 0.58534375 0.41507291718749995 0.58534375 0.45192708281250005 0.64784375 0.45192708281250005 0.64784375 0.41507291718749995
1 0.5721171875 0.25159375 0.5192265625 0.25159375 0.5192265625 0.30128125 0.5721171875 0.30128125 0.5721171875 0.25159375
1 0.5540859375 0.20031249999999998 0.5084140625 0.20031249999999998 0.5084140625 0.2419791671875 0.5540859375 0.2419791671875 0.5540859375 0.20031249999999998
1 0.657453125 0.47275 0.617796875 0.47275 0.617796875 0.5240416671875 0.657453125 0.5240416671875 0.657453125 0.47275
1 0.9158593749999999 0.7564062500000001 0.866578125 0.7564062500000001 0.866578125 0.8237187499999999 0.9158593749999999 0.8237187499999999 0.9158593749999999 0.7564062500000001
1 0.9278906250000001 0.8093020828125 0.8942343749999999 0.8093020828125 0.8942343749999999 0.8461562499999999 0.9278906250000001 0.8461562499999999 0.9278906250000001 0.8093020828125
1 0.9555312499999999 0.8397395828124999 0.9086562499999999 0.8397395828124999 0.9086562499999999 0.89421875 0.9555312499999999 0.89421875 0.9555312499999999 0.8397395828124999
1 0.9747578125 0.8237083328124999 0.9314921875 0.8237083328124999 0.9314921875 0.8894166671875 0.9747578125 0.8894166671875 0.9747578125 0.8237083328124999
1 1 0.8878229171875001 0.92909375 0.8878229171875001 0.92909375 0.9455104171875 1 0.9455104171875 1 0.8878229171875001
1 0.10215624999999999 0.4343020828125 0.04446875 0.4343020828125 0.04446875 0.4567395828125 0.10215624999999999 0.4567395828125 0.10215624999999999 0.4343020828125