0 0.506240509375 0.673907275 0.757381775 0.638611671875 0.7303937921875 0.44658219062500004 0.47925252656249995 0.48187779375 0.506240509375 0.673907275
1 0.3233881046875 0.72873271875 0.4019442140625 0.717692378125 0.3921296109375 0.6478578484375 0.31357350156249997 0.658898190625 0.3233881046875 0.72873271875
1 0.2657109828125 0.9747267374999999 0.351400115625 0.9626839140625 0.3344499921875 0.842077515625 0.2487608578125 0.8541203375 0.2657109828125 0.9747267374999999
1 0.1638867203125 0.8806069687500001 0.20553987187499997 0.8747529999999999 0.1963950390625 0.8096841359375 0.1547418875 0.8155381046875 0.1638867203125 0.8806069687500001
1 0.117674596875 0.9664046796875001 0.171241909375 0.9588762859375001 0.1618738203125 0.8922188656250001 0.10830650625 0.8997472609375 0.117674596875 0.9664046796875001
1 0.1418274015625 1 0.135391428125 0.9542056703125 0.074691090625 0.962736546875 0.079928128125 1 0.1418274015625 1
1 0.392040765625 0.86312139375 0.465831209375 0.8527508234375001 0.4586927890625 0.8019583234375001 0.3849023453125 0.81232889375 0.392040765625 0.86312139375
1 0.4221122109375 0.515795690625 0.455440921875 0.5111116453125 0.44897227187500005 0.46508481250000006 0.4156435625 0.46976885625 0.4221122109375 0.515795690625
1 0.381718075 0.4874962265625 0.4352853875 0.47996783125000003 0.42725683906249995 0.42284174218750004 0.3736895265625 0.4303701375 0.381718075 0.4874962265625
1 0.435608125 0.26631238437500004 0.4784526921875 0.26029097343749996 0.47265381250000005 0.21902980312500003 0.42980924531250003 0.22505121562500002 0.435608125 0.26631238437500004
1 0.4213136265625 0.320096046875 0.4820139640625 0.31156517031250003 0.47777498281249997 0.28140325625 0.4170746453125 0.28993413281249997 0.4213136265625 0.320096046875
1 0.331284984375 0.46545692031249997 0.3598480296875 0.461442646875 0.35605556250000003 0.4344578421875 0.3274925171875 0.43847211562500005 0.331284984375 0.46545692031249997