0 0.529098015625 0.46037631875 0.2855055 0.51661408125 0.33453545625 0.72898615625 0.5781279734375 0.67274839375 0.529098015625 0.46037631875
1 0.894517178125 0.7181354078125 0.7996531171875 0.740036503125 0.8310150421875001 0.875879928125 0.925879103125 0.8539788343750001 0.894517178125 0.7181354078125
1 0.750812125 0.581897321875 0.66882801875 0.60082484375 0.68324831875 0.663286025 0.765232425 0.644358503125 0.750812125 0.581897321875
1 0.5907129265625 0.42806278593749997 0.550900775 0.43725414531249995 0.5595520171875 0.47472679375000004 0.59936416875 0.4655354328125 0.5907129265625 0.42806278593749997
1 0.6249500875 0.3839919859375 0.5640519578125 0.39805142656250003 0.5723423421875 0.43396102187499996 0.6332404703125001 0.41990158125 0.6249500875 0.3839919859375
1 0.51438958125 0.2417375484375 0.46285453906249996 0.25363535000000004 0.47403179531250006 0.3020493625 0.5255668359375 0.2901515609375 0.51438958125 0.2417375484375
1 0.48528469999999996 0.19582678281250002 0.44078339218749996 0.20610071875 0.45015635156249995 0.24669947187500002 0.49465765937499995 0.2364255359375 0.48528469999999996 0.19582678281250002
1 0.6472876953125 0.43802916875 0.6086478328125 0.44694988437500005 0.6201859468750001 0.49692695000000003 0.658825809375 0.48800623437499996 0.6472876953125 0.43802916875
1 0.9628797828125 0.6562865703125 0.9148616078125 0.6673724390625 0.930003625 0.7329597234375 0.9780217999999999 0.7218738546875 0.9628797828125 0.6562865703125
1 0.9865016453125 0.7051202437499999 0.9537080031249999 0.7126912515625 0.9619983875000001 0.74860085 0.9947920296874999 0.741029840625 0.9865016453125 0.7051202437499999
1 1 0.7332420328125 0.97460719375 0.7391044250000001 0.986862340625 0.7921872953125 1 0.7891542281249999 1 0.7332420328125
1 0.09757414375 0.5254812875 0.0413651703125 0.5384581515625 0.046412509375 0.5603205796874999 0.10262148281250001 0.5473437156250001 0.09757414375 0.5254812875