0 0.24204710937499999 0.2402575078125 0.35725455625 0.215769409375 0.3432595015625 0.1499278484375 0.2280520546875 0.174415946875 0.24204710937499999 0.2402575078125
0 0.3357832234375 0.30552833281249997 0.46393584218750006 0.2782886515625 0.43961450625 0.1638657609375 0.31146188750000003 0.19110544062499998 0.3357832234375 0.30552833281249997
0 0.10946996406250001 0.6108685031250001 0.397503865625 0.5496450078125 0.3591874734375 0.36938055468750003 0.071153571875 0.43060405 0.10946996406250001 0.6108685031250001
0 0.49486758281250004 0.65509163125 0.6394805921875 0.6243531875 0.61315810625 0.500515625 0.46854509687499996 0.53125406875 0.49486758281250004 0.65509163125
1 1 0.8442757390625 0.8620250921875 0.8736032109374999 0.8743525234374999 0.9315992124999999 1 0.9048920171875 1 0.8442757390625
1 0.82665495 0.43548736093749996 0.932463009375 0.41299716406250003 0.9058069984375001 0.28759049062500003 0.7999989390625 0.3100806875 0.82665495 0.43548736093749996
1 0.1698349203125 0.2474279578125 0.2262618109375 0.23543405156250002 0.21226675468749998 0.1695924921875 0.1558398640625 0.181586396875 0.1698349203125 0.2474279578125
1 0.0652748796875 0.43184295781250004 0.1358084921875 0.41685057499999995 0.1254778796875 0.368248865625 0.05494426718749999 0.38324124843749996 0.0652748796875 0.43184295781250004
1 0.19796228437500002 0.397079359375 0.2449897875 0.3870833546875 0.23799442499999998 0.3541727640625 0.190966921875 0.36416876875000004 0.19796228437500002 0.397079359375
1 0.0258484796875 0.5123196078125 0.068168646875 0.503324178125 0.054840640625000006 0.440620840625 0.012520473437499999 0.4496162703125 0.0258484796875 0.5123196078125
1 0.143217321875 0.7118077984375 0.23138815781250002 0.6930665078125 0.211731840625 0.600590803125 0.1235610046875 0.61933209375 0.143217321875 0.7118077984375
1 0.0849049234375 0.951960796875 0.127225090625 0.9429653671875 0.108231490625 0.8536075078125 0.0659113234375 0.8626029374999999 0.0849049234375 0.951960796875
1 0.2843368375 1 0.27794019375 0.9699061562500001 0.208583415625 0.9846483953125 0.2118465 1 0.2843368375 1
1 0.47903487812499995 0.9910477999999999 0.5589831609375 0.9740542671875 0.5489860734375 0.9270216703124999 0.469037790625 0.944015203125 0.47903487812499995 0.9910477999999999