1 0.5132482453125 0.795373078125 0.5000857515625 0.8784777921875 0.6203779609375 0.8975302062500001 0.633540453125 0.8144254921874999 0.5132482453125 0.795373078125
1 0.6041773874999999 0.5797791484375 0.586314528125 0.692560809375 0.7509292515625 0.7186332203125 0.7687921125 0.605851559375 0.6041773874999999 0.5797791484375
1 0.554300653125 0.3723051703125 0.5317374265625 0.51476378125 0.6567828859375 0.5345690359375 0.6793461125 0.3921104265625 0.554300653125 0.3723051703125
1 0.518381890625 0.035619200000000004 0.5055958171875 0.1163472890625 0.6274724421875 0.1356506515625 0.640258515625 0.054922560937499997 0.518381890625 0.035619200000000004
1 0.6385478390625 0.0862990625 0.6274556578125 0.1563323390625 0.7477478671875 0.175384753125 0.7588400484375 0.10535147656249999 0.6385478390625 0.0862990625
1 0.0927831265625 0.3564043453125 0.085073840625 0.4050788609375 0.140466696875 0.413852228125 0.1481759828125 0.36517771250000003 0.0927831265625 0.3564043453125
1 0.16424341250000002 0.5198296078125 0.15126912812499999 0.601746009375 0.209830815625 0.6110212703125 0.2228050984375 0.52910486875 0.16424341250000002 0.5198296078125
0 0.185287921875 0.263971659375 0.16253648437499998 0.40761858125000006 0.249597096875 0.421407628125 0.272348534375 0.2777607046875 0.185287921875 0.263971659375
0 0.253989146875 0.3527256703125 0.22616092187499998 0.528426165625 0.3971133109375 0.5555023640625001 0.4249415359375 0.37980186875 0.253989146875 0.3527256703125
0 0.2993184109375 0.2406557125 0.26810729218749996 0.43771496875000004 0.47229127968749995 0.4700545359375 0.5035024 0.272995278125 0.2993184109375 0.2406557125
0 0.5722188828125 0.21815567656249998 0.5473995781250001 0.3748586046875 0.6756138703125 0.395165753125 0.7004331765625 0.238462825 0.5722188828125 0.21815567656249998