1 0.664767753125 0.1204672609375 0.60897879375 0.11163115781249999 0.59895069375 0.1749460953125 0.6547396515624999 0.18378219843750002 0.664767753125 0.1204672609375
1 0.2139593515625 0.5926123453125001 0.14985220625 0.5824587718750001 0.134811684375 0.6774208890625 0.19891882968750002 0.6875744640625 0.2139593515625 0.5926123453125001
1 0.4656659703125 0.6860128515625 0.3528843078125 0.668149990625 0.3293181078125 0.8169411234374999 0.4420997703125 0.8348039843749999 0.4656659703125 0.6860128515625
1 0.6711982859375001 0.6715179828125 0.5584166234375 0.6536551234375 0.5463842062500001 0.72962481875 0.6591658687499999 0.7474876781249999 0.6711982859375001 0.6715179828125
1 0.9320747421875 0.660926825 0.9795532296875 0.668446678125 0.9920875421875 0.58930815 0.9446090546875 0.581788296875 0.9320747421875 0.660926825
1 0.886749359375 0.824095246875 0.95323313125 0.8346252421875 0.9717836515625 0.717501865625 0.9052998796875 0.7069718703125 0.886749359375 0.824095246875
1 0.8600134 0.54727554375 0.8255832015625 0.5418223359375001 0.8175594171875 0.59248251875 0.8519896156250001 0.5979357249999999 0.8600134 0.54727554375
1 0.8623504265624999 0.3789015046875 0.7863755875 0.366868271875 0.778853696875 0.4143596203125 0.8548285359375001 0.426392853125 0.8623504265624999 0.3789015046875
1 0.9077741140625 0.3763720265625 0.8602879109374999 0.3688509515625 0.841235496875 0.489143159375 0.8887217 0.49666423593750003 0.9077741140625 0.3763720265625
0 0.7932527921875 0.2235652234375 0.5961935359375 0.192354103125 0.5811530140625 0.28731622031250004 0.7782122703125001 0.318527340625 0.7932527921875 0.2235652234375
0 0.6821712828125001 0.3179228625 0.49103815624999997 0.28765035 0.4632123765625 0.46333541250000004 0.654345503125 0.49360792656249997 0.6821712828125001 0.3179228625
0 0.7884369796875 0.3461122890625 0.6364873015625 0.3220458234375 0.604649628125 0.523060978125 0.7565993078125001 0.5471274421875 0.7884369796875 0.3461122890625
0 0.8472753656249999 0.6507231546875001 0.67989305625 0.6242124015625 0.6603387484375001 0.7476734453125 0.82772105625 0.7741841984375 0.8472753656249999 0.6507231546875001