1 0.7324171765624999 0.10830778593749998 0.712695278125 0.0068474124999999995 0.63561709375 0.0218298953125 0.6553389921874999 0.1232902671875 0.7324171765624999 0.10830778593749998
1 0.2690685671875 0.2693972859375 0.23145832500000002 0.075909365625 0.047403228125 0.1116860515625 0.08501347031249999 0.305173971875 0.2690685671875 0.2693972859375
1 0.374982309375 0.38594651562500004 0.3408096109375 0.21014322343749997 0.23225800312499997 0.23124351718749997 0.266430703125 0.40704681093749995 0.374982309375 0.38594651562500004
0 0.29991705468749996 0.52052345 0.2655177703125 0.3435544734375 0.1239385 0.37107469531250004 0.15833778437499998 0.548043671875 0.29991705468749996 0.52052345
1 0.19823600624999999 0.8708936453125 0.1853921765625 0.804817865625 0.0642634703125 0.8283628999999999 0.0771073015625 0.8944386812499999 0.19823600624999999 0.8708936453125
1 0.1072176546875 1 0.16562601875 0.9886465640625 0.1525526203125 0.9213897640625 0.0754744375 0.9363722453125 0.08784241875 1 0.1072176546875 1
1 0.43884337812499996 1 0.4240177015625 0.9237285046875 0.33591666249999996 0.9408536125 0.34741355625 1 0.43884337812499996 1
1 0.528372578125 0.687945596875 0.513924759375 0.6136180140625 0.43999596093750004 0.627988315625 0.4544437796875 0.7023159 0.528372578125 0.687945596875
1 0.8626488671875 0.232370603125 0.8532455625 0.1839947890625 0.8202178984374999 0.190414715625 0.8296212031250001 0.23879053125 0.8626488671875 0.232370603125
1 0.76312994375 0.3839572828125 0.7571671624999999 0.35328143437500004 0.7225648046875001 0.36000745156249997 0.7285275859375 0.39068329999999996 0.76312994375 0.3839572828125
0 0.810007928125 0.3479048453125 0.7783604671875 0.1850927734375 0.693408815625 0.2016057015625 0.7250562765625 0.3644177734375 0.810007928125 0.3479048453125
0 0.6826435109375 0.3898130296875 0.6145306625 0.0394028015625 0.3659744796875 0.0877172296875 0.43408732812500006 0.43812745781249995 0.6826435109375 0.3898130296875
1 0.67981944375 0.476061515625 0.67133440625 0.43240978124999996 0.6445850656250001 0.4376093265625 0.6530701031249999 0.4812610609375 0.67981944375 0.476061515625
1 0.5320234203124999 0.52193324375 0.5226201140625 0.4735574296875 0.4722708203125 0.483344340625 0.48167412656249997 0.5317201546875 0.5320234203124999 0.52193324375
1 0.390625015625 0.6596227625 0.3754884953125 0.58175211875 0.3267138953125 0.591232940625 0.3418504140625 0.669103584375 0.390625015625 0.6596227625