0 0.644234375 0.11217708281250001 0.539671875 0.11217708281250001 0.539671875 0.16665625 0.644234375 0.16665625 0.644234375 0.11217708281250001
0 0.5625 0.1458229171875 0.42428125000000005 0.1458229171875 0.42428125000000005 0.2307604171875 0.5625 0.2307604171875 0.5625 0.1458229171875
0 0.8088906250000001 0.2692395828125 0.532453125 0.2692395828125 0.532453125 0.43109374999999994 0.8088906250000001 0.43109374999999994 0.8088906250000001 0.2692395828125
0 0.49159375 0.44390625000000006 0.359375 0.44390625000000006 0.359375 0.5400520828125 0.49159375 0.5400520828125 0.49159375 0.44390625000000006
1 0.9074453124999999 0.5384583328125 0.8305234374999999 0.5384583328125 0.8305234374999999 0.65225 0.9074453124999999 0.65225 0.9074453124999999 0.5384583328125
1 0.2560078125 0.7355729171875 0.07811718749999999 0.7355729171875 0.07811718749999999 0.8173020828125 0.2560078125 0.8173020828125 0.2560078125 0.7355729171875
1 0 0.9230833328125 0.08653125 0.9230833328125 0.08653125 0.822125 0 0.822125 0 0.9230833328125
1 0.20553125 0.8189166671875 0.1766875 0.8189166671875 0.1766875 0.867 0.20553125 0.867 0.20553125 0.8189166671875
1 0.8317343749999999 0.9038437500000001 0.780046875 0.9038437500000001 0.780046875 0.9823645828125 0.8317343749999999 0.9823645828125 0.8317343749999999 0.9038437500000001
1 0.9326874999999999 1 0.9326874999999999 0.9230833328125 0.83653125 0.9230833328125 0.83653125 1 0.9326874999999999 1
1 0.9951874999999999 0.51121875 0.959125 0.51121875 0.959125 0.5448645828124999 0.9951874999999999 0.5448645828124999 0.9951874999999999 0.51121875
1 0.9194687500000001 0.2964791671875 0.896625 0.2964791671875 0.896625 0.3269375 0.9194687500000001 0.3269375 0.9194687500000001 0.2964791671875
1 0.8461640625 0.2852604171875 0.7932734375 0.2852604171875 0.7932734375 0.32853125 0.8461640625 0.32853125 0.8461640625 0.2852604171875
1 0.8028828125 0.2580208328125 0.7499921875 0.2580208328125 0.7499921875 0.2788541671875 0.8028828125 0.2788541671875 0.8028828125 0.2580208328125
1 0.673078125 0.1041666671875 0.623796875 0.1041666671875 0.623796875 0.125 0.673078125 0.125 0.673078125 0.1041666671875
1 0.6911015625 0.24679166718749998 0.6454296875 0.24679166718749998 0.6454296875 0.2916666671875 0.6911015625 0.2916666671875 0.6911015625 0.24679166718749998
1 0.789671875 0.4423125 0.704328125 0.4423125 0.704328125 0.5048125 0.789671875 0.5048125 0.789671875 0.4423125
1 0.5480703124999999 0.7291666671875 0.4915859375 0.7291666671875 0.4915859375 0.7820416671875 0.5480703124999999 0.7820416671875 0.5480703124999999 0.7291666671875
1 0.3365390625 0.7868645828124999 0.2932734375 0.7868645828124999 0.2932734375 0.8413437500000001 0.3365390625 0.8413437500000001 0.3365390625 0.7868645828124999
1 0.099765625 0.3798020828125 0.021640625 0.3798020828125 0.021640625 0.43428125 0.099765625 0.43428125 0.099765625 0.3798020828125