0 0.37555286875 0.6599795421875 0.6045561671875 0.6759930125 0.618083109375 0.48254871875000005 0.3890798125 0.46653524687500003 0.37555286875 0.6599795421875
1 0.060619837499999996 0.9078543187499999 0.14335530624999998 0.9136397468749999 0.1526343703125 0.7809429437500001 0.0698989015625 0.7751575171875 0.060619837499999996 0.9078543187499999
1 0.3291024578125 0.48001970156249996 0.3578759453125 0.482031740625 0.36044676249999996 0.44526735000000006 0.33167327343749997 0.44325531093750004 0.3291024578125 0.48001970156249996
1 0.18889723281249998 0.675851934375 0.24644420937499997 0.6798760109375 0.24957453125 0.6351103250000001 0.1920275546875 0.6310862484374999 0.18889723281249998 0.675851934375
1 0 0.7847320234375 0.031733259375 0.7869510281250001 0.035311184375 0.73578430625 0 0.73331510625 0 0.7847320234375
1 0.9132843046874999 0.740957884375 0.9432579875 0.7430538484375 0.9461645078125 0.7014886796875001 0.9161908249999999 0.6993927156249999 0.9132843046874999 0.740957884375
1 0.9220994484375 0.5632649468750001 0.960474490625 0.565948390625 0.9625991562499999 0.5355642515625 0.9242241140624999 0.5328808078125 0.9220994484375 0.5632649468750001
1 0.8140787140624999 0.4882240875 0.8644401109375 0.49174569999999995 0.8670109281249999 0.4549813078125 0.8166495296875 0.4514596953125 0.8140787140624999 0.4882240875
1 1 0.2923724671875 0.9413211890625 0.28826924374999996 0.9377432640625001 0.3394359671875 1 0.3437893828125 1 0.2923724671875
1 0.7503409171875 0.279749296875 0.813888865625 0.284193003125 0.8154540265625 0.261810159375 0.751906078125 0.257366453125 0.7503409171875 0.279749296875
1 0.3994893796875 0.248793475 0.4474503890625 0.25214723437500003 0.4499093046875 0.21698310156249997 0.40194829531250004 0.21362934218750002 0.3994893796875 0.248793475
1 0.38426152812500003 0.2943108609375 0.42143637656250005 0.2969103796875 0.423783390625 0.2633465046875 0.38660854375000003 0.2607469859375 0.38426152812500003 0.2943108609375