0 0.465393525 0.22811061875 0.5915598671875 0.24584214062499998 0.6058338078125 0.144277771875 0.47966746718750003 0.12654625 0.465393525 0.22811061875
0 0.37336855 0.1488232640625 0.49596064218749997 0.1660524578125 0.504435703125 0.10574925937499999 0.38184361093749997 0.0885200640625 0.37336855 0.1488232640625
0 0.19285142500000002 0.39695872187500003 0.46659865468749995 0.43543138593749997 0.48823427343750003 0.2814859640625 0.21448704375 0.24301330000000002 0.19285142500000002 0.39695872187500003
0 0.49971672656250005 0.5711740703125 0.6318246765625 0.58974063125 0.6505608546875 0.4564257921875 0.5184529062500001 0.43785923125000004 0.49971672656250005 0.5711740703125
1 0.0527936953125 0.598984640625 0.125392721875 0.60918776875 0.135874196875 0.5346082046875 0.06327516875 0.5244050765625 0.0527936953125 0.598984640625
1 0.8641344312499999 0.5171992671875 0.9724450015625001 0.532421325 0.990734665625 0.4022835953125 0.8824240953125001 0.3870615375 0.8641344312499999 0.5171992671875
1 0.6976145093749999 0.89027996875 0.9237515078125 0.9220614515625 0.9386952187500001 0.8157314171875001 0.712558221875 0.7839499359375 0.6976145093749999 0.89027996875
1 0.9346354796874999 1 0.94159684375 0.95046731875 0.8832793390625 0.9422713281249999 0.875166103125 1 0.9346354796874999 1
1 0.07318624375 0.902852875 0.0673873640625 0.9441140453125 0.2292652484375 0.9668644984375 0.23506412656250003 0.925603328125 0.07318624375 0.902852875
1 0.3938703 0.7974262140625 0.4712349921875 0.8082991125 0.48060308125000006 0.74164169375 0.4032383890625 0.7307687953124999 0.3938703 0.7974262140625
1 0.16270667656249999 0.2745828484375 0.1924611375 0.2787645640625 0.198036759375 0.23909195 0.1682822984375 0.23491023281249998 0.16270667656249999 0.2745828484375
1 0.3256085875 0.2554115890625 0.358937296875 0.26009563281250003 0.36518269062500003 0.21565735312499998 0.3318539796875 0.210973309375 0.3256085875 0.2554115890625
1 0.0548449609375 0.3079797484375 0.08340800468750001 0.311994021875 0.0927760953125 0.245336603125 0.06421305000000001 0.241322328125 0.0548449609375 0.3079797484375