1 0.5913541671875 0.88221875 0.5913541671875 0.8016875000000001 0.4775625 0.8016875000000001 0.4775625 0.88221875 0.5913541671875 0.88221875
1 0.3669895828125 0.756 0.3669895828125 0.66946875 0.29646875 0.66946875 0.29646875 0.756 0.3669895828125 0.756
1 0.3589791671875 0.673078125 0.3589791671875 0.6310156250000001 0.3061041671875 0.6310156250000001 0.3061041671875 0.673078125 0.3589791671875 0.673078125
1 0.367 0.625 0.367 0.5673125 0.2980833328125 0.5673125 0.2980833328125 0.625 0.367 0.625
1 0.232375 0.8629843749999999 0.232375 0.777640625 0.142625 0.777640625 0.142625 0.8629843749999999 0.232375 0.8629843749999999
1 0.5881458328125 0.74159375 0.5881458328125 0.67428125 0.4839791671875 0.67428125 0.4839791671875 0.74159375 0.5881458328125 0.74159375
1 0.9375 0.5865390625 0.9375 0.5228359375 0.8862083328124999 0.5228359375 0.8862083328124999 0.5865390625 0.9375 0.5865390625
1 0.7884583328125 0.6105859375 0.7884583328125 0.5444765625 0.7435833328125 0.5444765625 0.7435833328125 0.6105859375 0.7884583328125 0.6105859375
1 0.4855833328125 0.25480468749999996 0.4855833328125 0.1201953125 0.3990416671875 0.1201953125 0.3990416671875 0.25480468749999996 0.4855833328125 0.25480468749999996
1 0.3974375 0.13582031249999998 0.3974375 0.0012109375 0.3285208328125 0.0012109375 0.3285208328125 0.13582031249999998 0.3974375 0.13582031249999998
1 0.3958333328125 0.228359375 0.3958333328125 0.197109375 0.3717916671875 0.197109375 0.3717916671875 0.228359375 0.3958333328125 0.228359375
1 0.3205 0.4182734375 0.3205 0.3593828125 0.22595833281250002 0.3593828125 0.22595833281250002 0.4182734375 0.3205 0.4182734375
1 0.1698645828125 0.646625 0.1698645828125 0.5733125 0.09134375 0.5733125 0.09134375 0.646625 0.1698645828125 0.646625
1 0.5753125 0.9879843749999999 0.5753125 0.951921875 0.5304375 0.951921875 0.5304375 0.9879843749999999 0.5753125 0.9879843749999999
1 0.5576979171875001 0.9423046875000001 0.5576979171875001 0.9122578125 0.52884375 0.9122578125 0.52884375 0.9423046875000001 0.5576979171875001 0.9423046875000001
1 0.7756458328125 0.71634375 0.7756458328125 0.6766875 0.7371875 0.6766875 0.7371875 0.71634375 0.7756458328125 0.71634375
0 0.8012916671875001 0.671875 0.8012916671875001 0.4326875 0.6314166671875 0.4326875 0.6314166671875 0.671875 0.8012916671875001 0.671875
0 0.8830208328125 0.5685156250000001 0.8830208328125 0.459140625 0.8317291671874999 0.459140625 0.8317291671874999 0.5685156250000001 0.8830208328125 0.5685156250000001
0 0.8814062500000001 0.4447109375 0.8814062500000001 0.3209140625 0.7820520828124999 0.3209140625 0.7820520828124999 0.4447109375 0.8814062500000001 0.4447109375
0 0.6458437499999999 0.4134609375 0.6458437499999999 0.3136953125 0.5544895828125 0.3136953125 0.5544895828125 0.4134609375 0.6458437499999999 0.4134609375
0 0.35896875 1 0.35896875 0.8485625000000001 0.17628125 0.8485625000000001 0.17628125 1 0.35896875 1