0 0.111094925 0.375962371875 0.1223039703125 0.50408235 0.21331050468749999 0.496120309375 0.202101459375 0.3680003328125 0.111094925 0.375962371875
0 0.6409885484375 0.12571746718750001 0.6585872 0.32687096875 0.8118559046874999 0.3134616953125 0.794257253125 0.11230819375000001 0.6409885484375 0.12571746718750001
1 0.835898240625 0 0.8415614578125 0.0647308765625 0.92297961875 0.0576077109375 0.917939596875 0 0.835898240625 0
0 0.2247811890625 0.13075368125 0.2386089921875 0.28880619687500003 0.3503695859375 0.27902841093749997 0.3365417828125 0.12097589687500002 0.2247811890625 0.13075368125
0 0.27672163906249997 0.2830563296875 0.28531192656250004 0.3812437703125 0.3507702203125 0.3755169109375 0.34217993125 0.277329471875 0.27672163906249997 0.2830563296875
1 0.3917339515625 0.531195340625 0.3994853640625 0.61979440625 0.4489837890625 0.61546385625 0.44123237499999995 0.5268647890625 0.3917339515625 0.531195340625
1 0.7658402859375 0.33919514375 0.7709729421875 0.397861671875 0.8667529109375 0.3894820109375 0.8616202546875 0.3308154828125 0.7658402859375 0.33919514375
1 0.623541246875 0.27564455625 0.6299308515625001 0.34867807968750003 0.6746350890625 0.344766965625 0.6682454828125 0.2717334421875 0.623541246875 0.27564455625
1 0.6581516046875 0.34017832187499997 0.6625516078125 0.3904705890625 0.71364809375 0.386000225 0.7092480906249999 0.335707959375 0.6581516046875 0.34017832187499997
1 0.664673284375 0.396315728125 0.6699108 0.456180803125 0.7257807203125 0.45129281875 0.7205432046875 0.3914277421875 0.664673284375 0.396315728125
1 0.72371143125 0.4092350015625 0.7311496296875 0.49425399218750005 0.8253315375 0.48601414218750005 0.8178933390625 0.4009951515625 0.72371143125 0.4092350015625
1 0.7608505640625001 0.55800955625 0.7652505671875 0.6083018234375 0.8115528671875 0.604250896875 0.8071528640625001 0.5539586296875 0.7608505640625001 0.55800955625
1 0.4361974578125 0.1568957671875 0.4410155359375 0.21196665625 0.49528739374999997 0.207218484375 0.49046931562499996 0.1521475953125 0.4361974578125 0.1568957671875
1 0.47825916562500004 0 0.43726681562499997 0.003586365625 0.44082794375 0.044290259375 0.4935017390625 0.0396818984375 0.490030021875 0 0.47825916562500004 0
1 0.101731253125 0.23200410312500003 0.106026396875 0.2810978234375 0.1475345078125 0.277466334375 0.14323936406249999 0.22837261406249998 0.101731253125 0.23200410312500003
0 0.3196206078125 0.7365823046875 0.32747688125 0.8263799171875 0.38973905000000003 0.8209326828125001 0.3818827765625 0.7311350703125 0.3196206078125 0.7365823046875
0 0.07194806718749999 0.29614865625000003 0.080223778125 0.3907404546875 0.1233299515625 0.386969153125 0.1150542421875 0.29237735468750004 0.07194806718749999 0.29614865625000003
1 0.6311851453124999 0.6019309015625 0.6355851484375 0.65222316875 0.672299075 0.649011115625 0.667899071875 0.59871885 0.6311851453124999 0.6019309015625
1 0.060041790625 0.6748226374999999 0.06318484375 0.710747909375 0.10149683125 0.70739604375 0.098353778125 0.6714707734375 0.060041790625 0.6748226374999999