0 0.50240428125 0.2925107 0.6404693124999999 0.273106925 0.6174970531249999 0.1096508015625 0.479432021875 0.1290545765625 0.50240428125 0.2925107
0 0.3272128796875 0.211941875 0.4974152046875 0.1880214984375 0.48648721562499997 0.11026482343749999 0.3162848921875 0.1341852 0.3272128796875 0.211941875
0 0.3376923703125 0.4160110640625 0.61739668125 0.37670118750000003 0.5944244203125 0.21324506406250002 0.3147201109375 0.252554940625 0.3376923703125 0.4160110640625
1 0.5732612171875 0.59813404375 0.7898823578124999 0.5676899265625 0.777838084375 0.481990478125 0.5612169453125 0.51243459375 0.5732612171875 0.59813404375
0 0.44584489375 0.5464578078125 0.5922498375 0.5258819359375 0.5750764578124999 0.4036869828125 0.42867151249999996 0.4242628546875 0.44584489375 0.5464578078125
1 1 0.6896332515625 0.977786040625 0.5315727156250001 0.8135407984375 0.5546558796875 0.836959571875 0.7212891124999999 1 0.6983752734374999 1 0.6896332515625
1 0.18235951718750001 0.502565309375 0.25139976875 0.492862334375 0.2411415515625 0.4198713265625 0.17210129999999998 0.4295743015625 0.18235951718750001 0.502565309375
1 0.2684938703125 0.5972597000000001 0.344667146875 0.5865542453125 0.32838679375 0.47071351093749997 0.2522135171875 0.4814189671875 0.2684938703125 0.5972597000000001
1 0.094710071875 0.8029474703125 0.18397345468749998 0.7904023203125 0.1696995140625 0.6888379515625 0.08043613125 0.7013831015624999 0.094710071875 0.8029474703125
1 0.1063036828125 0.859562003125 0.1658126046875 0.8511985687499999 0.1555543875 0.7782075609375 0.096045465625 0.7865709937500001 0.1063036828125 0.859562003125
1 0.1298859 0.9323214171875 0.223914946875 0.9191064953125 0.2080782078125 0.806422240625 0.11404916093749999 0.8196371625 0.1298859 0.9323214171875