1 0.3104701640625 0.129244721875 0.3781422484375 0.1399629265625 0.3851622453125 0.09564041250000001 0.3174901609375 0.0849222078125 0.3104701640625 0.129244721875
1 0.905137875 1 0.9130635578125 0.9499592046875 0.7444929375 0.9232602406250001 0.732338553125 1 0.905137875 1
1 0.868673721875 0.5924785078125 0.9802670718750001 0.6101531578125 0.9980680109375 0.4977624546875 0.8864746609375 0.4800878046875 0.868673721875 0.5924785078125
1 0.34514730312499997 0.91681361875 0.4128193875 0.9275318234375 0.42059222500000004 0.8784560593749999 0.352920140625 0.8677378546875 0.34514730312499997 0.91681361875
1 0 0.727479246875 0.032378412499999995 0.732607484375 0.050179351562499995 0.6202167828125 0 0.6122691546875 0 0.727479246875
1 0.1481246296875 0.5318888359375 0.2395320984375 0.5463663578125 0.25256830468749997 0.46405899375 0.1611608359375 0.4495814734375 0.1481246296875 0.5318888359375
1 0.27957808125 0.3012168984375 0.347250165625 0.311935103125 0.35477205624999997 0.26444375625 0.28709997187499997 0.2537255515625 0.27957808125 0.3012168984375
1 0.1316858890625 0.27455529843750004 0.22665829531249998 0.28959745 0.2344311328125 0.240521684375 0.1394587265625 0.22547953281250002 0.1316858890625 0.27455529843750004
1 0.08924288124999999 0.319742915625 0.14503184062500002 0.32857901875 0.152804678125 0.2795032546875 0.09701571875000001 0.2706671515625 0.08924288124999999 0.319742915625
0 0.1210461078125 0.44161430937499996 0.419019334375 0.48880863124999996 0.44258553437500003 0.3400174984375 0.1446123078125 0.2928231765625 0.1210461078125 0.44161430937499996
0 0.4181263609375 0.27935058125 0.5712643515625 0.30360525625 0.591320553125 0.1769753796875 0.43818256250000004 0.15272070468750001 0.4181263609375 0.27935058125
0 0.3552464328125 0.1768984703125 0.47040472031249997 0.1951377515625 0.48344092656250004 0.11283038906250001 0.3682826390625 0.09459110937500001 0.3552464328125 0.1768984703125
0 0.4600715203125 0.6445754406249999 0.6001535046875001 0.6667622468750001 0.624472546875 0.5132178625 0.4843905609375 0.49103105625000004 0.4600715203125 0.6445754406249999