1 0 0.7644270828125 0.17909375 0.7644270828125 0.17909375 0.62340625 0 0.62340625 0 0.7644270828125
1 0.3870234375 0.5144166671875 0.21153906249999999 0.5144166671875 0.21153906249999999 0.6121666671875 0.3870234375 0.6121666671875 0.3870234375 0.5144166671875
1 0.9074609375 0.6378125 0.8233203124999999 0.6378125 0.8233203124999999 0.7243541671875 0.9074609375 0.7243541671875 0.9074609375 0.6378125
1 0.9266875000000001 0.7179479171875001 0.853375 0.7179479171875001 0.853375 0.7852604171875 0.9266875000000001 0.7852604171875 0.9266875000000001 0.7179479171875001
1 0.8882187500000001 0.7468020828124999 0.79446875 0.7468020828124999 0.79446875 0.8766145828124999 0.8882187500000001 0.8766145828124999 0.8882187500000001 0.7468020828124999
1 0.8028906250000001 0.3669791671875 0.7247656250000001 0.3669791671875 0.7247656250000001 0.43910416718749995 0.8028906250000001 0.43910416718749995 0.8028906250000001 0.3669791671875
0 0.5516796875 0.4310833328125 0.37019531250000004 0.4310833328125 0.37019531250000004 0.5144166671875 0.5516796875 0.5144166671875 0.5516796875 0.4310833328125
0 0.59134375 0.0881354171875 0.43028125 0.0881354171875 0.43028125 0.17628125 0.59134375 0.17628125 0.59134375 0.0881354171875
0 0.5841406250000001 0.19390625 0.342546875 0.19390625 0.342546875 0.40384374999999995 0.5841406250000001 0.40384374999999995 0.5841406250000001 0.19390625
0 0.4615390625 0.1554479171875 0.2932734375 0.1554479171875 0.2932734375 0.27884375 0.4615390625 0.27884375 0.4615390625 0.1554479171875
1 0.719953125 0.44871875 0.637015625 0.44871875 0.637015625 0.56090625 0.719953125 0.56090625 0.719953125 0.44871875