0 0.22750434375 0.5547253249999999 0.36161740625 0.5212871828125001 0.34184533125 0.44198572187499996 0.20773226875 0.47542386406250003 0.22750434375 0.5547253249999999
0 0.3143962171875 0.19777851562499998 0.4170201515625 0.1721914953125 0.396083828125 0.08822048593750001 0.29345989375000003 0.11380750625 0.3143962171875 0.19777851562499998
0 0.23086980937499998 0.1508948203125 0.31599809843750004 0.12966995312500001 0.3055299359375 0.08768445 0.220401646875 0.10890931562499999 0.23086980937499998 0.1508948203125
0 0.134361078125 0.3302147984375 0.2603175921875 0.2988103109375 0.2389931859375 0.2132827875 0.113036671875 0.2446872734375 0.134361078125 0.3302147984375
0 0.24397680312499997 0.32269163437500004 0.3466007375 0.2971046125 0.328769078125 0.2255857328125 0.22614514375 0.251172753125 0.24397680312499997 0.32269163437500004
1 0.572053325 0.883383946875 0.6466902921875 0.8647748609375 0.6261420515625 0.78236036875 0.551505084375 0.8009694546875 0.572053325 0.883383946875
1 0.919191009375 0.8100375390625001 0.9798344921875 0.7949174203125 0.956574709375 0.7016275296875001 0.8959312265625 0.7167476484375 0.919191009375 0.8100375390625001
1 0.7775903046875 0.39114254531250003 0.8825490125 0.3649734 0.871304684375 0.3198748640625 0.7663459765625 0.3460440078125 0.7775903046875 0.39114254531250003
1 0.9520693859374999 0.43518850625 0.9963846109375 0.42413947968750004 0.9820406578125 0.36660902812499996 0.9377254328125 0.3776580546875 0.9520693859374999 0.43518850625
1 0.59202158125 0.6405697359375 0.6701607093749999 0.6210874640624999 0.6554286734375 0.562000496875 0.5772895453125 0.5814827703125001 0.59202158125 0.6405697359375
1 0.162537428125 0.64689894375 0.2651613625 0.6213119234375 0.251593575 0.5668945062499999 0.1489696421875 0.5924815265625 0.162537428125 0.64689894375
1 0.016883470312500003 0.48501467187499997 0.0856835015625 0.467860896875 0.0763795890625 0.43054494062500004 0.0075795578125 0.44769871562499997 0.016883470312500003 0.48501467187499997
1 0.058799301562499996 0.5687147312499999 0.005160140625 0.582088475 0.0187279265625 0.63650589375 0.07236708750000001 0.6231321484375 0.058799301562499996 0.5687147312499999
1 0.0984017953125 0.6430719140625001 0.024932215625 0.6613899375 0.042380832812500005 0.731372515625 0.11585041250000001 0.7130544921874999 0.0984017953125 0.6430719140625001
1 0.042079225 0.5811284234375 0.10855964375 0.5645529921875 0.0957680234375 0.51324860625 0.029287604687500003 0.5298240359374999 0.042079225 0.5811284234375
1 0.4666952328125 0.3068081109375 0.5448343609374999 0.28732583749999996 0.5343661984375 0.24534033437499997 0.4562270703125 0.26482260625 0.4666952328125 0.3068081109375
1 0.39857540937499997 0.47078355937499994 0.45454934375 0.45682768906250004 0.44563351406249996 0.42106825 0.3896595796875 0.43502411875 0.39857540937499997 0.47078355937499994
1 0.40046689375 0.5479300484375 0.4681147 0.53106355625 0.45338266406249994 0.4719765890625 0.38573485937499996 0.48884308125000003 0.40046689375 0.5479300484375
1 0.6452063156250001 0.7544827203125 0.67552805625 0.7469226609375 0.6658360609375 0.7080501890625001 0.6355143187500001 0.7156102468750001 0.6452063156250001 0.7544827203125