0 0.5769296875000001 0.1298020828125 0.4302890625 0.1298020828125 0.4302890625 0.2499895828125 0.5769296875000001 0.2499895828125 0.5769296875000001 0.1298020828125
0 0.68509375 0.08333333281250001 0.5685 0.08333333281250001 0.5685 0.1666666671875 0.68509375 0.1666666671875 0.68509375 0.08333333281250001
0 0.8377343749999999 0.2708333328125 0.652640625 0.2708333328125 0.652640625 0.4375 0.8377343749999999 0.4375 0.8377343749999999 0.2708333328125
0 0.65025 0.3221041671875 0.5360625 0.3221041671875 0.5360625 0.4326875 0.65025 0.4326875 0.65025 0.3221041671875
0 0.7247656250000001 0.767625 0.48317187500000003 0.767625 0.48317187500000003 0.9663333328125001 0.7247656250000001 0.9663333328125001 0.7247656250000001 0.767625
1 0.5661015625 0.72115625 0.4711484375 0.72115625 0.4711484375 0.8125104171875 0.5661015625 0.8125104171875 0.5661015625 0.72115625
1 0.4795625 0.7451979171875001 0.41946874999999995 0.7451979171875001 0.41946874999999995 0.8269270828125 0.4795625 0.8269270828125 0.4795625 0.7451979171875001
1 0.4182734375 0.7195520828124999 0.3461640625 0.7195520828124999 0.3461640625 0.8493645828125 0.4182734375 0.8493645828125 0.4182734375 0.7195520828124999
1 0.35215625 0.8317395828124999 0.24759375 0.8317395828124999 0.24759375 0.9375104171875 0.35215625 0.9375104171875 0.35215625 0.8317395828124999
1 0.431484375 1 0.431484375 0.884625 0.355765625 0.884625 0.355765625 1 0.431484375 1
1 0.353375 0.4439166671875 0.23678125 0.4439166671875 0.23678125 0.5208333328125 0.353375 0.5208333328125 0.353375 0.4439166671875
1 1 0.5689166671875 0.9206796875000001 0.5689166671875 0.9206796875000001 0.6634583328125 1 0.6634583328125 1 0.5689166671875
1 1 0.48237500000000005 0.88221875 0.48237500000000005 0.88221875 0.5865416671875 1 0.5865416671875 1 0.48237500000000005
1 1 0.7147395828125 0.8569687500000001 0.7147395828125 0.8569687500000001 0.83171875 1 0.83171875 1 0.7147395828125
1 0.7415859375 0.5208229171875 0.6802890625 0.5208229171875 0.6802890625 0.6330104171875 0.7415859375 0.6330104171875 0.7415859375 0.5208229171875
1 0.131015625 0.31409375 0.050484375000000005 0.31409375 0.050484375000000005 0.42628125 0.131015625 0.42628125 0.131015625 0.31409375
1 0.21754687499999997 0.8253333328125001 0.131015625 0.8253333328125001 0.131015625 0.8782083328124999 0.21754687499999997 0.8782083328124999 0.21754687499999997 0.8253333328125001
1 0.179078125 0.7083229171875 0.121390625 0.7083229171875 0.121390625 0.75159375 0.179078125 0.75159375 0.179078125 0.7083229171875
1 0.30529687499999997 0.0336458328125 0.240390625 0.0336458328125 0.240390625 0.0961458328125 0.30529687499999997 0.0961458328125 0.30529687499999997 0.0336458328125