0 0.7391875 0.18590625 0.58534375 0.18590625 0.58534375 0.3301354171875 0.7391875 0.3301354171875 0.7391875 0.18590625
0 0.8461484374999999 0.142625 0.7067265625 0.142625 0.7067265625 0.22595833281250002 0.8461484374999999 0.22595833281250002 0.8461484374999999 0.142625
0 0.63821875 0.7419791671875 0.4891875 0.7419791671875 0.4891875 0.8253125000000001 0.63821875 0.8253125000000001 0.63821875 0.7419791671875
0 0.9999921875 0.5432708328125 0.7560078125 0.5432708328125 0.7560078125 0.6987291671875 0.9999921875 0.6987291671875 0.9999921875 0.5432708328125
1 0.6526484375 0.6730729171875 0.5216328125 0.6730729171875 0.5216328125 0.7724270828125 0.6526484375 0.7724270828125 0.6526484375 0.6730729171875
1 0.9194765625000001 0.3878229171875 0.8665859375 0.3878229171875 0.8665859375 0.42467708281250005 0.9194765625000001 0.42467708281250005 0.9194765625000001 0.3878229171875
1 0.9038437500000001 0.1698645828125 0.8545624999999999 0.1698645828125 0.8545624999999999 0.2131354171875 0.9038437500000001 0.2131354171875 0.9038437500000001 0.1698645828125
1 0.2247578125 0.5224270828125 0.1478359375 0.5224270828125 0.1478359375 0.5929479171875001 0.2247578125 0.5929479171875001 0.2247578125 0.5224270828125
1 0.1898984375 0.4727604171875 0.11297656250000002 0.4727604171875 0.11297656250000002 0.53365625 0.1898984375 0.53365625 0.1898984375 0.4727604171875
1 0.1189921875 0.705125 0.0709140625 0.705125 0.0709140625 0.740375 0.1189921875 0.740375 0.1189921875 0.705125
1 0.4014375 0.0705104171875 0.34134375 0.0705104171875 0.34134375 0.1105729171875 0.4014375 0.1105729171875 0.4014375 0.0705104171875
1 0.0817265625 0.27084375 0.0312421875 0.27084375 0.0312421875 0.3044895828125 0.0817265625 0.3044895828125 0.0817265625 0.27084375
1 0.1875 0.4054479171875 0.1454375 0.4054479171875 0.1454375 0.43109374999999994 0.1875 0.43109374999999994 0.1875 0.4054479171875
1 0.38221875 0.52403125 0.33534375 0.52403125 0.33534375 0.5705104171875 0.38221875 0.5705104171875 0.38221875 0.52403125
1 0.32571875 0.3253125 0.29446875 0.3253125 0.29446875 0.3493541671875 0.32571875 0.3493541671875 0.32571875 0.3253125
1 0.8065 0.392625 0.75240625 0.392625 0.75240625 0.4375 0.8065 0.4375 0.8065 0.392625