1 0.6086912812499999 0.4444854109375 0.6055034296875 0.3531973046875 0.5526606390625 0.355042615625 0.5558484906250001 0.446330721875 0.6086912812499999 0.4444854109375
1 0.5468058890624999 0.830302084375 0.544331296875 0.759439028125 0.488282128125 0.7613963078125 0.49075672031249995 0.8322593640625 0.5468058890624999 0.830302084375
1 0.1326113625 1 0.12845509375 0.8809800624999999 0.037156578125 0.884168278125 0.041201510937500005 1 0.1326113625 1
1 0.21051500937499998 0.613531415625 0.20841776875 0.5534742734375 0.110727315625 0.5568856984375 0.11282455625000001 0.6169428421875 0.21051500937499998 0.613531415625
1 0.36555605625 0.6910974999999999 0.362494171875 0.6034165703125 0.301635434375 0.6055418046875001 0.30469732031249996 0.693222734375 0.36555605625 0.6910974999999999
1 0.33063883125000004 0.563644703125 0.328331646875 0.49757559999999995 0.254668215625 0.5001479828125001 0.2569753984375 0.5662170859375 0.33063883125000004 0.563644703125
1 0.7043224218749999 0.24390855937499997 0.701176559375 0.15382284531249998 0.640317821875 0.1559480796875 0.643463684375 0.2460337921875 0.7043224218749999 0.24390855937499997
0 0.8891727453125 0.623516746875 0.8846003671875 0.492580934375 0.79811141875 0.49560119374999995 0.802683796875 0.6265370078125 0.8891727453125 0.623516746875
0 0.9207987421875 0.7029848640624999 0.9175269140625 0.6092919734375 0.8646841234375 0.611137284375 0.8679559515624999 0.704830175 0.9207987421875 0.7029848640624999
0 0.732117615625 0.8562959453125 0.7267065578125 0.7013435203125 0.64663036875 0.7041398421875 0.6520414265625 0.8590922671874999 0.732117615625 0.8562959453125
0 0.7094800546875 0.7127641734375 0.7053275609375 0.59385228125 0.6380560656250001 0.5962014531250001 0.642208559375 0.715113346875 0.7094800546875 0.7127641734375
0 0.35488301875 0.8442195109374999 0.347206765625 0.6244003765625 0.1598209859375 0.63094403125 0.1674972390625 0.8507631671875 0.35488301875 0.8442195109374999