1 0.53582143125 0.531832803125 0.536996196875 0.5991350515625 0.6427509203125 0.5972890953125 0.6415761546875001 0.529986846875 0.53582143125 0.531832803125
1 0.8779192328125 0.388817153125 0.8796183890625 0.4861617 0.9613351078125 0.4847353296875 0.959635953125 0.3873907828125 0.8779192328125 0.388817153125
1 0.8848467171875001 0.14227589062499998 0.9937988703125 0.1403741234375 0.9923094171875 0.055043371875000004 0.8833572640625 0.056945139062500004 0.8848467171875001 0.14227589062499998
1 0.8318643671875 0.137184159375 0.8329131484375001 0.19726875625 0.946687484375 0.19528281875 0.9456387046874999 0.135198221875 0.8318643671875 0.137184159375
1 0.63293543125 0.218793378125 0.6346135890625 0.3149349828125 0.7019158375 0.31376021718749997 0.7002376796875 0.2176186125 0.63293543125 0.218793378125
1 1 0.495636565625 0.9986863625 0.42037834687500003 0.9474025078125001 0.421273509375 0.9489966765625001 0.512603346875 1 0.51171308125 1 0.495636565625
1 0.8189835265625 0.5016441578124999 0.8197386171875 0.54490319375 0.907871025 0.5433648359375 0.907115934375 0.5001058015625001 0.8189835265625 0.5016441578124999
1 0.6321737015625 0.634737209375 0.6329707859375 0.680402128125 0.6762350296874999 0.6796469484375 0.6754379453125 0.6339820296875 0.6321737015625 0.634737209375
1 0.6857109218749999 0.5797007234375 0.687724765625 0.695073775 0.74379955625 0.6940949859375001 0.7417857125 0.5787219343750001 0.6857109218749999 0.5797007234375
1 0.35100352031250004 0.6877226875 0.35167489218750003 0.7261855796875001 0.38691952343749997 0.7255703812500001 0.3862481515625 0.687107490625 0.35100352031250004 0.6877226875
1 0.177119509375 0.8265988468750001 0.17791659375 0.8722637656250001 0.22438868125 0.8714525921874999 0.2235915984375 0.8257876734374999 0.177119509375 0.8265988468750001
0 0.2403749703125 0.7774170828125 0.24278722031250002 0.9156147828125001 0.28284361874999997 0.9149155953125 0.28043136875 0.7767178968749999 0.2403749703125 0.7774170828125
0 0.41575503906250005 1 0.4143765640625 0.9210272093749999 0.27498113125 0.923460365625 0.27631713593749996 1 0.41575503906250005 1
0 0.504363428125 1 0.6192822796875 0.997994084375 0.6148351890625 0.7432203937499999 0.34243918125 0.7479750828125 0.34683829374999997 1 0.504363428125 1
0 0.622866178125 0.8356489984375 0.6256979671875 0.9978820984375 0.763489478125 0.9954769375 0.7606576890625 0.8332438375000001 0.622866178125 0.8356489984375
1 0.670485971875 0.1664503703125 0.6714717609374999 0.2229261421875 0.741981853125 0.22169538437499997 0.7409960640625 0.1652196125 0.670485971875 0.1664503703125
1 0.7428927453124999 0.09064390312500001 0.7440885078125 0.1591490921875 0.83061699375 0.15763873281250002 0.8294212312499999 0.0891335421875 0.7428927453124999 0.09064390312500001