0 0.8717705546875001 0.4940075609375 0.8357166328125001 0.3494031765625 0.7362006765625 0.374215290625 0.7722546 0.5188196765625 0.8717705546875001 0.4940075609375
0 0.93304603125 0.57412604375 0.9060036984375 0.465665175 0.8220326890624999 0.4866014984375 0.8490750203124999 0.5950623671875 0.93304603125 0.57412604375
0 0.27497109218750004 0.7766009625 0.21681533593750002 0.5433509671875 0.0162269109375 0.593363278125 0.074382665625 0.826613275 0.27497109218750004 0.7766009625
0 0.7754007046875 0.7633052046875 0.737018284375 0.6093617234375001 0.5924037921875 0.645418165625 0.6307862140625 0.799361646875 0.7754007046875 0.7633052046875
0 0.68291015 0.6042771953125 0.654125225 0.48882716562499995 0.5794933109375 0.507434990625 0.6082782359375 0.622885021875 0.68291015 0.6042771953125
1 0.20770498593750003 0.4935925484375 0.1858979953125 0.40612948437499996 0.09416461875 0.429001184375 0.1159716109375 0.516464246875 0.20770498593750003 0.4935925484375
1 0.5172923375 0.35075044218749996 0.48734316250000004 0.23063086406250002 0.3987026046875 0.2527314375 0.42865177968749996 0.372851015625 0.5172923375 0.35075044218749996
1 0.5530042640625 0.1164077796875 0.5358504890625 0.0476077484375 0.47832003749999996 0.061951701562499996 0.49547381250000005 0.13075173281250002 0.5530042640625 0.1164077796875
1 0.5387902671875 1 0.5188863203125 0.92016963125 0.4504602578125 0.9372301656250001 0.4661105359375 1 0.5387902671875 1
1 0.3603974890625 1 0.3494807734375 0.9562154453125 0.271735828125 0.9755994375 0.277819571875 1 0.3603974890625 1
1 0.1754130796875 1 0.1468270453125 0.8853476812500001 0.084637153125 0.9008533625 0.10935718593749999 1 0.1754130796875 1
1 0 0.54291540625 0.08274685781249999 0.522284296875 0.0629735234375 0.4429777828125 0 0.4586788453125 0 0.54291540625
1 0.8972357046875 0.6425161359375 0.8850224296875 0.5935313625 0.8445934421875 0.6036114421875001 0.8568067171875 0.652596215625 0.8972357046875 0.6425161359375
1 0.7655581328125 0.7967259515625 0.75538229375 0.7559128875 0.722735884375 0.7640525515625 0.7329117234375 0.804865615625 0.7655581328125 0.7967259515625
1 0.6568541531250001 0.9105453734375001 0.6399876609375 0.8428975671875 0.58557024375 0.8564653546875001 0.6024367359375 0.9241131593749999 0.6568541531250001 0.9105453734375001
1 0.36254176562499996 0.43890016718749997 0.349746365625 0.38758062031249996 0.29688546250000003 0.4007603234375 0.3096808625 0.452079871875 0.36254176562499996 0.43890016718749997
1 0.195848459375 0.2141283703125 0.1868330890625 0.17796969375 0.14951713125 0.18727360625 0.158532503125 0.22343228437499998 0.195848459375 0.2141283703125
1 0.0795887546875 0.277793709375 0.0676665421875 0.229976321875 0.0241245203125 0.2408325671875 0.036046734375 0.288649953125 0.0795887546875 0.277793709375