0 0.7440223703125 0.7612486546875 0.7217583656250001 0.9425744296874999 0.8012861250000001 0.9523392109375 0.82355013125 0.771013434375 0.7440223703125 0.7612486546875
0 0.671122096875 1 0.7022564499999999 0.7464310328125 0.449343284375 0.7153772015625 0.41521415624999997 0.9933366484375 0.4694827984375 1 0.671122096875 1
1 0.28099988593749997 0.7976463984375 0.26371538437500003 0.9384173578125001 0.3416509359375 0.947986640625 0.3589354359375 0.80721568125 0.28099988593749997 0.7976463984375
0 0.243086125 0.6198254234375 0.21818479062499999 0.8226305171874999 0.35180631562500003 0.8390371765625 0.37670765 0.6362320828125 0.243086125 0.6198254234375
1 0.11830635625000001 0.3211422546875 0.11054289843750001 0.384370546875 0.23461116718750002 0.3996042140625 0.242374625 0.3363759234375 0.11830635625000001 0.3211422546875
1 0.14088643750000002 0.21613480312500002 0.13195189062499998 0.2889008421875 0.19557823593749998 0.296713175 0.20451278125 0.22394713593749999 0.14088643750000002 0.21613480312500002
1 0.0593068921875 0.22308046718750002 0.0486147609375 0.3101608828125 0.1440439375 0.3218781125 0.15473606875 0.234797696875 0.0593068921875 0.22308046718750002
1 0.11736380937499999 0 0.109878265625 0.06096486875 0.179873446875 0.06955919687499999 0.1884142421875 0 0.11736380937499999 0
1 0.18909282968750002 0.007721829687499999 0.1798650359375 0.082876184375 0.24826800625 0.0912750125 0.2574958015625 0.016120659375 0.18909282968750002 0.007721829687499999
1 0.47776724843749996 0.47063412031249996 0.468539453125 0.5457884749999999 0.54488279375 0.5551622578125001 0.5541105890625 0.480007903125 0.47776724843749996 0.47063412031249996
1 0.3586928984375 0.5068692609375 0.35034294374999997 0.57487418125 0.4091926609375 0.5821000171875 0.41754261406250004 0.5140950984375 0.3586928984375 0.5068692609375
1 0.6670874812500001 0.6513031328125 0.66005714375 0.7085606390625 0.6886962359375 0.7120770765625 0.6957265734375 0.6548195703124999 0.6670874812500001 0.6513031328125
1 0.5028464546875 0.6214395875000001 0.49815829218749996 0.659621596875 0.557008009375 0.6668474343749999 0.5616961703125 0.628665425 0.5028464546875 0.6214395875000001
1 0.20819115312499997 0.08877064375 0.1991099828125 0.162730840625 0.2993157875 0.175034565625 0.3083969578125 0.10107436875 0.20819115312499997 0.08877064375
1 0.3804638953125 0.1716881515625 0.37035635624999996 0.2540074484375 0.43079828124999997 0.26142878281250004 0.44090582031250003 0.1791094875 0.3804638953125 0.1716881515625
1 0.342972475 0.095646040625 0.33374468125 0.17080039375 0.39418660625 0.1782217296875 0.4034144015625 0.10306737656250001 0.342972475 0.095646040625