0 0.1505646390625 0.4932719109375 0.175192834375 0.6329453484374999 0.257260146875 0.6184746671875 0.2326319515625 0.47880122968750005 0.1505646390625 0.4932719109375
0 0.2051585828125 0.6459630562500001 0.2299956984375 0.786821340625 0.3736134953125 0.7614976484375 0.34877637968749997 0.6206393640625001 0.2051585828125 0.6459630562500001
0 0.32024709375 0.33886736093750003 0.379729734375 0.6762101781250001 0.5990956609375 0.637530046875 0.5396130203125 0.300187228125 0.32024709375 0.33886736093750003
0 0.6200222515625 0.506903865625 0.651745603125 0.68681593125 0.8064014546875 0.6595459328125 0.7746781031250001 0.479633865625 0.6200222515625 0.506903865625
1 0.2405756625 0.3761038015625 0.252888403125 0.44593282656250005 0.3018210390625 0.4373046828125 0.289508296875 0.36747565781249997 0.2405756625 0.3761038015625
1 0.30147415 0.29700691875 0.31253608125 0.35974225 0.378825953125 0.34805355625 0.367764021875 0.28531822500000004 0.30147415 0.29700691875
1 0.5843321046875001 0 0.5988361359375001 0.082256446875 0.7314158796875 0.058879060937500005 0.7210339125 0 0.5843321046875001 0
1 0.7039157078125 0.078380371875 0.72499496875 0.1979268 0.863873378125 0.173438790625 0.8427941171875 0.053892360937499995 0.7039157078125 0.078380371875
1 0.88096898125 0.2888088375 0.8878552171875 0.3278626203125 0.9352080562499999 0.31951303593749997 0.9283218203124999 0.2804592546875 0.88096898125 0.2888088375
1 1 0.663241859375 0.9391317656249999 0.673974571875 0.9700221484375 0.8491626374999999 1 0.8438767328125 1 0.663241859375
1 1 0.5961205734374999 0.9655274140625 0.6021990203125 0.976798265625 0.6661191984375 1 0.66202810625 1 0.5961205734374999
1 0.5511782859375 0.3103489453125 0.5626580578125 0.3754539703125 0.60685130625 0.36766150937500003 0.595371534375 0.302556484375 0.5511782859375 0.3103489453125
1 0.271081321875 0.4476116640625 0.2792210796875 0.493774528125 0.336032178125 0.4837571984375 0.32789241874999997 0.4375943359375 0.271081321875 0.4476116640625
1 0.10532216875 0.5781362140625 0.1151305765625 0.6337624640625 0.170361878125 0.6240236953125 0.16055346875 0.5683974453125 0.10532216875 0.5781362140625
1 0.4136995875 0.1490764671875 0.422675028125 0.19997871875 0.47160766406250004 0.1913505734375 0.46263222343750005 0.1404483234375 0.4136995875 0.1490764671875