0 0.0368498296875 0.24586733437500002 0.013105535937500001 0.47177919843750005 0.20117376875 0.491545965625 0.22491806250000002 0.2656341015625 0.0368498296875 0.24586733437500002
0 0.619110009375 0.19466837343750001 0.6044106953124999 0.3345230140625 0.7016252109375001 0.344740671875 0.716324525 0.2048860296875 0.619110009375 0.19466837343750001
0 0.5710370593749999 0.34551661875 0.5574679578125 0.4746179921875 0.651491715625 0.48450028749999996 0.6650608171875 0.3553989140625 0.5710370593749999 0.34551661875
0 0.7546224484375 0.43852854687500004 0.7391685671875 0.5855623921875 0.8443599781250001 0.5966184546875 0.8598138578125001 0.449584609375 0.7546224484375 0.43852854687500004
0 0.8448119343749999 0.36221756250000003 0.8348866312500001 0.456650525 0.9081911828125 0.46435514375000003 0.9181164875000001 0.36992218125 0.8448119343749999 0.36221756250000003
1 0.39623747656249997 0 0.3889881859375 0.068972390625 0.4543365625 0.0758407828125 0.46230775 0 0.39623747656249997 0
1 0.4526506796875 0 0.43988523593749995 0.1214550875 0.532334334375 0.1311718796875 0.5459034359375 0.00207050625 0.5262038859375 0 0.4526506796875 0
1 0.2093281515625 0 0.1964578265625 0.1224529609375 0.301649234375 0.13350902343749999 0.3156815984375 0 0.2093281515625 0
1 0.043455082812500004 0.0604482765625 0.032900975 0.160863909375 0.087081696875 0.1665585328125 0.09763580625 0.0661429 0.043455082812500004 0.0604482765625
1 0 0.6057604484375 0.069158359375 0.613029284375 0.0766958421875 0.54131493125 0 0.5332538734375001 0 0.6057604484375
1 0.13945392968749998 0.557581234375 0.133675465625 0.6125596484375 0.208575396875 0.6204319484374999 0.21435386093750003 0.565453534375 0.13945392968749998 0.557581234375
1 0.15233739531249998 0.49609107343750003 0.1460558875 0.5558556234375 0.21459502187499999 0.5630593765625 0.2208765296875 0.5032948265625 0.15233739531249998 0.49609107343750003
1 0.18663782812500002 0.4150921 0.177341328125 0.5035423906250001 0.239498946875 0.51007541875 0.248795446875 0.42162512812499997 0.18663782812500002 0.4150921
1 0.4533863078125 0.652211371875 0.44245655 0.7562010671875 0.5062095484375 0.762901778125 0.5171393046875 0.6589120828125 0.4533863078125 0.652211371875
1 0.5472949296875 0.8626961796874999 0.5398832078125 0.9332139968750001 0.597254690625 0.9392439828124999 0.6046664109375001 0.8687261640624999 0.5472949296875 0.8626961796874999
1 0.18943984062500002 0.8178412921874999 0.1850431109375 0.85967336875 0.2312676609375 0.8645317640625001 0.2356643890625 0.8226996874999999 0.18943984062500002 0.8178412921874999
1 0.07806925 0.7734960296875 0.07166198124999999 0.8344571140625 0.12107728749999999 0.8396508718750001 0.12748455625 0.7786897875000001 0.07806925 0.7734960296875
1 0.4200723734375 0.2486747515625 0.4130363 0.3156185078125 0.46721702499999995 0.32131313125 0.47425309687499995 0.254369375 0.4200723734375 0.2486747515625
1 0.8315939671875 0.3040170796875 0.8265684343749999 0.351831828125 0.8680068453124999 0.35618718125000004 0.873032378125 0.30837243281250004 0.8315939671875 0.3040170796875
1 0.7001530093749999 0.2974605921875 0.6929911765625001 0.36560088125 0.7296434515625 0.369453190625 0.736805284375 0.3013129015625 0.7001530093749999 0.2974605921875
1 0.30543838125 0.5726073984375 0.300035565625 0.62401175 0.36697932187500004 0.631047821875 0.3723821359375 0.579643471875 0.30543838125 0.5726073984375
1 0.5387217 0.070200846875 0.5336961671875 0.11801559531250001 0.5751345796875 0.1223709484375 0.5801601125 0.07455619999999999 0.5387217 0.070200846875
1 0.58187866875 0.027611482812499998 0.578863675 0.0562972234375 0.6394259156250001 0.06266257187499999 0.642440909375 0.03397683125 0.58187866875 0.027611482812499998
1 0.8920103890625001 0.7563257359375 0.8886181140625 0.788601078125 0.9173142140625 0.7916171609375 0.9207064890625001 0.7593418171875 0.8920103890625001 0.7563257359375