1 0.5034297265625 0.127119715625 0.536467615625 0.12069780156250001 0.531268071875 0.0939484609375 0.49823018125 0.10037037499999998 0.5034297265625 0.127119715625
1 0.7878138 0.7901424390625 0.9706878765625 0.7545953187500001 0.9526484765625 0.6617906484375 0.7697744 0.69733776875 0.7878138 0.7901424390625
1 0.25820527968749996 0.64821388125 0.3207379984375 0.6360587515625 0.301474240625 0.53695530625 0.2389415203125 0.5491104359375 0.25820527968749996 0.64821388125
1 0.1046172953125 0.6454269796875 0.1541741296875 0.6357941078125 0.14041203124999999 0.564994246875 0.0908551953125 0.5746271187499999 0.1046172953125 0.6454269796875
1 0.0556312890625 0.6516911234375 0.0898501984375 0.6450396406250001 0.0803693765625 0.596265040625 0.0461504671875 0.6029165234375 0.0556312890625 0.6516911234375
1 0.3936141828125 0.26763432656249997 0.43962795625 0.2586901546875 0.43351411874999995 0.2272371828125 0.38750034375000003 0.2361813546875 0.3936141828125 0.26763432656249997
1 0.41130545781250005 0.30828682343749997 0.48563304062499996 0.2938390046875 0.47615221874999997 0.245064403125 0.40182463593750006 0.259512221875 0.41130545781250005 0.30828682343749997
1 0.3655984578125 0.36286505 0.4116122328125 0.3539208796875 0.40458012656250003 0.317743828125 0.3585663515625 0.326688 0.3655984578125 0.36286505
0 0.4270928890625 0.23825865781250002 0.5757480546875 0.2093630203125 0.5647407609374999 0.1527354015625 0.41608559375 0.1816310390625 0.4270928890625 0.23825865781250002
0 0.5837790890625 0.351483446875 0.757220340625 0.31776988125 0.7284757609375 0.16989183593749999 0.5550345078125 0.2036054 0.5837790890625 0.351483446875
0 0.46779268281249997 0.54218084375 0.7474183890625 0.48782711250000005 0.7021608796875001 0.254997415625 0.422535175 0.309351146875 0.46779268281249997 0.54218084375
1 0.35049723125 0.7135330078125001 0.40476280937500003 0.7029848484375 0.39344942656250004 0.6447825375 0.3391838484375 0.6553306984375 0.35049723125 0.7135330078125001
1 0.3535434734375 0.773342290625 0.41725721406250005 0.7609575937499999 0.406556009375 0.7059046703125 0.3428422703125 0.718289365625 0.3535434734375 0.773342290625
0 0.5669260125 0.7057496984375 0.75334315 0.669513878125 0.723986390625 0.518486446875 0.5375692546875 0.5547222671875 0.5669260125 0.7057496984375