1 0.6454296875 0.44711458281249994 0.5817265625 0.44711458281249994 0.5817265625 0.5352604171875 0.6454296875 0.5352604171875 0.6454296875 0.44711458281249994
1 0.7752343749999999 0.767625 0.688703125 0.767625 0.688703125 0.8477499999999999 0.7752343749999999 0.8477499999999999 0.7752343749999999 0.767625
1 0.7403828125 0.8493541671875 0.6718671875 0.8493541671875 0.6718671875 0.9294791671875 0.7403828125 0.9294791671875 0.7403828125 0.8493541671875
1 0.7199453124999999 0.9006458328125 0.5985546875 0.9006458328125 0.5985546875 0.9839791671875 0.7199453124999999 0.9839791671875 0.7199453124999999 0.9006458328125
1 0 0.7804375 0.16346875 0.7804375 0.16346875 0.6794791671875 0 0.6794791671875 0 0.7804375
0 0.40024218749999996 0.15545833281250002 0.2632265625 0.15545833281250002 0.2632265625 0.21795833281250002 0.40024218749999996 0.21795833281250002 0.40024218749999996 0.15545833281250002
0 0.2596171875 0.2131458328125 0.0973515625 0.2131458328125 0.0973515625 0.3653958328125 0.2596171875 0.3653958328125 0.2596171875 0.2131458328125
0 0.40384374999999995 0.28365625 0.1514375 0.28365625 0.1514375 0.5176354171875001 0.40384374999999995 0.5176354171875001 0.40384374999999995 0.28365625
0 0.3593828125 0.5608854171875 0.1814921875 0.5608854171875 0.1814921875 0.6939062500000001 0.3593828125 0.6939062500000001 0.3593828125 0.5608854171875
1 0.54446875 0.5608958328125 0.506 0.5608958328125 0.506 0.6121875 0.54446875 0.6121875 0.54446875 0.5608958328125
1 0.947125 0.5480729171875 0.8461562499999999 0.5480729171875 0.8461562499999999 0.6089687500000001 0.947125 0.6089687500000001 0.947125 0.5480729171875
1 1 0.5961666671875 0.94590625 0.5961666671875 0.94590625 0.6730833328125 1 0.6730833328125 1 0.5961666671875
1 0.9999921875 0.7227708328125 0.9567265624999999 0.7227708328125 0.9567265624999999 0.8381458328125 0.9999921875 0.8381458328125 0.9999921875 0.7227708328125
1 0.7644296875000001 0.4230833328125 0.7343828125 0.4230833328125 0.7343828125 0.4967916671875 0.7644296875000001 0.4967916671875 0.7644296875000001 0.4230833328125
1 0.8040859375 0.43911458281250004 0.7848515625 0.43911458281250004 0.7848515625 0.47596875 0.8040859375 0.47596875 0.8040859375 0.43911458281250004
1 0.484375 0.2724375 0.43990625000000005 0.2724375 0.43990625000000005 0.3076875 0.484375 0.3076875 0.484375 0.2724375
1 0.8413437500000001 0.517625 0.78365625 0.517625 0.78365625 0.5657083328125 0.8413437500000001 0.5657083328125 0.8413437500000001 0.517625