1 1 0.8059929140625 0.9136753109375 0.8181250578125001 0.9262204609375001 0.907388440625 1 0.8970194015624999 1 0.8059929140625
1 1 0.775875521875 0.9954513328125 0.743510075 0.86372505 0.7620229968750001 0.8764376437499999 0.8524777953125 1 0.8351122390624999 1 0.775875521875
1 0.9774470031250001 0.5809730562500001 0.9627272734375 0.47623673593750004 0.8817934875000001 0.4876112375 0.89651321875 0.5923475578125 0.9774470031250001 0.5809730562500001
1 1 0.46511144375 0.9954575171875 0.43278999531249995 0.9351543171875001 0.4412650578125 0.948034353125 0.532911271875 1 0.5256079765624999 1 0.46511144375
1 0.757382625 0.73084773125 0.749019190625 0.671338809375 0.6871274374999999 0.6800371281250001 0.6954908703125 0.7395460500000001 0.757382625 0.73084773125
1 0.798919765625 0.8075476921875 0.7895516765624999 0.7408902734375 0.721305703125 0.7504816187500001 0.7306737921875001 0.8171390390625 0.798919765625 0.8075476921875
1 0.6390645296875 0.4877454484375 0.627186975 0.4032322578125 0.5272111609375 0.4172829421875 0.5390887140625 0.5017961328125 0.6390645296875 0.4877454484375
1 0.6786357656249999 0.3547327890625 0.6734493921875 0.3178298296875 0.633776778125 0.323405453125 0.6389631515625 0.3603084109375 0.6786357656249999 0.3547327890625
1 0.7543047203125 0.386581971875 0.742427165625 0.30206878125 0.6678476015625 0.31255025625 0.67972515625 0.397063446875 0.7543047203125 0.386581971875
0 0.5996541093750001 0 0.6201309328125 0.145700171875 0.7169296359375 0.1320960015625 0.6983647546875 0 0.5996541093750001 0
0 0.46503659218750004 0 0.29235357500000003 0.024269015625 0.3314960109375 0.302781909375 0.5854172484375 0.2670956078125 0.547879409375 0 0.46503659218750004 0
0 0.38449514375 0.0926420390625 0.3732873609375 0.012894514062500001 0.2114197921875 0.0356435171875 0.2226275765625 0.1153910421875 0.38449514375 0.0926420390625
0 0.27661476875 0.269226153125 0.25436664375 0.11092251875 0.1908863328125 0.11984409375 0.2131344578125 0.278147728125 0.27661476875 0.269226153125
1 0.20000535937500002 0.21930857656249997 0.193314178125 0.1716983453125 0.1393652 0.1792803796875 0.14605638125 0.22689061093750001 0.20000535937500002 0.21930857656249997
1 0.40384312031249997 0.38000371875 0.39430758906249996 0.3121548828125 0.3466921984375 0.3188467890625 0.3562277296875 0.386695625 0.40384312031249997 0.38000371875
1 0.6075165515625 0.6086880828125001 0.6006579265624999 0.559886434375 0.5371776171875 0.5688080109375 0.5440362421875 0.617609659375 0.6075165515625 0.6086880828125001