1 0.7748435140625001 0.34381124375 0.6851966875 0.35323350468750003 0.697592021875 0.471167228125 0.787238846875 0.46174496718749997 0.7748435140625001 0.34381124375
1 0.6674406078125 0.26486585156250003 0.59930031875 0.27202768437499997 0.6049949421874999 0.326208409375 0.6731352328125 0.319046575 0.6674406078125 0.26486585156250003
1 0.677833965625 0.19125118125 0.590580209375 0.2004219203125 0.59795164375 0.27055643281249997 0.6852054 0.2613856921875 0.677833965625 0.19125118125
1 0.2009549828125 0.1269651921875 0.0204647984375 0.14593547499999998 0.033530856250000005 0.2702507125 0.214021040625 0.25128042968750003 0.2009549828125 0.1269651921875
1 0.2757721265625 0.19483941093749998 0.2100249046875 0.201749721875 0.2138772140625 0.23840199687500002 0.2796244359375 0.23149168593749997 0.2757721265625 0.19483941093749998
1 0.5509483734375 0.7202350828124999 0.503133625 0.725260615625 0.506818253125 0.7603175125 0.5546330015625001 0.7552919796875 0.5509483734375 0.7202350828124999
1 0.6264375796875 0.6220774265625 0.5666730296875 0.628358934375 0.5732060578125 0.6905165531249999 0.6329706078124999 0.6842350453125 0.6264375796875 0.6220774265625
1 0.6930375093750001 0.5312746609375 0.640436625 0.5368032375 0.647808059375 0.6069377499999999 0.7004089437500001 0.6014091734375 0.6930375093750001 0.5312746609375
1 0.7411191453125 0 0.7502582906249999 0.086953171875 0.84349471875 0.077153628125 0.8353855453125 0 0.7411191453125 0
1 0.9313159046875 0.3837785375 0.8811080890625 0.38905559218749997 0.8869703937500001 0.44483169375 0.937178209375 0.43955464062500005 0.9313159046875 0.3837785375
1 0.9721735218750001 0.358525665625 0.9339155078125 0.36254674531250003 0.9402808546875001 0.42310898437500005 0.97853886875 0.41908790468749996 0.9721735218750001 0.358525665625
1 0.8819359999999999 0.4082931875 0.831728184375 0.41357024062500003 0.8377581703124999 0.47094172343749996 0.8879659859375 0.46566466875 0.8819359999999999 0.4082931875
1 0.978324815625 0.2676452453125 0.9329031359375 0.27241925624999996 0.9372584890625 0.3138576671875 0.98268016875 0.30908365625 0.978324815625 0.2676452453125
1 0.4574573046875 0.854147396875 0.3976927546875 0.860428903125 0.403387378125 0.9146096265624999 0.463151928125 0.9083281187500001 0.4574573046875 0.854147396875
0 0.544216184375 0.7596233109375 0.3852325359375 0.776333165625 0.3926039703125 0.846467678125 0.55158761875 0.8297578234375 0.544216184375 0.7596233109375
0 0.40431517031249997 0.62447534375 0.204695978125 0.6454561671875 0.22178202656249998 0.8080190578125 0.42140121875 0.7870382359375 0.40431517031249997 0.62447534375
0 0.53936675 0.44912720000000006 0.23336479375 0.4812893015625 0.2583253203125 0.71877284375 0.564327275 0.6866107421875001 0.53936675 0.44912720000000006
0 0.44211058124999997 0.24825534062500001 0.259227328125 0.2674771453125 0.2741357 0.40932083124999996 0.45701895312499996 0.3900990265625 0.44211058124999997 0.24825534062500001