0 0.0623547109375 0.4208476859375 0.07984115 0.5312527234375 0.158979678125 0.5187184109375 0.1414932390625 0.4083133734375 0.0623547109375 0.4208476859375
0 0.3548087875 0.1773973859375 0.381319540625 0.3447796953125 0.5016117515625 0.32572727968750004 0.475100996875 0.15834497187500002 0.3548087875 0.1773973859375
0 0.181222375 0.3107645671875 0.19645273593749998 0.4069252875 0.255014425 0.3976500265625 0.2397840625 0.3014893078125 0.181222375 0.3107645671875
0 0.119966540625 0.210938378125 0.1383915875 0.32726954531249997 0.2191145328125 0.3144842859375 0.2006894859375 0.19815311875 0.119966540625 0.210938378125
0 0.015317253125 0.34919884843750004 0.030735825 0.44654788125 0.0988040140625 0.4357669390625 0.0833854421875 0.33841790625 0.015317253125 0.34919884843750004
1 0.4716126359375 0.074926146875 0.4870312078125 0.1722751796875 0.545592896875 0.16299991875 0.5301743250000001 0.0656508875 0.4716126359375 0.074926146875
1 0.316010675 0.08618755312500001 0.3062335203125 0.0244570328125 0.2698330890625 0.03022229375 0.27961024375 0.09195281562499999 0.316010675 0.08618755312500001
1 0.631679590625 0.4913173125 0.645780690625 0.5803481578125 0.7043423765625 0.571072896875 0.6902412765625 0.482042053125 0.631679590625 0.4913173125
1 0.46307574999999995 0.789385921875 0.4801857703125 0.8974143328125 0.5260927 0.890143390625 0.5089826796875 0.782114978125 0.46307574999999995 0.789385921875
1 0.5626658203125 0.9366746578124999 0.57187834375 0.9948402421875 0.65418570625 0.9818040359375001 0.6449731828124999 0.9236384531249999 0.5626658203125 0.9366746578124999
1 1 0.716510875 0.9303109421875 0.7275485374999999 0.9417795437500001 0.7999584390625001 1 0.790737225 1 0.716510875
1 0.8282756203125 0.3701176234375 0.8406852734375001 0.44846908750000003 0.9388162250000001 0.43292667187499995 0.9264065734375 0.3545752078125 0.8282756203125 0.3701176234375
1 0.7762603046875001 0.472064434375 0.784908196875 0.5266650796875 0.8355683781250001 0.5186412953125 0.826920484375 0.46404065 0.7762603046875001 0.472064434375
1 0.46009965625 0.3505581625 0.46874754999999996 0.4051588078125 0.528893653125 0.3956326015625 0.5202457609375 0.34103195468749997 0.46009965625 0.3505581625
1 0.2692599171875 0.5182896265625 0.2827963875 0.6037555343750001 0.3255344859375 0.596986484375 0.311998015625 0.5115205765625 0.2692599171875 0.5182896265625
1 0.232750975 0.7078186765625001 0.2436573890625 0.7766790718750001 0.28956432187500003 0.7694081296874999 0.27865790625 0.7005477328125 0.232750975 0.7078186765625001
1 0.600311603125 0.0679336671875 0.60914770625 0.123722625 0.6677093937499999 0.11444736562499999 0.658873290625 0.058658406249999996 0.600311603125 0.0679336671875
1 0.44180897343750003 0.0711355484375 0.43127897812500005 0.0046517781250000004 0.3774705421875 0.013174196874999999 0.3880005375 0.07965796875 0.44180897343750003 0.0711355484375