0 0.7127421875 0.4022395828125 0.5108203125 0.4022395828125 0.5108203125 0.5769270828125 0.7127421875 0.5769270828125 0.7127421875 0.4022395828125
1 0.9495156250000001 0.6682708328125 0.876203125 0.6682708328125 0.876203125 0.7628125 0.9495156250000001 0.7628125 0.9495156250000001 0.6682708328125
1 0.170671875 0.4567291671875 0.084140625 0.4567291671875 0.084140625 0.5048125 0.170671875 0.5048125 0.170671875 0.4567291671875
1 0.1694765625 0.39903125 0.0793359375 0.39903125 0.0793359375 0.4455104171875 0.1694765625 0.4455104171875 0.1694765625 0.39903125
1 0 0.5705104171875 0.02284375 0.5705104171875 0.02284375 0.5304479171875001 0 0.5304479171875001 0 0.5705104171875
1 0 0.642625 0.07090625 0.642625 0.07090625 0.5705 0 0.5705 0 0.642625
1 0.025242187500000002 0.7548020828124999 0.0000078125 0.7548020828124999 0.0000078125 0.7980729171875 0.025242187500000002 0.7980729171875 0.025242187500000002 0.7548020828124999
1 0.347359375 1 0.347359375 0.919875 0.276453125 0.919875 0.276453125 1 0.347359375 1
1 0.860578125 0.5641041671875 0.8088906250000001 0.5641041671875 0.8088906250000001 0.6025625 0.860578125 0.6025625 0.860578125 0.5641041671875
1 0.7596171875 0.4150625 0.7295703125 0.4150625 0.7295703125 0.44710416718749996 0.7596171875 0.44710416718749996 0.7596171875 0.4150625
1 0.7884609375 0.3942291671875 0.7403828125 0.3942291671875 0.7403828125 0.4182708328125 0.7884609375 0.4182708328125 0.7884609375 0.3942291671875
1 1 0.6939166671875 0.9627421875 0.6939166671875 0.9627421875 0.742 1 0.742 1 0.6939166671875
1 1 0.9423020828125 0.96875 0.9423020828125 0.96875 0.9823645828125 1 0.9823645828125 1 0.9423020828125
1 0.8593671875 0.9214687500000001 0.7872578125 0.9214687500000001 0.7872578125 0.9999895828125 0.8593671875 0.9999895828125 0.8593671875 0.9214687500000001
1 0.222359375 0.23716666718749999 0.168265625 0.23716666718749999 0.168265625 0.2644166671875 0.222359375 0.2644166671875 0.222359375 0.23716666718749999
1 0.16346875 0.20833333281250002 0.140625 0.20833333281250002 0.140625 0.24358333281250003 0.16346875 0.24358333281250003 0.16346875 0.20833333281250002
1 0.14422656250000002 0.134625 0.1033671875 0.134625 0.1033671875 0.1730833328125 0.14422656250000002 0.1730833328125 0.14422656250000002 0.134625
1 0 0.28365625 0.04446875 0.28365625 0.04446875 0.2500104171875 0 0.2500104171875 0 0.28365625
1 0.046867187500000004 0.3141041671875 0.0168203125 0.3141041671875 0.0168203125 0.3413541671875 0.046867187500000004 0.3413541671875 0.046867187500000004 0.3141041671875
1 0.7019296875000001 0.22916666718749998 0.6538515625 0.22916666718749998 0.6538515625 0.2612083328125 0.7019296875000001 0.2612083328125 0.7019296875000001 0.22916666718749998
1 0.7175546875000001 0.2724270828125 0.6718828125 0.2724270828125 0.6718828125 0.30128125 0.7175546875000001 0.30128125 0.7175546875000001 0.2724270828125
1 0.3906171875 0.2211458328125 0.3341328125 0.2211458328125 0.3341328125 0.2516041671875 0.3906171875 0.2516041671875 0.3906171875 0.2211458328125