0 0.7881224296875 0.4989639640625 0.749639275 0.31791495625 0.6712651984375 0.3345738796875 0.709748353125 0.5156228875 0.7881224296875 0.4989639640625
0 0.6528211749999999 0.5252631265625001 0.588849346875 0.2242993359375 0.3741051921875 0.269944615625 0.43807702031250007 0.5709084046874999 0.6528211749999999 0.5252631265625001
0 0.600852459375 0.589143659375 0.54962496875 0.3481372609375 0.31293362812500003 0.398447559375 0.36416112031250003 0.6394539578125 0.600852459375 0.589143659375
1 0.7063112375 0.23742221406250003 0.6903182796875 0.16218126718749998 0.638598725 0.1731745984375 0.6545916828125 0.2484155453125 0.7063112375 0.23742221406250003
1 0.2700560421875 0.58205424375 0.2403181734375 0.4421485703125 0.1321513515625 0.4651401375 0.1618892203125 0.6050458125 0.2700560421875 0.58205424375
1 0 0.48585774062500003 0.061672329687500006 0.4727488828125 0.029936559374999998 0.32344382031249996 0 0.3298070328125 0 0.48585774062500003
1 0.12067561093750001 0.12597385625 0.10918199375 0.07190063437500001 0.02453146875 0.089893659375 0.036025087500000004 0.14396688124999998 0.12067561093750001 0.12597385625
1 0.25913645 0.15306735 0.23764682656249997 0.051966625 0.13418734062499998 0.0739576171875 0.15567696250000002 0.1750583421875 0.25913645 0.15306735
1 0.24997946718750003 0.9193251390625001 0.23398651093749998 0.8440841921875 0.1744213953125 0.8567451484375 0.190414353125 0.9319860953125 0.24997946718750003 0.9193251390625001
1 0.17001166875 0.8822426 0.074397740625 0.9025659671874999 0.090640840625 0.9789837484374999 0.18625476875 0.95866038125 0.17001166875 0.8822426
0 0.17423029375000001 0.5397563515625 0.0049292468749999995 0.5757424 0.052657975 0.800288409375 0.2219590203125 0.7643023609374999 0.17423029375000001 0.5397563515625
1 0.4668506734375 0.89901788125 0.45210843437500003 0.8296611031250001 0.331409096875 0.8553165390625 0.346151334375 0.9246733171875 0.4668506734375 0.89901788125
1 0.44875903125 0.7136504968749999 0.4440095484375 0.6913059374999999 0.400115175 0.700635975 0.40486465781250003 0.722980534375 0.44875903125 0.7136504968749999
1 0.65198878125 0.6446465671875 0.6409922031249999 0.5929117296874999 0.59239049375 0.6032423421875001 0.6033870734375 0.6549771796875 0.65198878125 0.6446465671875
1 0.4801257125 1 0.46601283125000004 0.9336041203125 0.34374438125 0.9595930812500001 0.3523331375 1 0.4801257125 1
1 0.8681626421875 0.35907833125 0.8551681609375 0.29794410625 0.7908957109375 0.3116056375 0.8038901921875 0.3727398625 0.8681626421875 0.35907833125