0 0.7421419031250001 0.6483291890625 0.7767442953125 0.5095465781249999 0.67878485625 0.485122546875 0.6441824640625 0.6239051578125 0.7421419031250001 0.6483291890625
0 0.74727746875 0.4885681984375 0.7853688265625001 0.335792103125 0.609664440625 0.2919840796875 0.5715730828125001 0.444760175 0.74727746875 0.4885681984375
0 0.49371641562499996 0.7040649 0.5722238515625 0.3891887765625 0.352977446875 0.3345245078125 0.2744700109375 0.6494006328124999 0.49371641562499996 0.7040649
0 0.261920096875 0.48771812187499997 0.3157136984375 0.2719637703125 0.160223809375 0.2331957875 0.10643020781250001 0.44895013749999996 0.261920096875 0.48771812187499997
1 0 0.8906428140625 0.125579615625 0.921953328125 0.145933184375 0.8403196203125001 0 0.8039343890625 0 0.8906428140625
1 0 0.7803993609375001 0.055044668750000005 0.7941235390625 0.08325124843750001 0.680993121875 0 0.660236253125 0 0.7803993609375001
1 0.327661225 0.8732299390625 0.34510606093749996 0.8032625203125001 0.2891321265625 0.7893066515625 0.27168729062499997 0.8592740687499999 0.327661225 0.8732299390625
1 0.46453922499999994 0.8144572999999999 0.476170375 0.7678073015625 0.43262835468749994 0.7569510562499999 0.42099720312500005 0.8036010546875 0.46453922499999994 0.8144572999999999
1 0.5083195328125 0.7646794765625 0.52576436875 0.6947120578125 0.45113245625 0.67610423125 0.43368761874999995 0.74607165 0.5083195328125 0.7646794765625
1 0.59110761875 0.730811065625 0.612914609375 0.6433480015625 0.5538276421874999 0.6286159671875 0.5320206515625 0.7160790296874999 0.59110761875 0.730811065625
1 0.5993849953125 0.63130304375 0.6089787109375 0.592824753125 0.5732192687500001 0.5839089234375 0.5636255546875 0.6223872125 0.5993849953125 0.63130304375
1 0.8031306515625 0.5892104359375 0.813597553125 0.547229984375 0.773168565625 0.53714990625 0.7627016640625001 0.57913035625 0.8031306515625 0.5892104359375