0 0.24838254218750003 0.5933508609375 0.24586530468749998 0.44913845312499995 0.141714503125 0.45095641249999996 0.1442317390625 0.59516881875 0.24838254218750003 0.5933508609375
0 0.17784166562499998 0.6835410171875 0.1761215140625 0.5849935296875 0.1168388765625 0.5860283109375 0.11855902968750001 0.6845758 0.17784166562499998 0.6835410171875
0 0.46062770625000005 0.815641465625 0.45790076874999996 0.6594152625 0.2592227 0.6628832015625 0.2619496375 0.8191094031249999 0.46062770625000005 0.815641465625
0 0.44997556093749996 0.66436683125 0.44771002031249996 0.5345741015625001 0.338747453125 0.53647605 0.34101299375 0.6662687796875 0.44997556093749996 0.66436683125
0 0.9849454453125001 0.7355646 0.98014194375 0.4603721453125 0.8006901125000001 0.4635044875 0.8054936140625 0.7386969437500001 0.9849454453125001 0.7355646
1 1 0.7737608046875 0.9167312046875 0.7752142671875 0.9187450484375 0.8905873171875 1 0.8891690062500001 1 0.7737608046875
1 0.65132934375 0.9974268875 0.649986871875 0.9205167281250001 0.584288546875 0.9216634953125 0.58563101875 0.9985736546874999 0.65132934375 0.9974268875
1 0.50653420625 0.8737475734375 0.50873661875 0.999923665625 0.5840376484375 0.99860928125 0.5818352359375 0.8724331890625001 0.50653420625 0.8737475734375
1 0.7334118390625 0.833719415625 0.736243628125 0.9959525156250001 0.8452061984375 0.9940505671875 0.8423744078125001 0.8318174671874999 0.7334118390625 0.833719415625
1 0.5295405468750001 0.3564313296875 0.5272750078125 0.2266386015625 0.4231242046875 0.2284565609375 0.4253897453125 0.35824928906250003 0.5295405468750001 0.3564313296875
1 0.4268243359375 0.164686959375 0.424537796875 0.033691289062500004 0.31076346093749996 0.0356772265625 0.31305 0.166672896875 0.4268243359375 0.164686959375
1 0.837915109375 0.39191423125 0.8368663281250001 0.331829634375 0.7503378421875 0.33333999375 0.7513866234375 0.39342459218750003 0.837915109375 0.39191423125
1 0.8357981765625 0.4544685171875 0.8347703937500001 0.3955868609375 0.757865440625 0.39692924218750003 0.758893225 0.455810896875 0.8357981765625 0.4544685171875
1 0.80700150625 0.5499309390625 0.8052186328125 0.4477902484375 0.7218979921875001 0.44924461562499995 0.723680865625 0.55138530625 0.80700150625 0.5499309390625
1 0.9217282046875 0.3279495609375 0.9198403453124999 0.21979416093749998 0.8221052328124999 0.221500134375 0.8239930921875 0.329655534375 0.9217282046875 0.3279495609375
1 0.9983612578125 0.4023500234375 0.9969977890624999 0.3242369234375 0.8944509093749999 0.3260268859375 0.8958143796875 0.4041399859375 0.9983612578125 0.4023500234375
1 0.86951000625 0.18220588437500002 0.8684192312500001 0.119715403125 0.8203432218750001 0.1205545734375 0.821433996875 0.18304505468750001 0.86951000625 0.18220588437500002
1 0.761396134375 0.140812990625 0.7606410453125 0.0975539546875 0.704566253125 0.09853274375 0.70532134375 0.1417917796875 0.761396134375 0.140812990625
1 0.674870071875 0.4176152359375 0.673716303125 0.3515159296875 0.60641405625 0.3526906953125 0.6075678234375 0.4187900015625 0.674870071875 0.4176152359375
1 0.6212510124999999 0.74311621875 0.6199505359375 0.6686119421875001 0.528610284375 0.6702062921875 0.5299107609375 0.74471056875 0.6212510124999999 0.74311621875
1 0.3541499984375 0.8679842921875001 0.35308022031249997 0.806696753125 0.3114198984375 0.8074239359375 0.3124896765625 0.8687114749999999 0.3541499984375 0.8679842921875001
1 0.32446031875000003 0.72785610625 0.323390540625 0.6665685671875 0.273710609375 0.6674357328125 0.2747803859375 0.7287232718750001 0.32446031875000003 0.72785610625
1 0.2031697328125 0.757625890625 0.2019529734375 0.687917759375 0.134650725 0.6890925234374999 0.135867484375 0.7588006546875 0.2031697328125 0.757625890625
1 0.504500990625 0.941098003125 0.5032842296875 0.871389871875 0.44560551562499995 0.8723966578125 0.44682227656249995 0.9421047890625 0.504500990625 0.941098003125
1 0.45870013906249996 0.98036425625 0.45817574843750003 0.9503219578125 0.4084958171875 0.9511891234375 0.40902020625 0.9812314234375 0.45870013906249996 0.98036425625
1 0.08296535000000001 0.29931800625 0.08189557187499999 0.23803046718749998 0.035423484374999994 0.23884164062500002 0.0364932609375 0.30012917968749997 0.08296535000000001 0.29931800625
1 0.16524831874999998 0.33033200625000003 0.1641155484375 0.26543564218750004 0.120851303125 0.266190821875 0.12198407343749999 0.33108718593750003 0.16524831874999998 0.33033200625000003