0 0.4781774171875 0.1398545859375 0.6233048609375 0.16806450312500001 0.6361486921874999 0.10198872343750001 0.4910212484375 0.07377880625 0.4781774171875 0.1398545859375
0 0.24904820781249998 0.4871296765625 0.40478949531249997 0.5174027156250001 0.42527761093749994 0.412000496875 0.2695363234375 0.3817274578125 0.24904820781249998 0.4871296765625
0 0.37781672187500004 0.2656409125 0.50052011875 0.2894920359375 0.5155026 0.21241385156249998 0.392799203125 0.1885627265625 0.37781672187500004 0.2656409125
0 0.27293165625000004 0.225664246875 0.412154 0.25272632968750003 0.4304994890625 0.158346965625 0.291277146875 0.13128488437500002 0.27293165625000004 0.225664246875
0 0.44132871875 0.0837192421875 0.52981320625 0.100918884375 0.5389879390625001 0.053718978125000004 0.4505034515625 0.0365193359375 0.44132871875 0.0837192421875
1 0.78795851875 0.32252816875 0.8658291625000001 0.3376646875 0.8753099843750001 0.2888900875 0.797439340625 0.2737535671875 0.78795851875 0.32252816875
1 0.580432396875 0.35075093125 0.699592734375 0.37391335468750003 0.7127426546875 0.30626288281249997 0.5935823171875 0.283100459375 0.580432396875 0.35075093125
1 0.22755446250000003 0.654372021875 0.28418208125 0.665379315625 0.29610764375 0.6040276171875 0.23948002499999999 0.5930203234375 0.22755446250000003 0.654372021875
1 0.60226963125 0.7549586921875 0.70020228125 0.7739948703125 0.7118217546875 0.7142178640625 0.6138891046875 0.6951816859375 0.60226963125 0.7549586921875
1 0.8740172828125001 0.5726909828125 0.974296634375 0.5921833140625 0.98469175 0.538705084375 0.8844123968750001 0.5192127531249999 0.8740172828125001 0.5726909828125
1 0.08421052343749999 0.31469658125 0.1726950109375 0.33189622343749997 0.18064538593749999 0.290995090625 0.0921608984375 0.2737954484375 0.08421052343749999 0.31469658125
1 0.0326511203125 0.4728369859375 0.08456999531250001 0.48292899218749996 0.09680164687500001 0.4200026 0.044882771875 0.40991059218750003 0.0326511203125 0.4728369859375
1 0 0.502410625 0.030647195312499997 0.5083678359375 0.040434107812499995 0.45801854375 0.000325434375 0.45022220625 0 0.4518964203125 0 0.502410625
1 0.078404815625 0.43275792031250004 0.160999540625 0.44881270781250004 0.1707864515625 0.3984634125 0.08819172656249999 0.382408625 0.078404815625 0.43275792031250004
1 0 0.597076996875 0.08252704375 0.6131186296875 0.097509525 0.5360404437499999 0 0.5170865124999999 0 0.597076996875
1 0.1668579453125 0.5446178374999999 0.2600665140625 0.5627357484375 0.27046162812499996 0.5092575171875 0.177253059375 0.4911396078125 0.1668579453125 0.5446178374999999
1 0.11495678437500001 0.7108627671875001 0.1633325984375 0.720266071875 0.17648251875 0.6526156000000001 0.128106703125 0.64321229375 0.11495678437500001 0.7108627671875001
1 0.488749025 0.86025333125 0.5312197375000001 0.8685088015625 0.536725371875 0.8401847671875 0.494254659375 0.8319292968750001 0.488749025 0.86025333125
1 0.361580603125 0.8404156453124999 0.4146804984375 0.85073721875 0.42568779218749997 0.7941096015625 0.372587896875 0.7837880265625 0.361580603125 0.8404156453124999
1 0.603547371875 0.9184670203125 0.6436560453125 0.9262633578124999 0.6534429562499999 0.8759140640625 0.613334284375 0.8681177281249999 0.603547371875 0.9184670203125
1 0.5925935828125 1 0.5951158515625 0.987024046875 0.507812384375 0.9700539718750001 0.501991465625 1 0.5925935828125 1
1 0.91216819375 1 0.9235395078125 0.9414996578125001 0.9011154609375 0.9371408640625001 0.8888968828125 1 0.91216819375 1
1 0.452502125 0.5364822593749999 0.507948721875 0.5472599875 0.5171234546875 0.5000600796875 0.46167685625 0.489282353125 0.452502125 0.5364822593749999
1 0.47390384843750005 0.4704357734375 0.5210986421875 0.4796095125 0.5284368374999999 0.44185776718750003 0.48124204375 0.43268402968749997 0.47390384843750005 0.4704357734375
1 0.5172678390625001 0.5245797921875 0.565643653125 0.533983096875 0.57420620625 0.489932578125 0.5258303921875 0.48052927187499994 0.5172678390625001 0.5245797921875
1 0.3089834640625 0.31103891250000004 0.362083359375 0.3213604859375 0.36942155468750004 0.28360874062499997 0.316321659375 0.2732871671875 0.3089834640625 0.31103891250000004
1 0.3807769203125 0.08663566406249999 0.424428653125 0.09512070156249999 0.43054249218749996 0.0636677296875 0.3868907578125 0.05518269218750001 0.3807769203125 0.08663566406249999