1 0.21034375 0.0993645828125 0.17428125 0.0993645828125 0.17428125 0.1330104171875 0.21034375 0.1330104171875 0.21034375 0.0993645828125
1 0.16105468750000002 0.1843020828125 0.1201953125 0.1843020828125 0.1201953125 0.23078125 0.16105468750000002 0.23078125 0.16105468750000002 0.1843020828125
1 0.302875 0.1602604171875 0.2608125 0.1602604171875 0.2608125 0.2179479171875 0.302875 0.2179479171875 0.302875 0.1602604171875
1 0.24759375 0.1618541671875 0.21634375 0.1618541671875 0.21634375 0.1923125 0.24759375 0.1923125 0.24759375 0.1618541671875
1 0.1694765625 0.2451979171875 0.11058593750000001 0.2451979171875 0.11058593750000001 0.27405208281250004 0.1694765625 0.27405208281250004 0.1694765625 0.2451979171875
1 0.191109375 0.27725 0.149046875 0.27725 0.149046875 0.2980833328125 0.191109375 0.2980833328125 0.191109375 0.27725
1 0.12860156250000002 0.2948645828125 0.0721171875 0.2948645828125 0.0721171875 0.3349270828125 0.12860156250000002 0.3349270828125 0.12860156250000002 0.2948645828125
1 0.2776484375 0.2980833328125 0.2007265625 0.2980833328125 0.2007265625 0.3541666671875 0.2776484375 0.3541666671875 0.2776484375 0.2980833328125
1 0.28965625 0.3525625 0.22715625 0.3525625 0.22715625 0.3910208328125 0.28965625 0.3910208328125 0.28965625 0.3525625
1 0.3413515625 0.41507291718749995 0.2512109375 0.41507291718749995 0.2512109375 0.47596875 0.3413515625 0.47596875 0.3413515625 0.41507291718749995
1 0.24157812500000003 0.4423125 0.152640625 0.4423125 0.152640625 0.4951875 0.24157812500000003 0.4951875 0.24157812500000003 0.4423125
1 0.1310078125 0.4583333328125 0.0023984375 0.4583333328125 0.0023984375 0.5112083328125 0.1310078125 0.5112083328125 0.1310078125 0.4583333328125
1 0.1081796875 0.3621770828125 0.0396640625 0.3621770828125 0.0396640625 0.39582291718749996 0.1081796875 0.39582291718749996 0.1081796875 0.3621770828125
1 0.2511953125 0.5528958328125 0.21874218750000002 0.5528958328125 0.21874218750000002 0.6057708328125 0.2511953125 0.6057708328125 0.2511953125 0.5528958328125
1 0.30648437500000003 0.67628125 0.23317187499999997 0.67628125 0.23317187499999997 0.7676354171875001 0.30648437500000003 0.7676354171875001 0.30648437500000003 0.67628125
1 0.41586718749999996 0.7099270828125 0.35457031250000004 0.7099270828125 0.35457031250000004 0.7596145828124999 0.41586718749999996 0.7596145828124999 0.41586718749999996 0.7099270828125
1 0.54928125 0.6939062500000001 0.43990625000000005 0.6939062500000001 0.43990625000000005 0.8205104171875 0.54928125 0.8205104171875 0.54928125 0.6939062500000001
1 0.277640625 0.8733958328125 0.181484375 0.8733958328125 0.181484375 0.9246874999999999 0.277640625 0.9246874999999999 0.277640625 0.8733958328125
1 0.3557734375 0.93590625 0.2716328125 0.93590625 0.2716328125 0.9903854171875001 0.3557734375 0.9903854171875001 0.3557734375 0.93590625
1 0.7752421875 0.8509583328125 0.6802890625 0.8509583328125 0.6802890625 0.9663333328125001 0.7752421875 0.9663333328125001 0.7752421875 0.8509583328125
1 0.8461484374999999 0.865375 0.7584140625 0.865375 0.7584140625 0.9375 0.8461484374999999 0.9375 0.8461484374999999 0.865375
1 1 0.9038437500000001 0.9170624999999999 0.9038437500000001 0.9170624999999999 0.9999895828125 1 0.9999895828125 1 0.9038437500000001
1 0.8689843749999999 0.9455104171875 0.7752343749999999 0.9455104171875 0.7752343749999999 0.9999895828125 0.8689843749999999 0.9999895828125 0.8689843749999999 0.9455104171875
1 0.9266875000000001 0.72115625 0.8641875000000001 0.72115625 0.8641875000000001 0.7756354171875001 0.9266875000000001 0.7756354171875001 0.9266875000000001 0.72115625
1 0.8100937500000001 0.7387916671875 0.7391875 0.7387916671875 0.7391875 0.8157083328124999 0.8100937500000001 0.8157083328124999 0.8100937500000001 0.7387916671875
1 0.78965625 0.5753125 0.71875 0.5753125 0.71875 0.6266041671875 0.78965625 0.6266041671875 0.78965625 0.5753125
1 0.9110546875000001 0.4935833328125 0.8473515624999999 0.4935833328125 0.8473515624999999 0.5625 0.9110546875000001 0.5625 0.9110546875000001 0.4935833328125
1 0.8389453124999999 0.41346875 0.7884609375 0.41346875 0.7884609375 0.44711458281249994 0.8389453124999999 0.44711458281249994 0.8389453124999999 0.41346875
1 0.8197109375 0.47436458281249994 0.7668203124999999 0.47436458281249994 0.7668203124999999 0.5144270828125 0.8197109375 0.5144270828125 0.8197109375 0.47436458281249994
1 0.758421875 0.3157083328125 0.7247656250000001 0.3157083328125 0.7247656250000001 0.3429583328125 0.758421875 0.3429583328125 0.758421875 0.3157083328125
1 0.7860625 0.2980625 0.744 0.2980625 0.744 0.3285208328125 0.7860625 0.3285208328125 0.7860625 0.2980625
0 0.719953125 0.2964791671875 0.550484375 0.2964791671875 0.550484375 0.43589583281250005 0.719953125 0.43589583281250005 0.719953125 0.2964791671875