1 0.6329784453125 0.3205921421875 0.5387330875 0.3321640171875 0.5529892609375 0.44827123750000003 0.6472346203125 0.4366993625 0.6329784453125 0.3205921421875
1 0.928688421875 0.1647991546875 0.8380255343749999 0.1759311578125 0.8456423671875 0.2379652921875 0.93630525625 0.2268332890625 0.928688421875 0.1647991546875
1 0.9338124484374999 0.1867864984375 0.9648295156250001 0.18297808124999998 0.9562351874999999 0.1129829 0.9252181203125 0.1167913171875 0.9338124484374999 0.1867864984375
1 0.63962954375 0 0.6423736671875 0.02234909375 0.7807563125 0.0053578421875 0.7800984515625 0 0.63962954375 0
1 0.5790766281249999 0 0.5901439671875 0.090136234375 0.6390578812500001 0.08413036093750001 0.628727971875 0 0.5790766281249999 0
1 0.5191690265625 0.2812941 0.4690609546875 0.287446596875 0.47570029375 0.341519684375 0.525808365625 0.3353671859375 0.5191690265625 0.2812941
1 0.53535169375 0.235711328125 0.449465434375 0.246256834375 0.45552081875 0.2955739703125 0.5414070765625 0.2850284640625 0.53535169375 0.235711328125
1 0.1038285546875 0.1433834046875 0.042988578124999996 0.150853615625 0.05294885781250001 0.231973584375 0.11378883437500001 0.22450337343750001 0.1038285546875 0.1433834046875
1 0 0.2513836046875 0.0545025546875 0.24469153281249997 0.0377074359375 0.1079062671875 0 0.1125361578125 0 0.2513836046875
1 0.2868299453125 0.8151823828125 0.22121333906250001 0.8232390890625 0.2266822265625 0.8677795984375001 0.2922988328125 0.8597228921875001 0.2868299453125 0.8151823828125
0 0.3442367359375 0.7403262046875 0.22255678125 0.755266625 0.231151109375 0.8252618078125 0.3528310640625 0.8103213874999999 0.3442367359375 0.7403262046875
0 0.21083179687500003 0.6598384 0.0187663625 0.6834210703125 0.0359524796875 0.8233907546875001 0.2280179140625 0.7998080843750001 0.21083179687500003 0.6598384
0 0.4005408015625 0.43955590312500004 0.10707282031250001 0.475589240625 0.1318757703125 0.677593059375 0.42534375156250004 0.6415597234375 0.4005408015625 0.43955590312500004
0 0.26080165312500003 0.25811883281250003 0.08781946874999999 0.279358375 0.105201084375 0.42092026875000005 0.2781832671875 0.399680728125 0.26080165312500003 0.25811883281250003
1 0.47409928125 0.614583509375 0.4144534609375 0.6219070953125 0.41972685 0.66485539375 0.4793726703125 0.6575318078125 0.47409928125 0.614583509375
1 0.420530009375 0.6615243515625 0.36327250312500003 0.6685546890625 0.36991184375 0.7226277750000001 0.42716934999999995 0.7155974375 0.420530009375 0.6615243515625
1 0.5496510421874999 0.519742046875 0.48522859374999994 0.5276521296875 0.491672434375 0.58013300625 0.5560948828125001 0.5722229249999999 0.5496510421874999 0.519742046875