0 0.9182734375000001 0.5192291671875 0.7680390625 0.5192291671875 0.7680390625 0.6201875 0.9182734375000001 0.6201875 0.9182734375000001 0.5192291671875
0 0.7115390625 0.0881458328125 0.5877421875 0.0881458328125 0.5877421875 0.1891041671875 0.7115390625 0.1891041671875 0.7115390625 0.0881458328125
0 0.7824453124999999 0.0625 0.6947109375 0.0625 0.6947109375 0.125 0.7824453124999999 0.125 0.7824453124999999 0.0625
0 0.9423046875000001 0.1794895828125 0.7980703124999999 0.1794895828125 0.7980703124999999 0.3269270828125 0.9423046875000001 0.3269270828125 0.9423046875000001 0.1794895828125
0 0.7908593749999999 0.2403958328125 0.6971093749999999 0.2403958328125 0.6971093749999999 0.3173125 0.7908593749999999 0.3173125 0.7908593749999999 0.2403958328125
1 0.576921875 0.3221041671875 0.49879687500000003 0.3221041671875 0.49879687500000003 0.3669791671875 0.576921875 0.3669791671875 0.576921875 0.3221041671875
1 0.23196875 0.4951979171875 0.115375 0.4951979171875 0.115375 0.57371875 0.23196875 0.57371875 0.23196875 0.4951979171875
1 0.3870234375 0.2243541671875 0.3028828125 0.2243541671875 0.3028828125 0.2980625 0.3870234375 0.2980625 0.3870234375 0.2243541671875
1 0.5420625 0.76121875 0.453125 0.76121875 0.453125 0.8525729171875 0.5420625 0.8525729171875 0.5420625 0.76121875
1 0 0.6746666671875 0.04928125 0.6746666671875 0.04928125 0.59775 0 0.59775 0 0.6746666671875
1 1 0.6618541671875 0.9326874999999999 0.6618541671875 0.9326874999999999 0.7179375 1 0.7179375 1 0.6618541671875
1 0.7343671875 0.5913333328125 0.6574453124999999 0.5913333328125 0.6574453124999999 0.7019166671875 0.7343671875 0.7019166671875 0.7343671875 0.5913333328125
1 0.78365625 0.48396875 0.72115625 0.48396875 0.72115625 0.5384479171875001 0.78365625 0.5384479171875001 0.78365625 0.48396875
1 0.7307734375 0.5160208328125 0.6899140625 0.5160208328125 0.6899140625 0.5544791671875 0.7307734375 0.5544791671875 0.7307734375 0.5160208328125
1 0.7067265625 0.5240416671875 0.6346171875 0.5240416671875 0.6346171875 0.572125 0.7067265625 0.572125 0.7067265625 0.5240416671875
1 0.6598515625 0.5753125 0.6093671875 0.5753125 0.6093671875 0.6137708328125 0.6598515625 0.6137708328125 0.6598515625 0.5753125
1 0.546875 0.5817291671875 0.51321875 0.5817291671875 0.51321875 0.6201875 0.546875 0.6201875 0.546875 0.5817291671875
1 0.8942343749999999 0.3685833328125 0.8629843749999999 0.3685833328125 0.8629843749999999 0.42787499999999995 0.8942343749999999 0.42787499999999995 0.8942343749999999 0.3685833328125
1 0.852171875 0.09134375 0.798078125 0.09134375 0.798078125 0.1522395828125 0.852171875 0.1522395828125 0.852171875 0.09134375
1 0.7716328125 0.1923125 0.7259609375 0.1923125 0.7259609375 0.22756249999999997 0.7716328125 0.22756249999999997 0.7716328125 0.1923125
1 0.7079296875 0.2035208328125 0.6802890625 0.2035208328125 0.6802890625 0.2307708328125 0.7079296875 0.2307708328125 0.7079296875 0.2035208328125
1 0.865375 0.1971145828125 0.8100937500000001 0.1971145828125 0.8100937500000001 0.22596875 0.865375 0.22596875 0.865375 0.1971145828125