0 0.44772025624999995 0.6035010875 0.752955009375 0.5981731953125 0.749179109375 0.3818519796875 0.44394435468750004 0.3871798734375 0.44772025624999995 0.6035010875
0 0.3756411421875 0.74418671875 0.6159951546875 0.739991325 0.6108488765625 0.4451612359375 0.3704948640625 0.44935662968749995 0.3756411421875 0.74418671875
0 0.44016791250000004 0.308702578125 0.604799084375 0.30582893125 0.60323273125 0.2160926 0.4386015578125 0.21896624843749998 0.44016791250000004 0.308702578125
1 0.4361524140625 0.9739468953125 0.5923786171875001 0.9712199578125 0.59028105625 0.8510507625000001 0.434054853125 0.8537777 0.4361524140625 0.9739468953125
1 1 0.7713865125 0.9990276 0.7156777828124999 0.9125095296874999 0.7171879624999999 0.9152226515624999 0.8726226171875 1 0.8711428234374999 1 0.7713865125
1 1 0.888760090625 0.9732087828125 0.8892277328124999 0.9749987453125 0.9917746109375001 1 0.9913382125 1 0.888760090625
1 0.0633487265625 0.8281914328125 0.15227268124999999 0.826639259375 0.1500351359375 0.6984504546875 0.0611111828125 0.700002628125 0.0633487265625 0.8281914328125
1 0.258597565625 0.7189859890625 0.300653659375 0.718251896875 0.29947889375000003 0.6509496484375 0.2574228 0.651683740625 0.258597565625 0.7189859890625
1 0.169738403125 1 0.1688333578125 0.9481499937500001 0.07028586875000001 0.9498701453124999 0.0711608890625 1 0.169738403125 1
1 0.027236085937499998 0.68775863125 0.0032084953125000003 0.688178034375 0.005334053125 0.8099511515625 0.02936164375 0.8095317484375 0.027236085937499998 0.68775863125
1 0.310522253125 0.45682109843749996 0.3537812890625 0.456066009375 0.3531100984375 0.41761353437500004 0.3098510625 0.41836862343750003 0.310522253125 0.45682109843749996
1 0.3176048453125 0.3813630828125 0.33803923281250003 0.3810063984375 0.33759165156250004 0.35536447031249996 0.3171572640625 0.3557211546875 0.3176048453125 0.3813630828125
1 0.5518132453125 0.16251308281250001 0.60228993125 0.161632009375 0.6014787578125 0.11515992187499999 0.5510020718749999 0.1160409953125 0.5518132453125 0.16251308281250001
1 0.54622575 0.18664552343750002 0.577470990625 0.18610013593750002 0.5771633921875 0.1684778203125 0.5459181515625 0.1690232078125 0.54622575 0.18664552343750002
1 0.7059406203124999 0.3152943765625 0.7852566640624999 0.313909909375 0.7847250921875 0.2834562140625 0.70540905 0.28484068125 0.7059406203124999 0.3152943765625
1 0.7612496203125 0.24701661718749998 0.7924948609375 0.24647122968750002 0.7919912859375 0.21762145937500002 0.760746046875 0.218166846875 0.7612496203125 0.24701661718749998
1 0.25084961093749997 0.48191843749999996 0.2953115890625 0.48114235 0.29444442187500003 0.43146241874999997 0.2499824453125 0.43223850468749997 0.25084961093749997 0.48191843749999996
1 0.2161986078125 0.562650059375 0.277486146875 0.56158028125 0.2767029703125 0.5167121156250001 0.21541543124999998 0.5177818937499999 0.2161986078125 0.562650059375
1 0.40936262343749996 0.3349004453125 0.430999953125 0.33452276406250003 0.43049637812499997 0.30567299062500003 0.4088590484375 0.306050671875 0.40936262343749996 0.3349004453125
1 0.40895452343749994 1 0.40811659999999994 0.9519953453125 0.37085665 0.9526457203125 0.371683221875 1 0.40895452343749994 1