1 0.41225781250000004 0.5160312499999999 0.3245234375 0.5160312499999999 0.3245234375 0.63621875 0.41225781250000004 0.63621875 0.41225781250000004 0.5160312499999999
1 0.550484375 0.8493541671875 0.443515625 0.8493541671875 0.443515625 0.9294791671875 0.550484375 0.9294791671875 0.550484375 0.8493541671875
1 0.4915859375 0.9166770828124999 0.41707031250000004 0.9166770828124999 0.41707031250000004 0.9919895828125 0.4915859375 0.9919895828125 0.4915859375 0.9166770828124999
1 0.3137109375 0.6330104171875 0.2632265625 0.6330104171875 0.2632265625 0.73878125 0.3137109375 0.73878125 0.3137109375 0.6330104171875
1 0.8461484374999999 0.8493541671875 0.7644140625 0.8493541671875 0.7644140625 0.9391041671875 0.8461484374999999 0.9391041671875 0.8461484374999999 0.8493541671875
1 0.8858203124999999 1 0.8858203124999999 0.9342916671875001 0.7512109375 0.9342916671875001 0.7512109375 1 0.8858203124999999 1
1 0.7752421875 0.8060937499999999 0.7223515625 0.8060937499999999 0.7223515625 0.9022395828124999 0.7752421875 0.9022395828124999 0.7752421875 0.8060937499999999
1 0.6898984375 0.6378333328125 0.6105703124999999 0.6378333328125 0.6105703124999999 0.6939166671875 0.6898984375 0.6939166671875 0.6898984375 0.6378333328125
1 0.7451953125 0.6634583328125 0.6838984375 0.6634583328125 0.6838984375 0.732375 0.7451953125 0.732375 0.7451953125 0.6634583328125
1 0.8028828125 0.732375 0.7439921875 0.732375 0.7439921875 0.78525 0.8028828125 0.78525 0.8028828125 0.732375
1 0.602171875 0.58975 0.532453125 0.58975 0.532453125 0.634625 0.602171875 0.634625 0.602171875 0.58975
0 0.1586640625 0.240375 0.012023437500000001 0.240375 0.012023437500000001 0.3092916671875 0.1586640625 0.3092916671875 0.1586640625 0.240375
0 0 0.5769270828125 0.1875 0.5769270828125 0.1875 0.3701979171875 0 0.3701979171875 0 0.5769270828125
0 0 0.75 0.0817265625 0.75 0.0817265625 0.6570416671875 0 0.6570416671875 0 0.75
1 0.5420703125 0.5160208328125 0.4915859375 0.5160208328125 0.4915859375 0.5721041671875 0.5420703125 0.5721041671875 0.5420703125 0.5160208328125
1 1 0.9727499999999999 0.9471171875 0.9727499999999999 0.9471171875 1 1 1 1 0.9727499999999999
1 0.2728359375 0.3653854171875 0.20672656250000002 0.3653854171875 0.20672656250000002 0.4022395828125 0.2728359375 0.4022395828125 0.2728359375 0.3653854171875