0 0.2867942265625 0.41248370312500005 0.278427834375 0.252843409375 0.2096056140625 0.25645022812499996 0.21797200781249998 0.416090521875 0.2867942265625 0.41248370312500005
0 0.3827765703125 0.25339078125 0.37485094375 0.1021608203125 0.224411565625 0.1100450140625 0.2323371921875 0.26127497499999996 0.3827765703125 0.25339078125
0 0.5864230640625 0.495470759375 0.5703199453125001 0.18820493437500002 0.3590681890625 0.1992761703125 0.37517130781249997 0.50654199375 0.5864230640625 0.495470759375
0 0.7599614515625001 0.3467627875 0.7505884093749999 0.1679144796875 0.6049549359374999 0.17554680625000002 0.6143279781250001 0.3543951140625 0.7599614515625001 0.3467627875
1 0.7835122328125 0 0.7916950578125 0.156137609375 0.9341245953125 0.14867319375000002 0.9263329640625001 0 0.7835122328125 0
1 0.7029941078124999 0.6987813453125 0.6990942609374999 0.624367840625 0.5854585421875 0.6303232359375001 0.5893583890625 0.704736740625 0.7029941078124999 0.6987813453125
1 0.75690200625 0.62495259375 0.7535680421875 0.561336771875 0.6831438546874999 0.565027546875 0.6864778171875 0.6286433687499999 0.75690200625 0.62495259375
1 0.8009834421875001 0.6394857796875 0.7963288125 0.5506701656249999 0.7227214953125001 0.5545277609375 0.7273761234375 0.6433433749999999 0.8009834421875001 0.6394857796875
1 0.421475340625 0.563086746875 0.41782654218750004 0.49346354375 0.3506062921875 0.49698640781250003 0.3542550890625 0.5666096109375001 0.421475340625 0.563086746875
1 0.3387006984375 0.48437346249999996 0.3358075015625 0.4291679734375 0.2861880953125 0.43176841718750003 0.2890812921875 0.4869739046875 0.3387006984375 0.48437346249999996
1 0.367796625 0.45757960468750003 0.363707878125 0.379561671875 0.3028955 0.3827487140625 0.30698424687500003 0.4607666453125 0.367796625 0.45757960468750003
1 0.876898046875 0.22028196093750002 0.8740669999999999 0.1662623453125 0.8020408437500001 0.1700370765625 0.8048718921875 0.22405669218750002 0.876898046875 0.22028196093750002
1 0.7372602703125 0.9545494515625 0.7390217015625 0.9881595765625001 0.8078439218750001 0.9845527562499999 0.8060824890625 0.95094263125 0.7372602703125 0.9545494515625
1 0.4904697484375 0.6244662265625001 0.486946884375 0.5572459765625 0.45014322343749996 0.5591747734375 0.4536660875 0.626395025 0.4904697484375 0.6244662265625001