1 0.6402844953125 0.8638947765625 0.667616 0.9735154515625 0.748473978125 0.9533552937499999 0.7211424734375 0.8437346187499999 0.6402844953125 0.8638947765625
1 0.5492109187499999 0.7503355234375 0.5835222484375 0.8879507468750001 0.6410526984375 0.8736067953125 0.6067413703125 0.7359915703125 0.5492109187499999 0.7503355234375
1 0.37843350625 0.661608496875 0.40024049687499996 0.7490715609375 0.45310139843749997 0.7358918578125 0.43129440781249995 0.6484287937500001 0.37843350625 0.661608496875
1 0.328849559375 0.244132815625 0.341936021875 0.29661974999999996 0.388591075 0.2849873390625 0.3755046125 0.23250040312500003 0.328849559375 0.244132815625
1 0.6165239171875 0.17241559374999998 0.650835246875 0.31003081718750003 0.7083656984375 0.2956868640625 0.67405436875 0.158071640625 0.6165239171875 0.17241559374999998
1 0.512093440625 0.2901132359375 0.5286688703125 0.356593653125 0.5877558359374999 0.34186161875 0.57118040625 0.2753812 0.512093440625 0.2901132359375
1 0.517286009375 0.3507681234375 0.5309508171874999 0.405574671875 0.580718903125 0.39316609375 0.5670540953125001 0.338359546875 0.517286009375 0.3507681234375
1 0.2915484046875 0.0812642 0.3052132125 0.136070746875 0.35963063125 0.12250296093749999 0.3459658234375 0.0676964140625 0.2915484046875 0.0812642
1 0.0869694734375 0.5856367812500001 0.0971453125 0.6264498453125 0.1469133984375 0.6140412671875 0.136737559375 0.5732282046875 0.0869694734375 0.5856367812500001
1 0.1775975984375 0.478804090625 0.1895198125 0.5266214765624999 0.21440385625 0.5204171875 0.20248164218750003 0.4725998015625 0.1775975984375 0.478804090625
1 0.19716331874999998 0.4380073140625 0.2050144390625 0.46949644218750003 0.24077388125 0.4605806125 0.232922759375 0.42909148437500005 0.19716331874999998 0.4380073140625
0 0.2025017546875 0.45278768124999996 0.2542579203125 0.6603703234375 0.37710140000000003 0.6297420046875 0.32534523593750003 0.42215936249999997 0.2025017546875 0.45278768124999996
0 0.15970879843750002 0.6653608156249999 0.1899490359375 0.78664778125 0.2739200453125 0.76571145625 0.24367980937499997 0.644424490625 0.15970879843750002 0.6653608156249999
0 0.1237819546875 0.6074251171875 0.14471575781249998 0.6913860203125 0.1898142953125 0.6801416921875 0.1688804921875 0.5961807890624999 0.1237819546875 0.6074251171875
0 0.4790944640625 0.051838957812499996 0.5195105421874999 0.2139389875 0.6625685171875 0.178270628125 0.6221524406250001 0.0161705984375 0.4790944640625 0.051838957812499996