1 0.349037134375 1 0.313628515625 0.81783844375 0.18620103593749998 0.8426078359375 0.2167949734375 1 0.349037134375 1
1 0.22264438125 0.366580021875 0.2359473453125 0.43501784062500004 0.3397748703125 0.41483581562499994 0.32647190625 0.3463979953125 0.22264438125 0.366580021875
1 0.3214312390625 0.26167029999999997 0.335649490625 0.3348168640625 0.43790232187499994 0.3149409265625 0.4236840703125 0.2417943640625 0.3214312390625 0.26167029999999997
1 0 0.34863123906250004 0.0947820640625 0.3302074734375 0.077582421875 0.241722984375 0 0.2568034796875 0 0.34863123906250004
1 0.6225651421875 0.383122346875 0.6349498390625 0.4468360859375 0.6837244390625 0.4373552640625 0.6713397421875 0.373641525 0.6225651421875 0.383122346875
1 0.8699976296875 0.572562425 0.8780235328125 0.61385211875 0.9189246640625001 0.6059017437499999 0.9108987609374999 0.56461205 0.8699976296875 0.572562425
1 0.4551684234375 0.4793228078125 0.4677826875 0.5442175671875 0.5118332062500001 0.5356550125 0.49921894375000003 0.470760253125 0.4551684234375 0.4793228078125
1 0.235866965625 0.7705096078125 0.24939651562499998 0.840113109375 0.299745809375 0.8303261984375 0.286216259375 0.760722696875 0.235866965625 0.7705096078125
0 0.336564509375 0.633393590625 0.3666079828125 0.7879538578124999 0.5018884781249999 0.76165799375 0.47184500625 0.607097725 0.336564509375 0.633393590625
0 0.5100752921875 0.48457540000000004 0.562136334375 0.7524062421875 0.7398926578125 0.7178539125000001 0.6878316156250001 0.450023071875 0.5100752921875 0.48457540000000004
0 0.7048848640625 0.68056740625 0.7351579046875 0.83630869375 0.9223623875 0.7999198296875 0.8920893484375 0.644178540625 0.7048848640625 0.68056740625
0 0.7780417859375001 0.5194131750000001 0.8032703140624999 0.6492026953125001 0.8740701734374999 0.635440596875 0.848841646875 0.5056510765625 0.7780417859375001 0.5194131750000001
1 0.51279913125 0.31384862343750003 0.5235768578125 0.3692952203125 0.567627378125 0.3607326671875 0.5568496515625 0.30528606875 0.51279913125 0.31384862343750003
1 0.3085209484375 0.119697128125 0.31677641875 0.1621678421875 0.404877459375 0.14504273437499998 0.3966219890625 0.10257202031249998 0.3085209484375 0.119697128125
1 0.277266759375 0.118426425 0.2614415390625 0.037012720312500004 0.1969404515625 0.0495504609375 0.212765671875 0.130964165625 0.277266759375 0.118426425