0 0.612984375 0.47435416718749995 0.38342187499999997 0.47435416718749995 0.38342187499999997 0.6682708328125 0.612984375 0.6682708328125 0.612984375 0.47435416718749995
1 0.9098593749999999 0.8044895828125 0.826921875 0.8044895828125 0.826921875 0.9375104171875 0.9098593749999999 0.9375104171875 0.9098593749999999 0.8044895828125
1 0.671875 0.45513541718750006 0.64303125 0.45513541718750006 0.64303125 0.4919895828125 0.671875 0.4919895828125 0.671875 0.45513541718750006
1 0.798078125 0.65225 0.7403906250000001 0.65225 0.7403906250000001 0.697125 0.798078125 0.697125 0.798078125 0.65225
1 0.991578125 0.767625 0.9471093749999999 0.767625 0.9471093749999999 0.8189166671875 0.991578125 0.8189166671875 0.991578125 0.767625
1 0.0709140625 0.669875 0.0408671875 0.669875 0.0408671875 0.7115416671875 0.0709140625 0.7115416671875 0.0709140625 0.669875
1 0.074515625 0.5032083328125 0.036046875 0.5032083328125 0.036046875 0.5336666671875 0.074515625 0.5336666671875 0.074515625 0.5032083328125
1 0.18750781249999998 0.4294895828125 0.13702343749999998 0.4294895828125 0.13702343749999998 0.46634374999999995 0.18750781249999998 0.46634374999999995 0.18750781249999998 0.4294895828125
1 0.0745234375 0.258 0.0060078125 0.258 0.0060078125 0.3092916671875 0.0745234375 0.3092916671875 0.0745234375 0.258
1 0.2656328125 0.2403854171875 0.2019296875 0.2403854171875 0.2019296875 0.2628229171875 0.2656328125 0.2628229171875 0.2656328125 0.2403854171875
1 0.6177890625 0.22116666718750003 0.5697109375 0.22116666718750003 0.5697109375 0.2564166671875 0.6177890625 0.2564166671875 0.6177890625 0.22116666718750003
1 0.6298046875 0.2692395828125 0.5925390625 0.2692395828125 0.5925390625 0.3028854171875 0.6298046875 0.3028854171875 0.6298046875 0.2692395828125