1 0.88879014375 0.6318053984375 0.8853291125 0.83008769375 0.9878759921875 0.83187765625 0.991337021875 0.6335953609375 0.88879014375 0.6318053984375
1 0.877806915625 0.250547834375 0.8765484328125 0.32264622656249997 0.959869075 0.32410059375 0.9611275578124999 0.2520022015625 0.877806915625 0.250547834375
1 0.901413340625 0.4589290609375 0.900154859375 0.531027453125 0.9706649515624999 0.5322582109375 0.9719234328124999 0.46015981874999995 0.901413340625 0.4589290609375
1 0.9480307859374999 0.6352460640625 0.9977003015625 0.6361130484374999 0.9987490828125001 0.5760284515625 0.9490795656250001 0.5751614671875 0.9480307859374999 0.6352460640625
1 0.5489791734375 1 0.5496761578125 0.9600698515625 0.482373909375 0.9588950875 0.4816608140625 0.9997482390625001 0.49608420156250005 1 0.5489791734375 1
1 0.393455659375 0.910460871875 0.39288927500000004 0.9429090546875001 0.44736014375 0.9438598468749999 0.447926528125 0.911411665625 0.393455659375 0.910460871875
1 0.142031478125 0.255731009375 0.140940703125 0.318221490625 0.1842049453125 0.3189766703125 0.1852957203125 0.2564861890625 0.142031478125 0.255731009375
1 0.32090730624999997 0.1999458890625 0.3199842375 0.252828459375 0.380870796875 0.25389123750000003 0.381793865625 0.20100866874999998 0.32090730624999997 0.1999458890625
1 0.3086112578125 0.07832995781249999 0.306849109375 0.1792833296875 0.34690550781249996 0.1799825171875 0.34866765625 0.07902914531250001 0.3086112578125 0.07832995781249999
1 0.34161078906250003 0.300080278125 0.3406667234375 0.35416578906249996 0.3855348890625 0.354948965625 0.3864789546875 0.30086345468750003 0.34161078906250003 0.300080278125
1 0.354622775 0.013013646875000002 0.35399339687500003 0.0490706546875 0.3988615625 0.04985383125 0.399490940625 0.0137968234375 0.354622775 0.013013646875000002
0 0.3746137203125 0.061455853125 0.3686774484375 0.4015446734375 0.5801868953125 0.405236584375 0.5861231671875 0.0651477640625 0.3746137203125 0.061455853125
1 0.5997091125 0.1134625421875 0.5981569390625 0.202386496875 0.6382133375000001 0.20308568437500002 0.6397655109375 0.1141617296875 0.5997091125 0.1134625421875
0 0.1662889390625 0.335494634375 0.1632473109375 0.509749340625 0.31066235625 0.5123224796875 0.3137039828125 0.3380677734375 0.1662889390625 0.335494634375
0 0.17157351406250002 0.21538106875000002 0.169475953125 0.3355502640625 0.2367782015625 0.336725028125 0.23887576250000003 0.21655583437499998 0.17157351406250002 0.21538106875000002
0 0.5794428828125 0.35713814843749997 0.57600285 0.5542175031250001 0.7330205984375 0.5569582578125 0.73646063125 0.359878903125 0.5794428828125 0.35713814843749997