0 0.590140625 0.1137916671875 0.441109375 0.1137916671875 0.441109375 0.22916666718749998 0.590140625 0.22916666718749998 0.590140625 0.1137916671875
0 0.677875 0.0769166671875 0.5889375 0.0769166671875 0.5889375 0.1490416671875 0.677875 0.1490416671875 0.677875 0.0769166671875
0 0.8485546875000001 0.2612083328125 0.6550390625 0.2612083328125 0.6550390625 0.3894166671875 0.8485546875000001 0.3894166671875 0.8485546875000001 0.2612083328125
0 0.6826953125 0.3125 0.5516796875 0.3125 0.5516796875 0.4054583328125 0.6826953125 0.4054583328125 0.6826953125 0.3125
0 0.769234375 0.7676145828125 0.514421875 0.7676145828125 0.514421875 0.9631354171875 0.769234375 0.9631354171875 0.769234375 0.7676145828125
0 0.616578125 0.7195416671875 0.5096093749999999 0.7195416671875 0.5096093749999999 0.7884583328125 0.616578125 0.7884583328125 0.616578125 0.7195416671875
1 0.496390625 0.7532083328125 0.442296875 0.7532083328125 0.442296875 0.8125 0.496390625 0.8125 0.496390625 0.7532083328125
1 0.456734375 0.7291770828125 0.360578125 0.7291770828125 0.360578125 0.8461562499999999 0.456734375 0.8461562499999999 0.456734375 0.7291770828125
1 0.38460937500000003 0.8381458328125 0.29085937500000003 0.8381458328125 0.29085937500000003 0.9326874999999999 0.38460937500000003 0.9326874999999999 0.38460937500000003 0.8381458328125
1 0.4735625 1 0.4735625 0.9054583328125 0.41346875 0.9054583328125 0.41346875 1 0.4735625 1
1 0.269234375 0.8349479171875 0.159859375 0.8349479171875 0.159859375 0.91346875 0.269234375 0.91346875 0.269234375 0.8349479171875
1 1 0.49039583281250004 0.9026484375000001 0.49039583281250004 0.9026484375000001 0.5673125 1 0.5673125 1 0.49039583281250004
1 1 0.5593020828124999 0.94590625 0.5593020828124999 0.94590625 0.6346145828124999 1 0.6346145828124999 1 0.5593020828124999
1 1 0.7387916671875 0.9038437500000001 0.7387916671875 0.9038437500000001 0.8814166671875 1 0.8814166671875 1 0.7387916671875
1 0.7608125 0.48717708281250005 0.6983125 0.48717708281250005 0.6983125 0.59615625 0.7608125 0.59615625 0.7608125 0.48717708281250005
1 0.3798125 0.39903125 0.26803125 0.39903125 0.26803125 0.51121875 0.3798125 0.51121875 0.3798125 0.39903125
1 0.131015625 0.3141041671875 0.061296874999999994 0.3141041671875 0.061296874999999994 0.3974375 0.131015625 0.3974375 0.131015625 0.3141041671875
1 0.2992734375 0.03525 0.2644140625 0.03525 0.2644140625 0.0737083328125 0.2992734375 0.0737083328125 0.2992734375 0.03525
1 0.7391796875 0.10577083281249999 0.6911015625 0.10577083281249999 0.6911015625 0.1650625 0.7391796875 0.1650625 0.7391796875 0.10577083281249999
1 0.43509374999999995 0.5881458328125 0.39303125 0.5881458328125 0.39303125 0.6362291671875 0.43509374999999995 0.6362291671875 0.43509374999999995 0.5881458328125
1 0.188703125 0.6955208328125 0.159859375 0.6955208328125 0.159859375 0.7371875 0.188703125 0.7371875 0.188703125 0.6955208328125