0 0.58053125 0.0769270828125 0.47596875 0.0769270828125 0.47596875 0.1794895828125 0.58053125 0.1794895828125 0.58053125 0.0769270828125
0 0.6766796875 0.054489582812500006 0.5661015625 0.054489582812500006 0.5661015625 0.1250104171875 0.6766796875 0.1250104171875 0.6766796875 0.054489582812500006
0 0.8161093749999999 0.18590625 0.673078125 0.18590625 0.673078125 0.3093020828125 0.8161093749999999 0.3093020828125 0.8161093749999999 0.18590625
0 0.673078125 0.242 0.5841406250000001 0.242 0.5841406250000001 0.3189166671875 0.673078125 0.3189166671875 0.673078125 0.242
0 0.796875 0.5080104171875 0.6454375 0.5080104171875 0.6454375 0.6249895828125 0.796875 0.6249895828125 0.796875 0.5080104171875
1 0.8846171875 0.669875 0.7872578125 0.669875 0.7872578125 0.7564166671875 0.8846171875 0.7564166671875 0.8846171875 0.669875
1 0.3173125 0.8125 0.21275 0.8125 0.21275 0.8958333328125001 0.3173125 0.8958333328125001 0.3173125 0.8125
1 0 0.580125 0.09615625 0.580125 0.09615625 0.508 0 0.508 0 0.580125
1 0.24520312500000002 0.21475 0.159859375 0.21475 0.159859375 0.3012916671875 0.24520312500000002 0.3012916671875 0.24520312500000002 0.21475
1 0.4555234375 0.2916666671875 0.3497578125 0.2916666671875 0.3497578125 0.3685833328125 0.4555234375 0.3685833328125 0.4555234375 0.2916666671875
1 0.5528906250000001 0.5689062500000001 0.49279687499999997 0.5689062500000001 0.49279687499999997 0.6570520828124999 0.5528906250000001 0.6570520828124999 0.5528906250000001 0.5689062500000001
1 0.5576953125 0.4951875 0.5072109375 0.4951875 0.5072109375 0.5641041671875 0.5576953125 0.5641041671875 0.5576953125 0.4951875
1 0.6057734375 0.509625 0.5576953125 0.509625 0.5576953125 0.5512916671875 0.6057734375 0.5512916671875 0.6057734375 0.509625
1 0.6754765625 0.4839791671875 0.6069609375 0.4839791671875 0.6069609375 0.5432708328125 0.6754765625 0.5432708328125 0.6754765625 0.4839791671875
1 0.9999921875 0.3974270828125 0.9254765624999999 0.3974270828125 0.9254765624999999 0.4679479171875 0.9999921875 0.4679479171875 0.9999921875 0.3974270828125
1 0.9999921875 0.3445520828125 0.8653828125 0.3445520828125 0.8653828125 0.4054479171875 0.9999921875 0.4054479171875 0.9999921875 0.3445520828125
1 0.777640625 0.3589791671875 0.722359375 0.3589791671875 0.722359375 0.43589583281250005 0.777640625 0.43589583281250005 0.777640625 0.3589791671875
1 1 0.5192291671875 0.9206796875000001 0.5192291671875 0.9206796875000001 0.6714791671875 1 0.6714791671875 1 0.5192291671875
1 0.7620234375 0.7996666671875 0.7247578125 0.7996666671875 0.7247578125 0.8477499999999999 0.7620234375 0.8477499999999999 0.7620234375 0.7996666671875
1 0.9098515624999999 0.9102708328125001 0.8257109375 0.9102708328125001 0.8257109375 0.9839791671875 0.9098515624999999 0.9839791671875 0.9098515624999999 0.9102708328125001
1 0.4375078125 0.7708437499999999 0.4026484375 0.7708437499999999 0.4026484375 0.81090625 0.4375078125 0.81090625 0.4375078125 0.7708437499999999
1 0.391828125 0.5865416671875 0.34976562499999997 0.5865416671875 0.34976562499999997 0.6378333328125 0.391828125 0.6378333328125 0.391828125 0.5865416671875
1 0.5576953125 0.3974270828125 0.49399218749999996 0.3974270828125 0.49399218749999996 0.4647395828125 0.5576953125 0.4647395828125 0.5576953125 0.3974270828125
1 0.3197109375 0.017625 0.2740390625 0.017625 0.2740390625 0.059291667187499994 0.3197109375 0.059291667187499994 0.3197109375 0.017625
1 0.39782812500000003 0.4679583328125 0.355765625 0.4679583328125 0.355765625 0.5064166671875 0.39782812500000003 0.5064166671875 0.39782812500000003 0.4679583328125
1 0.09375 0.8669895828125 0.0420625 0.8669895828125 0.0420625 0.9038437500000001 0.09375 0.9038437500000001 0.09375 0.8669895828125