1 0.2520730578125 0.7450476828125 0.248971075 0.70068725625 0.1930243578125 0.7045994328125 0.196126340625 0.748959859375 0.2520730578125 0.7450476828125
1 0.41815490468750005 0.799704915625 0.41287303125 0.7241706140625 0.3457245015625 0.7288660953125 0.351006375 0.8044003984374999 0.41815490468750005 0.799704915625
1 0.3910052640625 0.6642610328125 0.3873158015625 0.611499246875 0.34575063125 0.614405765625 0.3494400953125 0.6671675515625 0.3910052640625 0.6642610328125
1 0.800812503125 0.8042810312500001 0.7960330953125 0.73593230625 0.71290275625 0.7417453468749999 0.7176821640625 0.8100940703124999 0.800812503125 0.8042810312500001
1 0.9757039625000001 0.20408009843750002 0.971512034375 0.1441327328125 0.9155653171875 0.14804490937499998 0.9197572453125 0.2079922734375 0.9757039625000001 0.20408009843750002
1 0.893111928125 0.4701066421875 0.8900938703125 0.426946409375 0.805363275 0.43287135 0.80838133125 0.4760315828125 0.893111928125 0.4701066421875
0 0.661601715625 0.306764334375 0.653301784375 0.1880698 0.5877535140625 0.19265338125 0.59605344375 0.31134791562499997 0.661601715625 0.306764334375
0 0.54837366875 0.87012096875 0.53370083125 0.66028960625 0.41860687968750004 0.6683377593750001 0.43327971718749997 0.878169121875 0.54837366875 0.87012096875
0 0.3048703890625 0.5811138296875 0.294054865625 0.4264446421875 0.18374090781250002 0.4341585453125 0.19455643125 0.5888277343749999 0.3048703890625 0.5811138296875
0 0.21403848124999997 0.7067560015625001 0.20397720000000003 0.562872975 0.1304484171875 0.5680146078125 0.1405096984375 0.7118976359375 0.21403848124999997 0.7067560015625001
0 0.57163909375 0.674505921875 0.5619974421875 0.536623865625 0.4612850359375 0.5436663640625 0.4709266890625 0.68154841875 0.57163909375 0.674505921875
1 0.4840236375 0.087852671875 0.47790359687499995 0.0003320140625 0.3803917109375 0.007150709375 0.3865117515625 0.0946713671875 0.4840236375 0.087852671875
1 0.107974984375 0.292473571875 0.104285521875 0.239711784375 0.06112009375000001 0.24273020625 0.0648095578125 0.2954919921875 0.107974984375 0.292473571875