1 0.067970578125 0.3128742125 0.074550603125 0.354418853125 0.125210784375 0.34639506875000003 0.118630759375 0.304850428125 0.067970578125 0.3128742125
1 0.1846195703125 0.28100739375 0.1928934859375 0.3332468484375 0.2467019234375 0.324724428125 0.23842800625 0.272484975 0.1846195703125 0.28100739375
1 0.20694166093750002 0.38092529218750004 0.213521684375 0.4224699328125 0.2467532828125 0.417206565625 0.24017325781249999 0.375661925 0.20694166093750002 0.38092529218750004
1 0.2303933578125 0.4368356125 0.2384790640625 0.487886753125 0.2638091546875 0.4838748609375 0.2557234484375 0.4328237203125 0.2303933578125 0.4368356125
1 0.308864796875 0.041070259375 0.318453740625 0.10161246718750001 0.3611918375 0.09484341874999999 0.35160289375 0.034301209375 0.308864796875 0.041070259375
1 0.4526202140625 0.0779342515625 0.44077519218749994 0.0031477249999999997 0.36953817031249997 0.0144305609375 0.3813831921875 0.0892170875 0.4526202140625 0.0779342515625
1 0.4606491453125 0 0.4471128578125 0.0021439375 0.452188421875 0.03418979375 0.5107501109375 0.024914534375 0.5068040359375 0 0.4606491453125 0
1 0.4194555390625 0.19635372812500002 0.43017374375 0.2640258109375 0.487151015625 0.25500149843750003 0.47643281093749995 0.1873294140625 0.4194555390625 0.19635372812500002
1 0.49442724687500006 0.1881416515625 0.5028893734375 0.24156941875000001 0.5392898046875 0.23580415625 0.530827678125 0.182376390625 0.49442724687500006 0.1881416515625
1 0.651206875 0 0.6553809203125 0.0263538859375 0.7266179421875 0.015071051562500002 0.724230921875 0 0.651206875 0
1 0.8231888421875 0 0.8378186968750001 0.0923692765625 0.9280481437500001 0.0780783375 0.9156817500000001 0 0.8231888421875 0
1 0.39547448749999997 0.5980902968749999 0.40938737812500003 0.685932828125 0.46794906562499994 0.6766575687499999 0.454036175 0.5888150375000001 0.39547448749999997 0.5980902968749999
1 0.31166240625 0.7963295484375 0.33121671406250003 0.9197905921875 0.42303057656250004 0.9052487046875 0.40347626718749996 0.7817876625 0.31166240625 0.7963295484375
1 0.6044856640625 0.30943365312500004 0.6183985546875 0.397276184375 0.6880511593749999 0.3862442953125 0.6741382687499999 0.29840176406249996 0.6044856640625 0.30943365312500004
1 0.6632869218749999 0.3938288421875 0.670807996875 0.4413150453125 0.7309541015625001 0.4317888390625 0.7234330265625 0.384302634375 0.6632869218749999 0.3938288421875
1 0.6699469031249999 0.4256237515625 0.6821683453125 0.502786903125 0.7486521171875 0.492256909375 0.7364306734375 0.4150937578125 0.6699469031249999 0.4256237515625
1 0.73931581875 0.4742614984375 0.753228709375 0.56210403125 0.8466064109375001 0.54731445625 0.832693521875 0.4594719234375 0.73931581875 0.4742614984375
1 0.78369645 0.385705125 0.794976840625 0.45692671406249996 0.9041987109375 0.43962767031250005 0.8929183187499999 0.36840608124999996 0.78369645 0.385705125
1 0.8869041890625 0.40221628281250005 0.8989374218749999 0.478191121875 0.957499109375 0.46891586093750004 0.945465878125 0.392941021875 0.8869041890625 0.40221628281250005
0 0.6346143453125 0.1513365515625 0.6712786734375 0.38282600625 0.8469637375 0.355000225 0.810299409375 0.12351077031249999 0.6346143453125 0.1513365515625
0 0.2185255734375 0.16733508125000002 0.248045246875 0.3537149578125 0.3287681921875 0.3409297 0.29924852031250004 0.15454982343749998 0.2185255734375 0.16733508125000002
0 0.2524232984375 0.3505932078125 0.2723540265625 0.47643087656249994 0.3799914796875 0.459382778125 0.3600607515625 0.3335451109375 0.2524232984375 0.3505932078125
0 0.0802564578125 0.43139585 0.105828603125 0.5928520296875 0.227705228125 0.57354866875 0.2021330828125 0.4120924890625 0.0802564578125 0.43139585
0 0.0423309484375 0.3558833984375 0.06150883593749999 0.476967815625 0.11848610781249999 0.467943503125 0.09930821875 0.3468590859375 0.0423309484375 0.3558833984375
1 0.7965339250000001 0.630697540625 0.803302159375 0.67343049375 0.8476246734374999 0.666410496875 0.8408564390625 0.6236775437500001 0.7965339250000001 0.630697540625
1 0.6595065921875001 0.6670100921875 0.6689073265625 0.7263639890625 0.7068921734375 0.7203477796875 0.6974914390625 0.6609938843750001 0.6595065921875001 0.6670100921875
1 0.057045334375 0.7356477156250001 0.065131040625 0.7866988562499999 0.1110379703125 0.7794279125 0.10295226406249999 0.728376771875 0.057045334375 0.7356477156250001