0 0.4181008609375 0.3343491140625 0.36223155937499996 0.7318798531249999 0.7938852828125 0.7925448281249999 0.8497545843750001 0.3950140890625 0.4181008609375 0.3343491140625
1 0.9119853625 1 0.9157060515625 0.9735259218750001 0.788745434375 0.9556827703125 0.7825170531250001 1 0.9119853625 1
1 0.795489390625 0.22838710624999997 0.7831116828125 0.3164590734375 0.848180546875 0.32560390625 0.8605582546875 0.2375319390625 0.795489390625 0.22838710624999997
1 0.9828545859375 0.1272682828125 0.9917192609375001 0.0641928484375 0.859992978125 0.0456799265625 0.8511283031250001 0.1087553609375 0.9828545859375 0.1272682828125
1 0.501954453125 0.2672411890625 0.4966006375 0.3053355640625 0.53786180625 0.31113444375 0.543215621875 0.27304006875 0.501954453125 0.2672411890625
1 0.6162325015625 0.19105259531250002 0.60703185625 0.25651859843749997 0.6546472453125001 0.2632105046875 0.6638478906249999 0.1977445015625 0.6162325015625 0.19105259531250002
1 0.4197028453125 0.26539318125 0.41702593749999994 0.28444036875 0.45193288750000005 0.2893462203125 0.45460979375 0.2702990328125 0.4197028453125 0.26539318125
1 0.5144262703125 0.2131536796875 0.5090724546875001 0.2512480546875 0.5757298750000001 0.26061614375 0.5810836890625 0.22252176875 0.5144262703125 0.2131536796875
0 0.26856247187500004 0.384943840625 0.245144421875 0.5515719156250001 0.32607820625 0.5629464171875 0.34949625625 0.3963183421875 0.26856247187500004 0.384943840625
1 0.3104210203125 0.3519877609375 0.30456705156249997 0.3936409109375 0.35535955 0.40077933125 0.36121351874999996 0.35912618125 0.3104210203125 0.3519877609375
1 0.26843537031250003 0.6737839984375 0.2599044953125 0.7344843375 0.297988553125 0.739836703125 0.3065194296875 0.6791363640625 0.26843537031250003 0.6737839984375
1 0.1275611703125 0.4901330078125 0.1203676609375 0.5413174890625 0.164805940625 0.5475628828125 0.17199945 0.4963784015625 0.1275611703125 0.4901330078125
1 0.17984816406249998 0.48656270468749996 0.1736593109375 0.5305986890625001 0.199055559375 0.5341678984375 0.2052444140625 0.49013191562499997 0.17984816406249998 0.48656270468749996
1 0.8378140359374999 0.7331823796875 0.8289482734375 0.79626555 0.8940171375 0.8054103828124999 0.9028828984375 0.7423272109375 0.8378140359374999 0.7331823796875
1 0.915680275 0.6397427296875 0.9044724921875 0.7194902546875 0.9520878828124999 0.7261821625 0.963295665625 0.6464346359375 0.915680275 0.6397427296875