1 0.281173625 0.6425079234375 0.3143207046875 0.7754535984375 0.4371641859375 0.744825278125 0.40401710625 0.611879603125 0.281173625 0.6425079234375
1 0.3772418546875 0.4116999953125 0.40951574687500003 0.541143509375 0.4763852953125 0.5244710593749999 0.44411140156249995 0.3950275453125 0.3772418546875 0.4116999953125
1 0.8474720078125 0.217645528125 0.8567784406250001 0.2549715921875 0.8972074296875 0.2448915140625 0.8879009968749999 0.20756545 0.8474720078125 0.217645528125
1 0.43860771718749997 0 0.40702602031249996 0.007874201562499999 0.41225947031250004 0.028864428125 0.4915609328125 0.009092353125 0.4892939546875 0 0.43860771718749997 0
1 0.4878874171875 0.140066871875 0.49602960156250003 0.1727233875 0.5349020734375001 0.1630313921875 0.5267598890625 0.1303748765625 0.4878874171875 0.140066871875
1 0.4256596609375 0.82449855 0.43699975 0.8699811609375001 0.50231278125 0.85369679375 0.49097269218750006 0.80821418125 0.4256596609375 0.82449855
0 0.37802296874999997 0.24923190625 0.4102968609375 0.3786754203125 0.5144823640625 0.35269905625 0.48220847187500004 0.2232555421875 0.37802296874999997 0.24923190625
0 0.520129109375 0.1766343609375 0.577993803125 0.40871697031250004 0.7521416703125 0.3652970296875 0.6942769765625 0.13321442187500002 0.520129109375 0.1766343609375
0 0.66289745 0.27233678125 0.6992424359375 0.41810855468749997 0.836074346875 0.3839925265625 0.7997293625 0.2382207546875 0.66289745 0.27233678125
0 0.75364878125 0.139474534375 0.785922675 0.2689180484375 0.8434531249999999 0.2545740953125 0.8111792328125 0.12513058125 0.75364878125 0.139474534375
1 0.34052429375000004 0.059133482812500006 0.35331969375 0.1104530296875 0.4077371125 0.09688524375 0.3949417125 0.045565696875 0.34052429375000004 0.059133482812500006
1 0.2719367015625 0.048979390625 0.28822106875000003 0.114292421875 0.3566471328125 0.0972318890625 0.3403627640625 0.0319188578125 0.2719367015625 0.048979390625
1 0.6317418203125 0.07448123125 0.642790846875 0.11879645624999999 0.676993771875 0.110268709375 0.6659447453125 0.06595348437500001 0.6317418203125 0.07448123125
1 0.7194684140625001 0.1083502390625 0.7296442546875 0.14916330312499998 0.757641328125 0.1421828484375 0.7474654875 0.101369784375 0.7194684140625001 0.1083502390625