0 0.6814843749999999 0.3397395828125 0.522828125 0.3397395828125 0.522828125 0.4695520828125 0.6814843749999999 0.4695520828125 0.6814843749999999 0.3397395828125
1 0.8689843749999999 0.5416770828125 0.813703125 0.5416770828125 0.813703125 0.5993645828124999 0.8689843749999999 0.5993645828124999 0.8689843749999999 0.5416770828125
1 0.865375 0.76121875 0.8076874999999999 0.76121875 0.8076874999999999 0.8253229171875001 0.865375 0.8253229171875001 0.865375 0.76121875
1 0.9062578125 0.69871875 0.8557734375000001 0.69871875 0.8557734375000001 0.7451979171875001 0.9062578125 0.7451979171875001 0.9062578125 0.69871875
1 0.9326953124999999 0.9455104171875 0.8581796875000001 0.9455104171875 0.8581796875000001 0.9999895828125 0.9326953124999999 0.9999895828125 0.9326953124999999 0.9455104171875
1 0.772828125 0.9070520828124999 0.699515625 0.9070520828124999 0.699515625 0.9823645828125 0.772828125 0.9823645828125 0.772828125 0.9070520828124999
1 0.7139453125 1 0.7139453125 0.9102499999999999 0.6105859375 0.9102499999999999 0.6105859375 1 0.7139453125 1
1 0.480765625 0.7884583328125 0.426671875 0.7884583328125 0.426671875 0.865375 0.480765625 0.865375 0.480765625 0.7884583328125
1 0.45071874999999995 0.7339791671875 0.4014375 0.7339791671875 0.4014375 0.7964791671875 0.45071874999999995 0.7964791671875 0.45071874999999995 0.7339791671875
1 0.75240625 0.8125104171875 0.69471875 0.8125104171875 0.69471875 0.8701979171875 0.75240625 0.8701979171875 0.75240625 0.8125104171875
1 0.729578125 0.35417708281250004 0.706734375 0.35417708281250004 0.706734375 0.39103125 0.729578125 0.39103125 0.729578125 0.35417708281250004
1 0.6838984375 0.1987083328125 0.6538515625 0.1987083328125 0.6538515625 0.240375 0.6838984375 0.240375 0.6838984375 0.1987083328125
1 0.237984375 0.3445520828125 0.159859375 0.3445520828125 0.159859375 0.39103125 0.237984375 0.39103125 0.237984375 0.3445520828125
1 0.0745234375 0.4968020828125 0.0000078125 0.4968020828125 0.0000078125 0.5641145828125 0.0745234375 0.5641145828125 0.0745234375 0.4968020828125
1 0.1935 0.4807604171875 0.1045625 0.4807604171875 0.1045625 0.5448645828124999 0.1935 0.5448645828124999 0.1935 0.4807604171875
1 0.2668359375 0.4695625 0.2139453125 0.4695625 0.2139453125 0.5048125 0.2668359375 0.5048125 0.2668359375 0.4695625
1 0.2247578125 0.7419791671875 0.18389843749999998 0.7419791671875 0.18389843749999998 0.8253125000000001 0.2247578125 0.8253125000000001 0.2247578125 0.7419791671875
1 0.8076874999999999 0.46475 0.765625 0.46475 0.765625 0.492 0.8076874999999999 0.492 0.8076874999999999 0.46475
1 0.2668203125 0.2131354171875 0.21874218750000002 0.2131354171875 0.21874218750000002 0.24678125 0.2668203125 0.24678125 0.2668203125 0.2131354171875
1 0.18509375 0.1266041671875 0.14903125 0.1266041671875 0.14903125 0.1714791671875 0.18509375 0.1714791671875 0.18509375 0.1266041671875
1 0.12259374999999999 0.22756249999999997 0.0829375 0.22756249999999997 0.0829375 0.2628125 0.12259374999999999 0.2628125 0.12259374999999999 0.22756249999999997
1 0.0564921875 0.39903125 0.0000078125 0.39903125 0.0000078125 0.4423020828125 0.0564921875 0.4423020828125 0.0564921875 0.39903125
1 0.7548046875 0.3333333328125 0.7139453125 0.3333333328125 0.7139453125 0.3605833328125 0.7548046875 0.3605833328125 0.7548046875 0.3333333328125