0 0.5757265625 0.1891041671875 0.3978359375 0.1891041671875 0.3978359375 0.2724375 0.5757265625 0.2724375 0.5757265625 0.1891041671875
0 0.4531171875 0.2211458328125 0.23797656250000002 0.2211458328125 0.23797656250000002 0.3942291671875 0.4531171875 0.3942291671875 0.4531171875 0.2211458328125
0 0.7163515625 0.3942291671875 0.3605859375 0.3942291671875 0.3605859375 0.6298125 0.7163515625 0.6298125 0.7163515625 0.3942291671875
0 0.516828125 0.6682708328125 0.324515625 0.6682708328125 0.324515625 0.8701874999999999 0.516828125 0.8701874999999999 0.516828125 0.6682708328125
1 0.5156171875 0.15225 0.45913281250000004 0.15225 0.45913281250000004 0.1795 0.5156171875 0.1795 0.5156171875 0.15225
1 0.7079296875 0.6442395828125 0.6550390625 0.6442395828125 0.6550390625 0.6875104171875 0.7079296875 0.6875104171875 0.7079296875 0.6442395828125
1 1 0.72275 0.94471875 0.72275 0.94471875 0.8958333328125001 1 0.8958333328125001 1 0.72275
1 0.9158593749999999 1 0.9158593749999999 0.8429583328125 0.826921875 0.8429583328125 0.826921875 1 0.9158593749999999 1
1 0.907453125 0.5192291671875 0.8064843749999999 0.5192291671875 0.8064843749999999 0.5721041671875 0.907453125 0.5721041671875 0.907453125 0.5192291671875
1 0.7476015625 0.3846041671875 0.6863046875000001 0.3846041671875 0.6863046875000001 0.4326875 0.7476015625 0.4326875 0.7476015625 0.3846041671875
1 0.6802890625 0.3205104171875 0.6189921875 0.3205104171875 0.6189921875 0.34615625 0.6802890625 0.34615625 0.6802890625 0.3205104171875
1 0.6117734375 0.33653125 0.5552890625 0.33653125 0.5552890625 0.37659375 0.6117734375 0.37659375 0.6117734375 0.33653125