0 0.8004843749999999 0.40064583281250005 0.621390625 0.40064583281250005 0.621390625 0.5608958328125 0.8004843749999999 0.5608958328125 0.8004843749999999 0.40064583281250005
1 0.3101015625 0.4375 0.2283671875 0.4375 0.2283671875 0.48237500000000005 0.3101015625 0.48237500000000005 0.3101015625 0.4375
1 0.29928125 0.3878229171875 0.21875 0.3878229171875 0.21875 0.42788541718750006 0.29928125 0.42788541718750006 0.29928125 0.3878229171875
1 0 0.6073645828124999 0.0949453125 0.6073645828124999 0.0949453125 0.5320520828124999 0 0.5320520828124999 0 0.6073645828124999
1 0.48678125000000005 0.8750104171875 0.421875 0.8750104171875 0.421875 0.9326979171875 0.48678125000000005 0.9326979171875 0.48678125000000005 0.8750104171875
1 0.5144296875000001 1 0.5144296875000001 0.9294895828125 0.4531328125 0.9294895828125 0.4531328125 1 0.5144296875000001 1
1 0.21634375 0.875 0.171875 0.875 0.171875 0.9759583328125 0.21634375 0.9759583328125 0.21634375 0.875
1 0.9999921875 1 0.9999921875 0.9342916671875001 0.9254765624999999 0.9342916671875001 0.9254765624999999 1 0.9999921875 1
1 1 0.65384375 0.9639374999999999 0.65384375 0.9639374999999999 0.7355729171875 1 0.7355729171875 1 0.65384375
1 0.9507265625000001 0.5545 0.8918359375 0.5545 0.8918359375 0.58975 0.9507265625000001 0.58975 0.9507265625000001 0.5545
1 0.84975 0.4182708328125 0.8233124999999999 0.4182708328125 0.8233124999999999 0.4487291671875 0.84975 0.4487291671875 0.84975 0.4182708328125
1 0.8822109375 0.3894270828125 0.8341328125 0.3894270828125 0.8341328125 0.42628125 0.8822109375 0.42628125 0.8822109375 0.3894270828125
1 0.3052890625 0.5320520828124999 0.25480468749999996 0.5320520828124999 0.25480468749999996 0.5721145828124999 0.3052890625 0.5721145828124999 0.3052890625 0.5320520828124999
1 0.230765625 0.5448645828124999 0.141828125 0.5448645828124999 0.141828125 0.6057604171875 0.230765625 0.6057604171875 0.230765625 0.5448645828124999
1 0.099765625 0.4310833328125 0.021640625 0.4310833328125 0.021640625 0.48237500000000005 0.099765625 0.48237500000000005 0.099765625 0.4310833328125
1 0.2956640625 0.21154166718749998 0.27042968749999996 0.21154166718749998 0.27042968749999996 0.24358333281250003 0.2956640625 0.24358333281250003 0.2956640625 0.21154166718749998
1 0.347359375 0.2243645828125 0.292078125 0.2243645828125 0.292078125 0.27084375 0.347359375 0.27084375 0.347359375 0.2243645828125
1 0.42428125000000005 0.5224479171875 0.3954375 0.5224479171875 0.3954375 0.5560937499999999 0.42428125000000005 0.5560937499999999 0.42428125000000005 0.5224479171875
1 0.796875 0.24359375 0.76321875 0.24359375 0.76321875 0.2724479171875 0.796875 0.2724479171875 0.796875 0.24359375
1 0.8125078125 0.2788333328125 0.7644296875000001 0.2788333328125 0.7644296875000001 0.3060833328125 0.8125078125 0.3060833328125 0.8125078125 0.2788333328125
1 0.77284375 0.6057604171875 0.71034375 0.6057604171875 0.71034375 0.6554479171875001 0.77284375 0.6554479171875001 0.77284375 0.6057604171875
1 0.5216406250000001 0.3141041671875 0.47717187499999997 0.3141041671875 0.47717187499999997 0.3525625 0.5216406250000001 0.3525625 0.5216406250000001 0.3141041671875