1 0.32673085625 0.9874812078125 0.41886346718749995 0.9645099671875 0.4037433484375 0.9038664843750001 0.3116107375 0.9268377250000001 0.32673085625 0.9874812078125
1 0.26183351093749996 0.965679528125 0.30731612343750003 0.9543394390625 0.2956837125 0.907684384375 0.2502011 0.9190244734374999 0.26183351093749996 0.965679528125
1 0.21330639218749997 0.86547401875 0.2762846484375 0.849771775 0.26736881874999996 0.814012334375 0.20439056249999998 0.829714578125 0.21330639218749997 0.86547401875
1 0.483557065625 0.6973397390625 0.5686853546874999 0.6761148734375 0.5535652359375 0.615471390625 0.468436946875 0.63669625625 0.483557065625 0.6973397390625
1 0.6840827 0.726625184375 0.7633892140625 0.7068518484374999 0.74632868125 0.6384257859375 0.6670221656249999 0.6581991203124999 0.6840827 0.726625184375
1 0.7721150640625 0.42388771406250003 0.8945694171874999 0.393356415625 0.8767377578125 0.321837534375 0.7542834046875 0.3523688328125 0.7721150640625 0.42388771406250003
1 0.39560422812499996 0.23533133281250002 0.4912390015625 0.21148690625 0.4675911359375 0.11664049843749999 0.3719563640625 0.140484925 0.39560422812499996 0.23533133281250002
1 0.25670501875 0.4582537578125 0.3173485015625 0.4431336390625 0.291760221875 0.3405046515625 0.23111673906250002 0.3556247703125 0.25670501875 0.4582537578125
1 0.2084551515625 0.5627706390625 0.2854268921875 0.5435794281249999 0.272635271875 0.49227504218749996 0.19566353125 0.5114662515624999 0.2084551515625 0.5627706390625
1 0.267943778125 0.528131353125 0.3239177125 0.5141754828125 0.31189721875 0.4659639140625 0.255923284375 0.47991978281250003 0.267943778125 0.528131353125
1 0.31731785 0.50756536875 0.36163307499999997 0.4965163421875 0.3500006640625 0.4498612890625 0.3056854390625 0.46091031562499996 0.31731785 0.50756536875
1 0.33211945625 0.452677034375 0.37876945625 0.441045884375 0.361708921875 0.372619821875 0.31505892343749997 0.384250971875 0.33211945625 0.452677034375
1 0 0.42152576093749994 0.0231422578125 0.41575574687500005 0.005693640625 0.34577316874999997 0 0.347192753125 0 0.42152576093749994
1 0.14305555625 0.7079140296875 0.1885381671875 0.696573940625 0.1679899265625 0.614159446875 0.1225073140625 0.6254995359375 0.14305555625 0.7079140296875
0 0.2638761609375 0.81983224375 0.354841384375 0.7971520671875 0.332352728125 0.7069549937499999 0.24138750468749998 0.729635171875 0.2638761609375 0.81983224375
0 0.39089652343750003 0.9318472281249999 0.51568565 0.9007338046875001 0.492037784375 0.805887396875 0.3672486578125 0.8370008203125 0.39089652343750003 0.9318472281249999
0 0.1406249125 0.87203335 0.25142055625 0.8444088937500001 0.224668025 0.73711035625 0.1138723828125 0.7647348140625 0.1406249125 0.87203335
0 0.09146905625 0.5556201546875 0.241910375 0.5181109203125 0.2128343875 0.40149350312500004 0.0623930671875 0.4390027359375 0.09146905625 0.5556201546875
1 0.6866789468750001 0.935739946875 0.7251572359375 0.9261462312500001 0.7150771578125 0.8857172437499999 0.6765988671875001 0.8953109593749999 0.6866789468750001 0.935739946875
1 0.4254313890625 0.414543009375 0.46741184062499996 0.4040761078125 0.4550032625 0.354308021875 0.41302281093750004 0.3647749234375 0.4254313890625 0.414543009375
1 0.919528253125 0.264919878125 0.95451954375 0.2561955703125 0.9386232578125 0.1924390546875 0.9036319687500001 0.2011633640625 0.919528253125 0.264919878125
1 0.55038604375 0.1257456421875 0.5923664953125 0.1152787390625 0.5803460015625 0.06706717031250001 0.53836555 0.077534071875 0.55038604375 0.1257456421875
1 0.94650090625 0.6512773203125 0.9896487437499999 0.64051935625 0.9826682890624999 0.6125222828125 0.9395204515625 0.623280246875 0.94650090625 0.6512773203125