1 0.61178125 0.22275 0.5733125 0.22275 0.5733125 0.2612083328125 0.61178125 0.2612083328125 0.61178125 0.22275
1 0.6406171875 0.2740416671875 0.5817265625 0.2740416671875 0.5817265625 0.3125 0.6406171875 0.3125 0.6406171875 0.2740416671875
1 0.7139375 0.42467708281250005 0.64903125 0.42467708281250005 0.64903125 0.46153125 0.7139375 0.46153125 0.7139375 0.42467708281250005
1 0.675484375 0.45834374999999994 0.635828125 0.45834374999999994 0.635828125 0.49840625000000005 0.675484375 0.49840625000000005 0.675484375 0.45834374999999994
1 0.796875 0.6554375 0.7295625 0.6554375 0.7295625 0.7035208328125 0.796875 0.7035208328125 0.796875 0.6554375
1 0.9050390625 0.8060833328125 0.8173046875000001 0.8060833328125 0.8173046875000001 0.9310833328125 0.9050390625 0.9310833328125 0.9050390625 0.8060833328125
1 0.991578125 0.7692395828125 0.936296875 0.7692395828125 0.936296875 0.8301354171875 0.991578125 0.8301354171875 0.991578125 0.7692395828125
1 0.0733203125 0.6778854171875001 0.025242187500000002 0.6778854171875001 0.025242187500000002 0.72115625 0.0733203125 0.72115625 0.0733203125 0.6778854171875001
1 0.06489843749999999 0.2532083328125 0.0060078125 0.2532083328125 0.0060078125 0.3060833328125 0.06489843749999999 0.3060833328125 0.06489843749999999 0.2532083328125
1 0.18389843749999998 0.43109374999999994 0.1382265625 0.43109374999999994 0.1382265625 0.4679479171875 0.18389843749999998 0.4679479171875 0.18389843749999998 0.43109374999999994
1 0.0721171875 0.51121875 0.031257812499999996 0.51121875 0.031257812499999996 0.5400729171875 0.0721171875 0.5400729171875 0.0721171875 0.51121875
1 0.9999921875 0.8349270828125 0.9230703124999999 0.8349270828125 0.9230703124999999 0.9230729171875 0.9999921875 0.9230729171875 0.9999921875 0.8349270828125
1 0.515625 0.3317395828125 0.48196874999999995 0.3317395828125 0.48196874999999995 0.35096875 0.515625 0.35096875 0.515625 0.3317395828125
1 0.668265625 0.3525520828125 0.637015625 0.3525520828125 0.637015625 0.38140625 0.668265625 0.38140625 0.668265625 0.3525520828125
1 0.8076953124999999 0.5272395828125 0.7800546875000001 0.5272395828125 0.7800546875000001 0.5528854171875001 0.8076953124999999 0.5528854171875001 0.8076953124999999 0.5272395828125
1 0.5877421875 1 0.5877421875 0.9583333328125001 0.5444765625 0.9583333328125001 0.5444765625 1 0.5877421875 1
1 0.2644296875 0.35896875 0.2319765625 0.35896875 0.2319765625 0.3878229171875 0.2644296875 0.3878229171875 0.2644296875 0.35896875
0 0.6141796875 0.4791666671875 0.3810078125 0.4791666671875 0.3810078125 0.6762916671875 0.6141796875 0.6762916671875 0.6141796875 0.4791666671875