1 0.81736423125 0.23429867343750002 0.9450067093750001 0.2048300859375 0.9136447828125001 0.06898665937500001 0.7860023046875 0.098455246875 0.81736423125 0.23429867343750002
1 0.6466507531250001 0.40856306875000004 0.81294831875 0.37017025000000003 0.791681071875 0.27805168125 0.6253835046875 0.3164445 0.6466507531250001 0.40856306875000004
1 0.0808100125 0.378025190625 0.1557603859375 0.3607215328125 0.13917961875 0.28890233906249996 0.0642292453125 0.3062059953125 0.0808100125 0.378025190625
1 0.0534127671875 0.30210703437499997 0.124846271875 0.28561531093750003 0.10790464687500001 0.212233065625 0.036471140624999995 0.2287247890625 0.0534127671875 0.30210703437499997
1 0.081611984375 0.26928699843750004 0.172959178125 0.24819783750000002 0.1495267765625 0.14670095625 0.0581795828125 0.16779011875 0.081611984375 0.26928699843750004
1 0.2537091625 0.66211034375 0.36379775468750003 0.6366943890625001 0.33676145 0.5195872875 0.2266728578125 0.5450032421875 0.2537091625 0.66211034375
1 0.31703413281250004 0.5570475734375 0.418916703125 0.533526128125 0.38719391875000003 0.39611965 0.2853113484375 0.41964109531249993 0.31703413281250004 0.5570475734375
1 0.6085956218749999 0.9009197656250001 0.6765274859375 0.885236459375 0.6653502296875 0.8368224453125 0.5974183671875 0.8525057531250001 0.6085956218749999 0.9009197656250001
0 0.5067758203125 0.7698182796874999 0.7503683359375 0.713580515625 0.7031426749999999 0.5090237015625 0.45955015781249997 0.5652614640625 0.5067758203125 0.7698182796874999
0 0.621645209375 0.8025142015625001 0.8078564640625 0.7595239453125 0.7728859484374999 0.60805 0.58667469375 0.6510402546875 0.621645209375 0.8025142015625001
0 0.49505191406250004 0.5373302671875 0.660177190625 0.4992080921875 0.6349404937500001 0.3898959515625 0.46981521718749997 0.428018125 0.49505191406250004 0.5373302671875