1 0.1771962078125 0.4378065578125 0.186116921875 0.39916669531250004 0.1345971046875 0.3872724078125 0.125676390625 0.42591227031249995 0.1771962078125 0.4378065578125
1 0.67075508125 1 0.6803207875 0.958566378125 0.5382251515625 0.9257610156249999 0.52108573125 1 0.67075508125 1
1 0.7464129374999999 1 0.7705363640625 0.8955099593750001 0.64405095 0.8663085015625 0.618905640625 0.9752248046875 0.7262187984375 1 0.7464129374999999 1
1 1 0.3193774328125 0.8865654171875 0.2931889953125 0.847360665625 0.46300342812500006 0.970719975 0.49148316875000003 1 0.3646574484375 1 0.3193774328125
1 0.90721109375 0.5385114875 0.9228944 0.4705796234375 0.88854785625 0.4626501 0.8728645500000001 0.5305819625 0.90721109375 0.5385114875
1 0.8527559968749999 0.8528254140625 0.8646537999999999 0.801290371875 0.8146767359375 0.7897522578125 0.8027789343749999 0.8412873 0.8527559968749999 0.8528254140625
1 0.5458612203125 0.7572857468749999 0.565326515625 0.6729722875 0.5138066984375 0.661078 0.49434140312499997 0.7453914593750001 0.5458612203125 0.7572857468749999
1 0.42431769687500004 0.856294490625 0.435944853125 0.8059317374999999 0.39378305 0.79619791875 0.3821558921875 0.846560671875 0.42431769687500004 0.856294490625
1 0.3225216625 0.584844365625 0.33360753125 0.5368261921874999 0.2945718296875 0.527814090625 0.2834859609375 0.5758322640625 0.3225216625 0.584844365625
1 0.34327696875 0.7228632078125 0.3567951203125 0.6643096578125001 0.320885525 0.6560192734375 0.30736737187499996 0.7145728250000001 0.34327696875 0.7228632078125
0 0.70910719375 0.6272134171875 0.7499322953124999 0.45038047499999995 0.615651921875 0.41937940781250005 0.5748268203125 0.59621235 0.70910719375 0.6272134171875
0 0.23252191875 0.5258284421874999 0.2663173 0.3794445640625 0.19916696250000002 0.3639416875 0.16537158125 0.510325565625 0.23252191875 0.5258284421874999
0 0.364629021875 0.409542228125 0.3962627640625 0.27252143906250004 0.25104102500000003 0.2389943578125 0.2194072828125 0.3760151484375 0.364629021875 0.409542228125
0 0.47875581718750004 0.7060249421875 0.5493236671874999 0.40036200781250003 0.36662927968750003 0.3581836859375 0.29606143125 0.6638466203125 0.47875581718750004 0.7060249421875