1 0.762993475 0.85556160625 0.808637528125 0.8571555312499999 0.8103156125 0.8091014875000001 0.764671559375 0.8075075625 0.762993475 0.85556160625
1 0.369108753125 0.11538516406249999 0.480821909375 0.1192862734375 0.48333903593749994 0.0472052109375 0.3716258796875 0.0433041015625 0.369108753125 0.11538516406249999
1 0.40320328281249995 0 0.402045253125 0.033161626562500005 0.50654405625 0.0368108046875 0.50782951875 0 0.40320328281249995 0
1 0.4778490625 0.47998558437499994 0.55231929375 0.48258614218749996 0.5557307203125 0.3848956890625 0.4812604875 0.38229513125 0.4778490625 0.47998558437499994
1 0.0544361359375 0 0.051857220312499994 0.07385044375000001 0.15156207187499998 0.0773322140625 0.154262571875 0 0.0544361359375 0
1 0.12819311718749998 0.126223515625 0.1954646109375 0.1285726875 0.19915596093750002 0.0228662875 0.131884465625 0.020517115625 0.12819311718749998 0.126223515625
1 0.2009934171875 0.3147644796875 0.27546365 0.3173650375 0.2775328984375 0.25810948906250003 0.2030626671875 0.25550893124999996 0.2009934171875 0.3147644796875
1 0.1406845296875 0.2854022609375 0.2067536328125 0.2877094453125 0.20971790937499998 0.20282368593750003 0.14364880625 0.20051650312499997 0.1406845296875 0.2854022609375
1 0.5815647890625 0.643955096875 0.671650503125 0.647100959375 0.6731046484375 0.605459675 0.583018934375 0.6023138125 0.5815647890625 0.643955096875
1 0.6354420078125 0.719600215625 0.712317025 0.72228475 0.7133240203125 0.6934481609375001 0.6364490046875 0.6907636265625 0.6354420078125 0.719600215625
1 1 0.20796976875 0.9336226921874999 0.205651821875 0.9320005921875 0.2521026734375 1 0.254477265625 1 0.20796976875
1 0.629370071875 0.48046138125000004 0.7050426953125 0.4831039265625 0.70688800625 0.43026113749999995 0.6312153828125 0.427618590625 0.629370071875 0.48046138125000004
0 0.6933813609375 0.7825668765625 0.8387302640625001 0.787642571875 0.8407995140625 0.7283870265625 0.6954506109375 0.7233113296875 0.6933813609375 0.7825668765625
0 0.8481380265625 0.7591097671875 0.9910821453124999 0.7641014859374999 0.9969547125 0.595933159375 0.85401059375 0.590941440625 0.8481380265625 0.7591097671875
0 1 0.45010685468749995 0.6909295375 0.43931387656250004 0.6831556734374999 0.6619281828125 0.994262915625 0.6727922875 1 0.5085036781250001 1 0.45010685468749995
0 0.77888564375 0.40069330625 0.9458463734375 0.40652370312499997 0.9509358828125001 0.2607792078125 0.783975153125 0.2549488109375 0.77888564375 0.40069330625
1 0.5850122203125 0.3730874890625 0.6246443125 0.374471471875 0.6260424734375001 0.334433378125 0.58641038125 0.33304939375 0.5850122203125 0.3730874890625
1 0.5613511609375 0.3273692953125 0.6382261765624999 0.3300538296875 0.640743303125 0.2579727671875 0.5638682875 0.2552882328125 0.5613511609375 0.3273692953125
1 0.0762093578125 0.2029768984375 0.1482748046875 0.2054934796875 0.15163024687499999 0.10940621406249999 0.0795647984375 0.10688963437500001 0.0762093578125 0.2029768984375