1 0.5734583671875 0.0556828171875 0.5272955031250001 0.047543059375 0.5105999546875 0.1422282234375 0.5567628171875 0.15036798125 0.5734583671875 0.0556828171875
1 0.524314403125 0.1544305078125 0.4911694671875 0.1485861609375 0.4808735765625 0.2069770546875 0.5140185125000001 0.21282140156249998 0.524314403125 0.1544305078125
1 0.8931239765625 0.11855356718750001 0.8351280328125 0.1083273171875 0.8231607796875 0.176196984375 0.8811567234375 0.186423234375 0.8931239765625 0.11855356718750001
1 1 0.19272886718749999 0.952321525 0.184321865625 0.941747075 0.24429255468750002 1 0.254564115625 1 0.19272886718749999
1 1 0.45147226093750004 0.9352868078125001 0.440061578125 0.9216518078125 0.517389503125 0.9879416796875 0.529078196875 1 0.4606920671875 1 0.45147226093750004
1 0.9085687218749999 0.5639182765624999 0.852942471875 0.5541098671875 0.8468213734375001 0.588824340625 0.9024476234375 0.5986327499999999 0.9085687218749999 0.5639182765624999
1 0.790707490625 0.6716722453124999 0.7658564812499999 0.6672903421874999 0.760567446875 0.697285946875 0.7854184562500001 0.70166785 0.790707490625 0.6716722453124999
1 0.8169628515625 0.6958487375 0.7707999875 0.687708978125 0.7652360109375 0.7192638609374999 0.8113988750000001 0.72740361875 0.8169628515625 0.6958487375
1 0.42412445937500004 0.092815384375 0.38388582968749996 0.08572022812499999 0.3752576859375 0.13465286406250002 0.415496315625 0.14174801875 0.42412445937500004 0.092815384375
1 0.094211896875 0.36497386718749997 0.0184586375 0.35161652499999996 0.0073270656249999995 0.41474680468749997 0.083080325 0.4281041484375 0.094211896875 0.36497386718749997
1 0.2906253875 0.44843196250000006 0.2432776765625 0.440083284375 0.23687801875 0.47637755156250006 0.284225728125 0.48472623125 0.2906253875 0.44843196250000006
1 0.27733955312499997 0.5307081953125 0.19684690625 0.5165151703124999 0.18989012656249998 0.55596903125 0.2703827734375 0.5701620562499999 0.27733955312499997 0.5307081953125
1 0.2536041578125 0.575337525 0.1754812046875 0.561562340625 0.16768874218750002 0.6057555875 0.24581169531249997 0.6195307718749999 0.2536041578125 0.575337525
1 0.2733232 0.733402646875 0.218881796875 0.723803159375 0.21081077499999998 0.769576203125 0.265252178125 0.7791756921874999 0.2733232 0.733402646875
1 0.17899936875 0.8046686765625 0.1434847390625 0.7984064890625 0.1370850796875 0.834700759375 0.172599709375 0.840962946875 0.17899936875 0.8046686765625
1 0.0870589640625 0.5785282296875 0.049174640625 0.5718482 0.04499985 0.5955246187500001 0.082884171875 0.6022046484375 0.0870589640625 0.5785282296875
1 0.1178251421875 0.5286229625 0.06810773906249999 0.5198564421875 0.06170807968749999 0.5561507125 0.1114254828125 0.56491723125 0.1178251421875 0.5286229625
1 0.2819383109375 0.0547234 0.23459059999999998 0.046374721875000004 0.21650224843750002 0.1489588609375 0.263849959375 0.15730754062500002 0.2819383109375 0.0547234
1 0.65424509375 0.67040445625 0.5867703750000001 0.6585068421875 0.580370715625 0.6948011125 0.647845434375 0.7066987250000001 0.65424509375 0.67040445625
1 0.7247292546875 0.8244106859375 0.6750118515625 0.815644165625 0.668890753125 0.8503586390625 0.7186081578125 0.859125159375 0.7247292546875 0.8244106859375
1 0.7385124796875 0.787768271875 0.697089003125 0.7804641953125 0.69179996875 0.8104597968749999 0.7332234453125 0.8177638734375 0.7385124796875 0.787768271875
1 0.8906765218749999 0.4924019171875 0.8397742718749999 0.4834264765625 0.8347637984375 0.511842284375 0.8856660484375001 0.520817725 0.8906765218749999 0.4924019171875
1 0.4330587078125 0.782733625 0.3691385296875 0.7714627734375 0.3638494953125 0.8014583765625 0.42776967343749994 0.812729228125 0.4330587078125 0.782733625
1 0.2198178828125 0.4001423234375 0.1357706953125 0.3853225375 0.12491768437499999 0.446873021875 0.20896487187499999 0.46169280781250005 0.2198178828125 0.4001423234375
1 0.1294145484375 0.6982859203125 0.08443653125 0.6903550828125 0.0788725546875 0.7219099640625 0.12385057031249999 0.729840803125 0.1294145484375 0.6982859203125
1 0.8466890093749999 0.6587702421875 0.8099895328125 0.6522991328125001 0.8041469953125 0.6854338109375 0.8408464718750001 0.6919049187499999 0.8466890093749999 0.6587702421875
1 0.3541532078125 0.5865513796874999 0.31745373125 0.580080271875 0.312164696875 0.6100758749999999 0.3488641734375 0.6165469828125001 0.3541532078125 0.5865513796874999
1 0.059103775000000004 0.7786411078125 0.010571217187499999 0.770083509375 0.0077892296875000004 0.78586095 0.0563217859375 0.7944185484374999 0.059103775000000004 0.7786411078125
0 0.7620817421875 0.5641195546875 0.588078521875 0.5334380921874999 0.5635905109375 0.6723165015625 0.7375937312499999 0.7029979640625 0.7620817421875 0.5641195546875