1 0.425484375 0.8381354171875 0.24520312500000002 0.8381354171875 0.24520312500000002 0.9999895828125 0.425484375 0.9999895828125 0.425484375 0.8381354171875
1 0.092546875 0.7660208328125 0.030046875 0.7660208328125 0.030046875 0.8493541671875 0.092546875 0.8493541671875 0.092546875 0.7660208328125
1 0.594953125 0.7243541671875 0.45192187500000003 0.7243541671875 0.45192187500000003 0.8141041671875 0.594953125 0.8141041671875 0.594953125 0.7243541671875
1 0.9242812499999999 0.5528854171875001 0.8545624999999999 0.5528854171875001 0.8545624999999999 0.65865625 0.9242812499999999 0.65865625 0.9242812499999999 0.5528854171875001
1 0.8798125000000001 0.6891145828125 0.796875 0.6891145828125 0.796875 0.7644270828125 0.8798125000000001 0.7644270828125 0.8798125000000001 0.6891145828125
1 0.913453125 0.76121875 0.826921875 0.76121875 0.826921875 0.8461562499999999 0.913453125 0.8461562499999999 0.913453125 0.76121875
1 0.7523984375 0.5144270828125 0.7091328125 0.5144270828125 0.7091328125 0.5817395828125 0.7523984375 0.5817395828125 0.7523984375 0.5144270828125
1 0.70071875 0.3509583328125 0.6514375 0.3509583328125 0.6514375 0.3990416671875 0.70071875 0.3990416671875 0.70071875 0.3509583328125
1 0.32332031250000004 0.23879166718749997 0.2175546875 0.23879166718749997 0.2175546875 0.2916666671875 0.32332031250000004 0.2916666671875 0.32332031250000004 0.23879166718749997
0 0.58653125 0.2067395828125 0.41465625 0.2067395828125 0.41465625 0.2852604171875 0.58653125 0.2852604171875 0.58653125 0.2067395828125
0 0.5216406250000001 0.3253125 0.282453125 0.3253125 0.282453125 0.5336458328125 0.5216406250000001 0.5336458328125 0.5216406250000001 0.3253125
0 0.6262109375 0.3317291671875 0.4194765625 0.3317291671875 0.4194765625 0.5913541671875 0.6262109375 0.5913541671875 0.6262109375 0.3317291671875
0 0.769234375 0.7035208328125 0.586546875 0.7035208328125 0.586546875 0.8910208328125 0.769234375 0.8910208328125 0.769234375 0.7035208328125