0 0.31342335781249997 0.623472934375 0.6366866156250001 0.617830353125 0.632715103125 0.39030251250000003 0.30945184531250003 0.39594509218749996 0.31342335781249997 0.623472934375
0 0.57967836875 0.7951231187500001 0.7383104546875 0.7923541859375 0.73531773125 0.6209011359375001 0.5766856453125 0.62367006875 0.57967836875 0.7951231187500001
0 0.5093846625 0.349167409375 0.6920443390625 0.3459790734375 0.689387209375 0.1937522609375 0.5067275343750001 0.1969405984375 0.5093846625 0.349167409375
0 0.42141768593749995 0.8187220765625 0.5740350640624999 0.8160581296875 0.5726646859375 0.73754925625 0.420047309375 0.7402132031249999 0.42141768593749995 0.8187220765625
1 0.508810553125 0.8668812796875001 0.5448675609375 0.8662519015625 0.5439447640624999 0.8133849546875 0.5078877578125 0.8140143328124999 0.508810553125 0.8668812796875001
1 0 0.3260017859375 0.0918184859375 0.3243990875 0.08863014999999999 0.1417394125 0 0.14328645625 0 0.3260017859375
1 0.1080648390625 0.22153738281250002 0.193395590625 0.22004792968750003 0.190710465625 0.066217196875 0.1053797125 0.06770665000000001 0.1080648390625 0.22153738281250002
1 0.320439753125 0.060764778124999995 0.366104671875 0.059967693749999995 0.3651538796875 0.0054968234375 0.3194889609375 0.006293907812500001 0.320439753125 0.060764778124999995
1 0.5269950296875 0.0491477046875 0.5738628890624999 0.048329623437500004 0.57313570625 0.0066693015625000004 0.5262678453125 0.007487384375 0.5269950296875 0.0491477046875
1 0.7076491734375 0 0.7087591796875 0.063592265625 0.880608003125 0.060592632812500005 0.8795503531250001 0 0.7076491734375 0
1 0.6487495765625 0 0.64937413125 0.035780692187500004 0.722675465625 0.0345012125 0.7220732453125 0 0.6487495765625 0
1 0.2938570390625 0.39781129375 0.371970140625 0.396447825 0.370627759375 0.319542871875 0.292514659375 0.32090634218749997 0.2938570390625 0.39781129375
1 0.1275748015625 0.51290793125 0.198470253125 0.511670446875 0.1974074734375 0.4507838890625 0.1265120234375 0.4520213734375 0.1275748015625 0.51290793125
1 0.2474236640625 0.629438196875 0.3339417359375 0.6279280171875 0.3331865546875 0.5846637734375 0.246668484375 0.5861739515625 0.2474236640625 0.629438196875
1 0.32430528281250004 0.6953981390624999 0.38438988125 0.6943493578125 0.38369069375 0.654292959375 0.32360609687499997 0.6553417406250001 0.32430528281250004 0.6953981390624999
1 0.3842064609375 0.6847365125 0.45391459218749997 0.6835197515625 0.4533553875 0.651482965625 0.38364725625 0.652699725 0.3842064609375 0.6847365125