0 1 0.6185937499999999 0.83534375 0.6185937499999999 0.83534375 0.7628229171875 1 0.7628229171875 1 0.6185937499999999
0 0.443515625 0.1105729171875 0.342546875 0.1105729171875 0.342546875 0.2099270828125 0.443515625 0.2099270828125 0.443515625 0.1105729171875
0 0.5252343749999999 0.10577083281249999 0.43870312499999997 0.10577083281249999 0.43870312499999997 0.1378125 0.5252343749999999 0.1378125 0.5252343749999999 0.10577083281249999
0 0.65865625 0.21155208281250001 0.42909375 0.21155208281250001 0.42909375 0.3493645828125 0.65865625 0.3493645828125 0.65865625 0.21155208281250001
0 0.3906171875 0.34134375 0.2980703125 0.34134375 0.2980703125 0.41986458281249994 0.3906171875 0.41986458281249994 0.3906171875 0.34134375
1 0.23196093750000002 0.5224375 0.11297656250000002 0.5224375 0.11297656250000002 0.5737291671875 0.23196093750000002 0.5737291671875 0.23196093750000002 0.5224375
1 0 0.65865625 0.12259374999999999 0.65865625 0.12259374999999999 0.5769270828125 0 0.5769270828125 0 0.65865625
1 0.6514453125 0.59615625 0.6165859375 0.59615625 0.6165859375 0.63621875 0.6514453125 0.63621875 0.6514453125 0.59615625
1 0.741578125 0.6041666671875 0.655046875 0.6041666671875 0.655046875 0.6939166671875 0.741578125 0.6939166671875 0.741578125 0.6041666671875
1 0.8377421875 0.7371875 0.7187578125 0.7371875 0.7187578125 0.8028958328125 0.8377421875 0.8028958328125 0.8377421875 0.7371875
1 0.8305234374999999 0.3910208328125 0.7716328125 0.3910208328125 0.7716328125 0.4503125 0.8305234374999999 0.4503125 0.8305234374999999 0.3910208328125
1 0.7103359375 0.39903125 0.6261953124999999 0.39903125 0.6261953124999999 0.44871875 0.7103359375 0.44871875 0.7103359375 0.39903125
1 1 0.4246666671875 0.96875 0.4246666671875 0.96875 0.4759583328125 1 0.4759583328125 1 0.4246666671875
1 0.6358203125 0.1618541671875 0.5829296875 0.1618541671875 0.5829296875 0.20993750000000003 0.6358203125 0.20993750000000003 0.6358203125 0.1618541671875
1 0.7091328125 0.2099270828125 0.6526484375 0.2099270828125 0.6526484375 0.2596145828125 0.7091328125 0.2596145828125 0.7091328125 0.2099270828125
1 0.3113046875 0.21634375 0.2656328125 0.21634375 0.2656328125 0.2499895828125 0.3113046875 0.2499895828125 0.3113046875 0.21634375