1 0.8107297828125001 0.23584563906249997 0.8156992453124999 0.14102264375 0.759692771875 0.13808746875 0.7547233078125 0.2329104640625 0.8107297828125001 0.23584563906249997
1 0.9266589109375 0.38155008281249997 0.9283573765625001 0.349141434375 0.8899517484375 0.3471286796875 0.8882532843750001 0.3795373296875 0.9266589109375 0.38155008281249997
1 0.2685767796875 0.261592765625 0.278011971875 0.08155858437499999 0.125970625 0.0735904359375 0.116535434375 0.253624615625 0.2685767796875 0.261592765625
1 0.38207660625 0.4228006921875 0.38931041718750004 0.28477136718749996 0.2900924109375 0.279571571875 0.2828586015625 0.41760089687499996 0.38207660625 0.4228006921875
0 0.2421062515625 0.5827725703125 0.252988859375 0.3751200421875 0.1633618578125 0.370422890625 0.15247925 0.57807541875 0.2421062515625 0.5827725703125
1 0.3173177515625 0.7094762296875 0.320462815625 0.6494648359374999 0.2628543734375 0.64644570625 0.2597093109375 0.7064571 0.3173177515625 0.7094762296875
1 0.238849784375 0.73666460625 0.2421837484375 0.6730487843749999 0.163770525 0.668939321875 0.1604365609375 0.73255514375 0.238849784375 0.73666460625
1 0 0.9263381781250001 0.052253159375000004 0.9290766500000001 0.06181428437499999 0.7466395171875 0 0.7433999671875 0 0.9263381781250001
1 0.45694608593749997 0.8010421125 0.46285923125000006 0.688212578125 0.3428364453125 0.6819224515625 0.3369233 0.794751984375 0.45694608593749997 0.8010421125
1 0.6089557828125 0.656158503125 0.6122897468749999 0.5925426796875 0.5594872093750001 0.5897754171875 0.556153246875 0.6533912390625 0.6089557828125 0.656158503125
1 0.6851522765625 0.610810734375 0.6894928890625 0.527986896875 0.6286805109375 0.5247998546875 0.624339896875 0.6076236921875 0.6851522765625 0.610810734375
1 0.5122431796875 0.6029537281249999 0.515074228125 0.5489341109375 0.439864940625 0.544992559375 0.43703389374999996 0.5990121765625 0.5122431796875 0.6029537281249999
1 0.7763663046875 0.524121953125 0.778379603125 0.48570592343749996 0.7479630125 0.4841118578125 0.7459497140625 0.5225278875 0.7763663046875 0.524121953125
0 0.7043409671874999 0.52033161875 0.7213877703125 0.19505925468750002 0.46532251249999995 0.18163944375000002 0.4482757109375 0.5069118078125 0.7043409671874999 0.52033161875
0 0.832228628125 0.49935536875000003 0.8405320546875 0.340916553125 0.77010786875 0.3372257765625 0.7618044421875 0.49566459375000005 0.832228628125 0.49935536875000003