1 0.2199453125 0.2035208328125 0.1249921875 0.2035208328125 0.1249921875 0.2596041671875 0.2199453125 0.2596041671875 0.2199453125 0.2035208328125
1 0.3593828125 0.080125 0.3269296875 0.080125 0.3269296875 0.1185833328125 0.3593828125 0.1185833328125 0.3593828125 0.080125
1 0.27403125 0.7435833328125 0.09375 0.7435833328125 0.09375 0.8958333328125001 0.27403125 0.8958333328125001 0.27403125 0.7435833328125
1 0.42907812500000003 0.6218020828124999 0.29085937500000003 0.6218020828124999 0.29085937500000003 0.72115625 0.42907812500000003 0.72115625 0.42907812500000003 0.6218020828124999
0 0.59615625 0.7532083328125 0.38821875 0.7532083328125 0.38821875 0.8429583328125 0.59615625 0.8429583328125 0.59615625 0.7532083328125
1 0.71875 0.6714687500000001 0.65865625 0.6714687500000001 0.65865625 0.7291562500000001 0.71875 0.7291562500000001 0.71875 0.6714687500000001
1 0.7500078125 0.74840625 0.6863046875000001 0.74840625 0.6863046875000001 0.8269270828125 0.7500078125 0.8269270828125 0.7500078125 0.74840625
1 0.951921875 0.9246770828124999 0.769234375 0.9246770828124999 0.769234375 0.9999895828125 0.951921875 0.9999895828125 0.951921875 0.9246770828124999
1 0.8028828125 0.5272395828125 0.6898984375 0.5272395828125 0.6898984375 0.6474270828125 0.8028828125 0.6474270828125 0.8028828125 0.5272395828125
1 0.6502421875 0.3830208328125 0.5865390625 0.3830208328125 0.5865390625 0.43589583281250005 0.6502421875 0.43589583281250005 0.6502421875 0.3830208328125
1 0.60096875 0.3093020828125 0.51803125 0.3093020828125 0.51803125 0.3701979171875 0.60096875 0.3701979171875 0.60096875 0.3093020828125
1 0.602171875 0.48238541718750005 0.548078125 0.48238541718750005 0.548078125 0.5576979171875001 0.602171875 0.5576979171875001 0.602171875 0.48238541718750005
1 0.509625 0.22275 0.47115625000000005 0.22275 0.47115625000000005 0.2532083328125 0.509625 0.2532083328125 0.509625 0.22275
0 0.5096093749999999 0.294875 0.183890625 0.294875 0.183890625 0.5512916671875 0.5096093749999999 0.5512916671875 0.5096093749999999 0.294875
0 0.48196874999999995 0.1682604171875 0.3233125 0.1682604171875 0.3233125 0.23878125 0.48196874999999995 0.23878125 0.48196874999999995 0.1682604171875