0 0.7482631203125 0.13334897968749998 0.593533734375 0.15509477656249998 0.6136065546875 0.297920315625 0.768335940625 0.27617451875 0.7482631203125 0.13334897968749998
0 0.8573939265625 0.080795290625 0.7062387890624999 0.102038759375 0.7180598046875 0.186149653125 0.8692149421875 0.164906184375 0.8573939265625 0.080795290625
0 1 0.4650365953125 0.9935726859375 0.41930387968750005 0.8078974234375 0.44539883593749996 0.82797024375 0.588224375 1 0.5640471703125 1 0.4650365953125
0 0.721737628125 0.635521471875 0.575332684375 0.6560973453125001 0.5869304421875 0.7386196843749999 0.7333353875 0.7180438109375 0.721737628125 0.635521471875
1 0.68954031875 0.5704525578124999 0.589554190625 0.5845046921875 0.6024914906250001 0.6765583625 0.7024776187499999 0.662506228125 0.68954031875 0.5704525578124999
1 0.32265151875 0.47312896406249993 0.22029802968749998 0.48751380781250003 0.2332353296875 0.579567478125 0.33558881875 0.5651826343749999 0.32265151875 0.47312896406249993
1 0.10410594375 0.53299179375 0.0017524546875000001 0.5473766390625 0.009334490625 0.6013256171875 0.111687978125 0.5869407718749999 0.10410594375 0.53299179375
1 0 0.45536045312500006 0.084249690625 0.4435199328125 0.079790353125 0.41179009375 0 0.42300389687499995 0 0.45536045312500006
1 0.054655975 0.3279303390625 0.0010886609375 0.335458734375 0.0064410265625000004 0.3735427921875 0.060008339062500006 0.3660143984375 0.054655975 0.3279303390625
1 0.12458026874999999 0.298695496875 0.0805442859375 0.30488434999999997 0.08522688125 0.33820274375000003 0.1292628640625 0.332013890625 0.12458026874999999 0.298695496875
1 0.39619062031249996 0.080879034375 0.35215463593749996 0.0870678875 0.358176771875 0.1299176125 0.40221275624999997 0.12372875781249999 0.39619062031249996 0.080879034375
1 0.45023523125000003 0.48271604375 0.41928935312500004 0.48706520312499996 0.4264277734375 0.537857703125 0.4573736515625 0.53350854375 0.45023523125000003 0.48271604375
1 0.9203954765625 0.10592800937499999 0.8704024125000001 0.1129540765625 0.8775408328125 0.1637465765625 0.9275338968750001 0.15672050937499998 0.9203954765625 0.10592800937499999