1 0.38081097812500003 0.389398225 0.4498512296875 0.3991012 0.4565431359375 0.3514858109375 0.387502884375 0.34178283593750003 0.38081097812500003 0.389398225
1 0.2438779046875 0.3879307109375 0.32719967968749997 0.399640821875 0.3345584578125 0.3472803984375 0.2512366828125 0.3355702859375 0.2438779046875 0.3879307109375
1 0.3166045 0.233087034375 0.382070503125 0.24228768125000003 0.3932217484375 0.1629424515625 0.3277557453125 0.1537418046875 0.3166045 0.233087034375
1 0 0.5381703375 0.0482460453125 0.544950878125 0.058060650000000005 0.475116346875 0 0.46695645468749997 0 0.5381703375
1 0 0.6481994671875 0.0033197796874999998 0.64866603125 0.0117948421875 0.5883628328125 0 0.586705175 0 0.6481994671875
1 0.12444081874999999 0.892258025 0.2148956171875 0.9049706171875 0.23965103281250003 0.7288266859375 0.1491962328125 0.7161140921875 0.12444081874999999 0.892258025
0 0.6865157 0.7964681765625 0.8448193343750001 0.8187163015625 0.85485719375 0.7472932171875 0.6965535593750001 0.7250450921875 0.6865157 0.7964681765625
1 0.73686716875 0.740430390625 0.828513384375 0.7533104265625 0.8363186765625 0.6977728921875 0.7446724609375 0.6848928562500001 0.73686716875 0.740430390625
1 0.7687435015624999 0.254554878125 0.8127794843749999 0.2607437328125 0.8201382625000001 0.2083833078125 0.7761022796875 0.2021944546875 0.7687435015624999 0.254554878125
1 0.8297331984375 0.1660462265625 0.8678275734374999 0.1714000421875 0.8734031953124999 0.1317274265625 0.8353088203125001 0.1263736125 0.8297331984375 0.1660462265625
1 0.81902866875 0.26809120625 0.8797290062500001 0.27662208125 0.8844116015625 0.2433036859375 0.8237112640625 0.23477281093750002 0.81902866875 0.26809120625
1 0.834350784375 0.3058620484375 0.885535265625 0.3130555578125 0.8891044750000001 0.287659309375 0.8379199953124999 0.28046579843749997 0.834350784375 0.3058620484375
1 0.9281018 0.442026478125 0.9733291984375001 0.44838277499999996 0.9818042609375001 0.3880795734375 0.9365768624999999 0.381723278125 0.9281018 0.442026478125
0 0.3613544 0.6229318765625 0.485137909375 0.6403285140625 0.5047642156250001 0.5006800859375 0.38098070625 0.4832834484375 0.3613544 0.6229318765625
0 0.4803495 0.3289442265625 0.6553174890625 0.3535343734375 0.6758368234375001 0.207531725 0.5008688343750001 0.182941578125 0.4803495 0.3289442265625
0 0.392789459375 0.1920089109375 0.5248974093750001 0.2105754734375 0.5329259578125 0.1534493828125 0.4008180078125 0.134882821875 0.392789459375 0.1920089109375
0 0.156189584375 0.571429315625 0.322817659375 0.594847365625 0.3493591296875 0.4059949921875 0.182731053125 0.38257694375 0.156189584375 0.571429315625
1 0.1442717859375 0.41439871874999995 0.18949918593749998 0.4207550140625 0.195521321875 0.377905290625 0.15029392187499999 0.37154899375 0.1442717859375 0.41439871874999995