0 0.74030163125 0.857906121875 0.7283122375 0.6864498 0.5972156953125001 0.6956169640625001 0.6092050890625 0.8670732859375001 0.74030163125 0.857906121875
0 0.21549225781249998 0.635559284375 0.20777871874999998 0.5252505234375 0.092684765625 0.5332986765625 0.10039830624999999 0.6436074374999999 0.21549225781249998 0.635559284375
0 0.13620408125 0.742311128125 0.129078021875 0.640403725 0.06993078593749999 0.644539703125 0.0770568453125 0.74644710625 0.13620408125 0.742311128125
0 0.371676359375 0.8933235843749999 0.3592673359375 0.715866290625 0.2505536390625 0.72346829375 0.2629626609375 0.9009255859374999 0.371676359375 0.8933235843749999
0 0.3494984765625 0.7141451015625 0.342623103125 0.6158226953125 0.2610930265625 0.621523834375 0.2679683984375 0.719846240625 0.3494984765625 0.7141451015625
1 0.922172434375 0.9548305593749999 0.9139564296874999 0.83733621875 0.8068429890625 0.8448263203125 0.8150589937499999 0.9623206609375 0.922172434375 0.9548305593749999
1 1 0.7457594828125 0.9607591953125001 0.7485034671874999 0.966460696875 0.8300387421875 1 0.8276934453125 1 0.7457594828125
1 0.7590368828125 0.5746592421875001 0.75417355 0.5051103234375 0.67904450625 0.5103638578125 0.683907840625 0.5799127765625001 0.7590368828125 0.5746592421875001
1 0.64283474375 0.5900056015625 0.6400684640625001 0.5504459515625 0.587322265625 0.5541343249999999 0.5900885453125 0.593693975 0.64283474375 0.5900056015625
1 0.6515026828125 0.644823553125 0.6484846265625 0.6016633203125 0.5845366125 0.6061350015625 0.5875546703125 0.6492952328125 0.6515026828125 0.644823553125
1 0.6413767515625 0.7069860140625 0.6375205265624999 0.6518394265625 0.5767730328125 0.6560873046875 0.5806292578125001 0.7112338921875 0.6413767515625 0.7069860140625
1 0.6866831015625 0.5279128265625 0.681485153125 0.45357871875000005 0.6271386953125 0.4573789921875 0.6323366421875 0.5317131015625 0.6866831015625 0.5279128265625
1 0.405025075 0.474108921875 0.3983175546875 0.378186903125 0.332769284375 0.382770484375 0.33947680468749997 0.478692503125 0.405025075 0.474108921875
1 0.3059365609375 0.2750047296875 0.3004868375 0.19707003750000002 0.2413396015625 0.201206015625 0.2467893265625 0.27914070625 0.3059365609375 0.2750047296875
1 0.5325134640625 0 0.5382235718749999 0.0816583484375 0.6277549453125 0.07539770625 0.622482625 0 0.5325134640625 0
1 0.7219009078124999 0.3880921234375 0.7192174640625 0.34971708125 0.668050740625 0.35329500625 0.670734184375 0.39167004843750003 0.7219009078124999 0.3880921234375
1 0.5520972515625 0.41804123125 0.5489952687499999 0.37368080625 0.517031653125 0.37591591874999997 0.5201336359375001 0.42027634531249997 0.5520972515625 0.41804123125
1 0.47308099375 0.8271904187500001 0.46930760468750005 0.7732284390624999 0.4229416578125 0.7764706625 0.42671504687499995 0.8304326421875 0.47308099375 0.8271904187500001
1 0.5092653890625 1 0.5044419328124999 0.9310213421875 0.43729340156249996 0.9357168250000001 0.44178851874999997 1 0.5092653890625 1
1 0.4254201421875 0.995589346875 0.42206638124999996 0.9476283375 0.3789009546875 0.9506467578125 0.382254715625 0.9986077671875 0.4254201421875 0.995589346875
1 0.16076990156249998 0.794811328125 0.157416140625 0.74685031875 0.1078496765625 0.75031634375 0.11120343749999999 0.798277353125 0.16076990156249998 0.794811328125
1 0.9727102625 0.41393293125 0.9695243546875 0.3683723109375 0.87999298125 0.3746329546875 0.8831788890625001 0.420193575 0.9727102625 0.41393293125
1 0.9565095687499999 0.27408957031250003 0.9852830578124999 0.27207753281249997 0.9781569984375 0.1701701296875 0.949383509375 0.17218216875 0.9565095687499999 0.27408957031250003