0 0.384282859375 0.2881885375 0.3572074765625 0.459135784375 0.502829775 0.482200090625 0.5299051593749999 0.31125284375 0.384282859375 0.2881885375
1 0.6310164734375 0.1337836359375 0.621615740625 0.19313753281249998 0.691268346875 0.204169421875 0.7006690796874999 0.144815525 0.6310164734375 0.1337836359375
1 0.3153916359375 0.76403566875 0.30260556250000004 0.8447637578125 0.3421748265625 0.8510309140625001 0.35496089999999997 0.770302825 0.3153916359375 0.76403566875
1 0.3628145359375 0.7618017421875 0.3500284640625 0.84252983125 0.3911821453125 0.8490479343749999 0.40396821875000005 0.7683198453125 0.3628145359375 0.7618017421875
1 0.4443678359375 0.7795989140625 0.4370349703125 0.8258968046874999 0.47501981718749997 0.8319130140625 0.4823526828125 0.785615121875 0.4443678359375 0.7795989140625
1 0.773185684375 0.6600815250000001 0.7671678453124999 0.6980766609375 0.8241451171874999 0.707100975 0.8301629546875 0.6691058390625 0.773185684375 0.6600815250000001
1 0.8969492499999999 0.3499127828125 0.8898045953124999 0.3950223625 0.9578727828125 0.405803303125 0.9650174390625 0.360693725 0.8969492499999999 0.3499127828125
1 0.8676636546875001 0.1968137921875 0.8565714734375 0.26684706875 0.9246396625 0.2776280109375 0.93573184375 0.20759473437499998 0.8676636546875001 0.1968137921875
1 0.8272653015625 0.1137448171875 0.8159849109374999 0.18496640625 0.8634762578125 0.192488296875 0.8747566484375 0.1212667078125 0.8272653015625 0.1137448171875
1 0.60109300625 0.22030055312500002 0.59394835 0.26541013125 0.63034878125 0.27117539375 0.6374934375 0.226065815625 0.60109300625 0.22030055312500002
1 0.5339904984375 0.1829134234375 0.52534260625 0.2375140703125 0.5649118703125 0.243781225 0.5735597625 0.1891805796875 0.5339904984375 0.1829134234375
1 0.404261415625 0.2438856171875 0.399749259375 0.272374253125 0.42349493281250006 0.2761351984375 0.428007090625 0.2476465625 0.404261415625 0.2438856171875
1 0.23103371718750002 0.2517508578125 0.224641903125 0.2921071859375 0.26738 0.298876234375 0.273771815625 0.25851990625 0.23103371718750002 0.2517508578125
1 0.2735860484375 0.2596927859375 0.268132840625 0.294122984375 0.29346293125 0.2981348765625 0.29891613906250003 0.263704678125 0.2735860484375 0.2596927859375
1 0.13958925312499998 0.7471385859375 0.13620391406250001 0.7685127796875 0.1741887609375 0.7745289875 0.1775741 0.7531547953125 0.13958925312499998 0.7471385859375
1 0.16527902187500002 0.6976733515625 0.157381525 0.74753618125 0.20011962187500001 0.7543052296874999 0.20801711875 0.7044424015625 0.16527902187500002 0.6976733515625
1 0.44935590156250005 0.86070590625 0.43638161875000003 0.9426223078125 0.4933588890625 0.9516466203125 0.5063331734375 0.86973021875 0.44935590156250005 0.86070590625
1 0.7388381625 0.9077735140625001 0.7318817171875 0.9516947796874999 0.828428253125 0.9669862484375 0.8353846984375 0.9230649828124999 0.7388381625 0.9077735140625001
1 0.7990098156250001 0.7737077375 0.7928062125 0.812875753125 0.8402975609375 0.82039764375 0.8465011656250001 0.781229628125 0.7990098156250001 0.7737077375
1 0.38643439375 0.21307692656250002 0.3794779484375 0.25699819218750003 0.41270954531250004 0.262261559375 0.419665990625 0.21834029375 0.38643439375 0.21307692656250002
1 0.272513940625 0.5430685859375 0.266496103125 0.581063721875 0.29182619375 0.5850756140625 0.2978440328125 0.547080478125 0.272513940625 0.5430685859375
1 0.63028791875 0.06673480781249999 0.6261521828125 0.0928468171875 0.6593837796875001 0.09811018593750001 0.663519515625 0.071998175 0.63028791875 0.06673480781249999
1 0.7700444515625 0.14727665 0.7871544703125 0.0392482375 0.67003109375 0.0206977171875 0.652921075 0.1287261296875 0.7700444515625 0.14727665
1 0.3219719203125 0.917192859375 0.315015475 0.9611141249999999 0.3435144 0.9656279109374999 0.35047084375000004 0.9217066453125 0.3219719203125 0.917192859375
1 0.8293778093749999 0.643432559375 0.8220449437499999 0.68973045 0.9122743874999999 0.704021390625 0.9196072531249999 0.6577234984375 0.8293778093749999 0.643432559375