0 0.18316704687500002 0.423388953125 0.1562434390625 0.57608031875 0.23041177343750002 0.5891581968749999 0.25733538125 0.43646683125 0.18316704687500002 0.423388953125
0 0.1786378390625 0.5690497546875 0.1498366609375 0.7323893531250001 0.27767701875 0.7549310578124999 0.306478196875 0.591591459375 0.1786378390625 0.5690497546875
0 0.36380172499999996 0.3588138578125 0.3126677640625 0.648808965625 0.5004788078125 0.6819251203125 0.5516127703125 0.3919300125 0.36380172499999996 0.3588138578125
0 0.5816597296875 0.516842184375 0.55181395 0.6861060171875 0.667015940625 0.7064192359375 0.6968617203125 0.537155403125 0.5816597296875 0.516842184375
1 0.7108109421875 0.734886325 0.68346949375 0.8899473828125 0.8239276999999999 0.9147139546874999 0.8512691484375001 0.7596528953125 0.7108109421875 0.734886325
1 0.6046803781250001 0.1462168578125 0.591323034375 0.2219701171875 0.6954869703125001 0.24033702968749998 0.7088443140625 0.1645837703125 0.6046803781250001 0.1462168578125
1 0.693281771875 0.24360531562499999 0.6784619843749999 0.327652503125 0.8031427484375 0.3496370859375 0.8179625343750001 0.26558989843749997 0.693281771875 0.24360531562499999
1 0.47382698906250004 0.21466713125 0.46172045468749995 0.283326696875 0.5074934984375 0.2913977203125 0.5196000328125 0.22273815468749997 0.47382698906250004 0.21466713125
1 0.3570979171875 0.3136907953125 0.34791355625 0.36577789374999997 0.3826280296875 0.3718989921875 0.391812390625 0.31981189374999996 0.3570979171875 0.3136907953125
1 0.2829146078125 0.3653040578125 0.2735213265625 0.418576003125 0.30665600312499997 0.42441854062499995 0.316049284375 0.3711465953125 0.2829146078125 0.3653040578125
1 0.291296403125 0.41926685781249995 0.281279075 0.47607795468749997 0.320732934375 0.48303473593749996 0.3307502640625 0.4262236375 0.291296403125 0.41926685781249995
1 0.12321259375 0.4958046921875 0.1131952640625 0.5526157890625 0.1479097375 0.5587368875000001 0.157927065625 0.501925790625 0.12321259375 0.4958046921875
1 0.82969786875 0.38361611406249996 0.816758365625 0.45699967968750005 0.9051448625 0.47258460312499995 0.9180843640624999 0.3992010375 0.82969786875 0.38361611406249996
1 1 0.13659216875 0.9433665609374999 0.126606165625 0.9281316453124999 0.21300765937500002 1 0.2256799890625 1 0.13659216875
1 0.7422798953124999 0.667213371875 0.7308001234375 0.732318396875 0.7907708109375 0.742892846875 0.8022505843750001 0.677787821875 0.7422798953124999 0.667213371875