1 0.30028913749999997 0.7006332703125 0.30400008437500003 0.7714423453125 0.3520175203125 0.7689258578125 0.34830657343750004 0.6981167828125 0.30028913749999997 0.7006332703125
1 1 0.8769971203125 0.8811621562499999 0.8832251484375 0.885879753125 0.9732422390625001 1 0.96726145 1 0.8769971203125
1 0.7513436015625 0.18232439218750002 0.7537338828125 0.227933675 0.80653641875 0.2251664109375 0.8041461375000001 0.179557128125 0.7513436015625 0.18232439218750002
1 0.809193259375 0 0.8096941328125 0.0095572265625 0.9169219796875 0.003937653125 0.916715615625 0 0.809193259375 0
1 0.5462147296875 0.1569705734375 0.5498635265625 0.2265937765625 0.6010849 0.22390937812499997 0.5974361015625 0.154286175 0.5462147296875 0.1569705734375
1 0.44419780937500003 0.262219590625 0.4470910078125 0.3174250796875 0.4935064765625 0.3149925484375 0.4906132796875 0.259787059375 0.44419780937500003 0.262219590625
1 0.453616215625 0.196722846875 0.45544061406249997 0.2315344484375 0.522660865625 0.228011584375 0.520836465625 0.1931999828125 0.453616215625 0.196722846875
1 0.375322209375 0.26460878593750004 0.37695770781250004 0.295815959375 0.40737429843750006 0.2942218921875 0.40573880000000007 0.2630147203125 0.375322209375 0.26460878593750004
1 0.344291265625 0.3155839296875 0.34536088125000003 0.3359934203125 0.36776763125 0.3348191328125 0.36669801562500004 0.3144096421875 0.344291265625 0.3155839296875
1 0.31729281875000004 0.3820020046875 0.31886535 0.4120077015625 0.34127209999999997 0.41083341406249996 0.33969956875 0.38082771718749997 0.31729281875000004 0.3820020046875
1 0.1379645953125 0.5430377015625 0.1405437765625 0.5922514125 0.17096036875 0.590657346875 0.1683811875 0.541443634375 0.1379645953125 0.5430377015625
1 0.17249527656250002 0.527991134375 0.17520039062499998 0.5796077984375 0.1992091078125 0.5783495546874999 0.19650399375 0.5267328906250001 0.17249527656250002 0.527991134375
1 0.2110168078125 0.6812476046875 0.21309225625 0.7208495078125 0.23229507031250002 0.71984313125 0.23021962187499997 0.680241228125 0.2110168078125 0.6812476046875
1 0.24269519218750002 0.7650326359374999 0.24477063906250002 0.8046345390624999 0.2815743 0.802705740625 0.2794988515625 0.7631038375 0.24269519218750002 0.7650326359374999
0 0.24553892500000002 0.3905737484375 0.25629559999999996 0.595823325 0.3315048859375 0.5918817734374999 0.32074821249999996 0.386632196875 0.24553892500000002 0.3905737484375
0 0.4296745234375 0.41342127343749996 0.448608690625 0.7747067140625 0.6966641078125 0.76170668125 0.677729940625 0.4004212390625 0.4296745234375 0.41342127343749996
0 0.4735194421875 0.3316864671875 0.4864774984375 0.5789408984375 0.8481686328125001 0.5599854703125 0.8352105765625 0.3127310390625 0.4735194421875 0.3316864671875