0 0.6069765625 0.1650625 0.4603359375 0.1650625 0.4603359375 0.2868541671875 0.6069765625 0.2868541671875 0.6069765625 0.1650625
0 0.7175546875000001 0.1298125 0.5937578125 0.1298125 0.5937578125 0.1987291671875 0.7175546875000001 0.1987291671875 0.7175546875000001 0.1298125
0 0.9338906250000001 0.392625 0.725953125 0.392625 0.725953125 0.5240416671875 0.9338906250000001 0.5240416671875 0.9338906250000001 0.392625
0 0.766828125 0.4647395828125 0.605765625 0.4647395828125 0.605765625 0.5673020828124999 0.766828125 0.5673020828124999 0.766828125 0.4647395828125
1 0.112984375 0.4679583328125 0.045671875 0.4679583328125 0.045671875 0.5208333328125 0.112984375 0.5208333328125 0.112984375 0.4679583328125
1 0.09975 0.42307291718749995 0.02884375 0.42307291718749995 0.02884375 0.4695520828125 0.09975 0.4695520828125 0.09975 0.42307291718749995
1 0.427890625 0.6266041671875 0.28726562499999997 0.6266041671875 0.28726562499999997 0.6955208328125 0.427890625 0.6955208328125 0.427890625 0.6266041671875
1 0.373796875 0.5608958328125 0.32210937500000003 0.5608958328125 0.32210937500000003 0.6346041671875 0.373796875 0.6346041671875 0.373796875 0.5608958328125
1 0.2367734375 0.47436458281249994 0.1935078125 0.47436458281249994 0.1935078125 0.5208437499999999 0.2367734375 0.5208437499999999 0.2367734375 0.47436458281249994
1 0.688703125 0.9070625 0.639421875 0.9070625 0.639421875 0.9807708328125001 0.688703125 0.9807708328125001 0.688703125 0.9070625
1 0.9819765625000001 0.7660312499999999 0.9074609375 0.7660312499999999 0.9074609375 0.8750104171875 0.9819765625000001 0.8750104171875 0.9819765625000001 0.7660312499999999
1 0.9999921875 0.8910312499999999 0.9254765624999999 0.8910312499999999 0.9254765624999999 0.9519270828125 0.9999921875 0.9519270828125 0.9999921875 0.8910312499999999
1 0.8125 0.5673125 0.73196875 0.5673125 0.73196875 0.6186041671875 0.8125 0.6186041671875 0.8125 0.5673125
1 0.7319765625 0.3317395828125 0.6814921875 0.3317395828125 0.6814921875 0.3718020828125 0.7319765625 0.3718020828125 0.7319765625 0.3317395828125
1 0.30167968749999996 0.0656979171875 0.2644140625 0.0656979171875 0.2644140625 0.11217708281250001 0.30167968749999996 0.11217708281250001 0.30167968749999996 0.0656979171875
1 0.867796875 0.3381354171875 0.8028906250000001 0.3381354171875 0.8028906250000001 0.38140625 0.867796875 0.38140625 0.867796875 0.3381354171875
1 0.7788515625 0.1570520828125 0.7307734375 0.1570520828125 0.7307734375 0.20353125 0.7788515625 0.20353125 0.7788515625 0.1570520828125