1 0.9705247937499999 0.7150965890625 0.9556708515624999 0.6213124953125 0.8939403312499999 0.6310896484375 0.908794271875 0.72487374375 0.9705247937499999 0.7150965890625
1 0.9431499000000001 0.7778468375 0.9358170343750001 0.731548946875 0.888325684375 0.7390708375 0.8956585499999999 0.785368728125 0.9431499000000001 0.7778468375
1 0.8390962859375 0.8174558125000001 0.8289427109374999 0.753348665625 0.7925422796875 0.759113928125 0.8026958546875 0.8232210734375001 0.8390962859375 0.8174558125000001
1 0.69515570625 0.5335796546875 0.6814310265625 0.4469254359375 0.6197005046874999 0.45670259062499996 0.633425184375 0.543356809375 0.69515570625 0.5335796546875
1 0.7418066703124999 0.3363694765625 0.729020596875 0.2556413875 0.65936799375 0.2666732765625 0.6721540671875 0.347401365625 0.7418066703124999 0.3363694765625
1 0.44789373593750004 0.22228679218749997 0.4281512171875 0.09763743750000001 0.3553503546875 0.1091679609375 0.3750928734375 0.23381731718749998 0.44789373593750004 0.22228679218749997
1 0.2272397859375 0.5809311203124999 0.21182121406249999 0.4835820875 0.115274678125 0.49887355624999996 0.13069325 0.5962225890624999 0.2272397859375 0.5809311203124999
1 0.4372080609375 0.7387307453124999 0.42743090625 0.6770002234375 0.3229622859375 0.693546428125 0.332739440625 0.7552769484375 0.4372080609375 0.7387307453124999
1 0.5371219703125 0.7959062546875 0.5247123171875 0.717554790625 0.47248829531250003 0.7258262625 0.48489794843749995 0.8041777265625001 0.5371219703125 0.7959062546875
1 0.507799271875 0.7336249859375 0.49877495781250003 0.6766477156249999 0.44969919375 0.684420553125 0.45872350781250004 0.7413978234374999 0.507799271875 0.7336249859375
1 0.49161478125 0.6826463546875 0.4844701265625 0.6375367765625 0.43697877968750004 0.6450586656249999 0.44412343437499996 0.6901682453125 0.49161478125 0.6826463546875
1 0.43822535937499996 0.6631172390625 0.43070428437499997 0.6156310359375 0.36105167968749996 0.626662925 0.3685727546875 0.674149128125 0.43822535937499996 0.6631172390625
1 0.379631125 1 0.37451543125 0.967700784375 0.303278409375 0.9789836203125001 0.3066070765625 1 0.379631125 1
1 0.6760130953125 0.8737070640625 0.6686802296875001 0.8274091734375 0.5847884515625 0.8406963265625 0.5921213171875 0.8869942171874999 0.6760130953125 0.8737070640625
0 0.7980356375000001 0.763100534375 0.78336990625 0.6705047515625 0.6915560453125 0.6850466390625 0.7062217765625001 0.7776424203125 0.7980356375000001 0.763100534375
0 0.9206949249999999 0.646326271875 0.9005759859375001 0.519300290625 0.80402945 0.534591759375 0.8241483890625 0.661617740625 0.9206949249999999 0.646326271875
0 0.8392960484374999 0.8904324000000001 0.8214331874999999 0.7776507375 0.7122113171875 0.7949497828125 0.730074178125 0.9077314453125 0.8392960484374999 0.8904324000000001
0 0.519802684375 0.9118239765625 0.49554800937500004 0.7586859859375 0.3768402171875 0.777487453125 0.40109489218750005 0.93062544375 0.519802684375 0.9118239765625
1 0.9503519671875 0.35200866249999996 0.9441483625 0.312840646875 0.9029946828125001 0.3193587484375 0.9091982875 0.3585267640625 0.9503519671875 0.35200866249999996
1 0.40836911562499995 0.5668367875 0.40160088125 0.524103834375 0.3509407 0.5321276187499999 0.357708934375 0.5748605718750001 0.40836911562499995 0.5668367875
1 0.30237872499999996 0.0615795953125 0.2967373078125 0.025961084375 0.23183795312500002 0.0362401328125 0.23747937187499998 0.07185864374999999 0.30237872499999996 0.0615795953125
1 0.131561225 0.41718727343750006 0.124792990625 0.37445432031250003 0.07571722656249999 0.3822271578125 0.0824854609375 0.42496011093749997 0.131561225 0.41718727343750006
1 0.6896167828124999 0.0683828515625 0.6826603375 0.0244615859375 0.6541614140625 0.028975371875 0.661117859375 0.0728966375 0.6896167828124999 0.0683828515625