0 0.5032083328125 0.7884609375 0.5032083328125 0.6045703125 0.3461666671875 0.6045703125 0.3461666671875 0.7884609375 0.5032083328125 0.7884609375
1 0.66346875 1 0.66346875 0.9399062499999999 0.5849479171875 0.9399062499999999 0.5849479171875 1 0.66346875 1
1 0.9647395828124999 0.516828125 0.9647395828124999 0.45432812499999997 0.87659375 0.45432812499999997 0.87659375 0.516828125 0.9647395828124999 0.516828125
1 0.508 0 0.508 0.0889375 0.5769166671875 0.0889375 0.5769166671875 0 0.508 0
1 0.44390625000000006 0.29085937500000003 0.44390625000000006 0.228359375 0.4070520828125 0.228359375 0.4070520828125 0.29085937500000003 0.44390625000000006 0.29085937500000003
1 0.52725 0.295671875 0.52725 0.253609375 0.4855833328125 0.253609375 0.4855833328125 0.295671875 0.52725 0.295671875
1 0.3942291671875 0.2836484375 0.3942291671875 0.2091328125 0.3589791671875 0.2091328125 0.3589791671875 0.2836484375 0.3942291671875 0.2836484375
1 0.9647395828124999 0.8353359375 0.9647395828124999 0.7740390625 0.8974270828125 0.7740390625 0.8974270828125 0.8353359375 0.9647395828124999 0.8353359375
1 0.9118541671875 0.9795624999999999 0.9118541671875 0.90625 0.8429375 0.90625 0.8429375 0.9795624999999999 0.9118541671875 0.9795624999999999
1 0.3782083328125 0.8605703124999999 0.3782083328125 0.8148984374999999 0.34775 0.8148984374999999 0.34775 0.8605703124999999 0.3782083328125 0.8605703124999999
1 0.3942395828125 0.8293203124999999 0.3942395828125 0.7992734375 0.3653854171875 0.7992734375 0.3653854171875 0.8293203124999999 0.3942395828125 0.8293203124999999
1 0.5624895828125 0.2211484375 0.5624895828125 0.1261953125 0.5048020828124999 0.1261953125 0.5048020828124999 0.2211484375 0.5624895828125 0.2211484375
1 0.24359375 0.3305234375 0.24359375 0.2848515625 0.2003229171875 0.2848515625 0.2003229171875 0.3305234375 0.24359375 0.3305234375
1 0.2323645828125 0.7776484375 0.2323645828125 0.7427890625 0.1955104171875 0.7427890625 0.1955104171875 0.7776484375 0.2323645828125 0.7776484375
1 0.2644270828125 0.7920625 0.2644270828125 0.756 0.2419895828125 0.756 0.2419895828125 0.7920625 0.2644270828125 0.7920625
1 0.5256458328125 0.9290859375 0.5256458328125 0.8761953124999999 0.49360416718750005 0.8761953124999999 0.49360416718750005 0.9290859375 0.5256458328125 0.9290859375
1 0.8685937499999999 0.480765625 0.8685937499999999 0.442296875 0.8076979171875 0.442296875 0.8076979171875 0.480765625 0.8685937499999999 0.480765625
1 0.9038437500000001 0.36898437500000003 0.9038437500000001 0.324515625 0.8573645828125 0.324515625 0.8573645828125 0.36898437500000003 0.9038437500000001 0.36898437500000003
1 0.4150625 0.1418203125 0.4150625 0.0985546875 0.3830208328125 0.0985546875 0.3830208328125 0.1418203125 0.4150625 0.1418203125
1 0.1554375 0.25 0.1554375 0.21153125 0.1233958328125 0.21153125 0.1233958328125 0.25 0.1554375 0.25
1 0.2163541671875 0.27523437500000003 0.2163541671875 0.24879687499999997 0.1858958328125 0.24879687499999997 0.1858958328125 0.27523437500000003 0.2163541671875 0.27523437500000003
1 0.4503125 0.09134375 0.4503125 0.026437500000000003 0.41185416718749995 0.026437500000000003 0.41185416718749995 0.09134375 0.4503125 0.09134375
1 0.375 0.0697109375 0.375 0.0288515625 0.3509583328125 0.0288515625 0.3509583328125 0.0697109375 0.375 0.0697109375
1 0.3157083328125 0.17547656250000002 0.3157083328125 0.12980468750000002 0.2836666671875 0.12980468750000002 0.2836666671875 0.17547656250000002 0.3157083328125 0.17547656250000002
1 0.9182604171875001 0.2199453125 0.9182604171875001 0.17667968750000002 0.8221145828124999 0.17667968750000002 0.8221145828124999 0.2199453125 0.9182604171875001 0.2199453125