1 0.3901742203125 0.11046768124999999 0.354899771875 0.1179654953125 0.362895709375 0.1555834234375 0.3981701578125 0.1480856078125 0.3901742203125 0.11046768124999999
1 0.9197874890625 0.46319831875000006 0.845723375 0.47894113125000004 0.8663802687500001 0.576124171875 0.9404443812500001 0.560381359375 0.9197874890625 0.46319831875000006
1 0.8469301265625001 0.5655196828125 0.7951952890625 0.5765162625 0.80985739375 0.6454960453125 0.8615922312500001 0.6344994671874999 0.8469301265625001 0.5655196828125
1 0.8747097296874999 0.6153112109375 0.7900693953125 0.6333020687500001 0.8040644515625001 0.6991436296875 0.8887047859375 0.6811527703125 0.8747097296874999 0.6153112109375
1 0.7867260765624999 0.727407784375 0.7220613499999999 0.741152696875 0.73672345625 0.8101324812499999 0.8013881828124999 0.7963875703125 0.7867260765624999 0.727407784375
1 0.4676711125 0.7640968703125 0.41475944218749994 0.77534359375 0.424756528125 0.8223761906249999 0.4776682 0.8111294671874999 0.4676711125 0.7640968703125
1 0.3838566375 0.7802615328125 0.25336563437500004 0.8079982515624999 0.276023678125 0.9145959625 0.40651468125 0.88685924375 0.3838566375 0.7802615328125
1 0.6565193296875 0.26521255 0.5989156062500001 0.27745659843750003 0.6065780171874999 0.31350541249999997 0.6641817421875 0.30126136406250004 0.6565193296875 0.26521255
1 0.808016034375 0.3362247328125 0.7327750859375 0.35221769062499997 0.7431056984375 0.4008193984375 0.818346646875 0.3848264421875 0.808016034375 0.3362247328125
1 0.5845968328125 0.2100544921875 0.5316851609375 0.2213012140625 0.5396810984375 0.258919140625 0.5925927703125 0.2476724171875 0.5845968328125 0.2100544921875
1 0.5502915953125 0.2451837765625 0.4973799234375 0.2564305 0.5067099609375 0.30032487343750003 0.5596216328125 0.28907815000000003 0.5502915953125 0.2451837765625
0 0.476914971875 0.1428279125 0.34876235312500004 0.17006759375 0.36242388281250004 0.23434004218750001 0.49057650312499995 0.2071003625 0.476914971875 0.1428279125
0 0.33817045 0.18377770625 0.20061844375 0.21301528906249997 0.23160594843750001 0.3588000359375 0.3691579546875 0.3295624546875 0.33817045 0.18377770625
0 0.6252738156250001 0.2800540109375 0.33959358281249996 0.3407772203125 0.37891054999999996 0.5257490078125 0.6645907828125 0.4650257984375 0.6252738156250001 0.2800540109375
0 0.5314906953125 0.5441039937500001 0.3880545203125 0.5745922953125 0.41471053125 0.6999989671875 0.5581467078125 0.6695106671875 0.5314906953125 0.5441039937500001