0 0.3807104890625 0.86176495625 0.507806384375 0.8528775468750001 0.502217146875 0.7729477265625 0.3751212515625 0.7818351375 0.3807104890625 0.86176495625
0 0.428746803125 0.7732505796875 0.61819045 0.7600033890625 0.6071238765625 0.601744009375 0.41768022812499994 0.6149912 0.428746803125 0.7732505796875
0 0.3275478671875 0.756237165625 0.49420341093750003 0.744583475 0.481795478125 0.5671417703125 0.315139934375 0.5787954609375 0.3275478671875 0.756237165625
0 0.2609489984375 0.5103046234375 0.40843260781249996 0.49999156562499997 0.40049490312499997 0.3864770890625 0.25301129218749996 0.396790146875 0.2609489984375 0.5103046234375
1 0.40454824218749996 0.46169005625 0.508856034375 0.4543961453125 0.5038248484375 0.3824468390625 0.3995170578125 0.38974074999999997 0.40454824218749996 0.46169005625
1 0.56871488125 0.39719585 0.7113977140625 0.38721849375 0.7023424515625 0.25772221093750003 0.55965961875 0.26769956562499997 0.56871488125 0.39719585
1 0.0930769421875 0.5734394125 0.1518241125 0.5693314093749999 0.147464334375 0.50698365625 0.0887171625 0.511091659375 0.0930769421875 0.5734394125
1 0.1122949171875 0.46927217031249996 0.1938301921875 0.46357066874999997 0.1852225328125 0.340475421875 0.10368725937500001 0.3461769234375 0.1122949171875 0.46927217031249996
1 0.8301892859375 0.43193677812500003 0.8781502953125001 0.4285830171875 0.8722253546875001 0.343852421875 0.8242643468749999 0.34720618124999997 0.8301892859375 0.43193677812500003
1 0.2277729265625 0.7423403468750001 0.30570761874999997 0.736890621875 0.3012359375 0.672942609375 0.2233012453125 0.678392334375 0.2277729265625 0.7423403468750001
1 0.09191268281250001 0.0915551140625 0.0874424546875 0.027627884375 0.041881834374999996 0.030813793750000002 0.0463520625 0.0947410234375 0.09191268281250001 0.0915551140625