1 0.568617303125 0.7545744953125 0.53073298125 0.7478944671875001 0.5240547609374999 0.78576853125 0.561939084375 0.792448559375 0.568617303125 0.7545744953125
1 0.6059218625 0.709069371875 0.5479259187500001 0.698843121875 0.5412477 0.7367171859375 0.59924364375 0.7469434359375 0.6059218625 0.709069371875
1 0.7040072796875 0.5750341796875 0.6400871015625 0.5637633281250001 0.63368744375 0.6000575984375 0.697607621875 0.61132845 0.7040072796875 0.5750341796875
1 0.672541621875 0.5320420796875001 0.6334878390625 0.52515584375 0.626531059375 0.5646097046875 0.665584840625 0.571495940625 0.672541621875 0.5320420796875001
1 0.8277058234375 0.351122909375 0.7614159515625001 0.339434215625 0.75306636875 0.38678705468749996 0.8193562406250001 0.398475746875 0.8277058234375 0.351122909375
1 0.97374244375 0.1458000875 0.8873409515624999 0.130565171875 0.8656349296875 0.2536661421875 0.952036421875 0.26890105625 0.97374244375 0.1458000875
1 1 0.2529352015625 0.986995959375 0.2506422390625 0.9764215078125 0.31061292812499997 1 0.314770453125 1 0.2529352015625
1 0.118205915625 0.20811146093750002 0.07085820468750001 0.19976278125 0.06334430468749999 0.2423762328125 0.1106920140625 0.2507249125 0.118205915625 0.20811146093750002
1 0 0.6624353359375 0.028653684375 0.667487753125 0.03783533125 0.61541604375 0 0.608744653125 0 0.6624353359375
1 0.18313494531250002 0.4766746796875 0.138156928125 0.4687438421875 0.13175726875 0.5050381109375001 0.17673528593750001 0.5129689484375 0.18313494531250002 0.4766746796875
1 0.085576278125 0.386234809375 0.0453376484375 0.37913965312500003 0.040327175 0.40755546093749995 0.08056580468749999 0.4146506171875 0.085576278125 0.386234809375
1 1 0.1585639921875 0.990108765625 0.15681989999999998 0.9748024015625001 0.2436266015625 1 0.2480696171875 1 0.1585639921875
1 0.489508615625 0.6494803828125 0.45636367968749997 0.6436360375 0.4530245703125 0.6625730703125 0.48616950625 0.668417415625 0.489508615625 0.6494803828125
1 0.645115703125 0.6460110640625001 0.6143404609374999 0.6405845578125 0.6093299875 0.669000365625 0.6401052296875 0.674426871875 0.645115703125 0.6460110640625001
1 0.8122041859375001 0.5013487609375 0.784983484375 0.49654901718750005 0.78053013125 0.521805234375 0.8077508328125 0.526604978125 0.8122041859375001 0.5013487609375
1 0.665997934375 0.0638660515625 0.6732332750000001 0.02283239375 0.630624953125 0.015319396874999999 0.6233896109375 0.0563530546875 0.665997934375 0.0638660515625
1 0.248529184375 0.5695665046875 0.2165690953125 0.5639310796875 0.211558621875 0.5923468875 0.24351871093750002 0.5979823125 0.248529184375 0.5695665046875
0 0.64305776875 0.34621369375 0.4134282984375 0.30572382343750004 0.3791979015625 0.49985405156249996 0.608827371875 0.540343921875 0.64305776875 0.34621369375