1 0.717437659375 0.2839831921875 0.7785852171875 0.2797073390625 0.7751191937499999 0.23014087499999997 0.713971634375 0.23441672812499997 0.717437659375 0.2839831921875
1 0.6434955375 0.8980014359374999 0.6499799828125 0.9907333265625 0.840623825 0.9774022109375 0.8341393796875 0.8846703203124999 0.6434955375 0.8980014359374999
1 0.49360638437500004 0.8394186359375 0.6243028625 0.8302794468749999 0.618266021875 0.74394859375 0.48756954375 0.75308778125 0.49360638437500004 0.8394186359375
1 0.5173110453125 1 0.5516646421875 0.9975977625000001 0.5449578484375001 0.9016861359374999 0.360314978125 0.9145976234375001 0.36628689375 1 0.5173110453125 1
1 0.179653246875 0.8983165390625001 0.2611885203125 0.8926150375 0.25604688750000004 0.8190862546875 0.1745116125 0.8247877562499999 0.179653246875 0.8983165390625001
1 1 0.7477774187499999 0.9501160531249999 0.7512656453125001 0.9553695875000001 0.8263946875 1 0.823273825 1 0.7477774187499999
1 0.1423162265625 0.7434813671875 0.21304975312500002 0.738535196875 0.20600725625 0.6378227937500001 0.1352737296875 0.6427689640625001 0.1423162265625 0.7434813671875
1 0.01743615625 0.7666970296875 0.05819599843749999 0.7638468234375 0.051823454687500006 0.672715190625 0.0110636109375 0.675565396875 0.01743615625 0.7666970296875
1 0.3210835671875 0.4225523375 0.385831709375 0.41802470625000004 0.3828132890625 0.37485927812500003 0.318065146875 0.379386909375 0.3210835671875 0.4225523375
1 0.41734175156250003 0.300143690625 0.45331640625 0.29762809843750004 0.4517512453125 0.2752452546875 0.415776590625 0.277760846875 0.41734175156250003 0.300143690625
1 0.3419037609375 0.3584333875 0.36109128125 0.357091665625 0.35941421875 0.3331085625 0.34022669843750003 0.334450284375 0.3419037609375 0.3584333875
1 0.5518060046875 0.138140140625 0.5937660421875 0.135206009375 0.591195225 0.0984416171875 0.5492351875 0.1013757484375 0.5518060046875 0.138140140625
1 0.3197220625 0.6443229500000001 0.355696715625 0.64180735625 0.3520083421875 0.5890611578125 0.3160336890625 0.59157675 0.3197220625 0.6443229500000001
1 0.4178997375 0.9282493859375001 0.47664690781249996 0.9241413843749999 0.4693806078125 0.8202284609375001 0.41063343750000003 0.8243364640624999 0.4178997375 0.9282493859375001
0 0.48154241249999996 0.5462752609375 0.764507690625 0.5264884000000001 0.7514283515625 0.339445140625 0.46846307343750004 0.3592320015625 0.48154241249999996 0.5462752609375
0 0.43026314687499995 0.6398197734375 0.6496804765624999 0.6244766187499999 0.6342541234375 0.4038694859375 0.41483679218749997 0.41921264062499997 0.43026314687499995 0.6398197734375
0 0.4560225078125 0.284584640625 0.61909305625 0.2731816375 0.613951421875 0.199652853125 0.4508808734375 0.21105585625 0.4560225078125 0.284584640625