0 0.746961984375 0.7317009359375 0.5766902453125 0.6892474234375 0.5433503843749999 0.8229663031250001 0.7136221234375 0.865419815625 0.746961984375 0.7317009359375
0 0.8232063999999999 0.8431976421874999 0.680921628125 0.8077220640625 0.6592091375 0.8948061046875001 0.801493909375 0.9302816828125 0.8232063999999999 0.8431976421874999
0 0.787463484375 0.2413502921875 0.62186129375 0.200061028125 0.6005368859375 0.2855885546875 0.7661390765625 0.32687781875 0.787463484375 0.2413502921875
0 1 0.42646411874999995 0.8649028890625001 0.392780625 0.8323341546874999 0.5234066875 0.9991037328125 0.5649870124999999 1 0.5613922812500001 1 0.42646411874999995
1 0 0.50911179375 0.044093653125 0.5201055765625 0.054561815624999996 0.4781200734375 0 0.464516284375 0 0.50911179375
1 0.3226776171875 0.36659754218749996 0.2398689421875 0.34595102031249997 0.219708784375 0.426809 0.302517459375 0.4474555203125 0.3226776171875 0.36659754218749996
1 0.35602498437499996 0.86379858125 0.32336846874999997 0.855656396875 0.312124140625 0.9007549328125 0.34478065625 0.9088971171875 0.35602498437499996 0.86379858125
1 0.8834598765624999 0.8648228890625 0.8298207171875 0.8514491453125 0.8193525546875 0.8934346484375 0.872991715625 0.9068083937500001 0.8834598765624999 0.8648228890625
1 0.9428005671875 0.661600459375 0.900820115625 0.6511335578125 0.8887996218750001 0.6993451265624999 0.9307800734375 0.709812028125 0.9428005671875 0.661600459375
1 0.2745304921875 0.4404775859375 0.233717428125 0.430301746875 0.2228611828125 0.47384376718750004 0.263674246875 0.48401960781250003 0.2745304921875 0.4404775859375
1 0.22011768593749997 0.43020676562500004 0.17230030000000002 0.4182845515625 0.1618321375 0.46027005781249997 0.20964952343749998 0.472192271875 0.22011768593749997 0.43020676562500004
1 0.2596109828125 0.2071885484375 0.204804434375 0.1935237421875 0.195500521875 0.2308396984375 0.2503070703125 0.24450450468749999 0.2596109828125 0.2071885484375
1 0.8327918078125001 0.6358254718749999 0.79197874375 0.6256496328125001 0.7815105828125 0.6676351359375 0.822323646875 0.6778109765625 0.8327918078125001 0.6358254718749999
1 0.608883428125 0.57998810625 0.5704051390625 0.5703943921875 0.5595488937499999 0.6139364125 0.598027184375 0.623530128125 0.608883428125 0.57998810625
1 0.4583649578125 0.4285016828125 0.40938018437499996 0.4162884078125 0.4004643546875 0.45204784687500005 0.44944912812500004 0.464261121875 0.4583649578125 0.4285016828125