1 0.3393183390625 0.3508107734375 0.330832909375 0.447799665625 0.4473669359375 0.457995071875 0.4558523640625 0.36100617968750004 0.3393183390625 0.3508107734375
1 0.056240481249999995 0.2029747890625 0.047859912500000004 0.2987651359375 0.1197104546875 0.30505124375000003 0.1280910234375 0.209260896875 0.056240481249999995 0.2029747890625
1 0.021188065625 0.23610835312499998 0.014798460937499999 0.3091418765625 0.051512384375 0.31235392812499996 0.057901990625 0.23932040468750002 0.021188065625 0.23610835312499998
1 0.3073383984375 0.4590212484375 0.30210088281249997 0.5188863234375 0.378724859375 0.525590053125 0.3839623734375 0.465724978125 0.3073383984375 0.4590212484375
1 0.24451638281250002 0.44144782656250003 0.23843999375 0.5109012765625 0.32305428125 0.5183040671875 0.3291306703125 0.44885061718749997 0.24451638281250002 0.44144782656250003
1 0.1337857109375 0.861277403125 0.1243579109375 0.9690376515624999 0.231324315625 0.978396 0.2407521171875 0.8706357515625 0.1337857109375 0.861277403125
0 0.7032745984375001 0.6589463875 0.69196069375 0.7882649125000001 0.7510267359375 0.7934325203125 0.762340640625 0.6641139968750001 0.7032745984375001 0.6589463875
1 0.27570590156249997 0.0665442390625 0.2674301921875 0.1611360390625 0.334486546875 0.167002709375 0.34276225781249997 0.072410909375 0.27570590156249997 0.0665442390625
1 0.229428175 0.006995204687500001 0.2232482875 0.07763163437500001 0.3110587 0.08531405 0.3172385875 0.0146776203125 0.229428175 0.006995204687500001
1 0.6052130578125 0.547804959375 0.6007081953125 0.5992957734375 0.6326279328125 0.6020883875 0.6371327953125 0.5505975750000001 0.6052130578125 0.547804959375
0 0.2529112671875 0.658152553125 0.23740707656249999 0.8353662515625 0.363529475 0.8464005312499999 0.379033665625 0.669186834375 0.2529112671875 0.658152553125
0 0.5883224874999999 0.7960823078125 0.5765905078125 0.9301794531249999 0.7362307078125 0.9441461609375 0.7479626875000001 0.810049015625 0.5883224874999999 0.7960823078125
0 0.436289965625 0.6030111687499999 0.412929503125 0.870022478125 0.6252642515625 0.8885993624999999 0.648624715625 0.6215880515625 0.436289965625 0.6030111687499999