0 0.803334596875 0.157769659375 0.669221534375 0.12433151718749999 0.6478971265625 0.20985904375 0.7820101890625 0.2432971859375 0.803334596875 0.157769659375
0 0.875234340625 0.142662965625 0.786603890625 0.12056491250000001 0.7714837718750001 0.1812083953125 0.8601142234375001 0.2033064484375 0.875234340625 0.142662965625
0 0.910919709375 0.625578184375 0.7266544859375 0.579635703125 0.689821878125 0.727363228125 0.8740871 0.7733057078125001 0.910919709375 0.625578184375
0 0.8531914046875 0.3304071 0.7540696328125 0.3056932671875 0.7381733484375 0.36944978125 0.8372951203125 0.3941636140625 0.8531914046875 0.3304071
0 0.9907922640625 0.3300282578125 0.8566792015625 0.29659011562500004 0.8318670875 0.3961060703125 0.96598015 0.4295442125 0.9907922640625 0.3300282578125
1 0.21428379843749998 0.45354062031250003 0.0929968328125 0.4233003828125 0.07787671406249999 0.48394386562499997 0.19916368125 0.5141841031250001 0.21428379843749998 0.45354062031250003
1 0.460931625 0.8156432062500001 0.357140303125 0.7897651234375 0.3389205609375 0.8628405203125 0.44271188125 0.888718603125 0.460931625 0.8156432062500001
1 0.6948456296875001 0.677407175 0.6132043406250001 0.657051715625 0.5903326421874999 0.7487850921875 0.6719739312499999 0.7691405515625 0.6948456296875001 0.677407175
1 0.8741535328125 0.8823203984375001 0.9173013718749999 0.8930783640625 0.9343619046875 0.8246522984375 0.8912140671875 0.813894334375 0.8741535328125 0.8823203984375001
1 0.7142208265625001 0.5897511171875001 0.672240375 0.579284215625 0.66021988125 0.627495784375 0.70220033125 0.6379626859374999 0.7142208265625001 0.5897511171875001
1 0.77757209375 0.584064509375 0.7052699015624999 0.5660375484375 0.691702115625 0.6204549671875 0.7640043078125001 0.638481928125 0.77757209375 0.584064509375
1 0.6652417109375001 0.5824883437499999 0.6185917109375 0.57085719375 0.6058000921875 0.6221615796875 0.652450090625 0.63379273125 0.6652417109375001 0.5824883437499999
1 0.9154945140624999 0.492943015625 0.8641749671875001 0.48014761562499997 0.8537068046874999 0.52213311875 0.905026353125 0.5349285187499999 0.9154945140624999 0.492943015625
1 0.9222899265625 0.19238838281249998 0.8814768624999999 0.1822125421875 0.8725610328125001 0.217971984375 0.913374096875 0.2281478234375 0.9222899265625 0.19238838281249998
0 0.604842109375 0.33784911093750003 0.5220334328125 0.3172025890625 0.5080775640625 0.3731765234375 0.590886240625 0.3938230453125 0.604842109375 0.33784911093750003
1 0.5132812296875 0.615626796875 0.47013339218750005 0.6048688328125 0.459277146875 0.6484108546875 0.5024249859375 0.65916881875 0.5132812296875 0.615626796875
1 0.506206121875 0.4899959 0.46656044531249996 0.480111121875 0.45648036562499994 0.520540109375 0.49612604375 0.5304248874999999 0.506206121875 0.4899959
0 0.431019965625 0.2102684546875 0.361052546875 0.19282361718750002 0.34360392968750003 0.262806196875 0.4135713484375 0.28025103281249997 0.431019965625 0.2102684546875