0 0.70553125 0.10257291718749999 0.572125 0.10257291718749999 0.572125 0.1843020828125 0.70553125 0.1843020828125 0.70553125 0.10257291718749999
0 0.7776484375 0.0753333328125 0.6778828125 0.0753333328125 0.6778828125 0.1314166671875 0.7776484375 0.1314166671875 0.7776484375 0.0753333328125
0 0.9266796875000001 0.5576875 0.7403828125 0.5576875 0.7403828125 0.7035208328125 0.9266796875000001 0.7035208328125 0.9266796875000001 0.5576875
0 0.7968671875 0.2564166671875 0.6886953124999999 0.2564166671875 0.6886953124999999 0.3333333328125 0.7968671875 0.3333333328125 0.7968671875 0.2564166671875
0 0.9399062499999999 0.23396875 0.78125 0.23396875 0.78125 0.3301145828125 0.9399062499999999 0.3301145828125 0.9399062499999999 0.23396875
1 0.5180234375 0.8653854171875001 0.3990390625 0.8653854171875001 0.3990390625 0.9535312499999999 0.5180234375 0.9535312499999999 0.5180234375 0.8653854171875001
1 0.6754765625 0.8413437500000001 0.5937421875 0.8413437500000001 0.5937421875 0.8878229171875001 0.6754765625 0.8878229171875001 0.6754765625 0.8413437500000001
1 0.7235546875 0.65865625 0.6646640625 0.65865625 0.6646640625 0.7403854171875001 0.7235546875 0.7403854171875001 0.7235546875 0.65865625
1 1 0.7435937499999999 0.94590625 0.7435937499999999 0.94590625 0.8044895828125 1 0.8044895828125 1 0.7435937499999999
1 0.9122578125 0.4166666671875 0.8485546875000001 0.4166666671875 0.8485546875000001 0.4519166671875 0.9122578125 0.4519166671875 0.9122578125 0.4166666671875
1 0.566109375 0.3285208328125 0.448328125 0.3285208328125 0.448328125 0.3813958328125 0.566109375 0.3813958328125 0.566109375 0.3285208328125
1 0.34855468749999996 0.2468020828125 0.2716328125 0.2468020828125 0.2716328125 0.3044895828125 0.34855468749999996 0.3044895828125 0.34855468749999996 0.2468020828125
1 0.165859375 0.5464791671875 0.030046875 0.5464791671875 0.030046875 0.6089791671875 0.165859375 0.6089791671875 0.165859375 0.5464791671875
1 0.4819765625 0.5144166671875 0.4447109375 0.5144166671875 0.4447109375 0.5592916671875 0.4819765625 0.5592916671875 0.4819765625 0.5144166671875
1 0.5228359375 0.6426354171875001 0.47475781250000004 0.6426354171875001 0.47475781250000004 0.6826979171875001 0.5228359375 0.6826979171875001 0.5228359375 0.6426354171875001
1 0.524046875 0.7467916671875 0.490390625 0.7467916671875 0.490390625 0.7708333328125 0.524046875 0.7708333328125 0.524046875 0.7467916671875
1 0.670671875 0.5560833328125 0.6153906250000001 0.5560833328125 0.6153906250000001 0.6217916671875 0.670671875 0.6217916671875 0.670671875 0.5560833328125
1 0.796875 0.5448645828124999 0.7079375 0.5448645828124999 0.7079375 0.5881354171875001 0.796875 0.5881354171875001 0.796875 0.5448645828124999