0 0.609375 0.09615625 0.4891875 0.09615625 0.4891875 0.1843020828125 0.609375 0.1843020828125 0.609375 0.09615625
0 0.7079375 0.0560833328125 0.603375 0.0560833328125 0.603375 0.1185833328125 0.7079375 0.1185833328125 0.7079375 0.0560833328125
0 0.8485625000000001 0.544875 0.67909375 0.544875 0.67909375 0.7003333328125 0.8485625000000001 0.7003333328125 0.8485625000000001 0.544875
1 0.9495156250000001 0.7419895828125 0.835328125 0.7419895828125 0.835328125 0.8269270828125 0.9495156250000001 0.8269270828125 0.9495156250000001 0.7419895828125
1 0.8149062499999999 0.8814166671875 0.75721875 0.8814166671875 0.75721875 0.9647500000000001 0.8149062499999999 0.9647500000000001 0.8149062499999999 0.8814166671875
1 0.32090625 0.919875 0.20071875 0.919875 0.20071875 0.9855833328125 0.32090625 0.9855833328125 0.32090625 0.919875
1 0 0.6330104171875 0.08653125 0.6330104171875 0.08653125 0.53365625 0 0.53365625 0 0.6330104171875
1 0.45432812499999997 0.3269270828125 0.362984375 0.3269270828125 0.362984375 0.3942395828125 0.45432812499999997 0.3942395828125 0.45432812499999997 0.3269270828125
1 0.26082031250000004 0.24679166718749998 0.16827343749999998 0.24679166718749998 0.16827343749999998 0.3060833328125 0.26082031250000004 0.3060833328125 0.26082031250000004 0.24679166718749998
1 0.3353359375 0.027250000000000003 0.29207031250000004 0.027250000000000003 0.29207031250000004 0.059291667187499994 0.3353359375 0.059291667187499994 0.3353359375 0.027250000000000003
1 0.5877421875 0.6410208328125 0.4879765625 0.6410208328125 0.4879765625 0.7099375 0.5877421875 0.7099375 0.5877421875 0.6410208328125
1 0.7055234375 0.5416562500000001 0.6286015625 0.5416562500000001 0.6286015625 0.59134375 0.7055234375 0.59134375 0.7055234375 0.5416562500000001
1 0.6310156250000001 0.5576875 0.586546875 0.5576875 0.586546875 0.6089791671875 0.6310156250000001 0.6089791671875 0.6310156250000001 0.5576875
1 0.5829375 0.5544895828125 0.52525 0.5544895828125 0.52525 0.6089687500000001 0.5829375 0.6089687500000001 0.5829375 0.5544895828125
1 0.524046875 0.6089687500000001 0.459140625 0.6089687500000001 0.459140625 0.6458229171875 0.524046875 0.6458229171875 0.524046875 0.6089687500000001
1 0.44350781250000004 0.8493645828125 0.4062421875 0.8493645828125 0.4062421875 0.9166770828124999 0.44350781250000004 0.9166770828124999 0.44350781250000004 0.8493645828125
1 0.39664062499999997 0.6442291671875 0.358171875 0.6442291671875 0.358171875 0.6923125 0.39664062499999997 0.6923125 0.39664062499999997 0.6442291671875
1 0.37980468749999996 0.7371875 0.3473515625 0.7371875 0.3473515625 0.7788541671875 0.37980468749999996 0.7788541671875 0.37980468749999996 0.7371875
1 1 0.45192708281250005 0.96875 0.45192708281250005 0.96875 0.5016145828125 1 0.5016145828125 1 0.45192708281250005
1 1 0.3750104171875 0.89903125 0.3750104171875 0.89903125 0.45353125 1 0.45353125 1 0.3750104171875
1 0.801671875 0.3878229171875 0.730765625 0.3878229171875 0.730765625 0.4343020828125 0.801671875 0.4343020828125 0.801671875 0.3878229171875
0 0.8473593749999999 0.2307604171875 0.691109375 0.2307604171875 0.691109375 0.3156979171875 0.8473593749999999 0.3156979171875 0.8473593749999999 0.2307604171875
0 0.6863046875000001 0.23396875 0.5913515625 0.23396875 0.5913515625 0.3301145828125 0.6863046875000001 0.3301145828125 0.6863046875000001 0.23396875