0 0.652640625 0.39584375 0.251203125 0.39584375 0.251203125 0.8317395828124999 0.652640625 0.8317395828124999 0.652640625 0.39584375
1 0.0889375 0.8493541671875 0.013218750000000001 0.8493541671875 0.013218750000000001 0.9775625 0.0889375 0.9775625 0.0889375 0.8493541671875
1 0.8100937500000001 0.7548125 0.72115625 0.7548125 0.72115625 0.8205208328125 0.8100937500000001 0.8205208328125 0.8100937500000001 0.7548125
1 1 0.7932604171875 0.9363046875000001 0.7932604171875 0.9363046875000001 0.9262812500000001 1 0.9262812500000001 1 0.7932604171875
1 0.730765625 0.4695416671875 0.692296875 0.4695416671875 0.692296875 0.5112083328125 0.730765625 0.5112083328125 0.730765625 0.4695416671875
1 0.8221171875 0.5721041671875 0.7560078125 0.5721041671875 0.7560078125 0.6201875 0.8221171875 0.6201875 0.8221171875 0.5721041671875
1 0.7211484375 0.3878333328125 0.7019140625 0.3878333328125 0.7019140625 0.4230833328125 0.7211484375 0.4230833328125 0.7211484375 0.3878333328125
1 0.7860625 0.47436458281249994 0.74759375 0.47436458281249994 0.74759375 0.5416770828125 0.7860625 0.5416770828125 0.7860625 0.47436458281249994
0 0.5817265625 0.2548020828125 0.4134609375 0.2548020828125 0.4134609375 0.33653125 0.5817265625 0.33653125 0.5817265625 0.2548020828125
1 0.6201875 0.2916666671875 0.578125 0.2916666671875 0.578125 0.3429583328125 0.6201875 0.3429583328125 0.6201875 0.2916666671875
1 0.2956796875 0.294875 0.23438281249999998 0.294875 0.23438281249999998 0.3333333328125 0.2956796875 0.3333333328125 0.2956796875 0.294875
1 0.4579375 0.1298125 0.40625 0.1298125 0.40625 0.1746875 0.4579375 0.1746875 0.4579375 0.1298125
1 0.46875 0.18109375 0.42428125000000005 0.18109375 0.42428125000000005 0.2067395828125 0.46875 0.2067395828125 0.46875 0.18109375
1 0.3161015625 0.8669791671875 0.2523984375 0.8669791671875 0.2523984375 0.9326874999999999 0.3161015625 0.9326874999999999 0.3161015625 0.8669791671875
1 0.41946874999999995 0.9310833328125 0.3389375 0.9310833328125 0.3389375 0.9791666671874999 0.41946874999999995 0.9791666671874999 0.41946874999999995 0.9310833328125