0 0.26564555 0.590522034375 0.2582228390625 0.4488882796875 0.14779105625 0.4546757640625 0.155213765625 0.5963095187499999 0.26564555 0.590522034375
0 1 0.4954507875 0.809999559375 0.5054082890625 0.82182585 0.73106735625 1 0.7217296453125 1 0.4954507875
1 0.5292658265625 0.3540417515625 0.5234786140625001 0.24361517031250002 0.4354535828125 0.2482283671875 0.44124079375 0.3586549484375 0.5292658265625 0.3540417515625
1 0.835677715625 0.5666561484375 0.831274134375 0.482630834375 0.7688597890625 0.4859018328125 0.77326336875 0.5699271453125 0.835677715625 0.5666561484375
1 0.8608443578125 0.49553843906250006 0.8576363265625 0.43432556875 0.79522198125 0.437596565625 0.7984300109375 0.49880943593750005 0.8608443578125 0.49553843906250006
1 0.6310245765625 0.9179968031250001 0.634987390625 0.9936117843750001 0.6957997671875 0.9904247421875001 0.6918369546875 0.9148097625 0.6310245765625 0.9179968031250001
1 0.5379820203125 0.8879735671875 0.5437688234375 0.998392346875 0.6301918890625 0.9938631046875 0.6244050859375 0.8834443249999999 0.5379820203125 0.8879735671875
1 0.9992413984375 0.472631090625 0.9947748515624999 0.3874043015625 0.9371664093750001 0.39042343281249997 0.94163295625 0.47565022187499995 0.9992413984375 0.472631090625
1 0.8672269234375 0.4338151234375 0.8631381765624999 0.35579719062500004 0.807131703125 0.358732365625 0.8112204500000001 0.4367502984375 0.8672269234375 0.4338151234375
1 0.94386643125 0.21195319218750003 0.9411613171875001 0.16033652812500002 0.8883587796875 0.16310379218749999 0.8910638953125 0.21472045624999997 0.94386643125 0.21195319218750003
1 0.3963706703125 0.145562796875 0.39322560625 0.08555140312500001 0.351616040625 0.0877320671875 0.3547611046875 0.1477434609375 0.3963706703125 0.145562796875
1 0.3637105359375 0.103949440625 0.36006173750000003 0.0343262375 0.329645146875 0.0359203046875 0.3332939453125 0.10554350625 0.3637105359375 0.103949440625
1 0.3256383671875 0.081872665625 0.32299621875 0.031457478125 0.2941815953125 0.032967589062500004 0.29682374375 0.08338277656250001 0.3256383671875 0.081872665625
1 0.091493321875 0.3300451078125 0.0881593578125 0.26642928593750004 0.0545596328125 0.26819017343749996 0.057893596874999995 0.3318059953125 0.091493321875 0.3300451078125
1 0.204246040625 0.7357626078124999 0.20160389374999999 0.6853474203125 0.159994328125 0.6875280859374999 0.1626364765625 0.7379432734375 0.204246040625 0.7357626078124999
1 0.33546098281250003 0.7288702781249999 0.3323788859375 0.6700603609375 0.30038113125 0.6717372921875 0.3034632296875 0.730547209375 0.33546098281250003 0.7288702781249999
1 0.3823987765625 0.8588105718750001 0.37963069531250004 0.8059924328125 0.3300112890625 0.8085928750000001 0.3327793703125 0.861411015625 0.3823987765625 0.8588105718750001
1 0.6222286375 0.7499612359375 0.618139890625 0.6719433031250001 0.5621334171875 0.674878478125 0.5662221640625 0.7528964109375 0.6222286375 0.7499612359375
1 0.68115630625 0.4351488859375 0.677759375 0.3703315875 0.6313439078124999 0.37276411875000004 0.6347408390625 0.4375814171875 0.68115630625 0.4351488859375
0 0.1715017265625 0.692941065625 0.165525615625 0.5789100546875 0.11750817656250001 0.5814265421875 0.1234842890625 0.695457553125 0.1715017265625 0.692941065625
0 0.4351446890625 0.64060258125 0.42979824375 0.5385863328125 0.356190925 0.542443928125 0.3615373703125 0.6444601765625 0.4351446890625 0.64060258125
0 0.4316698171875 0.8189116203125 0.422171659375 0.6376759625 0.351747471875 0.6413667390625 0.3612456296875 0.8226023953125001 0.4316698171875 0.8189116203125
0 0.9707869375 0.3886614546875 0.9653145593750001 0.2842422546875 0.85968868125 0.28977787187500004 0.8651610609375 0.39419707187499997 0.9707869375 0.3886614546875
0 0.9598640546875 0.9765778953125 0.9542027765625001 0.8685542671875 0.8565867390624999 0.87367010625 0.8622480171875001 0.9816937359375 0.9598640546875 0.9765778953125
1 0.772662109375 0.190837521875 0.770460728125 0.1488326671875 0.7304531328125 0.150929375 0.7326545140625 0.19293423125 0.772662109375 0.190837521875