0 0.5781328125 0.1506458328125 0.4363046875 0.1506458328125 0.4363046875 0.2612291671875 0.5781328125 0.2612291671875 0.5781328125 0.1506458328125
0 0.74759375 1 0.74759375 0.8092916671875001 0.521625 0.8092916671875001 0.521625 1 0.74759375 1
1 0.3557734375 0.44871875 0.2451953125 0.44871875 0.2451953125 0.5368645828124999 0.3557734375 0.5368645828124999 0.3557734375 0.44871875
1 0.5841328125 0.7692291671875 0.4999921875 0.7692291671875 0.4999921875 0.8317291671874999 0.5841328125 0.8317291671874999 0.5841328125 0.7692291671875
1 0.5144296875000001 0.7980833328125 0.4531328125 0.7980833328125 0.4531328125 0.8605833328125 0.5144296875000001 0.8605833328125 0.5144296875000001 0.7980833328125
1 1 0.6089687500000001 0.9242812499999999 0.6089687500000001 0.9242812499999999 0.6698645828124999 1 0.6698645828124999 1 0.6089687500000001
1 1 0.517625 0.8894296875000001 0.517625 0.8894296875000001 0.6041666671875 1 0.6041666671875 1 0.517625
1 0.49879687500000003 0.9423020828125 0.41345312500000003 0.9423020828125 0.41345312500000003 0.9999895828125 0.49879687500000003 0.9999895828125 0.49879687500000003 0.9423020828125
1 0.453125 0.8141041671875 0.375 0.8141041671875 0.375 0.8701874999999999 0.453125 0.8701874999999999 0.453125 0.8141041671875
1 0.23557812500000003 0.9054583328125 0.183890625 0.9054583328125 0.183890625 0.9583333328125001 0.23557812500000003 0.9583333328125001 0.23557812500000003 0.9054583328125
1 0.140625 0.3733958328125 0.08053125 0.3733958328125 0.08053125 0.4150625 0.140625 0.4150625 0.140625 0.3733958328125
1 0.097359375 0.3541666671875 0.027640625000000002 0.3541666671875 0.027640625000000002 0.384625 0.097359375 0.384625 0.097359375 0.3541666671875
1 0.0733203125 0.31890625 0.0228359375 0.31890625 0.0228359375 0.3477604171875 0.0733203125 0.3477604171875 0.0733203125 0.31890625
1 0.3088984375 0.0673020828125 0.2451953125 0.0673020828125 0.2451953125 0.1009479171875 0.3088984375 0.1009479171875 0.3088984375 0.0673020828125
1 0.7199609375 0.1506458328125 0.6694765625 0.1506458328125 0.6694765625 0.1923125 0.7199609375 0.1923125 0.7199609375 0.1506458328125
1 0.7199453124999999 0.2916666671875 0.6610546875 0.2916666671875 0.6610546875 0.3237083328125 0.7199453124999999 0.3237083328125 0.7199453124999999 0.2916666671875
1 0.8521640625 0.31409375 0.7992734375 0.31409375 0.7992734375 0.36378125 0.8521640625 0.36378125 0.8521640625 0.31409375
1 0.7560156250000001 0.5528958328125 0.6778906250000001 0.5528958328125 0.6778906250000001 0.6089791671875 0.7560156250000001 0.6089791671875 0.7560156250000001 0.5528958328125
1 0.44471875 0.6378229171875 0.3798125 0.6378229171875 0.3798125 0.6843020828124999 0.44471875 0.6843020828124999 0.44471875 0.6378229171875
0 0.675484375 0.1137708328125 0.561296875 0.1137708328125 0.561296875 0.1618541671875 0.675484375 0.1618541671875 0.675484375 0.1137708328125
0 0.637015625 0.3541666671875 0.534859375 0.3541666671875 0.534859375 0.42787499999999995 0.637015625 0.42787499999999995 0.637015625 0.3541666671875
0 0.8148984374999999 0.3445520828125 0.6334140625 0.3445520828125 0.6334140625 0.41507291718749995 0.8148984374999999 0.41507291718749995 0.8148984374999999 0.3445520828125
0 0.41345312500000003 0.8701979171875 0.308890625 0.8701979171875 0.308890625 0.97596875 0.41345312500000003 0.97596875 0.41345312500000003 0.8701979171875
0 0.9999921875 0.8365416671875 0.8918203124999999 0.8365416671875 0.8918203124999999 0.9342916671875001 0.9999921875 0.9342916671875001 0.9999921875 0.8365416671875
1 0.20553125 0.74840625 0.16346875 0.74840625 0.16346875 0.78846875 0.20553125 0.78846875 0.20553125 0.74840625