1 0.6610546875 0.10577083281249999 0.6129765625 0.10577083281249999 0.6129765625 0.1410208328125 0.6610546875 0.1410208328125 0.6610546875 0.10577083281249999
1 0.782453125 0.2403854171875 0.7127343749999999 0.2403854171875 0.7127343749999999 0.28365625 0.782453125 0.28365625 0.782453125 0.2403854171875
1 0.67909375 0.2644270828125 0.6141875 0.2644270828125 0.6141875 0.2980729171875 0.67909375 0.2980729171875 0.67909375 0.2644270828125
1 0.5949453124999999 0.2756458328125 0.5360546875 0.2756458328125 0.5360546875 0.3108958328125 0.5949453124999999 0.3108958328125 0.5949453124999999 0.2756458328125
1 0.7500078125 0.4423125 0.6814921875 0.4423125 0.6814921875 0.4871875 0.7500078125 0.4871875 0.7500078125 0.4423125
0 0.49399218749999996 0.4455104171875 0.3341328125 0.4455104171875 0.3341328125 0.52403125 0.49399218749999996 0.52403125 0.49399218749999996 0.4455104171875
1 0.23918750000000003 0.7067187500000001 0.08534375 0.7067187500000001 0.08534375 0.77403125 0.23918750000000003 0.77403125 0.23918750000000003 0.7067187500000001
1 0 0.8637916671875001 0.1153828125 0.8637916671875001 0.1153828125 0.7916666671875 0 0.7916666671875 0 0.8637916671875001
1 0.134625 0.3621770828125 0.03365625 0.3621770828125 0.03365625 0.4326979171875 0.134625 0.4326979171875 0.134625 0.3621770828125
1 0.920671875 0.8685937499999999 0.819703125 0.8685937499999999 0.819703125 0.9919895828125 0.920671875 0.9919895828125 0.920671875 0.8685937499999999
1 0.8149062499999999 0.8557604171875001 0.73678125 0.8557604171875001 0.73678125 0.9262812500000001 0.8149062499999999 0.9262812500000001 0.8149062499999999 0.8557604171875001
1 0.7223515625 0.85096875 0.6502421875 0.85096875 0.6502421875 0.9326979171875 0.7223515625 0.9326979171875 0.7223515625 0.85096875
1 1 0.5512916671875 0.97715625 0.5512916671875 0.97715625 0.6554583328125 1 0.6554583328125 1 0.5512916671875
1 0.8701953124999999 0.5528854171875001 0.7668359375 0.5528854171875001 0.7668359375 0.6442395828125 0.8701953124999999 0.6442395828125 0.8701953124999999 0.5528854171875001
1 0.983171875 0.3830104171875 0.913453125 0.3830104171875 0.913453125 0.44711458281249994 0.983171875 0.44711458281249994 0.983171875 0.3830104171875
1 0.8317343749999999 0.2964791671875 0.784859375 0.2964791671875 0.784859375 0.3205208328125 0.8317343749999999 0.3205208328125 0.8317343749999999 0.2964791671875
0 0.7740390625 0.2980729171875 0.5300546875000001 0.2980729171875 0.5300546875000001 0.42146875 0.7740390625 0.42146875 0.7740390625 0.2980729171875
0 0.652640625 0.12179166718750001 0.538453125 0.12179166718750001 0.538453125 0.1875 0.652640625 0.1875 0.652640625 0.12179166718750001
0 0.548078125 0.1298020828125 0.387015625 0.1298020828125 0.387015625 0.2531979171875 0.548078125 0.2531979171875 0.548078125 0.1298020828125