0 0.6947109375 0.33332291718749996 0.5324453124999999 0.33332291718749996 0.5324453124999999 0.45992708281250005 0.6947109375 0.45992708281250005 0.6947109375 0.33332291718749996
1 0.8786093749999999 0.5304583328125 0.823328125 0.5304583328125 0.823328125 0.58975 0.8786093749999999 0.58975 0.8786093749999999 0.5304583328125
1 0.5011953124999999 0.7740520828124999 0.44230468749999996 0.7740520828124999 0.44230468749999996 0.8493645828125 0.5011953124999999 0.8493645828125 0.5011953124999999 0.7740520828124999
1 0.7271640625 1 0.7271640625 0.8958333328125001 0.6394296875000001 0.8958333328125001 0.6394296875000001 1 0.7271640625 1
1 0.80528125 0.8958229171875001 0.71875 0.8958229171875001 0.71875 0.9807604171875001 0.80528125 0.9807604171875001 0.80528125 0.8958229171875001
1 0.9579296875000001 1 0.9579296875000001 0.9310833328125 0.8653828125 0.9310833328125 0.8653828125 1 0.9579296875000001 1
1 0.8882265625000001 0.7516041671875 0.8137109375 0.7516041671875 0.8137109375 0.8076874999999999 0.8882265625000001 0.8076874999999999 0.8882265625000001 0.7516041671875
1 0.9242734374999999 0.6939166671875 0.8629765624999999 0.6939166671875 0.8629765624999999 0.7291666671875 0.9242734374999999 0.7291666671875 0.9242734374999999 0.6939166671875
1 0.9567343749999999 0.5384583328125 0.945921875 0.5384583328125 0.945921875 0.5769166671875 0.9567343749999999 0.5769166671875 0.9567343749999999 0.5384583328125
1 0.8221171875 0.45192708281250005 0.7716328125 0.45192708281250005 0.7716328125 0.48557291718749995 0.8221171875 0.48557291718749995 0.8221171875 0.45192708281250005
1 0.760828125 0.6121875 0.691109375 0.6121875 0.691109375 0.6682708328125 0.760828125 0.6682708328125 0.760828125 0.6121875
1 0.371390625 0.75 0.331734375 0.75 0.331734375 0.8012916671875001 0.371390625 0.8012916671875001 0.371390625 0.75
1 0.46634374999999995 0.7259583328125 0.42428125000000005 0.7259583328125 0.42428125000000005 0.78525 0.46634374999999995 0.78525 0.46634374999999995 0.7259583328125
1 0.2704375 0.4599375 0.228375 0.4599375 0.228375 0.49839583281250005 0.2704375 0.49839583281250005 0.2704375 0.4599375
1 0.20311718750000002 0.47917708281250004 0.1310078125 0.47917708281250004 0.1310078125 0.53365625 0.20311718750000002 0.53365625 0.20311718750000002 0.47917708281250004
1 0.090140625 0.4839791671875 0.001203125 0.4839791671875 0.001203125 0.5528958328125 0.090140625 0.5528958328125 0.090140625 0.4839791671875
1 0.23557812500000003 0.9134583328125 0.141828125 0.9134583328125 0.141828125 0.9583333328125001 0.23557812500000003 0.9583333328125001 0.23557812500000003 0.9134583328125
1 0.19590625 0.12659375 0.15625 0.12659375 0.15625 0.1522395828125 0.19590625 0.1522395828125 0.19590625 0.12659375
1 0.2788515625 0.2019270828125 0.22596093750000001 0.2019270828125 0.22596093750000001 0.2451979171875 0.2788515625 0.2451979171875 0.2788515625 0.2019270828125
1 0.131015625 0.22115625 0.084140625 0.22115625 0.084140625 0.2500104171875 0.131015625 0.2500104171875 0.131015625 0.22115625
1 0.25 0.3381354171875 0.1766875 0.3381354171875 0.1766875 0.3781979171875 0.25 0.3781979171875 0.25 0.3381354171875
1 0.264421875 0.3926354171875 0.179078125 0.3926354171875 0.179078125 0.4294895828125 0.264421875 0.4294895828125 0.264421875 0.3926354171875
1 0.7355703124999999 0.3493541671875 0.7079296875 0.3493541671875 0.7079296875 0.3733958328125 0.7355703124999999 0.3733958328125 0.7355703124999999 0.3493541671875
1 0.7632109375 0.3269166671875 0.7223515625 0.3269166671875 0.7223515625 0.3541666671875 0.7632109375 0.3541666671875 0.7632109375 0.3269166671875
1 0.777640625 0.3637916671875 0.753609375 0.3637916671875 0.753609375 0.3990416671875 0.777640625 0.3990416671875 0.777640625 0.3637916671875
1 0.6911015625 0.20832291718749998 0.6610546875 0.20832291718749998 0.6610546875 0.2307604171875 0.6911015625 0.2307604171875 0.6911015625 0.20832291718749998
1 0.7067265625 0.2371770828125 0.6718671875 0.2371770828125 0.6718671875 0.2596145828125 0.7067265625 0.2596145828125 0.7067265625 0.2371770828125
1 0.764421875 0.7964791671875 0.7091406250000001 0.7964791671875 0.7091406250000001 0.8525625 0.764421875 0.8525625 0.764421875 0.7964791671875
1 0.203125 0.7996770828125 0.15865625 0.7996770828125 0.15865625 0.8253229171875001 0.203125 0.8253229171875001 0.203125 0.7996770828125
1 0.24639843749999998 0.7307708328125 0.20313281249999998 0.7307708328125 0.20313281249999998 0.8028958328125 0.24639843749999998 0.8028958328125 0.24639843749999998 0.7307708328125
1 0.03965625 0.5945520828124999 0.0108125 0.5945520828124999 0.0108125 0.6201979171875001 0.03965625 0.6201979171875001 0.03965625 0.5945520828124999