0 0.8341406250000001 0.1955 0.673078125 0.1955 0.673078125 0.330125 0.8341406250000001 0.330125 0.8341406250000001 0.1955
0 0.7572109375 0.6858958328125 0.6069765625 0.6858958328125 0.6069765625 0.7868541671875 0.7572109375 0.7868541671875 0.7572109375 0.6858958328125
0 1 0.5368541671875 0.8713984375000001 0.5368541671875 0.8713984375000001 0.6522291671875 1 0.6522291671875 1 0.5368541671875
0 0.9326874999999999 0.1522395828125 0.7920625 0.1522395828125 0.7920625 0.2371770828125 0.9326874999999999 0.2371770828125 0.9326874999999999 0.1522395828125
1 0.2716328125 0.45992708281250005 0.23077343749999998 0.45992708281250005 0.23077343749999998 0.4999895828125 0.2716328125 0.4999895828125 0.2716328125 0.45992708281250005
1 0.355765625 0.46313541718750006 0.28845312500000003 0.46313541718750006 0.28845312500000003 0.4999895828125 0.355765625 0.4999895828125 0.355765625 0.46313541718750006
1 0.3257265625 0.5031979171875001 0.2668359375 0.5031979171875001 0.2668359375 0.5256354171875001 0.3257265625 0.5256354171875001 0.3257265625 0.5031979171875001
1 0.360578125 0.4951875 0.280046875 0.4951875 0.280046875 0.5641041671875 0.360578125 0.5641041671875 0.360578125 0.4951875
1 0.1201953125 0.3862291671875 0.0228359375 0.3862291671875 0.0228359375 0.4246875 0.1201953125 0.4246875 0.1201953125 0.3862291671875
1 0 0.48878125 0.03846875 0.48878125 0.03846875 0.45192708281250005 0 0.45192708281250005 0 0.48878125
1 0.2584140625 0.6746875 0.2079296875 0.6746875 0.2079296875 0.7131458328125 0.2584140625 0.7131458328125 0.2584140625 0.6746875
1 1 0.38621875 0.9627421875 0.38621875 0.9627421875 0.42628125 1 0.42628125 1 0.38621875
1 1 0.1875104171875 0.9519296875000001 0.1875104171875 0.9519296875000001 0.2419895828125 1 0.2419895828125 1 0.1875104171875
1 0.47475781250000004 0.0881354171875 0.44230468749999996 0.0881354171875 0.44230468749999996 0.1346145828125 0.47475781250000004 0.1346145828125 0.47475781250000004 0.0881354171875
1 0.49879687500000003 0.5112291671875 0.45192187500000003 0.5112291671875 0.45192187500000003 0.5496875 0.49879687500000003 0.5496875 0.49879687500000003 0.5112291671875