1 0.012818434375000002 0.6348935984375 0.0347891921875 0.8138310593750001 0.19543692031249998 0.7941059984375001 0.1734661625 0.6151685375 0.012818434375000002 0.6348935984375
1 0.28403140625 1 0.29323492500000004 0.9988699499999999 0.285618090625 0.9368358156250001 0.2029059109375 0.94699159375 0.209414525 1 0.28403140625 1
1 0.1766652421875 0.444034309375 0.1940963671875 0.5859994265624999 0.283177384375 0.575061653125 0.265746259375 0.43309653593749997 0.1766652421875 0.444034309375
1 0.290819471875 0.0982166109375 0.29931605 0.1674156875 0.40429848437500004 0.154525465625 0.3958019046875 0.0853263890625 0.290819471875 0.0982166109375
1 0.1912564171875 0.15524412031249998 0.20136395468749999 0.237563415625 0.27611508749999997 0.22838513124999998 0.2660075484375 0.146065834375 0.1912564171875 0.15524412031249998
1 0.1060366859375 0.13181452656249998 0.11658219218749999 0.21770078593750003 0.20088658124999997 0.20734950937500002 0.1903410734375 0.12146325 0.1060366859375 0.13181452656249998
1 0.388110059375 0.25944445156249996 0.39338281249999996 0.30238758125 0.4601935765625 0.2941842515625 0.45492082187499994 0.25124112187500003 0.388110059375 0.25944445156249996
1 0.5757443421875 0.28847365156250004 0.581750215625 0.3373875671875 0.62947514375 0.3315276828125 0.6234692703125 0.28261376718750003 0.5757443421875 0.28847365156250004
1 0.7283122859375 0.649973296875 0.741201871875 0.7549505609375 0.79368275 0.7485067203125 0.7807931625 0.64352945625 0.7283122859375 0.649973296875
0 0.7025934406250001 0.38794356875 0.7235397328125 0.5585374390625 0.8014752859375 0.5489681562500001 0.7805289921874999 0.3783742859375 0.7025934406250001 0.38794356875
0 0.4639676296875 0.48262107656250003 0.493117253125 0.720025709375 0.6998977 0.6946362625 0.6707480765625 0.4572316296875 0.4639676296875 0.48262107656250003
0 0.393945528125 0.38586309218750003 0.4191401109375 0.5910565 0.67682990625 0.5594161718749999 0.6516353234375 0.35422276406250003 0.393945528125 0.38586309218750003
0 0.0790823609375 0.280425909375 0.10134636562499999 0.46175168437499997 0.2874487703125 0.43890118281249996 0.26518476406249997 0.2575754078125 0.0790823609375 0.280425909375