1 0.8486189968750001 0.46294161406249995 0.92911164375 0.4487485875 0.91352671875 0.36036209218750004 0.8330340734374999 0.3745551171875 0.8486189968750001 0.46294161406249995
1 0.8872772421875 0.3845269671875 0.9452731859375 0.37430071875 0.9377592859374999 0.3316872671875 0.8797633406250001 0.341913515625 0.8872772421875 0.3845269671875
1 0.584721503125 0.5859587546875 0.6581050687500001 0.5730192515625 0.6475306187500001 0.5130485640625 0.574147053125 0.5259880671875 0.584721503125 0.5859587546875
1 0.3425870234375 0.9915311062500001 0.38164080624999996 0.9846448703125 0.364666696875 0.8883799124999999 0.32561291406250004 0.8952661484375 0.3425870234375 0.9915311062500001
1 0.1234947296875 0.7942138062499999 0.046556625000000004 0.80778006875 0.06492353749999999 0.9119440078125001 0.1418616421875 0.89837774375 0.1234947296875 0.7942138062499999
1 0.61022278125 0.958999921875 0.6871608874999999 0.9454336578125 0.6788113046875 0.8980808171874999 0.6018731984375 0.9116470812499999 0.61022278125 0.958999921875
1 0.09332466874999999 0.41548021718749995 0.15369030625 0.4048361265625 0.146454965625 0.36380247187500003 0.086089328125 0.3744465625 0.09332466874999999 0.41548021718749995
1 0.16667432499999998 0.2430824078125 0.21402203437499998 0.2347337296875 0.2048403875 0.18266201875000002 0.157492678125 0.19101069843750001 0.16667432499999998 0.2430824078125
1 0.234606340625 0.3791872078125 0.2713058171875 0.3727161 0.26518471875 0.3380016265625 0.22848524218750002 0.344472734375 0.234606340625 0.3791872078125
1 0.014500207812499999 0.49447217343750005 0.059478224999999996 0.48654133593750004 0.050296576562499994 0.4344696265625 0.0053185609374999995 0.4424004640625 0.014500207812499999 0.49447217343750005
1 0.1875052296875 0.63809123125 0.2608887953125 0.625151728125 0.25170714843750003 0.57308001875 0.1783235828125 0.5860195203125 0.1875052296875 0.63809123125
0 0.231357553125 0.21539845156249998 0.34617998125 0.195152159375 0.3339341671875 0.1257026953125 0.21911173750000001 0.14594898750000002 0.231357553125 0.21539845156249998
0 0.345821971875 0.28310257499999997 0.4925891015625 0.25722356875 0.47338650781249997 0.14832024531250002 0.326619378125 0.1741992515625 0.345821971875 0.28310257499999997
0 0.061334209375000004 0.6424311140625 0.3951224875 0.583575234375 0.3706344765625 0.444696825 0.0368461984375 0.5035527046875 0.061334209375000004 0.6424311140625
1 0.622189115625 0.071628321875 0.6636125921875 0.0643242453125 0.6538738234375 0.0090929421875 0.612450346875 0.01639701875 0.622189115625 0.071628321875