1 0.209564190625 0.4731032234375 0.21396091875 0.4312711453125 0.129488715625 0.422392759375 0.1250919875 0.4642248359375 0.209564190625 0.4731032234375
1 0.323364565625 0.3714574 0.333667153125 0.2734348359375 0.28108180781250003 0.2679078921875 0.2707792203125 0.3659304578125 0.323364565625 0.3714574
1 0.645648228125 1 0.6514337796875 0.9449541453125001 0.5430516140625 0.9335627203125 0.5360687734375 1 0.645648228125 1
1 0.8516358437499999 0.7267009703125 0.8693501515625 0.5581605890625 0.7673495 0.5474398875 0.7496351921875 0.7159802703125 0.8516358437499999 0.7267009703125
1 1 0.4147739171875 0.8984154921874999 0.4040969546875 0.8835904171875001 0.5451481296875 0.9967587203124999 0.5570425984375 1 0.526203884375 1 0.4147739171875
1 0.9437698109375001 0.217927290625 0.9506801234375001 0.15218006875 0.8502748484374999 0.14162705 0.8433645375 0.20737427031250003 0.9437698109375001 0.217927290625
1 0.8142273921875001 0.23934751250000003 0.8217648734375 0.167633159375 0.719764221875 0.156912459375 0.7122267390625 0.2286268125 0.8142273921875001 0.23934751250000003
1 0.747190803125 0.9997323109374999 0.7532207890625 0.9423608281250001 0.706996240625 0.9375024328125001 0.7009662546875 0.9948739140624999 0.747190803125 0.9997323109374999
1 0.871248675 1 0.8755753578125001 0.9588343578125 0.7783608421875 0.9486167 0.772960240625 1 0.871248675 1
1 0.5860723296875 0.8462296281249999 0.5910978625000001 0.7984148796875 0.5289402437499999 0.7918818515625 0.5239147109375 0.8396965984375001 0.5860723296875 0.8462296281249999
1 0.3838557953125 0.7464204796875 0.388881328125 0.69860573125 0.35382443124999996 0.694921103125 0.3487988984375 0.7427358515625 0.3838557953125 0.7464204796875
1 0.3094071375 0.657620771875 0.3146841921875 0.6074129546875 0.2573127109375 0.6013829703125 0.25203565625 0.6515907859375 0.3094071375 0.657620771875
0 0.28116325937500003 0.6196086859375 0.298374525 0.455854440625 0.23781228593749998 0.4494890921875 0.2206010203125 0.6132433374999999 0.28116325937500003 0.6196086859375
0 0.5687933703125 0.5966657234375 0.59530276875 0.344445646875 0.3578192296875 0.3194851203125 0.33130983125 0.571705196875 0.5687933703125 0.5966657234375
0 0.6152350953125 0.7066854046875 0.632196471875 0.5453086875000001 0.34850910156250003 0.5154919437500001 0.33154772499999996 0.676868659375 0.6152350953125 0.7066854046875
0 0.9105417890625 0.9020925703125 0.9286333796875 0.7299625843750001 0.702317490625 0.7061758265625 0.6842259015625001 0.8783058109375 0.9105417890625 0.9020925703125