1 0.2501904359375 0.7858929109375 0.342610478125 0.7810493828125 0.3394234375 0.7202370046875 0.24700339375000002 0.725080534375 0.2501904359375 0.7858929109375
1 0.1991226890625 0.8447504203125 0.251940828125 0.8419823390625 0.24690894531250002 0.7459682703125 0.1940908046875 0.7487363515625 0.1991226890625 0.8447504203125
1 0.5130929578125001 1 0.53096608125 0.9990633093750001 0.5271913500000001 0.9270371546874999 0.4059670875 0.9333902484375001 0.40945795625 1 0.5130929578125001 1
1 0.5457047328125 0.6372127109375 0.6021116984375 0.6342565484375 0.5979182796875 0.55424135625 0.5415113140625001 0.5571975203124999 0.5457047328125 0.6372127109375
1 0.15041455625 0.9259421281250001 0.20082974375 0.9232999796874999 0.19705501406249998 0.8512738234375 0.146639825 0.853915971875 0.15041455625 0.9259421281250001
1 0.6548035078125001 0.37635375781249997 0.7280155359375 0.372516878125 0.7265893812499999 0.3453042234375 0.653377353125 0.349141103125 0.6548035078125001 0.37635375781249997
1 0.641320709375 0.6932019546875 0.6857285156249999 0.6908746406249999 0.6832120296874999 0.6428572046875 0.638804221875 0.64518451875 0.641320709375 0.6932019546875
1 0.6341965640625 0.7641616359375 0.7014168140625 0.760638771875 0.6973073515625 0.6822255484374999 0.6300871 0.6857484125 0.6341965640625 0.7641616359375
0 0.7603766109375 0.25526670937499996 0.9212183812499999 0.24683735 0.9176115609375 0.17801513124999999 0.7567697921875001 0.186444490625 0.7603766109375 0.25526670937499996
0 0.933367909375 0.34088246093749996 0.9921778265625001 0.33780036406249997 0.984965278125 0.20017673125000002 0.9261553609375 0.20325882812499999 0.933367909375 0.34088246093749996
0 1 0.48690704062499995 0.9916818953125001 0.3281881453125 0.750419240625 0.3408321859375 0.7614065203125 0.5504819734375 1 0.5379778203125001 1 0.48690704062499995
0 1 0.6085850015625 0.8587182703125 0.6159892625000001 0.8635833328125001 0.7088202 1 0.7016709046875 1 0.6085850015625
1 0.5352392171875 0.9426686343749999 0.583251453125 0.94015241875 0.5784703453125 0.84892345 0.5304581109375001 0.8514396640624999 0.5352392171875 0.9426686343749999