0 0.43126732656250005 0.20651170625 0.5553355953125 0.1912780375 0.5467412671874999 0.1212828546875 0.4226729984375 0.1365165234375 0.43126732656250005 0.20651170625
0 0.5489022 0.3163904734375 0.7159135984375 0.2958840515625 0.6979454875 0.14954552968749998 0.5309340890625001 0.17005195 0.5489022 0.3163904734375
0 0.42157084375 0.4628121671875 0.6959478203125 0.4291229109375 0.66958088125 0.2143814140625 0.3952039046875 0.248070671875 0.42157084375 0.4628121671875
0 0.4660107375 0.5881325078125 0.6795477375 0.5619134609375 0.6672440109375 0.46170765625000004 0.45370701249999995 0.487926703125 0.4660107375 0.5881325078125
1 0.69587106875 0.6454950703125 0.8449856203125 0.6271861046875 0.8338523484374999 0.536512878125 0.684737796875 0.5548218421875 0.69587106875 0.6454950703125
1 1 0.6452731734375 0.8924266281250001 0.658481521875 0.9084422906249999 0.7889186296874999 1 0.77767675625 1 0.6452731734375
1 0.24792145156249998 0.518042634375 0.308761428125 0.510572425 0.298214653125 0.424675825 0.237374675 0.4321460359375 0.24792145156249998 0.518042634375
1 0.1579561296875 0.84070338125 0.222378578125 0.8327932984374999 0.212613796875 0.7532655375 0.14819134843749998 0.7611756203125 0.1579561296875 0.84070338125
1 0.1631328546875 0.932097484375 0.22039036093750003 0.9250671468749999 0.21003908437500002 0.8407627578125 0.15278157812499998 0.8477930953125 0.1631328546875 0.932097484375
1 0.184102521875 0.9747347359375 0.2866914703125 0.9621383968749999 0.27634019374999996 0.8778340078125 0.17375124375 0.8904303468749999 0.184102521875 0.9747347359375
1 0.322560571875 0.6525741921875 0.4036857125 0.6426132765625 0.3859131 0.49786696406250003 0.304787959375 0.507827878125 0.322560571875 0.6525741921875