0 0.5985546875 0.18590625 0.44832031250000004 0.18590625 0.44832031250000004 0.3028854171875 0.5985546875 0.3028854171875 0.5985546875 0.18590625
0 0.7091406250000001 0.1266041671875 0.5841406250000001 0.1266041671875 0.5841406250000001 0.1987291671875 0.7091406250000001 0.1987291671875 0.7091406250000001 0.1266041671875
0 0.7403828125 0.49038541718750006 0.5781171875 0.49038541718750006 0.5781171875 0.6169895828125 0.7403828125 0.6169895828125 0.7403828125 0.49038541718750006
0 0.9350937500000001 0.40225 0.69590625 0.40225 0.69590625 0.5833333328125 0.9350937500000001 0.5833333328125 0.9350937500000001 0.40225
0 0.3870234375 0.6762708328125 0.2476015625 0.6762708328125 0.2476015625 0.7419791671875 0.3870234375 0.7419791671875 0.3870234375 0.6762708328125
1 0.3581796875 0.6233958328125 0.27644531250000004 0.6233958328125 0.27644531250000004 0.6923125 0.3581796875 0.6923125 0.3581796875 0.6233958328125
1 0.9735546875000001 0.8253333328125001 0.8605703124999999 0.8253333328125001 0.8605703124999999 0.9407083328124999 0.9735546875000001 0.9407083328124999 0.9735546875000001 0.8253333328125001
1 0.72115625 0.3557708328125 0.67428125 0.3557708328125 0.67428125 0.3878125 0.72115625 0.3878125 0.72115625 0.3557708328125
1 0.867796875 0.3669895828125 0.7872656250000001 0.3669895828125 0.7872656250000001 0.39584375 0.867796875 0.39584375 0.867796875 0.3669895828125
1 0.777640625 0.1746770828125 0.725953125 0.1746770828125 0.725953125 0.22915625 0.777640625 0.22915625 0.777640625 0.1746770828125
1 0.0877421875 0.4727708328125 0.0000078125 0.4727708328125 0.0000078125 0.5673125 0.0877421875 0.5673125 0.0877421875 0.4727708328125
1 0.2812578125 0.07211458281250001 0.2488046875 0.07211458281250001 0.2488046875 0.11217708281250001 0.2812578125 0.11217708281250001 0.2812578125 0.07211458281250001
1 0.20432812500000003 0.5031979171875001 0.168265625 0.5031979171875001 0.168265625 0.5528854171875001 0.20432812500000003 0.5528854171875001 0.20432812500000003 0.5031979171875001