0 0.5721093749999999 0.1330104171875 0.44470312500000003 0.1330104171875 0.44470312500000003 0.2355729171875 0.5721093749999999 0.2355729171875 0.5721093749999999 0.1330104171875
0 0.6742734375 0.10896874999999999 0.5504765625 0.10896874999999999 0.5504765625 0.1698645828125 0.6742734375 0.1698645828125 0.6742734375 0.10896874999999999
0 0.8185 0.28525 0.5420625 0.28525 0.5420625 0.4407083328125 0.8185 0.4407083328125 0.8185 0.28525
0 0.49037499999999995 0.43589583281250005 0.35696875 0.43589583281250005 0.35696875 0.5705208328125 0.49037499999999995 0.5705208328125 0.49037499999999995 0.43589583281250005
1 0.929078125 0.5849479171875 0.8557656250000001 0.5849479171875 0.8557656250000001 0.6602604171875 0.929078125 0.6602604171875 0.929078125 0.5849479171875
1 0.137015625 0.3349375 0.027640625000000002 0.3349375 0.027640625000000002 0.46635416718749995 0.137015625 0.46635416718749995 0.137015625 0.3349375
1 0.24999218750000002 0.7516041671875 0.0216328125 0.7516041671875 0.0216328125 0.8589791671875 0.24999218750000002 0.8589791671875 0.24999218750000002 0.7516041671875
1 0.0588984375 0.884625 0.0000078125 0.884625 0.0000078125 0.9647500000000001 0.0588984375 0.9647500000000001 0.0588984375 0.884625
1 0.86659375 1 0.86659375 0.9583333328125001 0.703125 0.9583333328125001 0.703125 1 0.86659375 1
1 0.563703125 0.7419895828125 0.48557812499999997 0.7419895828125 0.48557812499999997 0.8093020828125 0.563703125 0.8093020828125 0.563703125 0.7419895828125
1 0.8653828125 0.28365625 0.8353359375 0.28365625 0.8353359375 0.32371875 0.8653828125 0.32371875 0.8653828125 0.28365625
1 0.706734375 0.23718750000000002 0.673078125 0.23718750000000002 0.673078125 0.2820625 0.706734375 0.2820625 0.706734375 0.23718750000000002
1 0.967546875 0.3044895828125 0.938703125 0.3044895828125 0.938703125 0.3718020828125 0.967546875 0.3718020828125 0.967546875 0.3044895828125