0 0.348713009375 0.2651321953125 0.4868705875 0.2281129828125 0.46074064843749996 0.1305947203125 0.3225830703125 0.1676139328125 0.348713009375 0.2651321953125
0 0.2346084 0.229340915625 0.337932278125 0.20165536562500003 0.320925709375 0.138185990625 0.21760183125000002 0.165871540625 0.2346084 0.229340915625
0 0.1706885375 0.49699424218750005 0.30652185625 0.4605978140625 0.2762454203125 0.3476046171875 0.1404121015625 0.3840010453125 0.1706885375 0.49699424218750005
0 0.3129940671875 0.49866780312500003 0.4581093296875 0.4597842859375 0.42492657187500005 0.335944546875 0.279811309375 0.3748280640625 0.3129940671875 0.49866780312500003
0 0.4914902078125 1 0.618634396875 0.9659318171875 0.5696906375 0.78327121875 0.35374584531250003 0.8411334515625001 0.3963140078125 1 0.4914902078125 1
1 0.6569007359375 0.4679123234375 0.7451320234375001 0.4442708203125 0.7223182031250001 0.359128484375 0.634086915625 0.3827699859375 0.6569007359375 0.4679123234375
1 0.5042510171875 0.8223955343749999 0.5982929515625 0.7971970734375 0.5817015718749999 0.735277203125 0.4876596375 0.7604756640625 0.5042510171875 0.8223955343749999
1 0.5911623015624999 0.8123614171875 0.6573433125 0.79462826875 0.6411671234375 0.7342579046875 0.5749861109375 0.751991053125 0.5911623015624999 0.8123614171875
1 0.6502870984375 0.791536709375 0.7315607015625 0.7697595125000001 0.7170452671875001 0.7155871734375 0.6357716640625 0.73736436875 0.6502870984375 0.791536709375
1 0.7294089796875001 0.8964456453125 0.8373813765625 0.867514528125 0.8050289953125 0.7467737999999999 0.6970565984375 0.7757049171875 0.7294089796875001 0.8964456453125
1 0.65875526875 0.878862196875 0.6828146562499999 0.9686530515625 0.7339030765625 0.95496395 0.7098436890625 0.8651730953125 0.65875526875 0.878862196875
1 0.10704895625 0.9653082062499999 0.2243032953125 0.9338900015625 0.19900373437500002 0.8394707515625001 0.08174939375 0.8708889578125 0.10704895625 0.9653082062499999
1 0.0593480671875 0.787286065625 0.129000375 0.7686227859375 0.1041160015625 0.675753040625 0.03446369375 0.6944163203125 0.0593480671875 0.787286065625
1 0.12872909375 0.5911779625 0.014961142187500002 0.62166199375 0.04109108125 0.7191802546875 0.1548590328125 0.6886962234375 0.12872909375 0.5911779625
1 0.1849372703125 0.2575862703125 0.236025690625 0.24389716875 0.2231656203125 0.1959027296875 0.1720771984375 0.20959183124999997 0.1849372703125 0.2575862703125
1 0.8357694953125 0.3320508125 0.9367691140625001 0.30498804687500003 0.9031711671875 0.1795988 0.8021715468749999 0.2066615671875 0.8357694953125 0.3320508125
1 0.8776856703125 0.8135785171875 0.938056034375 0.7974023265625 0.9235405984374999 0.7432299875 0.863170234375 0.759406178125 0.8776856703125 0.8135785171875
1 0.5642115140625 0 0.55693360625 0.001950109375 0.5718642296875001 0.05767195625 0.6310724640625 0.0418071578125 0.6198702703125 0 0.5642115140625 0
1 0.26392036406249997 0.6545018453125 0.33589693125000003 0.6352157828125 0.31930555156249996 0.5732959125 0.247328984375 0.592581975 0.26392036406249997 0.6545018453125
1 0.6129653890625 0.652220009375 0.6663629765625 0.63791216875 0.6456251015625 0.5605173625 0.5922275140625 0.574825203125 0.6129653890625 0.652220009375