0 0.326960234375 0.518346659375 0.37993873125 0.76759089375 0.579012146875 0.7252765343750001 0.52603365 0.47603229843749995 0.326960234375 0.518346659375
1 0.007527000000000001 0.29502098593750004 0.027519007812500003 0.389075990625 0.16859642187499999 0.35908906093750004 0.1486044140625 0.26503405625 0.007527000000000001 0.29502098593750004
1 0.27116735468750003 0.34834898124999997 0.2849122671875 0.4130137078125 0.33351397656250004 0.40268309531249996 0.3197690640625 0.33801836875 0.27116735468750003 0.34834898124999997
1 0.09611184843750001 0.1877192984375 0.10710842812500002 0.23945413593749998 0.1729499890625 0.22545908125 0.161953409375 0.1737242421875 0.09611184843750001 0.1877192984375
1 0.0093738140625 0.1496477578125 0.02186800625 0.20842831562500003 0.092416903125 0.193432684375 0.079922709375 0.1346521265625 0.0093738140625 0.1496477578125
1 0.014611364062500002 0.2050507484375 0.0313547515625 0.283822196875 0.109728828125 0.2671632734375 0.0929854390625 0.1883918234375 0.014611364062500002 0.2050507484375
1 0 0.1344281609375 0.027840989062499998 0.1285103765625 0.02059331875 0.0944127625 0 0.0987900078125 0 0.1344281609375
1 0.4934013359375 0.42276223437500005 0.5003988640625 0.4556830140625 0.5442932375 0.4463529765625 0.537295709375 0.413432196875 0.4934013359375 0.42276223437500005
1 0.5217140046875001 0.378654015625 0.531710009375 0.42568151875 0.55993364375 0.4196824 0.5499376390624999 0.372654896875 0.5217140046875001 0.378654015625
1 0.7286266140625 0.41946375625 0.7371217546875 0.45943025625 0.77787790625 0.45076726875000006 0.7693827640625 0.41080076875 0.7286266140625 0.41946375625
1 0.693156525 0.42208314218750004 0.699903909375 0.4538270890625 0.7218510953124999 0.4491620703125 0.7151037125 0.4174181234375 0.693156525 0.42208314218750004