0 0.38305714218750003 0.3422027265625 0.520052590625 0.3054949078125 0.4885305875 0.187853190625 0.3515351390625 0.22456101093749997 0.38305714218750003 0.3422027265625
0 0.233862215625 0.2776596296875 0.3662091453125 0.2421973765625 0.3483722 0.1756289875 0.21602526875 0.21109124218750003 0.233862215625 0.2776596296875
0 0.11987894375000001 0.6881261453125 0.32885095937500003 0.6321322625 0.3018906421875 0.5315149890625 0.0929186265625 0.587508871875 0.11987894375000001 0.6881261453125
0 0.31450266875 0.7040031484375 0.479359040625 0.659830015625 0.45239872343750004 0.5592127421875001 0.2875423515625 0.6033858734375 0.31450266875 0.7040031484375
1 0.7341221203125 0.7375727484375 0.8722796984375 0.7005535375 0.8556883187500001 0.6386336671875 0.717530740625 0.675652878125 0.7341221203125 0.7375727484375
1 0.736613196875 0.6771719875 0.8213580953124999 0.6544646609375 0.8043515265625001 0.590995284375 0.719606628125 0.6137026125 0.736613196875 0.6771719875
1 1 0.4341737515625 0.9796414015625 0.35819442968750004 0.928560528125 0.371881509375 0.9526199140625 0.46167236406249995 1 0.4489769078125 1 0.4341737515625
1 0.28637579999999996 0.46434596250000004 0.328167184375 0.45314799531250005 0.3202839890625 0.42372750468750003 0.278492603125 0.434925471875 0.28637579999999996 0.46434596250000004
1 0.14034063125000001 0.518390415625 0.2250855296875 0.49568308749999995 0.2147165921875 0.45698568437500003 0.12997169375 0.4796930125 0.14034063125000001 0.518390415625
1 0.18360562656249999 0.317665578125 0.23353191875 0.30428786875 0.2186012953125 0.24856602187500001 0.168675003125 0.26194373125000003 0.18360562656249999 0.317665578125
1 0.632068475 0.0780337625 0.6645779171874999 0.069322884375 0.654208978125 0.030625481249999996 0.6216995375 0.039336359375000005 0.632068475 0.0780337625
1 0.8509567921875 0.4955559375 0.8846283625 0.4865336671875 0.8721834796874999 0.4400887328125 0.838511909375 0.44911100312499996 0.8509567921875 0.4955559375
1 0.726312975 0.4343773546875 0.750687509375 0.4278462171875 0.7428043125 0.398425728125 0.718429778125 0.4049568640625 0.726312975 0.4343773546875