0 0.1964691703125 0.0909392375 0.026031195312499998 0.0820069609375 0.019908978124999997 0.1988258109375 0.190346953125 0.20775808750000002 0.1964691703125 0.0909392375
0 0.15786214999999998 0.207662 0.0150269203125 0.20017632187499998 0.0016910640625000001 0.45463961093750005 0.1445262953125 0.4621252875 0.15786214999999998 0.207662
0 0 0.6824257796875 0.1590178625 0.690759553125 0.163631059375 0.6027345203125 0 0.59415898125 0 0.6824257796875
1 0.4290732796875 0.40643058125 0.357062728125 0.40265666875 0.3532051328125 0.4762639875 0.425215684375 0.48003790156250004 0.4290732796875 0.40643058125
1 0.88472745625 0.8523471265625 0.7238856874999999 0.8439177656249999 0.7195243578125 0.92713689375 0.8803661265624999 0.935566253125 0.88472745625 0.8523471265625
1 0.8165672453124999 0.7749550828125 0.742153740625 0.7710552359375 0.7380442781250001 0.8494684593749999 0.81245778125 0.8533683062499999 0.8165672453124999 0.7749550828125
1 0.7343835359375 0.71287091875 0.6647603328125 0.709222121875 0.6598952703125 0.8020530578124999 0.7295184734375 0.8057018546875 0.7343835359375 0.71287091875
1 0.48410217343750006 0.7575208953125 0.40728571718750006 0.753495115625 0.4025885640625 0.8431221156250001 0.4794050203125 0.847147896875 0.48410217343750006 0.7575208953125
1 0.40331773281250005 0.7372547734375 0.3036888328125 0.73203344375 0.3008376140625 0.78643795 0.4004665125 0.791659278125 0.40331773281250005 0.7372547734375
1 0.5798863625 0.789828128125 0.507875809375 0.786054215625 0.50334656875 0.8724772796875 0.5753571203125001 0.8762511937499999 0.5798863625 0.789828128125
1 0.33620073281249996 0.5941293265625001 0.277390815625 0.5910472296875 0.2742037734375 0.6518596062500001 0.33301369062499997 0.6549417046875 0.33620073281249996 0.5941293265625001
1 0.3453033984375 0.5352333421875 0.267285465625 0.5311445953125 0.264434246875 0.5855490999999999 0.342452178125 0.589637846875 0.3453033984375 0.5352333421875
1 0.2713061078125 0.38531140937499997 0.225696825 0.382921128125 0.22318033750000002 0.4309385640625 0.26878962031250003 0.43332884531250004 0.2713061078125 0.38531140937499997
1 0.6963987781250001 0.5648467546875 0.612373465625 0.560443175 0.6096890671875 0.6116645468749999 0.6937143796874999 0.616068128125 0.6963987781250001 0.5648467546875