0 0.81923685 0.3000097421875 0.8169085890625001 0.43339567343749996 0.8986253078124999 0.43482204375 0.9009535671875 0.3014361125 0.81923685 0.3000097421875
0 0.8733728296875001 0.228826515625 0.8716316796875001 0.3285769453125 0.9277064718749999 0.3295557359375 0.9294476218750001 0.2298053046875 0.8733728296875001 0.228826515625
0 0.3039567515625 0.0698333703125 0.3007054234375 0.2561018703125 0.44651654531249996 0.2586470125 0.4497678734375 0.0723785125 0.3039567515625 0.0698333703125
0 0.6718223296875 0.20608676093749997 0.6699344703125 0.3142421609375 0.7468394218750001 0.3155845421875 0.74872728125 0.2074291421875 0.6718223296875 0.20608676093749997
0 0.677536965625 0.063125659375 0.6747680328125 0.2217577453125 0.7708992218749999 0.223435721875 0.7736681546875 0.0648036359375 0.677536965625 0.063125659375
1 0.046852378125 0.47406409531250004 0.0447758140625 0.5930303484375 0.132908221875 0.59456870625 0.134984784375 0.47560245312499994 0.046852378125 0.47406409531250004
1 0.1152986390625 0.3177817203125 0.1138721765625 0.399503646875 0.16034426562499998 0.4003148203125 0.1617707265625 0.31859289375 0.1152986390625 0.3177817203125
1 0.2635527625 0.27228405625 0.262524978125 0.3311657125 0.34424169843749997 0.3325920828125 0.34526948125 0.273710428125 0.2635527625 0.27228405625
1 0.2041915671875 0 0.20333892968749998 0.0488475875 0.26422548749999997 0.0499103671875 0.265096675 0 0.2041915671875 0
1 0.5552709 0.088644146875 0.554159128125 0.15233756874999999 0.589403759375 0.152952765625 0.59051553125 0.08925934375 0.5552709 0.088644146875
1 0.6197398703125 0.435970621875 0.6176843046875 0.5537339328125 0.6705512515625001 0.5546567296875 0.6726068171875 0.43689341718749997 0.6197398703125 0.435970621875
1 0.6928375546875001 0.6548343734375 0.6914950828124999 0.7317445328125001 0.749173796875 0.73275131875 0.75051626875 0.655841159375 0.6928375546875001 0.6548343734375
1 0.3852058734375 0.8321877843750001 0.3828356171875 0.9679795999999999 0.44532609843750004 0.969070375 0.447696353125 0.8332785609375 0.3852058734375 0.8321877843750001
1 0.4404028109375 0.5169859109375 0.43975243593749996 0.554245859375 0.48462060156250003 0.5550290359375001 0.48527097656249996 0.5177690875 0.4404028109375 0.5169859109375
1 0.31772845 0.47397902187499996 0.316889371875 0.5220498250000001 0.35694577031249997 0.5227490125 0.3577848484375 0.47467820937500005 0.31772845 0.47397902187499996
1 0.2296275921875 0.47123009375 0.229040209375 0.50488121875 0.2530782140625 0.505300803125 0.253665596875 0.4716496796875 0.2296275921875 0.47123009375
1 0.3812055171875 0.32722856093749997 0.38024072656249996 0.3825013921875 0.44593905312500004 0.3836481609375 0.44690384375000003 0.3283753296875 0.3812055171875 0.32722856093749997
1 0.41705918906250006 0.201632040625 0.415507015625 0.2905559953125 0.458771259375 0.29131117500000003 0.4603234328125 0.20238722031249998 0.41705918906250006 0.201632040625