0 0.3075024109375 0.18396485468749998 0.41819581250000004 0.16840791093750002 0.40704456875000006 0.08906268125 0.296351165625 0.104619625 0.3075024109375 0.18396485468749998
0 0.1659939078125 0.576079228125 0.33381340000000004 0.5524937375000001 0.316863275 0.43188733749999997 0.14904378437500002 0.4554728296875 0.1659939078125 0.576079228125
0 0.234083503125 0.309193171875 0.330495384375 0.29564336562500004 0.32224357812500004 0.23692872031249998 0.2258316984375 0.25047852656249997 0.234083503125 0.309193171875
0 0.1238324671875 0.30201941875 0.24046747812499997 0.28562743749999997 0.2290929765625 0.20469365156250002 0.11245796562499999 0.221085634375 0.1238324671875 0.30201941875
0 0.2236719671875 0.1488315484375 0.3212752640625 0.1351143 0.3116839171875 0.06686832499999999 0.2140806203125 0.08058557499999999 0.2236719671875 0.1488315484375
1 0.093451996875 0.655847240625 0.19105529375000002 0.6421299921875 0.1828034875 0.5834153468750001 0.085200190625 0.5971325968750001 0.093451996875 0.655847240625
1 0 0.45213111093749997 0.0504759171875 0.44503718281250004 0.0453468078125 0.40854167812500003 0 0.41491475624999996 0 0.45213111093749997
1 0.5384478968749999 0.6871790328125 0.6277112796875 0.6746338828125 0.6194594734375001 0.6159192390625 0.530196090625 0.628464390625 0.5384478968749999 0.6871790328125
1 0.7724141765625 0.4261077421875 0.8807247468750001 0.410885684375 0.874256096875 0.36485885156250003 0.7659455265624999 0.380080909375 0.7724141765625 0.4261077421875
1 1 0.46509272656249995 0.9942332703125001 0.42406031562499996 0.935915765625 0.4322563078125 0.9475135234375 0.514778646875 1 0.5074021546874999 1 0.46509272656249995
1 0.8574671765625 0.9449554609374999 0.9300662046875001 0.9347523328125 0.9160155203125001 0.83477651875 0.8434164921875 0.8449796468749999 0.8574671765625 0.9449554609374999
1 0.485598796875 0.9502927281250001 0.5641549046875001 0.9392523875000001 0.550327478125 0.840865128125 0.47177136875 0.8519054687500001 0.485598796875 0.9502927281250001
1 0.5611942015625 0.8231491109375 0.6159374578125 0.8154554484375 0.6087990375000001 0.7646629500000001 0.55405578125 0.7723566125 0.5611942015625 0.8231491109375
1 0.353897390625 0.5658388750000001 0.408640646875 0.5581452125 0.400165584375 0.49784201406250006 0.345422328125 0.5055356765625 0.353897390625 0.5658388750000001
1 0.45605072187499995 0.3168445171875 0.54173985625 0.3048016953125 0.5357177203125 0.2619519703125 0.45002858593750006 0.2739947921875 0.45605072187499995 0.3168445171875
1 0.627070584375 0.22969502031250003 0.6961108375 0.2199920453125 0.6896421875 0.1739652109375 0.620601934375 0.1836681859375 0.627070584375 0.22969502031250003
1 0.124392990625 0.780967078125 0.1803276625 0.773105971875 0.1720758578125 0.714391328125 0.1161411859375 0.722252434375 0.124392990625 0.780967078125
1 0 0.534963409375 0.00620405625 0.5791075640625001 0.0728614765625 0.569739475 0.06527944218750001 0.515790496875 0 0.5249649234375 0 0.534963409375