0 0.22111818749999998 0.6139462625000001 0.3968186828125 0.5861180375 0.3717500609375 0.42784098125 0.19604956406250001 0.4556692046875 0.22111818749999998 0.6139462625000001
1 0.0753982953125 0.7311325484375 0.031477029687500005 0.73808899375 0.0432585 0.812474271875 0.087179765625 0.8055178265625 0.0753982953125 0.7311325484375
1 0.15440113125 0.5076894953125 0.1876430171875 0.502424496875 0.18237965 0.4691929 0.14913776406249998 0.47445789843749997 0.15440113125 0.5076894953125
1 0.12145578593749999 0.4918039546875 0.17131861406249999 0.48390645781249997 0.16655388124999998 0.45382311875000003 0.11669105312500001 0.4617206140625 0.12145578593749999 0.4918039546875
1 0.6956019203125 0.4057511765625 0.7810678265625 0.39221470625 0.7732949890625 0.3431389421875 0.6878290828125 0.3566754109375 0.6956019203125 0.4057511765625
1 0.7003007390625 0.45854105 0.781028828125 0.4457549765625 0.7737578843749999 0.3998480453125 0.6930297953125 0.41263411874999995 0.7003007390625 0.45854105
1 0.6002427046875 0.9254524453125 0.6417873453125 0.9188724203125 0.632010190625 0.8571418984375001 0.59046555 0.8637219234375 0.6002427046875 0.9254524453125
1 0.580592228125 0.9934574609375 0.6399461234375 0.9840567265625 0.6304199171875 0.9239106234375001 0.5710660203125 0.93331135625 0.580592228125 0.9934574609375
1 0.8787263218750001 0.9089241015624999 0.9226475890625 0.9019676562500001 0.9083566484375 0.8117382109375001 0.8644353828125 0.8186946562499999 0.8787263218750001 0.9089241015624999
1 0.721346321875 0.9371095171875 0.7664559 0.9299648625 0.758934009375 0.8824735125000001 0.7138244312500001 0.88961816875 0.721346321875 0.9371095171875
1 0.8031459156249999 0.5623240093749999 0.8862506296875001 0.5491615171875 0.8747201046875 0.4763606546875 0.791615390625 0.48952314843750006 0.8031459156249999 0.5623240093749999
1 0.678366975 0.5658665171874999 0.76977444375 0.5513889953125 0.7594953953125 0.48648964218749996 0.6680879265625 0.5009671625000001 0.678366975 0.5658665171874999
1 0.8426830734375 0.3970416359375 0.90084865625 0.3878291125 0.8948324484375 0.3498442640625 0.8366668640625001 0.35905678750000003 0.8426830734375 0.3970416359375
1 1 0.4606491484375 0.998608903125 0.4518661078125 0.9155119046875001 0.4650273796875 0.930803375 0.5615739140625 1 0.5506142453125 1 0.4606491484375
1 0.6795126171875 0.21197615625 0.703248003125 0.20821683906250002 0.69848326875 0.17813349843749998 0.674747884375 0.1818928140625 0.6795126171875 0.21197615625
1 0.617425728125 0.26559886875 0.6886473171875 0.25431847812499997 0.677866375 0.18625028906250002 0.6066447859374999 0.19753068125 0.617425728125 0.26559886875
1 0.1728638953125 0.3246624984375 0.22272672500000001 0.316765003125 0.216710515625 0.27878015624999997 0.1668476875 0.28667765156249997 0.1728638953125 0.3246624984375
1 0.1668278875 0.37105288125 0.2036347109375 0.36522325312500004 0.1976185015625 0.32723840625 0.160811678125 0.333068034375 0.1668278875 0.37105288125
1 0.0786832328125 0.66732265 0.12379281093750001 0.66017799375 0.118278496875 0.6253619796875001 0.07316891875 0.6325066359375 0.0786832328125 0.66732265
1 0.11564869375 0.739353884375 0.16669983593749998 0.731268178125 0.1604326796875 0.6916989140625 0.1093815390625 0.6997846203125 0.11564869375 0.739353884375
1 0.2652783171875 0.692948240625 0.3198789625 0.6843003484375 0.312858965625 0.639977834375 0.2582583203125 0.6486257265625001 0.2652783171875 0.692948240625
1 0.7896183625 0.2464365015625 0.828786378125 0.240232896875 0.8220173281250001 0.1974948 0.7828493125 0.20369840468749997 0.7896183625 0.2464365015625
1 0.6908493625000001 0.1452668109375 0.7252795609375 0.139813603125 0.7195142999999999 0.1034131734375 0.6850841015625 0.10886638125 0.6908493625000001 0.1452668109375
1 0.904017121875 0.33866567187499996 0.9479383875 0.3317092265625 0.9436755484375 0.30479471875 0.8997542828125 0.31175116406250003 0.904017121875 0.33866567187499996
1 0.592129028125 0.543814778125 0.6253709125 0.5385497796875 0.6203584921874999 0.5069025984375 0.5871166062500001 0.512167596875 0.592129028125 0.543814778125