1 0.5644675171875 0.35219690937500003 0.5588062390624999 0.24417327968749997 0.47718907968749996 0.2484506546875 0.48285035781249996 0.3564742828125 0.5644675171875 0.35219690937500003
1 0.6699112484375 0.12882541249999999 0.66387216875 0.0135929265625 0.57424516875 0.0182900796875 0.580284246875 0.133522565625 0.6699112484375 0.12882541249999999
1 0.9541641578125001 0.28603922187499997 0.9509561265625001 0.22482635156250003 0.8757468390625001 0.228767903125 0.8789548703125 0.2899807734375 0.9541641578125001 0.28603922187499997
1 0.8945102890625 0.70920213125 0.8919311078125001 0.65998841875 0.8295167625 0.6632594171874999 0.8320959437500001 0.712473128125 0.8945102890625 0.70920213125
1 0.751828884375 0.7118606421875 0.7488097546875 0.6542522015625 0.70079231875 0.6567686875 0.7038114484375 0.7143771296875 0.751828884375 0.7118606421875
1 0.7300699828125 0.8478029062499999 0.7278056359375 0.804596575 0.67818623125 0.8071970187499999 0.680450578125 0.85040335 0.7300699828125 0.8478029062499999
1 0.513092959375 1 0.558176134375 0.9976372906250001 0.552011940625 0.88001745625 0.435193090625 0.8861396718749999 0.44116025625 1 0.513092959375 1
1 0.4700435921875 1 0.4665127078125 0.9326267390625 0.39769048906250004 0.936233559375 0.40103234531250004 1 0.4700435921875 1
1 0.2983290953125 1 0.29155760000000003 0.870792190625 0.18432975468749999 0.8764117640625001 0.1908067390625 1 0.2983290953125 1
1 0.09246784218750001 0.8078129328125 0.0156565875 0.8118384390625 0.022072648437500002 0.9342641796875 0.09888390312499999 0.930238671875 0.09246784218750001 0.8078129328125
1 0.271727778125 0.5841715749999999 0.266947215625 0.49295300781250007 0.2029309 0.49630796093749996 0.2077114625 0.5875265265625 0.271727778125 0.5841715749999999
1 0.238258525 0.49686607031249996 0.23473566093749998 0.4296458203125 0.173923284375 0.4328328609375 0.1774461484375 0.5000531125000001 0.238258525 0.49686607031249996
1 0.2283907546875 0.43118311875000004 0.225245690625 0.371171725 0.161229378125 0.37452667812499996 0.164374440625 0.43453807187500004 0.2283907546875 0.43118311875000004
1 0.17561765468749999 0.4038607296875 0.169075659375 0.2790320375 0.0698576546875 0.28423183281250003 0.0763996484375 0.409060525 0.17561765468749999 0.4038607296875
1 0 0.46963417500000004 0.0969570671875 0.4645528703125 0.0931831546875 0.39254231875 0 0.397425840625 0 0.46963417500000004
0 0.9221492140625 0.6548060734375001 0.916550903125 0.5479839203125 0.8525345874999999 0.5513388734375 0.8581329 0.6581610265625 0.9221492140625 0.6548060734375001
0 0.8669016515625 0.5806662140625 0.8586611921875 0.4234288734375 0.7530353140625 0.42896449062500003 0.761275775 0.58620183125 0.8669016515625 0.5806662140625
0 0.7018913703125 0.6470885265625 0.6942797609375 0.5018503437499999 0.5726550046875001 0.5082244265625 0.580266615625 0.653462609375 0.7018913703125 0.6470885265625
0 0.724194871875 0.8276530843750001 0.7146337468749999 0.6452159515625 0.6025999953125 0.651087390625 0.6121611203125 0.833524525 0.724194871875 0.8276530843750001
0 0.526015265625 0.7513892359375001 0.5221783859375 0.678177209375 0.434153353125 0.6827904046875 0.43799023281249994 0.7560024328125 0.526015265625 0.7513892359375001