0 0.6165859375 0.4791666671875 0.38582031250000004 0.4791666671875 0.38582031250000004 0.6810833328125 0.6165859375 0.6810833328125 0.6165859375 0.4791666671875
1 0.923078125 0.8157083328124999 0.829328125 0.8157083328124999 0.829328125 0.9439166671875 0.923078125 0.9439166671875 0.923078125 0.8157083328124999
1 0.8064843749999999 0.6618645828124999 0.7439843749999999 0.6618645828124999 0.7439843749999999 0.7083437499999999 0.8064843749999999 0.7083437499999999 0.8064843749999999 0.6618645828124999
1 0.6814843749999999 0.4615416671875 0.647828125 0.4615416671875 0.647828125 0.5 0.6814843749999999 0.5 0.6814843749999999 0.4615416671875
1 0.074515625 0.6762916671875 0.032453125 0.6762916671875 0.032453125 0.7179583328125 0.074515625 0.7179583328125 0.074515625 0.6762916671875
1 0.9999921875 0.7820625 0.9567265624999999 0.7820625 0.9567265624999999 0.8349375 0.9999921875 0.8349375 0.9999921875 0.7820625
1 0.0745234375 0.5160312499999999 0.0396640625 0.5160312499999999 0.0396640625 0.5416770828125 0.0745234375 0.5416770828125 0.0745234375 0.5160312499999999
1 0.19230468750000002 0.43590625000000005 0.1418203125 0.43590625000000005 0.1418203125 0.47596875 0.19230468750000002 0.47596875 0.19230468750000002 0.43590625000000005
1 0.07090625 0.2596145828125 0.013218750000000001 0.2596145828125 0.013218750000000001 0.30609375 0.07090625 0.30609375 0.07090625 0.2596145828125
1 0.282453125 0.3605833328125 0.23557812500000003 0.3605833328125 0.23557812500000003 0.3958333328125 0.282453125 0.3958333328125 0.282453125 0.3605833328125
1 0.6189921875 0.22595833281250002 0.5757265625 0.22595833281250002 0.5757265625 0.267625 0.6189921875 0.267625 0.6189921875 0.22595833281250002
1 0 0.1842916671875 0.026437500000000003 0.1842916671875 0.026437500000000003 0.1490416671875 0 0.1490416671875 0 0.1842916671875
1 0.71875 0.4294791671875 0.6610625 0.4294791671875 0.6610625 0.4599375 0.71875 0.4599375 0.71875 0.4294791671875
1 0.819703125 0.5288333328125 0.7908593749999999 0.5288333328125 0.7908593749999999 0.5592916671875 0.819703125 0.5592916671875 0.819703125 0.5288333328125
1 0.828125 0.6025625 0.8016875000000001 0.6025625 0.8016875000000001 0.6378125 0.828125 0.6378125 0.828125 0.6025625
1 1 0.8461458328125 0.9399062499999999 0.8461458328125 0.9399062499999999 0.9262708328124999 1 0.9262708328124999 1 0.8461458328125
1 0.2788515625 0.23078125 0.21033593750000001 0.23078125 0.21033593750000001 0.2676354171875 0.2788515625 0.2676354171875 0.2788515625 0.23078125
1 0.311296875 0.2275729171875 0.284859375 0.2275729171875 0.284859375 0.2644270828125 0.311296875 0.2644270828125 0.311296875 0.2275729171875
1 0.6346093749999999 0.2756458328125 0.594953125 0.2756458328125 0.594953125 0.3141041671875 0.6346093749999999 0.3141041671875 0.6346093749999999 0.2756458328125