0 0.4919269578125 0.8390367796874999 0.62543088125 0.8082149703124999 0.5991162937500001 0.694233971875 0.4656123703125 0.72505578125 0.4919269578125 0.8390367796874999
0 0.39634076406249996 0.9219558734375 0.5076016453125 0.8962692750000001 0.4899383015625 0.819760925 0.37867742031249996 0.8454475234375 0.39634076406249996 0.9219558734375
0 0.09642645625 0.6754049109375 0.3095699078125 0.6261968671875 0.2846940703125 0.518447778125 0.07155061874999999 0.5676558218750001 0.09642645625 0.6754049109375
0 0.2749717203125 0.6045927203125 0.42838933125 0.5691734734375 0.40747825625 0.47859765625 0.2540606453125 0.514016903125 0.2749717203125 0.6045927203125
0 0.554763690625 0.3738646765625 0.6742153703125 0.346287084375 0.6594342125 0.28226285 0.53998253125 0.30984044375 0.554763690625 0.3738646765625
1 0.5546709703125 0.4215985328125 0.6530518984375 0.39888550624999997 0.6371881625 0.3301721171875 0.538807234375 0.35288514375 0.5546709703125 0.4215985328125
1 0.8809863828125 0.4564620875 0.9524198875 0.4399703640625 0.9365561515625 0.371256975 0.865122646875 0.3877487 0.8809863828125 0.4564620875
1 0.9045833984374999 0.4838987828125 0.9748446140624999 0.46767770156250005 0.9672759484375 0.4348942078125 0.89701473125 0.4511152890625 0.9045833984374999 0.4838987828125
1 0.7914720265625 0.8701918875000001 0.840662490625 0.8588353734374999 0.8320112484375001 0.821362725 0.7828207843749999 0.8327192390624999 0.7914720265625 0.8701918875000001
1 0.32813406093749997 0.7173038234375 0.365616859375 0.7086502390625 0.3573264765625 0.672740640625 0.319843678125 0.6813942265625 0.32813406093749997 0.7173038234375
1 0.1892292203125 0.7460904984375001 0.2594904359375 0.72986941875 0.24867403906250002 0.6830184578125 0.1784128234375 0.6992395375 0.1892292203125 0.7460904984375001
1 0.10127939687500001 0.7285503515625 0.16803897031249998 0.7131376890625 0.156144684375 0.661617871875 0.08938510937500001 0.6770305343749999 0.10127939687500001 0.7285503515625
1 0.3194993921875 0.8936300140625001 0.3628284109375 0.883626721875 0.35021240625 0.8289808015625001 0.3068833875 0.83898409375 0.3194993921875 0.8936300140625001
1 0 0.3835214390625 0.07558851875 0.3660704546875 0.051073540625000004 0.2598844171875 0 0.271675671875 0 0.3835214390625
1 0.198202575 0.5285484265625 0.287205190625 0.508000553125 0.272784890625 0.4455393734375 0.183782275 0.4660872453125 0.198202575 0.5285484265625
1 0.23123170937499998 0.1853964421875 0.2874406828125 0.172419578125 0.2654517171875 0.077174903125 0.20924274375000002 0.0901517671875 0.23123170937499998 0.1853964421875
1 0.471556921875 0 0.4650905703125 0.0014928749999999998 0.483836490625 0.08269037968750001 0.5447346203125 0.0686309390625 0.5288899203125 0 0.471556921875 0
1 0 0.15163016406250002 0.0235890078125 0.1461842125 0.012772610937500001 0.0993332515625 0 0.10228204062499999 0 0.15163016406250002
1 0 0.253597753125 0.0271974328125 0.24731873124999998 0.0171027546875 0.203593875 0 0.20754235781250002 0 0.253597753125
1 0.762367228125 0.781529121875 0.82326535625 0.7674696812499999 0.8153358328125 0.7331231359375 0.754437703125 0.7471825765625 0.762367228125 0.781529121875
1 0.8336045703125 0.646662159375 0.8769335890625 0.6366588671875 0.8646784437499999 0.583575996875 0.821349425 0.5935792890625 0.8336045703125 0.646662159375
1 0.7682744515625 0.47589823593749997 0.8045849609375001 0.46751529375 0.795572859375 0.42847959375 0.75926235 0.436862534375 0.7682744515625 0.47589823593749997
1 1 0.5125264796875 0.9921422453125001 0.478490803125 0.949985515625 0.4882234515625 0.9586367578124999 0.5256961 1 0.5161466421875 1 0.5125264796875