0 0.51717345625 0.6161261609375 0.5371811453124999 0.387437215625 0.33922895625 0.3701186421875 0.3192212671875 0.5988075875 0.51717345625 0.6161261609375
1 0.371050275 0.061616546875 0.37482112343749996 0.0185155609375 0.3333130125 0.014884071874999998 0.3295421640625 0.0579850578125 0.371050275 0.061616546875
1 0.1576471890625 0.882672859375 0.164980528125 0.798852415625 0.0356620046875 0.7875385109375 0.028328665625 0.8713589546874999 0.1576471890625 0.882672859375
1 0.3267352640625 0.7888889171875 0.33218249843750003 0.7266267484375 0.2826840734375 0.7222961984375 0.277236840625 0.7845583671874999 0.3267352640625 0.7888889171875
1 0.52951530625 0.6775213890625 0.5317146265625 0.6523830375 0.49340263906250004 0.6490311734375 0.49120331874999995 0.6741695234375 0.52951530625 0.6775213890625
1 0.1884168015625 0.9722344796875 0.19271194687499998 0.923140759375 0.1352439640625 0.9181129625000001 0.1309488203125 0.9672066828125001 0.1884168015625 0.9722344796875
1 0.130750159375 0.9695969015625 0.1370349046875 0.897761925 0.04443030625 0.889660071875 0.0381455609375 0.9614950484375001 0.130750159375 0.9695969015625
1 0.769115415625 0.641775703125 0.7729911234375 0.5974761703125 0.7362771968749999 0.59426411875 0.732401490625 0.6385636515625001 0.769115415625 0.641775703125
1 0.6035455671875 0.1989885265625 0.6078407125 0.14989480625 0.5695287234374999 0.1465429421875 0.5652335796875 0.1956366609375 0.6035455671875 0.1989885265625
1 0.535171446875 0.0795827671875 0.5391520125 0.0340846875 0.5072322765624999 0.031292071875 0.503251709375 0.07679015156249999 0.535171446875 0.0795827671875
1 0.6097734359375 0.3117416296875 0.6131262093750001 0.27341926562499996 0.5764122828125 0.2702072140625 0.5730595109375 0.30852957812500004 0.6097734359375 0.3117416296875
1 0.561068678125 0.7213130859375 0.5656784 0.6686237265625 0.5273664124999999 0.6652718625 0.522756690625 0.717961221875 0.561068678125 0.7213130859375
1 0.501924990625 0.7354386890625 0.5050680453124999 0.69951341875 0.457167684375 0.6953226796875 0.4540246296875 0.73124795 0.501924990625 0.7354386890625
1 0.45498580312500003 0.812170909375 0.4572899828125 0.7858340109374999 0.431741740625 0.7835988296874999 0.429437559375 0.8099357265625 0.45498580312500003 0.812170909375
1 0.2850634515625 0.8974435 0.29176763437500003 0.8208143359375001 0.211947534375 0.8138309828124999 0.20524335 0.890460146875 0.2850634515625 0.8974435
1 0.19312031406250002 0.75306039375 0.198777265625 0.6884011328125 0.141309284375 0.6833733359374999 0.13565233125 0.748032596875 0.19312031406250002 0.75306039375
1 0.786445296875 0.09434358281250001 0.79210225 0.0296843203125 0.7394284546875001 0.025075960937500003 0.7337715031250001 0.089735221875 0.786445296875 0.09434358281250001
1 0.6686926078125001 0.281896015625 0.671311365625 0.25196347812500003 0.6393916265625 0.24917086249999998 0.6367728687499999 0.2791034 0.6686926078125001 0.281896015625
1 0.711988546875 0.6512547140625 0.715654534375 0.609352275 0.6869101671875 0.60683746875 0.6832441796875 0.6487399078125 0.711988546875 0.6512547140625
1 0.6796867765625 0.542274728125 0.6830395499999999 0.5039523625 0.6479236859374999 0.5008801234375 0.6445709140625 0.5392024875 0.6796867765625 0.542274728125