0 0.56490625 0.2179479171875 0.39303125 0.2179479171875 0.39303125 0.3477604171875 0.56490625 0.3477604171875 0.56490625 0.2179479171875
0 0.6766875 0.1666666671875 0.5516875 0.1666666671875 0.5516875 0.23879166718749997 0.6766875 0.23879166718749997 0.6766875 0.1666666671875
0 0.9110625000000001 0.4679375 0.6610625 0.4679375 0.6610625 0.6169791671875 0.9110625000000001 0.6169791671875 0.9110625000000001 0.4679375
0 0.7091328125 0.5576979171875001 0.5228359375 0.5576979171875001 0.5228359375 0.69871875 0.7091328125 0.69871875 0.7091328125 0.5576979171875001
1 0.293265625 0.7724375 0.132203125 0.7724375 0.132203125 0.8381458328125 0.293265625 0.8381458328125 0.293265625 0.7724375
1 0.2992734375 0.7019270828125 0.1646640625 0.7019270828125 0.1646640625 0.7804479171875001 0.2992734375 0.7804479171875001 0.2992734375 0.7019270828125
1 0.890625 0.9070520828124999 0.8413437500000001 0.9070520828124999 0.8413437500000001 0.9855729171875 0.890625 0.9855729171875 0.890625 0.9070520828124999
1 0.8449453124999999 1 0.8449453124999999 0.9679583328125 0.8016796875000001 0.9679583328125 0.8016796875000001 1 0.8449453124999999 1
1 0.22957812500000002 0.49839583281250005 0.191109375 0.49839583281250005 0.191109375 0.5368541671875 0.22957812500000002 0.5368541671875 0.22957812500000002 0.49839583281250005
1 0.11297656250000002 0.5801354171875001 0.0721171875 0.5801354171875001 0.0721171875 0.62340625 0.11297656250000002 0.62340625 0.11297656250000002 0.5801354171875001
1 0.1105703125 0.3701979171875 0.0673046875 0.3701979171875 0.0673046875 0.4070520828125 0.1105703125 0.4070520828125 0.1105703125 0.3701979171875
1 0.6730703124999999 0.3958333328125 0.6117734375 0.3958333328125 0.6117734375 0.4407083328125 0.6730703124999999 0.4407083328125 0.6730703124999999 0.3958333328125
1 0.8221093749999999 0.4054479171875 0.741578125 0.4054479171875 0.741578125 0.44871875 0.8221093749999999 0.44871875 0.8221093749999999 0.4054479171875
1 0.734375 0.1955104171875 0.6875 0.1955104171875 0.6875 0.2596145828125 0.734375 0.2596145828125 0.734375 0.1955104171875
1 0.23797656250000002 0.1025625 0.2079296875 0.1025625 0.2079296875 0.1410208328125 0.23797656250000002 0.1410208328125 0.23797656250000002 0.1025625