1 0.4976015625 0.7692395828125 0.4363046875 0.7692395828125 0.4363046875 0.91346875 0.4976015625 0.91346875 0.4976015625 0.7692395828125
1 0.5913359375 0.8461666671874999 0.5036015625 0.8461666671874999 0.5036015625 0.9647500000000001 0.5913359375 0.9647500000000001 0.5913359375 0.8461666671874999
1 0.5997578125 0.78365625 0.5276484375 0.78365625 0.5276484375 0.8830104171875 0.5997578125 0.8830104171875 0.5997578125 0.78365625
1 0.71634375 0.56090625 0.609375 0.56090625 0.609375 0.6218020828124999 0.71634375 0.6218020828124999 0.71634375 0.56090625
1 0.7499921875 0.6041666671875 0.6754765625 0.6041666671875 0.6754765625 0.6762916671875 0.7499921875 0.6762916671875 0.7499921875 0.6041666671875
1 0.7403906250000001 0.7019375 0.670671875 0.7019375 0.670671875 0.7756458328125 0.7403906250000001 0.7756458328125 0.7403906250000001 0.7019375
1 0.84375 0.7644270828125 0.734375 0.7644270828125 0.734375 0.8397395828124999 0.84375 0.8397395828124999 0.84375 0.7644270828125
1 0.9411093749999999 0.8413437500000001 0.727171875 0.8413437500000001 0.727171875 0.9198645828125 0.9411093749999999 0.9198645828125 0.9411093749999999 0.8413437500000001
1 0.8040859375 0.6554375 0.7139453125 0.6554375 0.7139453125 0.7211458328125 0.8040859375 0.7211458328125 0.8040859375 0.6554375
1 0.828125 0.7131458328125 0.78365625 0.7131458328125 0.78365625 0.7548125 0.828125 0.7548125 0.828125 0.7131458328125
1 0.456734375 0.41185416718749995 0.33654687499999997 0.41185416718749995 0.33654687499999997 0.5224375 0.456734375 0.5224375 0.456734375 0.41185416718749995
0 0.1826875 0.5753229171875 0.046875 0.5753229171875 0.046875 0.7339687500000001 0.1826875 0.7339687500000001 0.1826875 0.5753229171875
1 0.2716328125 0.4086666671875 0.23077343749999998 0.4086666671875 0.23077343749999998 0.4615416671875 0.2716328125 0.4615416671875 0.2716328125 0.4086666671875
1 0.266828125 0.2756354171875 0.21754687499999997 0.2756354171875 0.21754687499999997 0.30128125 0.266828125 0.30128125 0.266828125 0.2756354171875
1 0.3149140625 0.3237083328125 0.24639843749999998 0.3237083328125 0.24639843749999998 0.3541666671875 0.3149140625 0.3541666671875 0.3149140625 0.3237083328125
1 0.197125 0.1570625 0.1454375 0.1570625 0.1454375 0.1891041671875 0.197125 0.1891041671875 0.197125 0.1570625
0 0.1634609375 0.1394270828125 0.0108203125 0.1394270828125 0.0108203125 0.20353125 0.1634609375 0.20353125 0.1634609375 0.1394270828125
0 0 0.4855833328125 0.16225 0.4855833328125 0.16225 0.259625 0 0.259625 0 0.4855833328125
1 0.5781328125 0.41025 0.4651484375 0.41025 0.4651484375 0.5112083328125 0.5781328125 0.5112083328125 0.5781328125 0.41025
1 0.34855468749999996 0.5705104171875 0.2668203125 0.5705104171875 0.2668203125 0.61378125 0.34855468749999996 0.61378125 0.34855468749999996 0.5705104171875
1 0.41946874999999995 0.7227604171875 0.33653125 0.7227604171875 0.33653125 0.81090625 0.41946874999999995 0.81090625 0.41946874999999995 0.7227604171875