1 0.2167025890625 0.31310571875000004 0.22097355625 0.272470175 0.16679283281249999 0.2667755515625 0.1625218640625 0.30741109375 0.2167025890625 0.31310571875000004
1 0.65162045625 0.7745636796875 0.65966098125 0.698063190625 0.5337503671875 0.6848294515625 0.525709840625 0.761329940625 0.65162045625 0.7745636796875
1 0.7586440578125 0.6915537671875 0.7651770875 0.6293961484375 0.647243365625 0.617000815625 0.6407103375000001 0.679158434375 0.7586440578125 0.6915537671875
1 0.8784391234375001 0.5941594125 0.8843433484375 0.537984465625 0.8429049375 0.5336291125 0.8370007125000001 0.589804059375 0.8784391234375001 0.5941594125
1 0.8573603750000001 0.30431359062499996 0.8641449250000001 0.239762903125 0.8354488234374999 0.236746821875 0.8286642734375 0.30129750781250003 0.8573603750000001 0.30431359062499996
1 0.948141603125 0.2377192515625 0.9666104765625001 0.0619996640625 0.8327229656249999 0.0479275203125 0.8142540921875 0.22364710781250002 0.948141603125 0.2377192515625
1 0.8590374703125001 0.855586953125 0.9642185203125001 0.8666419265625 0.972636328125 0.786551834375 0.867455278125 0.7754968609375 0.8590374703125001 0.855586953125
1 0.596324359375 0.917402084375 0.6021028234375 0.8624236703125 0.5383498265625 0.8557229609375 0.5325713624999999 0.910701375 0.596324359375 0.917402084375
1 0.4599427703125 0.68191096875 0.46823481874999995 0.6030174125000001 0.4220102703125 0.5981590156250001 0.41371822343750003 0.6770525734375 0.4599427703125 0.68191096875
1 0.390373165625 0.5464908703125 0.396277390625 0.490315921875 0.33731053125 0.48411825625000005 0.33140630625 0.540293203125 0.390373165625 0.5464908703125
1 0.31571263125 0.49030077812500006 0.321868378125 0.4317327625 0.2660922765625 0.4258704578125 0.2599365296875 0.48443847343749996 0.31571263125 0.49030077812500006
1 0.3415460703125 0.4591664890625 0.3505910484375 0.373109265625 0.30596187812500003 0.3684185515625 0.2969169 0.45447577343749995 0.3415460703125 0.4591664890625
1 0.68109239375 1 0.689757190625 0.9175599640625001 0.6148572609375 0.909687665625 0.60618793125 0.992170825 0.6806775546875 1 0.68109239375 1
1 0.5687567062500001 0.8577090999999999 0.5760443000000001 0.788372278125 0.51388668125 0.7818392484375 0.5065990874999999 0.8511760718750001 0.5687567062500001 0.8577090999999999
0 0.26885738125 0.399562246875 0.2845611484375 0.2501508703125 0.2160220140625 0.2429471171875 0.200318246875 0.39235849218749996 0.26885738125 0.399562246875
0 0.38802105937500003 0.2622346984375 0.40422787031249996 0.1080371859375 0.25440729218749997 0.0922904078125 0.2382004796875 0.24648792031250003 0.38802105937500003 0.2622346984375
0 0.53879906875 0.52946703125 0.570334 0.22943220625 0.37428887187500004 0.2088270328125 0.34275394062500003 0.5088618578124999 0.53879906875 0.52946703125
0 0.744198184375 0.4301822546875 0.7631684671875 0.2496920703125 0.606987090625 0.23327674531249998 0.5880168078125 0.4137669296875 0.744198184375 0.4301822546875