0 0.7151484375 0.33975 0.5396640625 0.33975 0.5396640625 0.4967916671875 0.7151484375 0.4967916671875 0.7151484375 0.33975
1 0.9158671875 0.5673125 0.8497578125 0.5673125 0.8497578125 0.6474375 0.9158671875 0.6474375 0.9158671875 0.5673125
1 0.2007265625 0.11217708281250001 0.1574609375 0.11217708281250001 0.1574609375 0.14903125 0.2007265625 0.14903125 0.2007265625 0.11217708281250001
1 0.22116406249999998 0.18109375 0.19952343749999998 0.18109375 0.19952343749999998 0.2147395828125 0.22116406249999998 0.2147395828125 0.22116406249999998 0.18109375
1 0.2704375 0.1923020828125 0.22596875 0.1923020828125 0.22596875 0.23878125 0.2704375 0.23878125 0.2704375 0.1923020828125
1 0.72475 0.19390625 0.6826875 0.19390625 0.6826875 0.2275520828125 0.72475 0.2275520828125 0.72475 0.19390625
1 0.728375 0.2323645828125 0.6923125 0.2323645828125 0.6923125 0.2580104171875 0.728375 0.2580104171875 0.728375 0.2323645828125
1 0.762015625 0.3621666671875 0.733171875 0.3621666671875 0.733171875 0.392625 0.762015625 0.392625 0.762015625 0.3621666671875
1 0.793265625 0.33655208281250004 0.748796875 0.33655208281250004 0.748796875 0.3701979171875 0.793265625 0.3701979171875 0.793265625 0.33655208281250004
1 0.8485546875000001 0.48078125 0.7956640625 0.48078125 0.7956640625 0.5144270828125 0.8485546875000001 0.5144270828125 0.8485546875000001 0.48078125
1 0.8221171875 0.5560937499999999 0.7692265625 0.5560937499999999 0.7692265625 0.59615625 0.8221171875 0.59615625 0.8221171875 0.5560937499999999
1 0.9855859375 0.5528958328125 0.9483203124999999 0.5528958328125 0.9483203124999999 0.5913541671875 0.9855859375 0.5913541671875 0.9855859375 0.5528958328125
1 0.8858124999999999 0.8349375 0.828125 0.8349375 0.828125 0.9006458328125 0.8858124999999999 0.9006458328125 0.8858124999999999 0.8349375
1 0.9663515625000001 0.7788333328125 0.9050546875000001 0.7788333328125 0.9050546875000001 0.8092916671875001 0.9663515625000001 0.8092916671875001 0.9663515625000001 0.7788333328125
1 0.43990625000000005 0.8589687500000001 0.38821875 0.8589687500000001 0.38821875 0.9503229171875001 0.43990625000000005 0.9503229171875001 0.43990625000000005 0.8589687500000001
1 0.40504687500000003 0.7964687500000001 0.371390625 0.7964687500000001 0.371390625 0.85415625 0.40504687500000003 0.85415625 0.40504687500000003 0.7964687500000001
1 0.740375 0.8798020828125 0.6983125 0.8798020828125 0.6983125 0.9503229171875001 0.740375 0.9503229171875001 0.740375 0.8798020828125
1 0.29446875 0.8349375 0.24759375 0.8349375 0.24759375 0.8910208328125 0.29446875 0.8910208328125 0.29446875 0.8349375
1 0.16105468750000002 0.4935833328125 0.0709140625 0.4935833328125 0.0709140625 0.5705 0.16105468750000002 0.5705 0.16105468750000002 0.4935833328125
1 0.2403828125 0.48878125 0.1947109375 0.48878125 0.1947109375 0.5320520828124999 0.2403828125 0.5320520828124999 0.2403828125 0.48878125
1 0.240390625 0.4054583328125 0.162265625 0.4054583328125 0.162265625 0.4439166671875 0.240390625 0.4439166671875 0.240390625 0.4054583328125
1 0.23077343749999998 0.3541666671875 0.15625781249999998 0.3541666671875 0.15625781249999998 0.392625 0.23077343749999998 0.392625 0.23077343749999998 0.3541666671875
1 0.3329375 0.3717916671875 0.27884375 0.3717916671875 0.27884375 0.4134583328125 0.3329375 0.4134583328125 0.3329375 0.3717916671875
1 0.358171875 0.47115625000000005 0.31970312500000003 0.47115625000000005 0.31970312500000003 0.51121875 0.358171875 0.51121875 0.358171875 0.47115625000000005
1 0.09375 0.8846041671875 0.055281250000000004 0.8846041671875 0.055281250000000004 0.9326874999999999 0.09375 0.9326874999999999 0.09375 0.8846041671875
1 0.15264843749999998 0.7980833328125 0.11178906250000001 0.7980833328125 0.11178906250000001 0.8990416671875 0.15264843749999998 0.8990416671875 0.15264843749999998 0.7980833328125
1 0 0.5705208328125 0.03846875 0.5705208328125 0.03846875 0.5080208328125 0 0.5080208328125 0 0.5705208328125
1 0.082921875 0.3894270828125 0.043265625 0.3894270828125 0.043265625 0.41507291718749995 0.082921875 0.41507291718749995 0.082921875 0.3894270828125
1 0.126203125 0.22595833281250002 0.058890624999999995 0.22595833281250002 0.058890624999999995 0.258 0.126203125 0.258 0.126203125 0.22595833281250002
1 1 0.59615625 0.9795624999999999 0.59615625 0.9795624999999999 0.6394270828125 1 0.6394270828125 1 0.59615625
1 0 0.4487083328125 0.0348515625 0.4487083328125 0.0348515625 0.4134583328125 0 0.4134583328125 0 0.4487083328125