0 0.529792834375 0.733070975 0.8553131640625 0.7217035546874999 0.8455812953124999 0.4430192578125 0.5200609640625 0.454386678125 0.529792834375 0.733070975
0 0.5748147203125 0.85178038125 0.7165564484375 0.8468306515625 0.7134802031249999 0.7587385156249999 0.571738475 0.7636882453125 0.5748147203125 0.85178038125
1 0.5759725359375001 0.4027476859375 0.7513500109375 0.3966233703125 0.7473787390625 0.2829010234375 0.5720012640625 0.2890253390625 0.5759725359375001 0.4027476859375
1 0.721041134375 0.25174913125 0.8988233937500001 0.24554083750000003 0.8945169406250001 0.1222201734375 0.71673468125 0.1284284671875 0.721041134375 0.25174913125
0 0.44750455312500004 0.2709216828125 0.6168700671875 0.265007309375 0.6141857140625 0.1881374984375 0.4448202 0.194051871875 0.44750455312500004 0.2709216828125
1 0.265712153125 0.506586790625 0.3305788640625 0.5043215953125 0.3281177234375 0.43384372187500003 0.2632510125 0.4361089171875 0.265712153125 0.506586790625
1 0.261824671875 0.3607898953125 0.368728259375 0.357056740625 0.36363875 0.21131224531249998 0.2567351625 0.2150454015625 0.261824671875 0.3607898953125
1 0.157861528125 0.10465796093749999 0.154617328125 0.01175625625 0.08255188125 0.0142728375 0.0857960796875 0.1071745421875 0.157861528125 0.10465796093749999
1 0.41286180000000006 0.174311428125 0.501745121875 0.17120755468749999 0.4996198890625 0.1103488171875 0.41073656718749996 0.11345269218750001 0.41286180000000006 0.174311428125
1 0 0.0556373875 0.035853028125000005 0.054385371875 0.0345108515625 0.0159504671875 0 0.0171556125 0 0.0556373875
1 0.16785183125 0.1492010234375 0.27475541875 0.14546786875 0.27212705000000004 0.070201246875 0.1652234625 0.0739344015625 0.16785183125 0.1492010234375
1 0.38064061250000003 0.629233890625 0.4479121078125 0.62688471875 0.446513946875 0.5868466234375 0.3792424515625 0.589195796875 0.38064061250000003 0.629233890625
1 0.44577944843750006 0.7039331671875 0.498637853125 0.7020873109375 0.4971837078125 0.6604460265625 0.44432530156250005 0.6622918828125 0.44577944843750006 0.7039331671875
1 0.7891324656250001 0.789763021875 0.8744242265625 0.7867845671875 0.8722989921875 0.7259258296875 0.7870072312499999 0.728904284375 0.7891324656250001 0.789763021875
1 0.663489365625 0.9112010453125 0.70913341875 0.9096071203125 0.7078472265625 0.8727754046875 0.6622031734375 0.8743693296874999 0.663489365625 0.9112010453125
1 0.4189308828125 0.5204771625 0.4477570625 0.5194705296875 0.44540788906250006 0.4521990359375 0.4165817109375 0.4532056671875 0.4189308828125 0.5204771625
1 0.527269009375 0.79891791875 0.5621071484375 0.79770134375 0.560541034375 0.7528536796874999 0.52570289375 0.7540702546875 0.527269009375 0.79891791875