1 0.4387945109375 0.3251237078125 0.4587006140625 0.18348442812500002 0.3015987109375 0.1614051953125 0.2816926078125 0.303044475 0.4387945109375 0.3251237078125
1 0.48378889062499997 0.5462644046875 0.5050323609375 0.3951092671875 0.42092146562500005 0.3832882515625 0.399677996875 0.5344433890625 0.48378889062499997 0.5462644046875
1 0.56105345625 0.9867969734375001 0.571256584375 0.9141979453125 0.48555713593750005 0.9021536734375 0.4753540078125 0.9747527015624999 0.56105345625 0.9867969734375001
0 0.8807578703125 0.773188971875 0.8976521796875 0.6529797125 0.8278176500000001 0.643165109375 0.8109233390625 0.76337436875 0.8807578703125 0.773188971875
0 0.8471810375000001 0.6665326968749999 0.8699314906250001 0.5046548125 0.72869450625 0.48480524999999997 0.7059440546875 0.6466831328125 0.8471810375000001 0.6665326968749999
0 0.738169990625 0.785929503125 0.773967921875 0.5312139874999999 0.602569025 0.50712544375 0.56677109375 0.7618409578125 0.738169990625 0.785929503125
0 0.5219277109375 0.72397363125 0.54317118125 0.57281849375 0.4416068109375 0.5585445531250001 0.4203633421875 0.709699690625 0.5219277109375 0.72397363125
1 0.474103453125 0.902965971875 0.48631371718749994 0.816085421875 0.3720615390625 0.8000283250000001 0.35985127499999997 0.8869088749999999 0.474103453125 0.902965971875
1 0.5695348578125 0.21240982343749998 0.5825823359375 0.1195721921875 0.4857836328125 0.10596802187500001 0.47273615468749997 0.198805653125 0.5695348578125 0.21240982343749998
1 0.47911520625000004 0.130513203125 0.490322990625 0.050765678125000005 0.40144643125 0.0382748921875 0.390238646875 0.11802241718749999 0.47911520625000004 0.130513203125
1 0.3000153125 0 0.2958677390625 0.02951151875 0.3879214078125 0.04244881875 0.3938872 0 0.3000153125 0