1 0.8059929140625 0 0.8181250578125001 0.0863246890625 0.907388440625 0.0737795390625 0.8970194015624999 0 0.8059929140625 0
1 0.775875521875 0 0.743510075 0.0045486671875 0.7620229968750001 0.13627495 0.8524777953125 0.12356235625 0.8351122390624999 0 0.775875521875 0
1 0.5809730562500001 0.022552996875000002 0.47623673593750004 0.037272726562500004 0.4876112375 0.1182065125 0.5923475578125 0.10348678124999999 0.5809730562500001 0.022552996875000002
1 0.46511144375 0 0.43278999531249995 0.0045424828125 0.4412650578125 0.0648456828125 0.532911271875 0.05196564687500001 0.5256079765624999 0 0.46511144375 0
1 0.73084773125 0.24261737499999997 0.671338809375 0.250980809375 0.6800371281250001 0.3128725625 0.7395460500000001 0.3045091296875 0.73084773125 0.24261737499999997
1 0.8075476921875 0.201080234375 0.7408902734375 0.2104483234375 0.7504816187500001 0.278694296875 0.8171390390625 0.2693262078125 0.8075476921875 0.201080234375
1 0.4877454484375 0.3609354703125 0.4032322578125 0.372813025 0.4172829421875 0.4727888390625 0.5017961328125 0.4609112859375 0.4877454484375 0.3609354703125
1 0.3547327890625 0.321364234375 0.3178298296875 0.3265506078125 0.323405453125 0.366223221875 0.3603084109375 0.3610368484375 0.3547327890625 0.321364234375
1 0.386581971875 0.2456952796875 0.30206878125 0.257572834375 0.31255025625 0.3321523984375 0.397063446875 0.32027484375 0.386581971875 0.2456952796875
0 0 0.400345890625 0.145700171875 0.3798690671875 0.1320960015625 0.28307036406249997 0 0.3016352453125 0 0.400345890625
0 0 0.5349634078125 0.024269015625 0.707646425 0.302781909375 0.6685039890625 0.2670956078125 0.4145827515625 0 0.452120590625 0 0.5349634078125
0 0.0926420390625 0.6155048562500001 0.012894514062500001 0.6267126390625 0.0356435171875 0.7885802078124999 0.1153910421875 0.7773724234375 0.0926420390625 0.6155048562500001
0 0.269226153125 0.72338523125 0.11092251875 0.74563335625 0.11984409375 0.8091136671875001 0.278147728125 0.7868655421875 0.269226153125 0.72338523125
1 0.21930857656249997 0.799994640625 0.1716983453125 0.8066858218749999 0.1792803796875 0.8606348 0.22689061093750001 0.85394361875 0.21930857656249997 0.799994640625
1 0.38000371875 0.5961568796875001 0.3121548828125 0.6056924109375 0.3188467890625 0.6533078015625 0.386695625 0.6437722703125 0.38000371875 0.5961568796875001
1 0.6086880828125001 0.3924834484375 0.559886434375 0.3993420734375 0.5688080109375 0.4628223828125 0.617609659375 0.4559637578125 0.6086880828125001 0.3924834484375