0 0.6709105765625 0.6737623921875 0.9811323140624999 0.5964154265625 0.928791503125 0.3864879015625 0.6185697671875 0.46383486874999996 0.6709105765625 0.6737623921875
0 0.716314225 0.7912472234375 0.8539294484375001 0.7569358937499999 0.8341573734375001 0.677634434375 0.69654215 0.7119457625 0.716314225 0.7912472234375
1 0.6621772703125 0.3654352875 0.7927881718750001 0.3328703328125 0.770299515625 0.24267325781250002 0.6396886140625 0.2752382125 0.6621772703125 0.3654352875
1 0.774967140625 0.2365603953125 0.9394019453125001 0.19556219531250002 0.8986935453125 0.032289725000000005 0.7342587421875 0.07328792656250001 0.774967140625 0.2365603953125
0 0.51216905 0.3053791359375 0.6812734015624999 0.2632166859375 0.663824784375 0.19323410624999998 0.4947204328125 0.23539655625 0.51216905 0.3053791359375
1 0.1752223859375 0.23578500156249999 0.23936802968749998 0.2197916953125 0.21183933437500002 0.109380128125 0.14769369062499998 0.1253734328125 0.1752223859375 0.23578500156249999
1 0.0656293140625 0.223473940625 0.1426010546875 0.20428273125000002 0.12476939375 0.1327638484375 0.047797653125 0.151955059375 0.0656293140625 0.223473940625
1 0 0.1142244546875 0.0151368046875 0.1749348671875 0.135256384375 0.1449856921875 0.11897705624999999 0.079692875 0 0.10935718750000001 0 0.1142244546875
1 0.39317610625 0.3994607609375 0.44566304062500006 0.3863742984375 0.43558296093750004 0.345945309375 0.38309602656249997 0.359031771875 0.39317610625 0.3994607609375
1 0.36287944687499996 0.3673681484375 0.4223555421875 0.3525390921875 0.40529500937499996 0.284113028125 0.3458189125 0.29894208437500003 0.36287944687499996 0.3673681484375
1 0.3841247796875 0.56192425 0.4506051984375 0.5453488203125 0.428504625 0.45670826406250004 0.3620242078125 0.47328369375 0.3841247796875 0.56192425
1 0.0476046109375 0.469110121875 0.1339002875 0.44759419375 0.1203325 0.39317677500000003 0.034036825 0.41469270312499995 0.0476046109375 0.469110121875
1 0 0.43141321093749996 0.0289653578125 0.4241913359375 0.0099694484375 0.34800290624999997 0 0.35048856875 0 0.43141321093749996
1 0.5748996546875 0.681178578125 0.625051815625 0.6686742406249999 0.620011775 0.6484597453125 0.569859615625 0.6609640828125001 0.5748996546875 0.681178578125
1 0.509626778125 0.6379779390625 0.5516072296875 0.6275110374999999 0.5388156093750001 0.57620665 0.4968351578125 0.5866735515625 0.509626778125 0.6379779390625
1 0.9293688796874999 0.6918779453125 0.9993362984375 0.6744331078125 0.99042046875 0.63867366875 0.9204530500000001 0.6561185046875 0.9293688796874999 0.6918779453125
1 0.8115113656249999 0.84018090625 0.8534918171875001 0.8297140046875 0.8457402359374999 0.7986241125 0.8037597859375 0.8090910140625001 0.8115113656249999 0.84018090625
1 0.669685553125 0.77315703125 0.7104986171875 0.7629811906249999 0.7015827875 0.72722175 0.6607697234375001 0.7373975890625 0.669685553125 0.77315703125
1 0.5009498046874999 0.22062792656250002 0.5604259 0.2057988703125 0.5464700312499999 0.1498249359375 0.48699393437499994 0.16465399218750001 0.5009498046874999 0.22062792656250002