0 0.5683483640625 0.6961584046875 0.5784132234375 0.5041094625 0.42316794062499996 0.495973403125 0.41310308124999995 0.6880223453125 0.5683483640625 0.6961584046875
1 0.29330538281249996 0.922448890625 0.29714226250000003 0.8492368640624999 0.2091172296875 0.8446236671875 0.2052803484375 0.9178356953125 0.29330538281249996 0.922448890625
1 0.4450645796875 0.139662321875 0.4480837109375 0.08205388125 0.40487217812500004 0.0797892609375 0.40185304843749997 0.1373977015625 0.4450645796875 0.139662321875
1 0.6045394828124999 0.1588473859375 0.6094459796875 0.0652258671875 0.5742442875 0.06338102500000001 0.5693377921875 0.15700254375 0.6045394828124999 0.1588473859375
1 0.5425659046875 0.14716605625 0.5470946 0.060753393749999995 0.5054850359375 0.058572728124999994 0.5009563390625 0.144985390625 0.5425659046875 0.14716605625
1 0.459923503125 0.28485771249999997 0.46294263437499994 0.22724927187500002 0.41332322968749996 0.2246488296875 0.41030409843750004 0.28225727031250003 0.459923503125 0.28485771249999997
1 0.5796749812499999 0.26587244062500004 0.5824430625 0.21305429999999997 0.547241371875 0.21120945781249997 0.5444732906249999 0.2640275984375 0.5796749812499999 0.26587244062500004
1 0.3512766578125 0 0.349329190625 0.0371598796875 0.43575225624999997 0.041689121875 0.437937090625 0 0.3512766578125 0
1 0.0685578359375 0.2811983265625 0.071576965625 0.2235898859375 0.013968525 0.22057075468749998 0.01094939375 0.278179196875 0.0685578359375 0.2811983265625
1 0 0.9744822828125 0.035340034375 0.9763343765625001 0.0388628984375 0.909114125 0 0.9070774078125 0 0.9744822828125
1 0.5690360875 0.7443385515625 0.57079751875 0.7107284265625 0.5355958281250001 0.708883584375 0.5338343953125 0.7424937093749999 0.5690360875 0.7443385515625
1 0.5880798453125 0.7790312078125 0.59072199375 0.7286160203125001 0.5555203015625 0.726771178125 0.5528781546875 0.777186365625 0.5880798453125 0.7790312078125
1 0.7624296390625 0.6978963406250001 0.7648828875 0.65108558125 0.72167135625 0.6488209609375 0.7192181078125001 0.6956317203125 0.7624296390625 0.6978963406250001
1 0.803478409375 0.1596507703125 0.8047361078125 0.1356524546875 0.7663304796875 0.1336397015625 0.76507278125 0.15763801718749998 0.803478409375 0.1596507703125
1 0.7778640375 0.2196815515625 0.7810720671875 0.15846868125 0.7362585671875 0.15612010468749998 0.7330505375 0.217332975 0.7778640375 0.2196815515625