1 0.80128085 0.38727491875000003 0.8339971687500001 0.528984865625 0.9261157375 0.5077176171875 0.89339941875 0.366007671875 0.80128085 0.38727491875000003
1 0.57453586875 0.0535162921875 0.5999518234375001 0.163604884375 0.7108270171875 0.1380073296875 0.6854110625 0.0279187359375 0.57453586875 0.0535162921875
1 0.5753052624999999 0.242074384375 0.59044728125 0.3076616703125 0.6404243453125 0.29612355468749996 0.6252823281250001 0.2305362703125 0.5753052624999999 0.242074384375
1 0.7930269078125 0.843111590625 0.8100599203125001 0.916889675 0.90530459375 0.894900709375 0.88827158125 0.8211226249999999 0.7930269078125 0.843111590625
1 1 0.8533062515625 0.925978240625 0.870395521875 0.9343611828125 0.90670603125 1 0.8915521156249999 1 0.8533062515625
1 0.8657490140625 0.3316758625 0.9687987984375 0.3078849453125 0.9577129296875 0.2598667703125 0.8546631453125 0.2836576875 0.8657490140625 0.3316758625
1 0.31580401406249997 0.770725315625 0.3301341 0.8327957343750001 0.370732853125 0.8234227734375 0.35640276718749997 0.7613523546875001 0.31580401406249997 0.770725315625
1 0.156536590625 0.650847415625 0.16545730625 0.689487278125 0.20449300625000003 0.6804751765625 0.19557229062499998 0.6418353140625 0.156536590625 0.650847415625
1 0.377023078125 0.351995440625 0.385135375 0.3871336609375 0.4101239078125 0.3813646046875 0.40201160937499997 0.34622638437500003 0.377023078125 0.351995440625
1 0.36824123124999997 0.299741025 0.376353528125 0.3348792453125 0.420078384375 0.324784565625 0.4119660875 0.2896463453125 0.36824123124999997 0.299741025
0 0.217664575 0.47390534687499997 0.26281646875 0.6694796890625 0.3205884953125 0.656141965625 0.27543660000000003 0.46056762500000004 0.217664575 0.47390534687499997
0 0.3476163984375 0.42415526875 0.4298114046875 0.78018095625 0.7514753234375 0.7059189890625001 0.669280315625 0.3498933015625 0.3476163984375 0.42415526875
1 0.78640495625 0.0379172515625 0.8039792578125 0.1140399140625 0.88048760625 0.09637656875 0.8629133046874999 0.0202539078125 0.78640495625 0.0379172515625