1 0.191109375 0.5833229171875 0.048078125 0.5833229171875 0.048078125 0.6474270828125 0.191109375 0.6474270828125 0.191109375 0.5833229171875
0 0.3605703125 0.607375 0.16105468750000002 0.607375 0.16105468750000002 0.7291666671875 0.3605703125 0.7291666671875 0.3605703125 0.607375
1 0.63821875 0.7596145828124999 0.5625 0.7596145828124999 0.5625 0.8862187499999999 0.63821875 0.8862187499999999 0.63821875 0.7596145828124999
1 0.7331796875000001 0.8076874999999999 0.6694765625 0.8076874999999999 0.6694765625 0.8798125000000001 0.7331796875000001 0.8798125000000001 0.7331796875000001 0.8076874999999999
1 0.7271640625 0.8685937499999999 0.6454296875 0.8685937499999999 0.6454296875 0.9535312499999999 0.7271640625 0.9535312499999999 0.7271640625 0.8685937499999999
1 0.9747656250000001 0.7804479171875001 0.899046875 0.7804479171875001 0.899046875 0.8621770828124999 0.9747656250000001 0.8621770828124999 0.9747656250000001 0.7804479171875001
1 1 0.8493541671875 0.869 0.8493541671875 0.869 0.9391041671875 1 0.9391041671875 1 0.8493541671875
1 0.9651484375000001 0.5865416671875 0.7451953125 0.5865416671875 0.7451953125 0.78525 0.9651484375000001 0.78525 0.9651484375000001 0.5865416671875
1 0.5468671875 0.4343020828125 0.4723515625 0.4343020828125 0.4723515625 0.5432812499999999 0.5468671875 0.5432812499999999 0.5468671875 0.4343020828125
1 0.3906328125 0.27403125 0.3221171875 0.27403125 0.3221171875 0.31409375 0.3906328125 0.31409375 0.3906328125 0.27403125
1 0.20192187499999997 0.07371875 0.147828125 0.07371875 0.147828125 0.10736458281250001 0.20192187499999997 0.10736458281250001 0.20192187499999997 0.07371875
1 0.496390625 0.5496770828125 0.395421875 0.5496770828125 0.395421875 0.6346145828124999 0.496390625 0.6346145828124999 0.496390625 0.5496770828125
1 0.5625078125 0.74840625 0.47836718749999996 0.74840625 0.47836718749999996 0.8269270828125 0.5625078125 0.8269270828125 0.5625078125 0.74840625
1 0.3906171875 0.41667708281250004 0.3449453125 0.41667708281250004 0.3449453125 0.4919895828125 0.3906171875 0.4919895828125 0.3906171875 0.41667708281250004
1 0.31970312500000003 0.19390625 0.29085937500000003 0.19390625 0.29085937500000003 0.2195520828125 0.31970312500000003 0.2195520828125 0.31970312500000003 0.19390625
0 0.2908671875 0.1634583328125 0.1334140625 0.1634583328125 0.1334140625 0.25 0.2908671875 0.25 0.2908671875 0.1634583328125
0 0.20432812500000003 0.24840625 0.008421874999999999 0.24840625 0.008421874999999999 0.3926354171875 0.20432812500000003 0.3926354171875 0.20432812500000003 0.24840625
0 0 0.5031979171875001 0.2860625 0.5031979171875001 0.2860625 0.39421875 0 0.39421875 0 0.5031979171875001
0 0.3016875 0.2516041671875 0.1298125 0.2516041671875 0.1298125 0.4150625 0.3016875 0.4150625 0.3016875 0.2516041671875