1 0.375 0.8910312499999999 0.1766875 0.8910312499999999 0.1766875 0.9935937499999999 0.375 0.9935937499999999 0.375 0.8910312499999999
1 0.7560078125 0.8733958328125 0.6838984375 0.8733958328125 0.6838984375 0.9567291671874999 0.7560078125 0.9567291671874999 0.7560078125 0.8733958328125
1 0.5480703124999999 0.9006354171875 0.4759609375 0.9006354171875 0.4759609375 0.9711562499999999 0.5480703124999999 0.9711562499999999 0.5480703124999999 0.9006354171875
1 0.4326875 1 0.4326875 0.9503229171875001 0.37259375 0.9503229171875001 0.37259375 1 0.4326875 1
1 0.0408671875 0.49038541718750006 0.0000078125 0.49038541718750006 0.0000078125 0.5576979171875001 0.0408671875 0.5576979171875001 0.0408671875 0.49038541718750006
1 0.0877421875 0.40063541718750006 0.0552890625 0.40063541718750006 0.0552890625 0.45511458281249995 0.0877421875 0.45511458281249995 0.0877421875 0.40063541718750006
1 0.737984375 0.1378229171875 0.675484375 0.1378229171875 0.675484375 0.18109375 0.737984375 0.18109375 0.737984375 0.1378229171875
1 0.7968828125 0.3156979171875 0.7439921875 0.3156979171875 0.7439921875 0.37659375 0.7968828125 0.37659375 0.7968828125 0.3156979171875
1 0.9182656250000001 0.30128125 0.817296875 0.30128125 0.817296875 0.34134375 0.9182656250000001 0.34134375 0.9182656250000001 0.30128125
1 0.697125 0.3381458328125 0.64303125 0.3381458328125 0.64303125 0.3830208328125 0.697125 0.3830208328125 0.697125 0.3381458328125
1 0.984375 0.3461458328125 0.9483124999999999 0.3461458328125 0.9483124999999999 0.3910208328125 0.984375 0.3910208328125 0.984375 0.3461458328125
0 0.9362890625 0.3669791671875 0.5961484375 0.3669791671875 0.5961484375 0.5785208328125 0.9362890625 0.5785208328125 0.9362890625 0.3669791671875
1 0.8882187500000001 0.5929479171875001 0.79928125 0.5929479171875001 0.79928125 0.6330104171875 0.8882187500000001 0.6330104171875 0.8882187500000001 0.5929479171875001
0 0.65865625 0.16346875 0.484375 0.16346875 0.484375 0.31090625 0.65865625 0.31090625 0.65865625 0.16346875
0 0.77884375 0.16665625 0.65865625 0.16665625 0.65865625 0.23396875 0.77884375 0.23396875 0.77884375 0.16665625
0 0.6442265625 0.5769375 0.44711718749999996 0.5769375 0.44711718749999996 0.7339791671875 0.6442265625 0.7339791671875 0.6442265625 0.5769375