0 0.4212711578125 0.535025175 0.66401543125 0.5307880578125 0.6604915 0.3289021453125 0.4177472265625 0.3331392625 0.4212711578125 0.535025175
1 0.3163888078125 0.586550971875 0.381285171875 0.5854182015625 0.38061398125 0.5469657265625 0.3157176171875 0.548098496875 0.3163888078125 0.586550971875
1 0.12088217500000001 0.1988727375 0.2134149546875 0.19725757187499998 0.2112054078125 0.0706726890625 0.11867262812499998 0.0722878546875 0.12088217500000001 0.1988727375
1 0.0533437640625 0.2545599265625 0.0966028 0.2538048375 0.095484028125 0.1897104359375 0.0522249921875 0.190465525 0.0533437640625 0.2545599265625
1 0 0.192971109375 0.11232959375 0.1910103875 0.1102600296875 0.07244511406250001 0 0.0743697109375 0 0.192971109375
1 0.2393599359375 0.374727634375 0.300647475 0.37365785625000003 0.299640690625 0.3159791421875 0.2383531515625 0.3170489203125 0.2393599359375 0.374727634375
1 0.36270509375 0.553685553125 0.40355824531250006 0.5529724593750001 0.402803065625 0.509708215625 0.3619499140625 0.5104213109375 0.36270509375 0.553685553125
1 0.42309656718750005 0.7770301765625 0.4687614875 0.7762330921875 0.4682022828125 0.74419630625 0.42253736406250003 0.744993390625 0.42309656718750005 0.7770301765625
1 0.398074384375 0.7213646453125 0.466579575 0.7201688828125 0.4661319921875 0.69452695625 0.397626803125 0.69572271875 0.398074384375 0.7213646453125
1 0.858040965625 0.557864303125 0.9061117671875 0.5570252250000001 0.905580196875 0.5265715296875 0.85750939375 0.5274106078125 0.858040965625 0.557864303125
1 1 0.4956365390625 0.9991406703125 0.44640563125000005 0.9763004000000001 0.44680430937500004 0.9771955625000001 0.498088165625 1 0.49769011093750004 1 0.4956365390625
1 0.762115159375 0.6412907296875 0.8162006703125 0.6403466625 0.8153335046875 0.59066673125 0.76124799375 0.591610796875 0.762115159375 0.6412907296875
1 0.5223281625 0.677522775 0.5523704609375 0.676998384375 0.5517832609375 0.6433576750000001 0.5217409625 0.6438820640625 0.5223281625 0.677522775