0 0.9165059796874999 0.6307922859375 0.92781301875 0.5232129875 0.8417454375 0.5141669203125 0.8304383984375001 0.62174621875 0.9165059796874999 0.6307922859375
0 0.9337959828125 0.7268837953125 0.9457318265625 0.6133218265625 0.8819788281250001 0.6066211171875 0.8700429843749999 0.7201830859375 0.9337959828125 0.7268837953125
0 0.7941516765625 0.813723646875 0.80621328125 0.69896514375 0.7344833890625 0.691426028125 0.722421784375 0.8061845312499999 0.7941516765625 0.813723646875
0 0.8112302203124999 0.697072940625 0.8204009593749999 0.6098191828124999 0.7343333765625 0.600773115625 0.7251626375 0.6880268734375 0.8112302203124999 0.697072940625
0 0.577579315625 0.7583212328125 0.5885090734375 0.6543315375 0.5072276265625 0.6457885125 0.49629787031249994 0.7497782078124999 0.577579315625 0.7583212328125
1 0.18247464687499998 0.47024814218750005 0.1932786421875 0.3674549796875 0.1215487515625 0.3599158640625 0.1107447546875 0.4627090265625 0.18247464687499998 0.47024814218750005
1 0.8281129921874999 0.3217896421875 0.8354005859375 0.25245281875000003 0.7796244828125001 0.2465905140625 0.7723368890625 0.3159273375 0.8281129921874999 0.3217896421875
1 0.757891678125 0.499304775 0.76919871875 0.3917254765625 0.7086364796875 0.385360128125 0.6973294390625 0.49293942656249995 0.757891678125 0.499304775
1 0.605164840625 0.572695640625 0.6118236296874999 0.5093414890625 0.567194459375 0.5046507734375 0.5605356703125 0.5680049265625 0.605164840625 0.572695640625
1 0.596873609375 0.651581428125 0.6042853312500001 0.5810636109375 0.56284691875 0.5767082578125 0.555435196875 0.6472260765625 0.596873609375 0.651581428125
1 0.5375939140625 0.5716267 0.542116403125 0.5285980890624999 0.4911057171875 0.5232366500000001 0.48658322812500004 0.5662652609375 0.5375939140625 0.5716267
1 0.5499579953125 0.5306241703125 0.5546062453125 0.486399025 0.5211447265625 0.48288207656250004 0.5164964765625 0.5271072218749999 0.5499579953125 0.5306241703125
1 0.548813071875 0.44953685 0.5533355609374999 0.4065082390625 0.51189715 0.4021528859375 0.507374659375 0.4451814984375 0.548813071875 0.44953685
1 0.4195471109375 0.406939965625 0.42771339687500004 0.3292429421875 0.373532671875 0.32354831875 0.3653663859375 0.40124534218749996 0.4195471109375 0.406939965625
1 0.6389867671875 0.1895147015625 0.6490378328124999 0.09388520624999999 0.572542525 0.085845225 0.562491459375 0.181474721875 0.6389867671875 0.1895147015625
1 0.25513433750000003 0.100819378125 0.2610385625 0.0446444296875 0.1813524953125 0.036269087500000005 0.17544827031250002 0.092444034375 0.25513433750000003 0.100819378125
1 0.4714455828125 0.8329642640625 0.4807420828125 0.7445139734375 0.42337060156249995 0.7384839875 0.4140741015625 0.826934278125 0.4714455828125 0.8329642640625
1 0.537522903125 0.9402244312500001 0.545186146875 0.8673135453124999 0.4926008015625 0.8617866031249999 0.48493755937499994 0.9346974890625 0.537522903125 0.9402244312500001
1 0.502118009375 0.970344865625 0.506766259375 0.9261197203125 0.44779939999999996 0.9199220531250001 0.44315115 0.9641471984375001 0.502118009375 0.970344865625
1 0.4072139265625 0.9688383093749999 0.40470197812500003 0.9927379140625 0.4604780796875 0.99860021875 0.4629900296875 0.9747006140625001 0.4072139265625 0.9688383093749999
1 0.3484364578125 0.8841052140625001 0.33775822187500004 0.9857018421875001 0.41744428906250003 0.9940771843749999 0.42812252500000003 0.8924805578124999 0.3484364578125 0.8841052140625001
1 0.2991589046875 0.877700471875 0.305188890625 0.8203289890625 0.26534585625 0.8161413187500001 0.2593158703125 0.8735128 0.2991589046875 0.877700471875
1 0.3802119984375 0.781088890625 0.3847344875 0.7380602796875 0.3225768703125 0.7315272515625 0.31805438124999996 0.7745558625 0.3802119984375 0.781088890625
1 0.6426867953125 0.96698866875 0.6513561250000001 0.884505509375 0.5812216125 0.8771340750000001 0.5725522828125 0.959617234375 0.6426867953125 0.96698866875
1 0.67655148125 0.951223378125 0.688738846875 0.8352683421875 0.64091891875 0.8302422640625 0.628731553125 0.9461973015625 0.67655148125 0.951223378125
1 0.6892780015625 0.7688514859375 0.6946808171875001 0.717447134375 0.6373093359374999 0.7114171484375 0.6319065203124999 0.7628215 0.6892780015625 0.7688514859375
1 0.261709990625 0.36013823437500003 0.2654795484375 0.3242732875 0.23837882656249998 0.3214248875 0.23460926875000002 0.3572898328125 0.261709990625 0.36013823437500003