0 0.48000789531250004 0.5599316609375 0.74767181875 0.5739593328125 0.7578206328125 0.3803084234375 0.490156709375 0.3662807515625 0.48000789531250004 0.5599316609375
0 0.3987733421875 0.66319669375 0.628021234375 0.6752110671875 0.641859734375 0.411156775 0.412611840625 0.399142403125 0.3987733421875 0.66319669375
0 0.45175867500000005 0.2952571515625 0.62820403125 0.3045042609375 0.6320616265625 0.2308969421875 0.45561627031249996 0.2216498328125 0.45175867500000005 0.2952571515625
1 0.7014427015625 0.330821259375 0.81066780625 0.3365455046875 0.814022759375 0.272529190625 0.7047976546875 0.2668049453125 0.7014427015625 0.330821259375
1 0.876900575 0.9787044171874999 0.975328 0.9838627796875 0.9901728750000001 0.700605671875 0.8917454515625 0.695447309375 0.876900575 0.9787044171874999
1 0.43433769843750003 0.8800948249999999 0.5963809437500001 0.8885871515625 0.6015807390625 0.7893691453125 0.43953749374999995 0.78087681875 0.43433769843750003 0.8800948249999999
1 0.0896330953125 0.72883666875 0.1628451234375 0.7326735484375 0.1679609625 0.6350575109375 0.0947489359375 0.6312206312499999 0.0896330953125 0.72883666875
1 0.28396063437499997 0.649147775 0.3199737125 0.651035140625 0.3229088859375 0.5950286671875 0.286895809375 0.593141303125 0.28396063437499997 0.649147775
1 0.33204243125 0.4206009671875 0.3800546671875 0.42311718125000003 0.3816487328125 0.39270059062499996 0.3336364984375 0.39018437499999997 0.33204243125 0.4206009671875
1 0.2825295234375 0.44686857656249995 0.3161396484375 0.44863000937499997 0.319158778125 0.39102156718750003 0.285548653125 0.3892601359375 0.2825295234375 0.44686857656249995
1 0.35159700781250003 0.34617863125000004 0.36960354687499997 0.3471223140625 0.3706099234375 0.3279194984375 0.352603384375 0.326975815625 0.35159700781250003 0.34617863125000004
0 0.5014824921875001 1 0.5090748953124999 0.8551283015625 0.333831015625 0.845944159375 0.3261986890625 0.9915776328125 0.48690703593749995 1 0.5014824921875001 1
1 0.7722833015624999 1 0.7763667046875 0.922084034375 0.5807289375 0.91183109375 0.5761082 1 0.7722833015624999 1
1 0.1090435578125 0.9095898328124999 0.205068028125 0.9146222609375 0.2102678234375 0.8154042578125 0.114243353125 0.810371828125 0.1090435578125 0.9095898328124999
1 0.5847417234375001 0.16904397499999999 0.6279480546875 0.1713083234375 0.629792896875 0.1361066328125 0.586586565625 0.133842284375 0.5847417234375001 0.16904397499999999
1 0.0837708484375 0.9323504375 0.0813394078125 0.9787451015625 0.1569543875 0.9827079140625001 0.159385828125 0.9363132515625001 0.0837708484375 0.9323504375