0 0.478359375 0.26603125 0.152640625 0.26603125 0.152640625 0.5448854171875 0.478359375 0.5448854171875 0.478359375 0.26603125
0 0.4375078125 0.1458229171875 0.2956796875 0.1458229171875 0.2956796875 0.23396875 0.4375078125 0.23396875 0.4375078125 0.1458229171875
1 0.4206796875 0.5945416671875 0.2451953125 0.5945416671875 0.2451953125 0.7083333328125 0.4206796875 0.7083333328125 0.4206796875 0.5945416671875
1 0.27042968749999996 0.7403854171875001 0.0925390625 0.7403854171875001 0.0925390625 0.8637812500000001 0.27042968749999996 0.8637812500000001 0.27042968749999996 0.7403854171875001
0 0.54446875 0.7307708328125 0.375 0.7307708328125 0.375 0.8076874999999999 0.54446875 0.8076874999999999 0.54446875 0.7307708328125
1 0.734375 0.50159375 0.66946875 0.50159375 0.66946875 0.5721145828124999 0.734375 0.5721145828124999 0.734375 0.50159375
1 0.733171875 0.6474375 0.626203125 0.6474375 0.626203125 0.7932708328125 0.733171875 0.7932708328125 0.733171875 0.6474375
1 0.9002421875 1 0.9002421875 0.9070416671875 0.8281328125 0.9070416671875 0.8281328125 1 0.9002421875 1
1 0.57571875 0.8285312499999999 0.48678125000000005 0.8285312499999999 0.48678125000000005 0.8894270828125 0.57571875 0.8894270828125 0.57571875 0.8285312499999999
1 1 0.9615416671875 0.9483124999999999 0.9615416671875 0.9483124999999999 1 1 1 1 0.9615416671875
1 0.819703125 0.8621770828124999 0.7127343749999999 0.8621770828124999 0.7127343749999999 0.9374895828125 0.819703125 0.9374895828125 0.819703125 0.8621770828124999
1 0.623796875 0.3750104171875 0.5564843749999999 0.3750104171875 0.5564843749999999 0.41507291718749995 0.623796875 0.41507291718749995 0.623796875 0.3750104171875
1 0.5613046875000001 0.2980833328125 0.5084140625 0.2980833328125 0.5084140625 0.33975 0.5613046875000001 0.33975 0.5613046875000001 0.2980833328125
1 0.22115625 0.2003229171875 0.1358125 0.2003229171875 0.1358125 0.26121875 0.22115625 0.26121875 0.22115625 0.2003229171875
1 0.3509609375 0.08334375000000001 0.3052890625 0.08334375000000001 0.3052890625 0.12019791718749999 0.3509609375 0.12019791718749999 0.3509609375 0.08334375000000001
1 0.581734375 0.48236458281249994 0.5528906250000001 0.48236458281249994 0.5528906250000001 0.5496770828125 0.581734375 0.5496770828125 0.581734375 0.48236458281249994
1 0.4831796875 0.20031249999999998 0.44832031250000004 0.20031249999999998 0.44832031250000004 0.24518749999999997 0.4831796875 0.24518749999999997 0.4831796875 0.20031249999999998