0 0.5929054093749999 0.30688665625 0.3534295421875 0.3278380796875 0.37088792656249997 0.5273883296874999 0.61036379375 0.50643690625 0.5929054093749999 0.30688665625
1 0.8651030703125 0.025665853125 0.7681141765625 0.03415128125 0.7790086453125 0.15867561875 0.8759975375 0.150190190625 0.8651030703125 0.025665853125
1 0.18415937031250001 0.5581966984375 0.1254928421875 0.5633293546875 0.1280076484375 0.5920737203125 0.18667417656250002 0.5869410640625 0.18415937031250001 0.5581966984375
1 0.6653836078124999 0.4871411046875 0.6294583359375 0.4902841578125 0.6325305765625 0.525400021875 0.6684558484374999 0.5222569671875 0.6653836078124999 0.4871411046875
1 0.7011314015625 0.5097573734374999 0.6520376812500001 0.5140525171875 0.6559487953125 0.5587567546875001 0.705042515625 0.554461609375 0.7011314015625 0.5097573734374999
1 0.6257626578125 0.723859665625 0.5910359328125 0.7268978609375 0.5942479859375001 0.7636117859375 0.628974709375 0.7605735921875 0.6257626578125 0.723859665625
1 0.9491042343749999 0.130922284375 0.9048047015625 0.1347979921875 0.9101121234375 0.195462096875 0.9544116562499999 0.191586390625 0.9491042343749999 0.130922284375
1 0.7851907890625001 0.2707507890625 0.7013703453125 0.278084128125 0.7055610828125001 0.3259844890625 0.7893815281250001 0.3186511515625 0.7851907890625001 0.2707507890625
1 0.0624918375 0.3259272828125 0.00502385625 0.3309550796875 0.0083757203125 0.36926706875000004 0.0658437015625 0.364239271875 0.0624918375 0.3259272828125
1 0.9338840484375 0.149946203125 0.9710000843750001 0.1466989703125 0.96750840625 0.10678892031250001 0.9303923718749999 0.110036153125 0.9338840484375 0.149946203125
1 0.9638691343750001 0.0652814890625 0.9387307843749999 0.06748080937499999 0.9427817109375001 0.113783109375 0.9679200609375 0.1115837890625 0.9638691343750001 0.0652814890625