1 0.8814923203125 0.4037281734375 0.8731436406249999 0.4510758828125 0.9078581140624999 0.45719698124999997 0.91620679375 0.40984927187500003 0.8814923203125 0.4037281734375
1 0.7621044734375 0.2594056703125 0.7499979390625 0.3280652359375 0.7926113906250001 0.3355791375 0.804717925 0.26691957187500004 0.7621044734375 0.2594056703125
1 0.729958659375 0.35869135625 0.7186878078125 0.422611534375 0.7518224859375 0.42845407187499995 0.7630933390625 0.36453389375 0.729958659375 0.35869135625
1 0.7027183296875 0.4393347140625 0.69249208125 0.4973306578125 0.7272065546875 0.5034517562499999 0.737432803125 0.4454558125 0.7027183296875 0.4393347140625
1 0.55603125 0.2560152359375 0.5441336375 0.32348995468749997 0.588326884375 0.331282415625 0.6002244984375 0.263807696875 0.55603125 0.2560152359375
0 0.47529059374999993 0.5017435578125 0.447531303125 0.659174309375 0.524859228125 0.672809309375 0.5526185171875 0.5153785578125001 0.47529059374999993 0.5017435578125
1 0.184842284375 0.7092651453125 0.1581275984375 0.8607716625 0.2244174703125 0.8724603562500001 0.25113215625 0.7209538375 0.184842284375 0.7092651453125
1 0.07494707187500001 0.8156022281249999 0.05491105625 0.9292321171875001 0.12594031562500002 0.941756490625 0.14597633125 0.8281266031250001 0.07494707187500001 0.8156022281249999
1 0.502832909375 0.8715110171875 0.48529987031250005 0.970945825 0.5547493343750001 0.9831916390625001 0.572282375 0.88375683125 0.502832909375 0.8715110171875
1 0.0885337484375 0.00028598125 0.071000709375 0.09972078906250001 0.1925218828125 0.1211482515625 0.210054921875 0.02171344375 0.0885337484375 0.00028598125
1 0.1348778171875 0.11585492187499999 0.121311553125 0.1927930265625 0.190761015625 0.20503884062500002 0.20432727968750003 0.1281007359375 0.1348778171875 0.11585492187499999
1 0.1124866796875 0.205889253125 0.09996501875 0.2769031234375 0.1804525359375 0.29109524531250003 0.192974196875 0.2200813734375 0.1124866796875 0.205889253125
1 0.4303069625 0 0.4297607421875 0.00309776875 0.53234488125 0.0211861203125 0.5360805671875 0 0.4303069625 0
1 0.42223548125 0.11038184531249999 0.40428731406249996 0.212170959375 0.4942536046875 0.22803444375 0.5122017718749999 0.1262453296875 0.42223548125 0.11038184531249999
1 0.6359838843750001 0.0333520484375 0.62387735 0.10201161406249999 0.6870076296875001 0.113143184375 0.6991141640625 0.044483618749999995 0.6359838843750001 0.0333520484375
1 0.7343575453125 0.2044716453125 0.7262177859375 0.250634509375 0.7498942046875 0.2548093 0.7580339640625 0.20864643749999998 0.7343575453125 0.2044716453125
0 0.6249245671875 0.243761015625 0.582557125 0.48403871875000004 0.7040782984375 0.50546618125 0.746445740625 0.2651884765625 0.6249245671875 0.243761015625
0 0.8342581890625 0.40394338437500005 0.8144297375 0.5163961203125 0.8791398140625001 0.5278062515624999 0.8989682640625001 0.4153535171875 0.8342581890625 0.40394338437500005
0 0.7514012828125 0.49550902187499996 0.7234330734375 0.6541246203125 0.8449542484375 0.6755520828125 0.8729224578125001 0.5169364828125 0.7514012828125 0.49550902187499996