1 0.6836696015625 0.864961675 0.6751730234375 0.7957625984375001 0.5908686359375 0.806113875 0.5993652140625 0.875312953125 0.6836696015625 0.864961675
1 0.784169875 0.7630006453125 0.775673296875 0.69380156875 0.6659142359375 0.7072782875 0.6744108140625 0.7764773640625 0.784169875 0.7630006453125
1 0.797544290625 0.3460046765625 0.7916850421875 0.29828491874999996 0.7376119531249999 0.304924259375 0.743471203125 0.3526440171875 0.797544290625 0.3460046765625
1 0.8528507234375 0.28350962812499997 0.8321976781249999 0.115304071875 0.722438615625 0.128780790625 0.7430916609375 0.2969863453125 0.8528507234375 0.28350962812499997
1 0.8920456515625 0.6552932484375 0.8829644812499999 0.5813330515625 0.7922912546875 0.5924663234375 0.8013724249999999 0.6664265203124999 0.8920456515625 0.6552932484375
1 0.1533101953125 0.4905003625 0.1474509453125 0.4427806046875 0.114055903125 0.44688100000000003 0.119915153125 0.4946007578125 0.1533101953125 0.4905003625
1 0.30422368125 0.6281738953125 0.29851105625 0.58164829375 0.2682797546875 0.5853602312499999 0.2739923796875 0.6318858328125 0.30422368125 0.6281738953125
1 0.31471701093750004 0.5820906453125 0.308271265625 0.5295942578124999 0.2796321734375 0.533110696875 0.28607791875 0.5856070828125 0.31471701093750004 0.5820906453125
1 0.3972097265625 0.7148550421875 0.387835309375 0.63850653125 0.3401103796875 0.644366415625 0.3494847984375 0.7207149265624999 0.3972097265625 0.7148550421875
1 0.49336987499999996 0.787812696875 0.48604628906249997 0.7281668765625 0.443097990625 0.7334402640625 0.450421575 0.7930860843749999 0.49336987499999996 0.787812696875
1 0.580509425 0.6560153468750001 0.571721503125 0.5844434640625 0.5001341125 0.593233290625 0.508922034375 0.6648051734375 0.580509425 0.6560153468750001
1 1 0.8285297640625 0.92732085625 0.8374536406249999 0.9352309375000001 0.9018760890624999 1 0.8939234484374999 1 0.8285297640625
0 0.5279506656249999 0.62250681875 0.49147745625 0.325456365625 0.302190634375 0.3486978640625 0.33866384374999997 0.6457483171875 0.5279506656249999 0.62250681875
0 0.2457181796875 0.572388103125 0.227262590625 0.4220793953125 0.1445504109375 0.432235175 0.163006 0.5825438828125 0.2457181796875 0.572388103125
0 0.30981034687500003 0.39742149531250004 0.293843559375 0.2673824421875 0.1427284078125 0.2859370484375 0.1586951953125 0.41597610312500005 0.30981034687500003 0.39742149531250004
0 0.7027660296875 0.49448228437499997 0.6815264875 0.3215001 0.528819128125 0.34025020625 0.5500586703125 0.513232390625 0.7027660296875 0.49448228437499997