0 0.79538250625 0.381730871875 0.613925771875 0.3785635328125 0.6113526328125001 0.5259785781249999 0.7928093671875 0.5291459171875 0.79538250625 0.381730871875
1 0.9413508765625 0.6968263625 0.99662370625 0.6977911531250001 0.997994084375 0.6192822796875 0.942721253125 0.6183174890625 0.9413508765625 0.6968263625
1 0.3091153453125 0.416520471875 0.22259727499999998 0.41501029375 0.2218980875 0.4550666921875 0.308416159375 0.45657687031250005 0.3091153453125 0.416520471875
1 0.30889173593749997 0.4982686046875 0.259617990625 0.49740852812499997 0.25889080781249996 0.539068846875 0.3081645515625 0.5399289234375 0.30889173593749997 0.4982686046875
1 0.48344785625000003 0.82828195625 0.44259470468749995 0.8275688625000001 0.4414479359375 0.8932671890625 0.48230108749999995 0.893980284375 0.48344785625000003 0.82828195625
1 0.5134543453125 0.899347715625 0.45818151562500004 0.8983829249999999 0.45650353906249996 0.9945141156249999 0.51177636875 0.99547890625 0.5134543453125 0.899347715625
1 0.8302694109375001 1 0.83139824375 0.9353291671875 0.7809215578125001 0.9344480921875 0.779777346875 1 0.8302694109375001 1
1 0.984958784375 0.883511690625 0.9116574500000001 0.8822322125 0.9104266921875 0.95274230625 0.9837280265624999 0.954021784375 0.984958784375 0.883511690625
1 0.2141503125 0.8299989953125 0.1756874203125 0.8293276234375 0.17398144843750002 0.9270627359375 0.21244433906250001 0.9277341078125 0.2141503125 0.8299989953125
1 0 0.5794317265625 0.0958823421875 0.581105359375 0.0969731171875 0.5186148796875 0.0008315124999999999 0.5169367203124999 0 0.5645740578125 0 0.5794317265625
1 0.0987350828125 0.41767192187499996 0.03383871875 0.416539153125 0.033223521875 0.451783784375 0.0981198859375 0.452916553125 0.0987350828125 0.41767192187499996
1 0.15323236875 0.39457784687499997 0.10516156562500001 0.3937387671875 0.1046859875 0.4209846171875 0.152756790625 0.42182369687500004 0.15323236875 0.39457784687499997
1 0.29792017187500003 0.36985965 0.21619824531249998 0.3684331875 0.21561104531250003 0.402073896875 0.297332971875 0.4035003578125 0.29792017187500003 0.36985965
1 0.18139963125 0.22677304375000001 0.14413968125 0.22612266875000003 0.14341249843749998 0.2677829890625 0.180672446875 0.26843336406249996 0.18139963125 0.22677304375000001
1 0.2697156578125 0.1257260625 0.2276595640625 0.124991971875 0.2269043828125 0.16825621562499998 0.2689604765625 0.1689903078125 0.2697156578125 0.1257260625
1 0.2925204828125 0.19664528125 0.26728995 0.1962048796875 0.2667583796875 0.2266585734375 0.2919889109375 0.227098975 0.2925204828125 0.19664528125
1 0.3439685078125 0.21036817968750002 0.2922888796875 0.20946610781250002 0.2915337 0.2527303515625 0.343213328125 0.253632421875 0.3439685078125 0.21036817968750002
1 0.7957095671875 0.2246709921875 0.74884170625 0.22385291093749998 0.7483381312499999 0.25270268281249997 0.7952059921875 0.253520765625 0.7957095671875 0.2246709921875
1 0.8046261031249999 0.264895234375 0.767366153125 0.26424485937500003 0.766918571875 0.2898867875 0.8041785203125 0.2905371625 0.8046261031249999 0.264895234375
1 0.8688512749999999 0.3734180640625 0.8279981234375 0.37270496875000003 0.8274389187500001 0.40474175625 0.8682920703124999 0.40545485000000003 0.8688512749999999 0.3734180640625
1 0.8456072234375 0.39704724687500004 0.813159040625 0.3964808625 0.8127114593749999 0.4221227890625 0.8451596421875 0.42268917500000003 0.8456072234375 0.39704724687500004
1 0.9395316515625 0.5252997390624999 0.8878520234374999 0.5243976671875 0.8872368265624999 0.5596422984375 0.9389164546875 0.5605443703125 0.9395316515625 0.5252997390624999
1 0.9106006734375001 0.59853514375 0.8625298718750001 0.597696065625 0.8618026875 0.639356384375 0.909873490625 0.6401954640625 0.9106006734375001 0.59853514375
1 0.42808959062499996 0.487524340625 0.39323552500000003 0.4869159609375 0.3925363375 0.5269723578125001 0.427390403125 0.5275807390625 0.42808959062499996 0.487524340625
1 0.224492134375 0.5128186765625 0.140364325 0.5113502203125 0.1392735484375 0.5738407015625 0.223401359375 0.5753091578125 0.224492134375 0.5128186765625
1 0.8849700203124999 0.4137576015625 0.8609424296875 0.4133381984375 0.86043885625 0.44218797031249996 0.8844664453125001 0.44260737343749995 0.8849700203124999 0.4137576015625
1 0.37188759843749997 0.884030953125 0.3250197375 0.8832128718750001 0.3242925546875 0.9248731921875001 0.371160415625 0.9256912734375 0.37188759843749997 0.884030953125