0 0.55493448125 0.061819421875 0.450198159375 0.07653915156249999 0.46424884375 0.176514965625 0.568985165625 0.161795234375 0.55493448125 0.061819421875
0 0.6325274703125 0.0266365 0.551588528125 0.0380117265625 0.5598403328125 0.096726371875 0.640779275 0.0853511453125 0.6325274703125 0.0266365
0 0.7696654046875 0.33750300312500003 0.6042287453124999 0.360753609375 0.6209556125 0.47977145312499997 0.7863922718749999 0.456520846875 0.7696654046875 0.33750300312500003
1 0.474633690625 0.5958064390625 0.3794132265625 0.609188803125 0.3921272703125 0.6996539171875 0.487347734375 0.6862715546875 0.474633690625 0.5958064390625
1 0.23008360312499998 0.8680742578125 0.17295751406249998 0.8761028062499999 0.1852250421875 0.9633908109375 0.2423511328125 0.9553622640625001 0.23008360312499998 0.8680742578125
1 0.576675078125 0.795096584375 0.510017659375 0.8044646734375 0.5236218296875 0.9012633765625001 0.5902792484375 0.8918952875 0.576675078125 0.795096584375
1 0.2032028359375 0.46079968750000005 0.107982371875 0.47418205 0.11757371875 0.542428025 0.2127941828125 0.5290456625 0.2032028359375 0.46079968750000005
1 0.0567097828125 0.541262303125 0.0019665265625000003 0.548955965625 0.01222474375 0.621946975 0.066968 0.6142533109375 0.0567097828125 0.541262303125
1 0.27774415937499997 0.2399323234375 0.2098953234375 0.24946785624999998 0.2168104875 0.29867180000000004 0.284659321875 0.28913626875 0.27774415937499997 0.2399323234375
1 0.45723819218750006 0.26489240937499997 0.3846391640625 0.27509553750000004 0.3928909703125 0.33381018125 0.465489996875 0.32360705312500004 0.45723819218750006 0.26489240937499997
1 0.9537829078125 0.2743895828125 0.878801046875 0.284927596875 0.8843766703125 0.3246002109375 0.9593585296875 0.3140621984375 0.9537829078125 0.2743895828125
1 0.8711973625 0.46400989218750005 0.785508228125 0.47605271406250005 0.791753621875 0.52049099375 0.8774427546875 0.508448171875 0.8711973625 0.46400989218750005
1 0.9629367249999999 0.3653445359375 0.8962793046875 0.374712625 0.904084596875 0.430250159375 0.9707420156250001 0.4208820703125 0.9629367249999999 0.3653445359375
1 1 0.4815253234375 0.9368141874999999 0.49040550937500005 0.9450659937499999 0.549120153125 1 0.5413996812499999 1 0.4815253234375
1 0.9629917015625 0.460828628125 0.99870324375 0.4558096984375 0.9908979531250001 0.400272165625 0.9551864109375 0.4052910953125 0.9629917015625 0.460828628125
0 0.772224096875 0.1397010734375 0.6436749234375 0.15776748125 0.6546029109375 0.2355241546875 0.7831520859375 0.217457746875 0.772224096875 0.1397010734375
0 0.6605637828125 0.1829011890625 0.5617690703125 0.19678588125000002 0.56756795 0.2380470515625 0.6663626625 0.224162359375 0.6605637828125 0.1829011890625
1 0.5816863875 0.4076072921875 0.5400332359375 0.4134612609375 0.5449390875 0.44836821093749996 0.5865922390625 0.4425142421875 0.5816863875 0.4076072921875
1 0.5516255984375 0.44418862031249995 0.5075896156249999 0.4503774734375 0.51294198125 0.48846153281250004 0.5569779640625 0.4822726796875 0.5516255984375 0.44418862031249995
1 0.6045946843750001 0.44969323437500003 0.553410203125 0.45688674375 0.5614387515625 0.5140128328125 0.6126232328125 0.5068193234375 0.6045946843750001 0.44969323437500003
1 0.8519959187499999 0.5605698484375 0.8162843765625001 0.565588778125 0.8243129250000001 0.6227148671875 0.8600244671875 0.6176959375 0.8519959187499999 0.5605698484375
1 0.6840753937499999 0.056608265625 0.6471724359375 0.061794639062500004 0.6520782875 0.09670158749999999 0.6889812453124999 0.09151521562500001 0.6840753937499999 0.056608265625