0 0.5877343749999999 0.18909375 0.433890625 0.18909375 0.433890625 0.3124895828125 0.5877343749999999 0.3124895828125 0.5877343749999999 0.18909375
0 0.92909375 0.4406979171875 0.703125 0.4406979171875 0.703125 0.59134375 0.92909375 0.59134375 0.92909375 0.4406979171875
0 0.7295625 0.5096145828124999 0.55528125 0.5096145828124999 0.55528125 0.62659375 0.7295625 0.62659375 0.7295625 0.5096145828124999
0 0.7055234375 0.13783333281250001 0.5817265625 0.13783333281250001 0.5817265625 0.21154166718749998 0.7055234375 0.21154166718749998 0.7055234375 0.13783333281250001
1 0.365375 0.6955208328125 0.23196875 0.6955208328125 0.23196875 0.7724375 0.365375 0.7724375 0.365375 0.6955208328125
1 0.3786015625 0.6458229171875 0.25480468749999996 0.6458229171875 0.25480468749999996 0.7099270828125 0.3786015625 0.7099270828125 0.3786015625 0.6458229171875
1 0.7079296875 0.3605729171875 0.6646640625 0.3605729171875 0.6646640625 0.40063541718750006 0.7079296875 0.40063541718750006 0.7079296875 0.3605729171875
1 0.0625 0.44390625000000006 0.00240625 0.44390625000000006 0.00240625 0.5608854171875 0.0625 0.5608854171875 0.0625 0.44390625000000006
1 0.2920625 0.0785208328125 0.23678125 0.0785208328125 0.23678125 0.1266041671875 0.2920625 0.1266041671875 0.2920625 0.0785208328125
1 0.1815 0.3269270828125 0.1298125 0.3269270828125 0.1298125 0.3669895828125 0.1815 0.3669895828125 0.1815 0.3269270828125
1 0.9615390625 0.8381458328125 0.8798046875000001 0.8381458328125 0.8798046875000001 0.9631458328125 0.9615390625 0.9631458328125 0.9615390625 0.8381458328125
1 0.866578125 0.3669895828125 0.780046875 0.3669895828125 0.780046875 0.41346875 0.866578125 0.41346875 0.866578125 0.3669895828125
1 0.7716406250000001 0.1826875 0.719953125 0.1826875 0.719953125 0.2307708328125 0.7716406250000001 0.2307708328125 0.7716406250000001 0.1826875