0 0.4794103890625 0.8193224062500001 0.65459845625 0.7884320234375 0.6401277750000001 0.7063647109375 0.46493970781250005 0.73725509375 0.4794103890625 0.8193224062500001
0 0.5945930749999999 0.76647663125 0.80646523125 0.729117853125 0.776409625 0.55866404375 0.5645374703125 0.596022821875 0.5945930749999999 0.76647663125
0 0.305302215625 0.641732990625 0.6556629625 0.5799549390625 0.6147543453125001 0.3479506453125 0.2643936 0.4097286984375 0.305302215625 0.641732990625
0 0.45420760781249997 0.337207753125 0.64359845 0.3038130375 0.6085359875 0.10496393749999999 0.41914514687500004 0.138358653125 0.45420760781249997 0.337207753125
1 0.5450062265625 0.8451787921875 0.6006324765625 0.8353703828124999 0.5959005640624999 0.808534371875 0.5402743140624999 0.8183427812499999 0.5450062265625 0.8451787921875
1 0.270182290625 0.3940583515625 0.3222693890625 0.384873990625 0.3147554875 0.34226053749999996 0.2626683890625 0.3514448984375 0.270182290625 0.3940583515625
1 0.1184907140625 0.2190213625 0.0912207140625 0.06436551093750001 0.003634375 0.07980934687499999 0.0309043734375 0.234465196875 0.1184907140625 0.2190213625
1 0.09539789374999999 0.551816459375 0.19483270156250002 0.5342834203125 0.1856510546875 0.48221171093750004 0.086216246875 0.49974474999999996 0.09539789374999999 0.551816459375
1 0.2761983375 0.6566382703125 0.336563975 0.6459941796875001 0.3282143921875 0.598641340625 0.2678487546875 0.60928543125 0.2761983375 0.6566382703125
1 0.353617971875 0.7080696 0.41398361093749997 0.697425509375 0.40953025781249996 0.67216929375 0.3491646203125 0.6828133843749999 0.353617971875 0.7080696
1 0.41831070312499996 0.680394546875 0.47393695312500006 0.6705861375 0.4669801734375 0.6311322765625 0.411353921875 0.6409406859375 0.41831070312499996 0.680394546875