1 0.1813820921875 0.7680739890625 0.1766026828125 0.6997252640625 0.131836996875 0.7028555859375001 0.1366164046875 0.7712043109375 0.1813820921875 0.7680739890625
1 0.8457661140624999 0 0.8574131640625 0.1665605640625 0.9773078937499999 0.15817670781249998 0.9662471 0 0.8457661140624999 0
1 0.507174746875 0.1199722234375 0.4992933546875 0.007263073437500001 0.3857788796875 0.015200778125 0.3936602703125 0.12790992968749998 0.507174746875 0.1199722234375
1 0.9409649906249999 0.55712116875 0.93618558125 0.4887724453125 0.8866191171875 0.49223846875 0.8913985265625 0.56058719375 0.9409649906249999 0.55712116875
1 0.8370356859375001 0.9776452859375 0.8318377390625 0.903311178125 0.7183232640625 0.9112488828125 0.7235212109375 0.9855829921874999 0.8370356859375001 0.9776452859375
1 0.6102262625 0.8356834 0.60377051875 0.7433619640625 0.52064018125 0.7491750046875 0.527095925 0.8414964390625 0.6102262625 0.8356834
1 0.3558958390625 0.7594889874999999 0.35111643125 0.6911402640625 0.3031502265625 0.6944943875 0.307929634375 0.7628431109375 0.3558958390625 0.7594889874999999
1 0.363186078125 0.90958826875 0.3564785578125 0.81366625 0.30691209375 0.817132275 0.313619615625 0.9130542921875 0.363186078125 0.90958826875
1 0.416763140625 0.9407784609375 0.4128229890625 0.8844316796875 0.36325652656249996 0.8878977046875001 0.3671966765625 0.9442444859375 0.416763140625 0.9407784609375
0 0.5283568078124999 0.8823752515625 0.5073121515625 0.581422646875 0.35703328437500004 0.59193116875 0.378077940625 0.8928837734374999 0.5283568078124999 0.8823752515625
0 0.303423371875 0.6294105421875 0.2926078484375 0.47474135312500004 0.16471182499999998 0.48368471562500004 0.1755273484375 0.638353903125 0.303423371875 0.6294105421875
0 0.217742009375 0.713725571875 0.209608840625 0.5974158390625 0.126478503125 0.603228878125 0.134611671875 0.7195386109374999 0.217742009375 0.713725571875
0 0.649851934375 0.5063827171875 0.6399585046875 0.3649000796875 0.484878859375 0.37574430468750003 0.49477228906250004 0.51722694375 0.649851934375 0.5063827171875