1 0.08144834375 0.5665569796875001 0.098354621875 0.4706767125 0.01786710625 0.45648459218750004 0.000960828125 0.552364859375 0.08144834375 0.5665569796875001
1 0.2771003546875 0.7304274046875 0.2908755390625 0.652304453125 0.2356442375 0.642565684375 0.221869053125 0.7206886375 0.2771003546875 0.7304274046875
1 0.22397449218749999 0.7918303578125 0.236287234375 0.7220013328125 0.1668377703125 0.70975551875 0.15452502968749998 0.77958454375 0.22397449218749999 0.7918303578125
1 0.14484151875 0.8438004781249999 0.1565302109375 0.77751060625 0.0918201359375 0.766100475 0.0801314421875 0.832390346875 0.14484151875 0.8438004781249999
1 0 0.8109309 0.06875685625 0.8230545890625001 0.0823231203125 0.7461164828125 0 0.731600696875 0 0.8109309
1 0.346933184375 0.6390007093750001 0.3554907828125 0.590468153125 0.304978353125 0.5815614484375 0.2964207546875 0.6300940046875 0.346933184375 0.6390007093750001
1 0.409299853125 0.4791203765625 0.42328395781249994 0.3998125765625 0.3459560328125 0.386177578125 0.331971928125 0.4654853765625 0.409299853125 0.4791203765625
1 0.33055496406249996 0.3627250375 0.3378590390625 0.3213015625 0.311023028125 0.3165696484375 0.3037189515625 0.357993125 0.33055496406249996 0.3627250375
1 0.29544224375 0.37727856718749997 0.308381746875 0.3038950015625 0.2657682953125 0.2963811 0.2528287921875 0.369764665625 0.29544224375 0.37727856718749997
0 0.2724715890625 0 0.2510132453125 0.1216963078125 0.388311859375 0.14590575781249998 0.41403898124999994 0 0.2724715890625 0
0 0.4579773375 0 0.411724978125 0.2623101609375 0.60585520625 0.2965405578125 0.65469375625 0.019563376562500002 0.543744334375 0 0.4579773375 0
0 0.7789354171875 0.256272928125 0.805441184375 0.10595125624999999 0.7296930546875 0.0925948171875 0.7031872875 0.24291648906250002 0.7789354171875 0.256272928125
0 0.772934625 0.09654648437499999 0.7825341140625001 0.042105081249999995 0.629437540625 0.015110025 0.6198380515624999 0.06955142812500001 0.772934625 0.09654648437499999
1 0.6181331625 0.3560612296875 0.628986175 0.2945107453125 0.595851496875 0.2886682078125 0.5849984859374999 0.3502186921875 0.6181331625 0.3560612296875
1 0.84008168125 0.2048121859375 0.8484303593750001 0.157464475 0.8058169078124999 0.1499505734375 0.7974682296875 0.19729828437500002 0.84008168125 0.2048121859375