1 0.3733958328125 0.59134375 0.3733958328125 0.671875 0.49839583281250005 0.671875 0.49839583281250005 0.59134375 0.3733958328125 0.59134375
1 0.027239582812500003 0.45792968749999996 0.027239582812500003 0.5769140625 0.1394270828125 0.5769140625 0.1394270828125 0.45792968749999996 0.027239582812500003 0.45792968749999996
1 0 0.2319765625 0.0673020828125 0.2319765625 0.0673020828125 0.11658593749999999 0 0.11658593749999999 0 0.2319765625
1 0.017625 0.21875 0.017625 0.29446875 0.125 0.29446875 0.125 0.21875 0.017625 0.21875
1 0.1378125 0.22235156250000002 0.1378125 0.2572109375 0.1826875 0.2572109375 0.1826875 0.22235156250000002 0.1378125 0.22235156250000002
1 0.2019270828125 0.26803125 0.2019270828125 0.322125 0.2900729171875 0.322125 0.2900729171875 0.26803125 0.2019270828125 0.26803125
1 0.26603125 0.3161015625 0.26603125 0.37980468749999996 0.3125104171875 0.37980468749999996 0.3125104171875 0.3161015625 0.26603125 0.3161015625
1 0.2868541671875 0.3786015625 0.2868541671875 0.47355468749999996 0.3798125 0.47355468749999996 0.3798125 0.3786015625 0.2868541671875 0.3786015625
1 0.3926354171875 0.457921875 0.3926354171875 0.512015625 0.4599479171875 0.512015625 0.4599479171875 0.457921875 0.3926354171875 0.457921875
1 0.615375 0.7331640625 0.615375 0.7836484375 0.66025 0.7836484375 0.66025 0.7331640625 0.615375 0.7331640625
1 0.6923125 0.7584140625 0.6923125 0.8329296875000001 0.7403958328125 0.8329296875000001 0.7403958328125 0.7584140625 0.6923125 0.7584140625
1 0.40865625000000005 1 0.40865625000000005 0.9314921875 0.3093020828125 0.9314921875 0.3093020828125 1 0.40865625000000005 1
1 0.3141041671875 0.6898984375 0.3141041671875 0.7536015625 0.3798125 0.7536015625 0.3798125 0.6898984375 0.3141041671875 0.6898984375
1 0.2676354171875 0.6971093749999999 0.2676354171875 0.7596093749999999 0.3221145828125 0.7596093749999999 0.3221145828125 0.6971093749999999 0.2676354171875 0.6971093749999999
1 0.0833229171875 0.578125 0.0833229171875 0.6141875 0.1682604171875 0.6141875 0.1682604171875 0.578125 0.0833229171875 0.578125
1 0 0.60096875 0.072125 0.60096875 0.072125 0.53365625 0 0.53365625 0 0.60096875
1 0.42628125 0.503609375 0.42628125 0.5528906250000001 0.48396875 0.5528906250000001 0.48396875 0.503609375 0.42628125 0.503609375
0 0.8189062500000001 1 0.8189062500000001 0.8413437500000001 0.7371770828125 0.8413437500000001 0.7371770828125 1 0.8189062500000001 1
0 0.6826979171875001 1 0.6826979171875001 0.82090625 0.47917708281250004 0.82090625 0.47917708281250004 1 0.6826979171875001 1