0 0.2585328296875 0.5412143656249999 0.2878876 0.390197159375 0.168333590625 0.3669582140625 0.13897881875 0.5179754203125 0.2585328296875 0.5412143656249999
0 0.140362421875 0.62844881875 0.1635248453125 0.50928848125 0.10217314531249999 0.4973629203125 0.0790107234375 0.61652325625 0.140362421875 0.62844881875
0 0.42048080312499997 0.8922764328125 0.4560279234375 0.70940235625 0.3128739578125 0.68157604375 0.2773268390625 0.8644501203124999 0.42048080312499997 0.8922764328125
0 0.4750820171875 0.7290235453125 0.5037480875 0.5815493984375 0.42037112812500005 0.565342559375 0.3917050578125 0.71281670625 0.4750820171875 0.7290235453125
0 0.6661229421875 0.4600496890625 0.69226675625 0.325551428125 0.6293403625 0.31331977499999997 0.6031965484375 0.4478180375 0.6661229421875 0.4600496890625
1 0.6246679640624999 0.421374446875 0.6391157828125 0.3470468625 0.568315921875 0.33328476406249996 0.5538681046875 0.407612346875 0.6246679640624999 0.421374446875
1 0.5745640578125 0.10799398906249999 0.5899301453125 0.028942325 0.5175760421875 0.0148781109375 0.5022099546875001 0.09392977500000001 0.5745640578125 0.10799398906249999
1 0.9688460578125 0.515216171875 0.9810011859375001 0.45268345312499997 0.938525359375 0.4444269875 0.9263702296874999 0.5069597078125 0.9688460578125 0.515216171875
1 0.719514009375 1 0.7338512609375 0.9262412390625 0.636322509375 0.9072835703125 0.62072685625 0.9875162546875 0.6849501578125 1 0.719514009375 1
1 0.283811815625 0.8142734375 0.297341365625 0.7446699359375 0.2564402328125 0.7367195609375 0.2429106828125 0.8063230625 0.283811815625 0.8142734375
1 0.1491052765625 0.6926003671875 0.158049446875 0.6465865921875 0.1045712171875 0.6361914765625001 0.0956270453125 0.6822052515625 0.1491052765625 0.6926003671875
1 0.29936985781250003 0.683845728125 0.3087731640625 0.6354699140625 0.27574549843749996 0.6290499859375001 0.2663421921875 0.6774258 0.29936985781250003 0.683845728125
1 0.9066598671874999 0.78474785625 0.9160631734375 0.736372040625 0.8169597296875001 0.7171082828124999 0.8075564234374999 0.7654840984375 0.9066598671874999 0.78474785625
1 0.1428532890625 0.20406446250000002 0.1495047703125 0.169845553125 0.10702894375000001 0.1615890890625 0.1003774609375 0.19580799843750002 0.1428532890625 0.20406446250000002