1 0.22956249999999997 0.7532083328125 0.055281250000000004 0.7532083328125 0.055281250000000004 0.8878333328125001 0.22956249999999997 0.8878333328125001 0.22956249999999997 0.7532083328125
1 0.784859375 0.55128125 0.7091406250000001 0.55128125 0.7091406250000001 0.6506354171875001 0.784859375 0.6506354171875001 0.784859375 0.55128125
1 0.697125 0.6410208328125 0.6454375 0.6410208328125 0.6454375 0.7035208328125 0.697125 0.7035208328125 0.697125 0.6410208328125
1 0.7151484375 0.6858854171875 0.6310078125 0.6858854171875 0.6310078125 0.7564062500000001 0.7151484375 0.7564062500000001 0.7151484375 0.6858854171875
1 1 0.9647500000000001 0.8725937500000001 0.9647500000000001 0.8725937500000001 1 1 1 1 0.9647500000000001
1 0.8437578125 0.8846041671875 0.7776484375 0.8846041671875 0.7776484375 0.9743541671875 0.8437578125 0.9743541671875 0.8437578125 0.8846041671875
1 0.600953125 0.31890625 0.5252343749999999 0.31890625 0.5252343749999999 0.3621770828125 0.600953125 0.3621770828125 0.600953125 0.31890625
1 0.5180234375 0.2403958328125 0.47475781250000004 0.2403958328125 0.47475781250000004 0.2788541671875 0.5180234375 0.2788541671875 0.5180234375 0.2403958328125
1 0.3786015625 0.1041666671875 0.3305234375 0.1041666671875 0.3305234375 0.15545833281250002 0.3786015625 0.15545833281250002 0.3786015625 0.1041666671875
1 0.1322109375 0.27884375 0.0661015625 0.27884375 0.0661015625 0.3156979171875 0.1322109375 0.3156979171875 0.1322109375 0.27884375
0 0.293265625 0.1778854171875 0.150234375 0.1778854171875 0.150234375 0.3253229171875 0.293265625 0.3253229171875 0.293265625 0.1778854171875
0 0.4495234375 0.1634479171875 0.3101015625 0.1634479171875 0.3101015625 0.23396875 0.4495234375 0.23396875 0.4495234375 0.1634479171875
0 0.5324453124999999 0.31090625 0.24999218750000002 0.31090625 0.24999218750000002 0.5176354171875001 0.5324453124999999 0.5176354171875001 0.5324453124999999 0.31090625
0 0.4134609375 0.5448645828124999 0.2355703125 0.5448645828124999 0.2355703125 0.6923020828124999 0.4134609375 0.6923020828124999 0.4134609375 0.5448645828124999
1 0.9326953124999999 0.5368645828124999 0.8846171875 0.5368645828124999 0.8846171875 0.5865520828124999 0.9326953124999999 0.5865520828124999 0.9326953124999999 0.5368645828124999
1 0.9687421875 0.5480729171875 0.9230703124999999 0.5480729171875 0.9230703124999999 0.6089687500000001 0.9687421875 0.6089687500000001 0.9687421875 0.5480729171875
1 1 0.6266041671875 0.9375 0.6266041671875 0.9375 0.7243541671875 1 0.7243541671875 1 0.6266041671875