1 0.9067419624999999 0.314990471875 0.9907594734374999 0.3105873 0.98522385625 0.204961421875 0.9012063453125 0.20936459375 0.9067419624999999 0.314990471875
1 0.8803545421875001 0.0869026453125 0.795127753125 0.0913691921875 0.8016697484374999 0.216197884375 0.8868965375 0.2117313375 0.8803545421875001 0.0869026453125
1 0.303478003125 0.0112194765625 0.1138320125 0.0211584015625 0.12087774062500001 0.155598903125 0.31052373125 0.145659978125 0.303478003125 0.0112194765625
1 0.40699168593749996 0.0571357484375 0.3265708015625 0.0613504296875 0.3290872890625 0.109367865625 0.4095081734375 0.1051531859375 0.40699168593749996 0.0571357484375
1 0.7025374078125 0.0239976671875 0.619713571875 0.028338279687500002 0.6228166578125001 0.08754868906249999 0.70564049375 0.0832080765625 0.7025374078125 0.0239976671875
1 0.7143951234375 0.365198853125 0.6339742390625001 0.3694135328125 0.6369094140625 0.42542000625 0.7173302984375 0.421205325 0.7143951234375 0.365198853125
1 0.6284096234375001 0.6537402546875 0.5840018171875 0.6560675703125 0.586686215625 0.70728894375 0.631094021875 0.7049616296875 0.6284096234375001 0.6537402546875
1 0.6721269453125001 0.6610769046875 0.6289206140625 0.663341253125 0.6315210578125 0.7129606578125001 0.6747273875 0.7106963093750001 0.6721269453125001 0.6610769046875
1 0.7689240125000001 0.5789817640625 0.688503128125 0.58319644375 0.6913543468750001 0.637600946875 0.77177523125 0.6333862671875 0.7689240125000001 0.5789817640625
1 0.5260913703125001 0.8372320656250001 0.48648946718749997 0.8393075124999999 0.48858617656250003 0.879315109375 0.5281880796875 0.8772396609375 0.5260913703125001 0.8372320656250001
0 0.6240404015625 0.730991459375 0.44519209374999996 0.740364503125 0.4498892453125 0.829991503125 0.6287375546875 0.8206184609375 0.6240404015625 0.730991459375
0 0.452063828125 0.664588515625 0.30922859687500004 0.6720741921875 0.3168609234375 0.817707665625 0.45969615468749997 0.8102219890625 0.452063828125 0.664588515625
0 0.7018034109375 0.42363585312499996 0.39093315781250004 0.43992787343749995 0.40175252656250005 0.646373725 0.7126227796875 0.63008170625 0.7018034109375 0.42363585312499996
0 0.518493996875 0.23264486562500003 0.358853703125 0.24101125781250002 0.3668218515625 0.3930526046875 0.5264621453125 0.3846862125 0.518493996875 0.23264486562500003