1 0.3456234375 0.18037905625 0.359141590625 0.23893260781249998 0.42003971875 0.2248731671875 0.40652156718750004 0.166319615625 0.3456234375 0.18037905625
1 0 0.5141807171874999 0.006782375 0.5435584109375 0.1082792578125 0.520126009375 0.089351734375 0.438141903125 0 0.4587703765625 0 0.5141807171874999
1 0 0.4144831078125 0.011872284375 0.465907621875 0.0946328421875 0.44680084062500003 0.0757053203125 0.364816734375 0 0.3822946859375 0 0.4144831078125
1 0.12386493125 0.388239759375 0.1335975796875 0.430396490625 0.1913696046875 0.4170587671875 0.1816369578125 0.3749020375 0.12386493125 0.388239759375
1 0.140223784375 0.252478709375 0.154283225 0.31337683906249997 0.20580304218749998 0.30148255156250003 0.1917436015625 0.240584421875 0.140223784375 0.252478709375
1 0.196701278125 0.17653061875 0.20967814218749997 0.232739590625 0.2487138421875 0.2237274890625 0.235736978125 0.1675185171875 0.196701278125 0.17653061875
1 0.268238203125 0.664531684375 0.2779708515625 0.7066884140624999 0.3279479140625 0.6951503 0.3182152671875 0.6529935703125 0.268238203125 0.664531684375
1 0.1910096390625 0.657681896875 0.202907440625 0.7092169390625 0.27318388125 0.6929923437500001 0.2612860796875 0.6414573015625 0.1910096390625 0.657681896875
1 0.266522528125 0.7710139484375 0.27598453125 0.8119983890625001 0.3103310765625 0.8040688640625 0.3008690734375 0.7630844234375 0.266522528125 0.7710139484375
1 0.5660333484375 0.85728735625 0.5860399328125 0.94394539375 0.631327840625 0.9334898562499999 0.61132125625 0.8468318171875 0.5660333484375 0.85728735625
1 0.5815317265625 0.77475601875 0.5928882390625 0.8239464828124999 0.62567173125 0.8163778171875 0.6143152187500001 0.767187353125 0.5815317265625 0.77475601875
0 0.5134566984375 0.3303674171875 0.551308228125 0.49432040468749994 0.6824827984375 0.46403636875 0.64463126875 0.30008338125 0.5134566984375 0.3303674171875
1 0.4679529578125 0.2187506125 0.47795624999999997 0.26207963125 0.504507834375 0.255949715625 0.4945045421875 0.21262069687500001 0.4679529578125 0.2187506125
1 0.738272378125 0.2710559953125 0.74665531875 0.3073665046875 0.7810018640624999 0.2994369796875 0.772618921875 0.26312647031249997 0.738272378125 0.2710559953125
1 0.829624321875 0.6952694671875 0.8409808359375001 0.74445993125 0.87532738125 0.73653040625 0.8639708671875 0.6873399421874999 0.829624321875 0.6952694671875
1 0.8626232843749999 0.7456372390625 0.8674913656250001 0.766723215625 0.8956060015625 0.7602324406250001 0.8907379203125 0.7391464640625001 0.8626232843749999 0.7456372390625
1 0.6545027015625 0.7702490453124999 0.6701860078124999 0.8381809078125 0.70765865625 0.8295296656250001 0.69197535 0.7615978015625 0.6545027015625 0.7702490453124999
1 0.7008612796875 0.76447739375 0.718706225 0.84177234375 0.7436947578125 0.8360032875 0.7258498125 0.7587083375 0.7008612796875 0.76447739375
1 0.281404415625 0.89956250625 0.292219640625 0.9464083921875 0.3671649390625 0.92910590625 0.3563497140625 0.8822600203125001 0.281404415625 0.89956250625
1 0.17958626093750002 1 0.166237215625 0.9421789328125 0.13032761875 0.9504693156249999 0.141762678125 1 0.17958626093750002 1
1 0.4077124703125 0.24992098125 0.419610271875 0.301456021875 0.44928796093749995 0.2946043875 0.43739015937500003 0.24306934687499998 0.4077124703125 0.24992098125
1 0.5948310078125 0.2696465328125 0.6005075062499999 0.294234153125 0.6254960390625001 0.2884650953125 0.6198195390625 0.2638774765625 0.5948310078125 0.2696465328125
1 0.6026789296875 0.23945899218750002 0.60970865 0.26990805625 0.6378232875000001 0.26341728125 0.6307935671875 0.2329682171875 0.6026789296875 0.23945899218750002
1 0.23808344843749998 0.07076078125 0.23294472187499998 0.048502515625 0.19234596875 0.057875474999999996 0.19748469531249999 0.0801337421875 0.23808344843749998 0.07076078125
1 0.345963378125 0.09641625000000001 0.35110210468749997 0.118674515625 0.3792167390625 0.112183740625 0.3740780140625 0.089925475 0.345963378125 0.09641625000000001
1 0.9279156546875 0.7576962218750001 0.9357573078125 0.791662153125 0.9654349953124999 0.7848105203125 0.9575933421875 0.7508445874999999 0.9279156546875 0.7576962218750001
1 0.8462380390625001 0.8456280625 0.8543503359375 0.8807662828125 0.8871338296875001 0.8731976171875001 0.8790215328125001 0.8380593968750001 0.8462380390625001 0.8456280625