1 0.7791085796874999 0.5254974828125001 0.8695633781250001 0.512784890625 0.8635412421875 0.46993516562500004 0.77308644375 0.482647759375 0.7791085796874999 0.5254974828125001
1 0.46289289218749996 0.3482394703125 0.5485820265625 0.33619664843749997 0.5396604515625001 0.272716340625 0.45397131718750006 0.2847591625 0.46289289218749996 0.3482394703125
1 0.32246378125 0.1349262265625 0.40459413906249997 0.12338355781250002 0.39143648125 0.0297619640625 0.30930612343749997 0.0413046328125 0.32246378125 0.1349262265625
1 0.316923090625 0.5273497140625001 0.3669161546875 0.520323646875 0.3591108625 0.4647861125 0.3091177984375 0.471812178125 0.316923090625 0.5273497140625001
1 0.022647696875 0.49750405937500003 0.12263382656249999 0.48345192656249997 0.11661169062500001 0.4406022015625 0.0166255609375 0.4546543359375 0.022647696875 0.49750405937500003
1 0.3573121890625 0.5815477546875 0.40492242031250003 0.5748565734375 0.3982305140625 0.527241184375 0.35062028125 0.533932365625 0.3573121890625 0.5815477546875
1 0.1850219875 0.7287606671875 0.2266751375 0.7229066984375 0.22154602968749998 0.6864111937499999 0.17989287812500002 0.6922651625 0.1850219875 0.7287606671875
1 0.9288515859375 0.42515997343749995 0.993126171875 0.41612677031249995 0.9826446984375 0.34154720625 0.9183701109375001 0.35058041093750003 0.9288515859375 0.42515997343749995
1 0 0.3535908 0.001091359375 0.36135622343749996 0.043935925 0.3553348125 0.0356841203125 0.29662016874999997 0 0.3016352453125 0 0.3535908
1 0.3185557796875 0.58213481875 0.354267321875 0.5771158875 0.349807984375 0.5453860500000001 0.3140964421875 0.5504049796875 0.3185557796875 0.58213481875
1 0.261492046875 0.6079528140625 0.3293408828125 0.5984172812499999 0.32443503125 0.5635103328125 0.25658619531250004 0.5730458640625 0.261492046875 0.6079528140625
0 0.1531921140625 0.623194415625 0.269827125 0.606802434375 0.253990384375 0.4941181796875 0.13735537343749998 0.5105101609375 0.1531921140625 0.623194415625
0 0.38622636718750003 0.9513096765625001 0.50049401875 0.93525040625 0.4893427734375 0.8559051765625 0.3750751234375 0.8719644484375 0.38622636718750003 0.9513096765625001
0 0.31652194218749996 0.9821651078125001 0.3986523 0.9706224390625 0.3915138796875 0.9198299390625 0.30938352187499996 0.9313726078125001 0.31652194218749996 0.9821651078125001
0 0.27962890625000003 0.83198390625 0.37842361874999997 0.8180992140625 0.3706183265625 0.76256168125 0.2718236140625 0.776446371875 0.27962890625000003 0.83198390625
0 0.1615103765625 0.855053590625 0.2805282203125 0.8383267234374999 0.27071361718750003 0.76849219375 0.15169577343750001 0.7852190609374999 0.1615103765625 0.855053590625
0 0.6785897890625 0.7775335421875 0.7571458984375 0.7664932015625 0.75090050625 0.7220549218750001 0.672344396875 0.7330952625 0.6785897890625 0.7775335421875