0 0.639421875 0.08653125 0.5252343749999999 0.08653125 0.5252343749999999 0.19871875 0.639421875 0.19871875 0.639421875 0.08653125
0 0.742796875 0.0544791671875 0.628609375 0.0544791671875 0.628609375 0.1266041671875 0.742796875 0.1266041671875 0.742796875 0.0544791671875
0 0.9399062499999999 0.6538541671875 0.744 0.6538541671875 0.744 0.8237291671875001 0.9399062499999999 0.8237291671875001 0.9399062499999999 0.6538541671875
0 0.9122578125 0.23879166718749997 0.7391796875 0.23879166718749997 0.7391796875 0.3541666671875 0.9122578125 0.3541666671875 0.9122578125 0.23879166718749997
0 0.7476015625 0.2804479171875 0.6346171875 0.2804479171875 0.6346171875 0.3621770828125 0.7476015625 0.3621770828125 0.7476015625 0.2804479171875
1 0.48196874999999995 0.365375 0.37740625 0.365375 0.37740625 0.42787499999999995 0.48196874999999995 0.42787499999999995 0.48196874999999995 0.365375
1 0.6334140625 0.62821875 0.5697109375 0.62821875 0.5697109375 0.7035312499999999 0.6334140625 0.7035312499999999 0.6334140625 0.62821875
1 0.68509375 0.6458229171875 0.63821875 0.6458229171875 0.63821875 0.7131354171875001 0.68509375 0.7131354171875001 0.68509375 0.6458229171875
1 0.7716406250000001 0.63621875 0.6935156250000001 0.63621875 0.6935156250000001 0.7003229171875 0.7716406250000001 0.7003229171875 0.7716406250000001 0.63621875
1 0.62259375 0.7419895828125 0.52403125 0.7419895828125 0.52403125 0.8381354171875 0.62259375 0.8381354171875 0.62259375 0.7419895828125
1 0.5793203124999999 0.7035312499999999 0.4711484375 0.7035312499999999 0.4711484375 0.7500104171875 0.5793203124999999 0.7500104171875 0.5793203124999999 0.7035312499999999
1 0.41105468749999996 0.7467916671875 0.3653828125 0.7467916671875 0.3653828125 0.8157083328124999 0.41105468749999996 0.8157083328124999 0.41105468749999996 0.7467916671875
1 0.9999921875 0.9038437500000001 0.9386953124999999 0.9038437500000001 0.9386953124999999 0.9951979171875 0.9999921875 0.9951979171875 0.9999921875 0.9038437500000001
1 0.8725937500000001 0.4375 0.80528125 0.4375 0.80528125 0.5144166671875 0.8725937500000001 0.5144166671875 0.8725937500000001 0.4375
1 0.061304687499999996 0.6185937499999999 0.0000078125 0.6185937499999999 0.0000078125 0.7035312499999999 0.061304687499999996 0.7035312499999999 0.061304687499999996 0.6185937499999999
1 0.2668203125 0.2548125 0.1790859375 0.2548125 0.1790859375 0.3349375 0.2668203125 0.3349375 0.2668203125 0.2548125
1 0.3557734375 0.02084375 0.3101015625 0.02084375 0.3101015625 0.060906249999999995 0.3557734375 0.060906249999999995 0.3557734375 0.02084375