0 0.41105468749999996 0.15225 0.2740390625 0.15225 0.2740390625 0.23879166718749997 0.41105468749999996 0.23879166718749997 0.41105468749999996 0.15225
0 0.43629687500000003 0.294875 0.128609375 0.294875 0.128609375 0.5480833328125 0.43629687500000003 0.5480833328125 0.43629687500000003 0.294875
1 0.8497656250000001 1 0.8497656250000001 0.8878229171875001 0.780046875 0.8878229171875001 0.780046875 1 0.8497656250000001 1
1 0.22356250000000003 0.7051354171875001 0.0516875 0.7051354171875001 0.0516875 0.8493645828125 0.22356250000000003 0.8493645828125 0.22356250000000003 0.7051354171875001
1 0.38342187499999997 0.6009479171875001 0.224765625 0.6009479171875001 0.224765625 0.6923020828124999 0.38342187499999997 0.6923020828124999 0.38342187499999997 0.6009479171875001
0 0.5060156250000001 0.6570520828124999 0.329328125 0.6570520828124999 0.329328125 0.7900729171875 0.5060156250000001 0.7900729171875 0.5060156250000001 0.6570520828124999
1 0.6634609375 0.6394270828125 0.5889453125 0.6394270828125 0.5889453125 0.7035312499999999 0.6634609375 0.7035312499999999 0.6634609375 0.6394270828125
1 0.6730703124999999 0.71153125 0.6141796875 0.71153125 0.6141796875 0.7724270828125 0.6730703124999999 0.7724270828125 0.6730703124999999 0.71153125
1 0.9615390625 1 0.9615390625 0.919875 0.8894296875000001 0.919875 0.8894296875000001 1 0.9615390625 1
1 1 0.6666562500000001 0.92909375 0.6666562500000001 0.92909375 0.7371770828125 1 0.7371770828125 1 0.6666562500000001
1 0.704328125 0.49359374999999994 0.652640625 0.49359374999999994 0.652640625 0.59615625 0.704328125 0.59615625 0.704328125 0.49359374999999994
1 0.59375 0.36859375 0.52403125 0.36859375 0.52403125 0.40865625000000005 0.59375 0.40865625000000005 0.59375 0.36859375
1 0.53125 0.3012916671875 0.48678125000000005 0.3012916671875 0.48678125000000005 0.3429583328125 0.53125 0.3429583328125 0.53125 0.3012916671875
1 0.5685156250000001 0.3156979171875 0.5372656250000001 0.3156979171875 0.5372656250000001 0.35896875 0.5685156250000001 0.35896875 0.5685156250000001 0.3156979171875
1 0.33534375 0.0769270828125 0.28846875 0.0769270828125 0.28846875 0.13140625 0.33534375 0.13140625 0.33534375 0.0769270828125
1 0.17428125 0.21153125 0.09615625 0.21153125 0.09615625 0.23396875 0.17428125 0.23396875 0.17428125 0.21153125