1 0.532453125 0.2131354171875 0.496390625 0.2131354171875 0.496390625 0.2499895828125 0.532453125 0.2499895828125 0.532453125 0.2131354171875
1 0.550484375 0.2644270828125 0.5060156250000001 0.2644270828125 0.5060156250000001 0.2980729171875 0.550484375 0.2980729171875 0.550484375 0.2644270828125
1 0.5889375 0.4407083328125 0.54446875 0.4407083328125 0.54446875 0.4967916671875 0.5889375 0.4967916671875 0.5889375 0.4407083328125
1 0.6201875 0.4022395828125 0.57090625 0.4022395828125 0.57090625 0.4455104171875 0.6201875 0.4455104171875 0.6201875 0.4022395828125
1 0.639421875 0.4679479171875 0.5997656250000001 0.4679479171875 0.5997656250000001 0.5144270828125 0.639421875 0.5144270828125 0.639421875 0.4679479171875
1 0.7187578125 0.5096145828124999 0.6838984375 0.5096145828124999 0.6838984375 0.5432604171875 0.7187578125 0.5432604171875 0.7187578125 0.5096145828124999
1 0.8882265625000001 0.7532083328125 0.8425546875000001 0.7532083328125 0.8425546875000001 0.8189166671875 0.8882265625000001 0.8189166671875 0.8882265625000001 0.7532083328125
1 0.905046875 0.8060833328125 0.876203125 0.8060833328125 0.876203125 0.8445416671875 0.905046875 0.8445416671875 0.905046875 0.8060833328125
1 0.945921875 0.8285312499999999 0.8810156250000001 0.8285312499999999 0.8810156250000001 0.89584375 0.945921875 0.89584375 0.945921875 0.8285312499999999
1 0.9903828125 0.8878229171875001 0.9266796875000001 0.8878229171875001 0.9266796875000001 0.9455104171875 0.9903828125 0.9455104171875 0.9903828125 0.8878229171875001
1 0.804078125 0.8076979171875 0.717546875 0.8076979171875 0.717546875 0.9278854171875001 0.804078125 0.9278854171875001 0.804078125 0.8076979171875
1 0.6923046875 0.6314166671875 0.6418203124999999 0.6314166671875 0.6418203124999999 0.6907083328125 0.6923046875 0.6907083328125 0.6923046875 0.6314166671875
0 0.519234375 0.43909374999999995 0.260828125 0.43909374999999995 0.260828125 0.6522395828125 0.519234375 0.6522395828125 0.519234375 0.43909374999999995