0 0.650614859375 0.7645551328125 0.6216598171875 0.58174019375 0.4633827609375 0.6068088171875 0.49233780312500003 0.7896237562499999 0.650614859375 0.7645551328125
1 0.4234307890625 1 0.41799485937499997 0.9656788984375 0.3404407484375 0.9779622625 0.3439311828125 1 0.4234307890625 1
1 0.589698603125 0.257023478125 0.5767243203125 0.1751070765625 0.538739471875 0.181123284375 0.5517137546875001 0.2630396859375 0.589698603125 0.257023478125
1 0.5395206499999999 0.27834649843750003 0.52541955 0.1893156546875 0.48743470312500004 0.1953318625 0.501535803125 0.28436270625 0.5395206499999999 0.27834649843750003
1 0.44844039999999996 0.276944515625 0.4422367953125 0.2377765 0.3994986984375 0.2445455484375 0.405702303125 0.28371356406250003 0.44844039999999996 0.276944515625
1 0.47609715937499997 0.40035619687499996 0.4708321609375 0.3671143125 0.436016146875 0.3726286265625 0.4412811453125 0.40587051250000006 0.47609715937499997 0.40035619687499996
1 0.59023096875 0.362797134375 0.5827098937499999 0.31531093125 0.544725046875 0.3213271390625 0.552246121875 0.3688133421875 0.59023096875 0.362797134375
1 0.7537434625 0.2784927171875 0.7462223875 0.2310065140625 0.716139046875 0.235771246875 0.723660121875 0.28325745 0.7537434625 0.2784927171875
1 0.7637103515625 0.21849962500000003 0.7605132218749999 0.19831374531249998 0.73042988125 0.203078478125 0.7336270109374999 0.22326435781249998 0.7637103515625 0.21849962500000003
1 0.7070310671875 0.11673836875000002 0.7000746234374999 0.072817103125 0.6699912828125 0.0775818359375 0.676947728125 0.1215031015625 0.7070310671875 0.11673836875000002
1 0.5424383625 0.1123858796875 0.5347290765625 0.0637113640625 0.5014974796875 0.06897473125 0.509206765625 0.117649246875 0.5424383625 0.1123858796875
1 0.4249525625 0.2003634828125 0.4102868328125 0.1077677015625 0.3485563109375 0.1175448546875 0.3632220421875 0.21014063749999998 0.4249525625 0.2003634828125
1 0.41332033749999997 0.07564770625 0.40279034375 0.009163934375 0.3094126421875 0.023953509375 0.31994263749999996 0.09043728125 0.41332033749999997 0.07564770625
1 0.1403481109375 0.5034291703125 0.13433027343749998 0.465434034375 0.07101533593750001 0.475462134375 0.077033175 0.5134572703125 0.1403481109375 0.5034291703125
1 0.089383228125 0.8680392265625001 0.081862153125 0.8205530218750001 0.045461723437500004 0.826318284375 0.0529827984375 0.8738044875 0.089383228125 0.8680392265625001
1 0.15246980937500001 1 0.1446392328125 0.950559684375 0.074986628125 0.9615915734374999 0.081069925 1 0.15246980937500001 1
1 0 0.5393508578125 0.0025847234375 0.555670159375 0.06905820625 0.5451417937499999 0.0609725 0.49409065312499995 0 0.5037477484374999 0 0.5393508578125
1 0.6407267062499999 0.814790778125 0.636402759375 0.7874904546875 0.6015867453125 0.79300476875 0.6059106921875 0.8203050921875 0.6407267062499999 0.814790778125
1 0.674105140625 0.8411515984375001 0.6675251156249999 0.79960695625 0.6279558515625 0.8058741125 0.6345358765625 0.8474187531249999 0.674105140625 0.8411515984375001
1 0.7692517609375 0.75549405 0.7632339234375001 0.7174989140625 0.7347349984375 0.7220127015625 0.7407528359375 0.7600078375 0.7692517609375 0.75549405
1 0.8077626546875001 0.732356634375 0.8028740781250001 0.7014913734375 0.7759595703125 0.7057542125 0.780848146875 0.7366194734375 0.8077626546875001 0.732356634375
1 0.8283738453125 0.186355465625 0.8229206375 0.1519252671875 0.7912734578125 0.1569376890625 0.7967266656249999 0.1913678875 0.8283738453125 0.186355465625
1 0.540879815625 0 0.547565546875 0.0422120421875 0.5760644703125 0.03769825625 0.570093653125 0 0.540879815625 0
1 0.6552814328125 0.1383261390625 0.6481367765625 0.0932165609375 0.619637853125 0.097730346875 0.6267825078125 0.142839925 0.6552814328125 0.1383261390625
1 0.5162960156249999 0.9306353906249999 0.50839851875 0.8807725625 0.4783151765625 0.8855372953125 0.48621267343749996 0.9354001234375 0.5162960156249999 0.9306353906249999
1 0.46064914999999995 0 0.4581934859375 0.0003889390625 0.466841378125 0.054989584375 0.509579478125 0.048220534375 0.5019420953125 0 0.46064914999999995 0
1 0.058217751562499996 0.394727959375 0.0514495171875 0.3519950046875 0.010295835937500001 0.3585131078125 0.0170640703125 0.40124606093750004 0.058217751562499996 0.394727959375