1 0.28833154375 0.9076103718749999 0.3351994046875 0.9067922906250001 0.33416462187499996 0.8475096531249999 0.2872967609375 0.8483277359375 0.28833154375 0.9076103718749999
1 0.2866891921875 0.7441349703125 0.329948228125 0.74337988125 0.32896943749999996 0.6873050890625 0.285710403125 0.688060178125 0.2866891921875 0.7441349703125
1 0.1363860796875 0.74195570625 0.2277159171875 0.7403615375 0.2266531375 0.679474978125 0.13532329999999998 0.681069146875 0.1363860796875 0.74195570625
1 0.0742239265625 0.6933665171875 0.1487282015625 0.692066040625 0.1475534359375 0.6247637921875 0.0730491609375 0.6260642703125 0.0742239265625 0.6933665171875
1 0.16946309843750001 0.502560721875 0.2631988203125 0.5009245578125 0.261940065625 0.42881054374999994 0.16820434374999998 0.43044670625 0.16946309843750001 0.502560721875
1 0.39835651875 0.1860281875 0.46445582500000004 0.18487441875 0.4629174671875 0.0967420109375 0.3968181609375 0.09789577968749999 0.39835651875 0.1860281875
1 0.6420519437500001 0.09840760468750001 0.7237738703125001 0.09698114218750001 0.722823078125 0.0425102734375 0.6411011515625 0.043936734374999994 0.6420519437500001 0.09840760468750001
1 0.7989778765625 0.06683072500000001 0.8554536484374999 0.0658449375 0.8545864828124999 0.0161650046875 0.7981107109375001 0.01715079375 0.7989778765625 0.06683072500000001
1 0.8876073234374999 0.5990108171874999 0.9825459875 0.5973536562499999 0.9812316031250001 0.5220526265625 0.8862929390625001 0.5237097875 0.8876073234374999 0.5990108171874999
1 0.7778793875 0.16656830312499998 0.9761616828124999 0.16310727187500002 0.9744277140625 0.0637682375 0.7761454171875 0.0672292671875 0.7778793875 0.16656830312499998
1 0 0.369289628125 0.12262395781249999 0.36714921875 0.12075000625000001 0.2597905734375 0 0.261898271875 0 0.369289628125
0 0.4810559671875 0.5163539421875 0.627674259375 0.5137947109375001 0.6256046937499999 0.3952294390625 0.47898640312499996 0.3977886703125 0.4810559671875 0.5163539421875
0 0.1487636453125 0.693648996875 0.4588101671875 0.6882371140625 0.456041415625 0.52961544375 0.14599489375000002 0.5350273265625 0.1487636453125 0.693648996875
0 0.41836842812499997 0.8508426859375 0.560174953125 0.84836744375 0.5580773921875 0.7281982484375 0.41627086718750006 0.730673490625 0.41836842812499997 0.8508426859375
0 0.321974675 0.9070127109375001 0.46859296562499997 0.904453478125 0.46747419375000004 0.840359075 0.320855903125 0.84291830625 0.321974675 0.9070127109375001