1 0.46754687500000003 0.5352604171875 0.400234375 0.5352604171875 0.400234375 0.6410312499999999 0.46754687500000003 0.6410312499999999 0.46754687500000003 0.5352604171875
1 0.6045703125 0.8798020828125 0.5072109375 0.8798020828125 0.5072109375 0.96153125 0.6045703125 0.96153125 0.6045703125 0.8798020828125
1 0.936296875 1 0.936296875 0.8910312499999999 0.850953125 0.8910312499999999 0.850953125 1 0.936296875 1
1 0.8569687500000001 0.8381458328125 0.796875 0.8381458328125 0.796875 0.9519375 0.8569687500000001 0.9519375 0.8569687500000001 0.8381458328125
1 0.77884375 0.6378229171875 0.6826875 0.6378229171875 0.6826875 0.7051354171875001 0.77884375 0.7051354171875001 0.77884375 0.6378229171875
1 0.57090625 1 0.57090625 0.9487083328124999 0.4795625 0.9487083328124999 0.4795625 1 0.57090625 1
1 0.4927890625 0.8189062500000001 0.4495234375 0.8189062500000001 0.4495234375 0.9070520828124999 0.4927890625 0.9070520828124999 0.4927890625 0.8189062500000001
1 0.3629765625 0.6298020828124999 0.31730468749999996 0.6298020828124999 0.31730468749999996 0.6730729171875 0.3629765625 0.6730729171875 0.3629765625 0.6298020828124999
1 0.41707031250000004 0.6842916671875 0.30167968749999996 0.6842916671875 0.30167968749999996 0.740375 0.41707031250000004 0.740375 0.41707031250000004 0.6842916671875
1 0.31490625 0.34775 0.2764375 0.34775 0.2764375 0.383 0.31490625 0.383 0.31490625 0.34775
1 0.1790859375 0.17146875 0.1334140625 0.17146875 0.1334140625 0.2179479171875 0.1790859375 0.2179479171875 0.1790859375 0.17146875
0 0.22715625 0.2355729171875 0.0889375 0.2355729171875 0.0889375 0.2756354171875 0.22715625 0.2756354171875 0.22715625 0.2355729171875
0 0 0.4070416671875 0.08053125 0.4070416671875 0.08053125 0.267625 0 0.267625 0 0.4070416671875
0 0 0.6105729171875 0.2548125 0.6105729171875 0.2548125 0.3381354171875 0 0.3381354171875 0 0.6105729171875
0 0 0.7548020828124999 0.1622578125 0.7548020828124999 0.1622578125 0.6169895828125 0 0.6169895828125 0 0.7548020828124999
1 0.8305234374999999 0.67628125 0.7740390625 0.67628125 0.7740390625 0.7468020828124999 0.8305234374999999 0.7468020828124999 0.8305234374999999 0.67628125
1 0.9050546875000001 0.75 0.8365390625 0.75 0.8365390625 0.8365416671875 0.9050546875000001 0.8365416671875 0.9050546875000001 0.75