1 0.2117639234375 0.6874296890625 0.036583801562500004 0.7246653734375 0.06590368125 0.8626045625 0.241083803125 0.825368878125 0.2117639234375 0.6874296890625
1 0.39248964062499997 0.5375907765625 0.2208400203125 0.5740760296875 0.24116338750000002 0.6696899578125 0.4128130078125 0.6332047046875 0.39248964062499997 0.5375907765625
1 0.92720976875 0.5500850734375 0.8449078171875 0.56757889375 0.8629008421875 0.6522294171875 0.9452027921875 0.6347355984374999 0.92720976875 0.5500850734375
1 0.9626772750000001 0.6244719125 0.8909668281249999 0.6397144390625 0.904961884375 0.7055559984374999 0.9766723296875 0.6903134734374999 0.9626772750000001 0.6244719125
1 0.9310482765625 0.6606936484375 0.8393469390625 0.68018536875 0.8663364765624999 0.8071611546874999 0.9580378140624999 0.7876694343749999 0.9310482765625 0.6606936484375
1 0.7686151515625 0.3069114890625 0.6921973703125001 0.323154590625 0.7071930015625 0.39370348593750004 0.7836107828125 0.3774603859375 0.7686151515625 0.3069114890625
0 0.53622178125 0.42184451562499997 0.358703275 0.45957723906250003 0.37602925 0.541089540625 0.55354775625 0.5033568171875 0.53622178125 0.42184451562499997
0 0.5037162078125 0.0781442125 0.3461733109375 0.11163098906249999 0.364499859375 0.197850625 0.5220427578125 0.16436384843750002 0.5037162078125 0.0781442125
0 0.51866148125 0.1831013125 0.28234713437500003 0.233331478125 0.3259955953125 0.43868134062499997 0.5623099421875 0.38845117500000004 0.51866148125 0.1831013125
0 0.39074312031249997 0.1709736859375 0.226154503125 0.20595807656249998 0.25180993906250004 0.3266574140625 0.41639855625 0.2916730234375 0.39074312031249997 0.1709736859375
1 0.70448465 0.4041085421875 0.6233595328125 0.42135221874999995 0.6466846265624999 0.5310881515625 0.7278097421874999 0.5138444765625 0.70448465 0.4041085421875