0 0.4661850140625 0.9173475484375 0.47142811875 0.7672046921875 0.3705312859375 0.763681296875 0.3652881828125 0.913824153125 0.4661850140625 0.9173475484375
0 0.9042206703125 0.7257837015625 0.90854111875 0.602062240625 0.8076442859374999 0.5985388453125 0.8033238359375 0.72226030625 0.9042206703125 0.7257837015625
0 0.9273762874999999 0.797541784375 0.9304381734374999 0.7098608546875 0.8679762468750001 0.7076796359374999 0.8649143609375001 0.795360565625 0.9273762874999999 0.797541784375
0 0.804878959375 0.9532209 0.8099126671875 0.8090743890625 0.66256498125 0.80392889375 0.657531275 0.9480754046875 0.804878959375 0.9532209
0 0.749295178125 0.799742246875 0.7525670046874999 0.70604935625 0.67569719375 0.7033650031249999 0.672425365625 0.79705789375 0.749295178125 0.799742246875
1 0.6751029281250001 0.583083490625 0.6778294515625001 0.5050060828125 0.6329817890625 0.50343996875 0.630255265625 0.5815173765625 0.6751029281250001 0.583083490625
1 0.5141533125 0.23229961718749997 0.5182223765625 0.11577689375 0.43974937656249996 0.11303655625 0.4356803125 0.22955927968749998 0.5141533125 0.23229961718749997
1 0.7794207421875 0.3967121609375 0.7823572078125001 0.3126227921875 0.708693775 0.31005040781250004 0.7057573109375 0.3941397765625 0.7794207421875 0.3967121609375
1 0.2374724171875 0.5329204734374999 0.24057629062500002 0.4440371515625 0.149277775 0.44084893750000004 0.1461739 0.529732259375 0.2374724171875 0.5329204734374999
1 0.34268725 0 0.3411695921875 0.0434600375 0.41803940468749995 0.046144390625 0.41965080156249995 0 0.34268725 0
1 0.26709468593749996 0.9248180093749999 0.2647455140625 0.9920895046875 0.32079468125 0.9940467843749999 0.3231438546875 0.9267752890625 0.26709468593749996 0.9248180093749999
1 0.4005430078125 0.7310369296875 0.4032275421875 0.6541619140625 0.2927115734375 0.6503026109375 0.2900270375 0.7271776265625001 0.4005430078125 0.7310369296875
1 0.5061220234375 0.7840429375 0.5083032421875 0.721581009375 0.45385726249999997 0.7196797140625 0.45167604375000003 0.782141640625 0.5061220234375 0.7840429375
1 0.47593505 0.7300737374999999 0.477361021875 0.689239253125 0.438926115625 0.6878970765625 0.43750014375 0.7287315609375 0.47593505 0.7300737374999999
1 0.46875832500000003 0.7057615875 0.47127490625 0.633696140625 0.42322086406250004 0.63201805625 0.420704284375 0.7040835046875 0.46875832500000003 0.7057615875
1 0.41915463906249995 0.6571258171875 0.42091651875 0.6066721953124999 0.3824816140625 0.6053300187499999 0.380719734375 0.6557836406249999 0.41915463906249995 0.6571258171875
1 0.41668470625 0.5439941375 0.41785929218750006 0.510358390625 0.37942438749999996 0.5090162140625 0.3782498015625 0.5426519625 0.41668470625 0.5439941375
1 0.6175780296875 0.89858059375 0.6186686390625 0.8673496296875 0.559413090625 0.8652803812500001 0.5583224828125 0.89651134375 0.6175780296875 0.89858059375
1 0.8961166859375 0.8662192390625 0.89800453125 0.812158440625 0.8371457937500001 0.8100332078125 0.8352579499999999 0.8640940046875001 0.8961166859375 0.8662192390625
1 0.7980202171874999 0.7822054796875 0.7996141421875 0.7365614265625 0.764385615625 0.7353312203125 0.7627916906250001 0.7809752734375001 0.7980202171874999 0.7822054796875
1 0.78904191875 0.7181499953125 0.7900065625 0.690526209375 0.7627731625 0.6895751984375 0.76180851875 0.717198984375 0.78904191875 0.7181499953125
1 0.7899495046875 0.875722971875 0.7918787921875 0.8204753984375 0.7630422015625 0.8194684015625 0.7611129140624999 0.8747159765625 0.7899495046875 0.875722971875