1 0.6803406015625 0.15100504374999998 0.63630461875 0.1571938984375 0.6441099109375 0.21273143125 0.68814589375 0.20654257812500001 0.6803406015625 0.15100504374999998
1 0.766771003125 0.290973840625 0.69178914375 0.3015118546875 0.7011572328125 0.3681692734375 0.7761390921875 0.3576312609375 0.766771003125 0.290973840625
1 0.6322113765624999 0.3179741015625 0.5798354781249999 0.3253350546875 0.5856343578125001 0.366596225 0.6380102546875001 0.359235271875 0.6322113765624999 0.3179741015625
1 0.8485764390625 0.6484531046875001 0.780727603125 0.6579886359375 0.7923253609375001 0.7405109765625 0.860174196875 0.73097544375 0.8485764390625 0.6484531046875001
1 0.3056798140625 1 0.30164578125 0.9712963625000001 0.242136859375 0.9796597968749999 0.2449954890625 1 0.3056798140625 1
1 0.540671434375 0.8066257734375 0.4978268671875 0.8126471859375 0.5096478828125 0.8967580796875 0.5524924484375 0.89073666875 0.540671434375 0.8066257734375
0 0.33544105 0.6331774203125 0.2176146234375 0.64973684375 0.22675945625 0.7148057078125001 0.3445858828125 0.6982462843749999 0.33544105 0.6331774203125
0 0.85603329375 0.356111934375 0.64773659375 0.385386125 0.663793690625 0.4996383046875 0.8720903890624999 0.4703641125 0.85603329375 0.356111934375
0 0.5233813453125 0.18276278125 0.3698433765625 0.20434113593749997 0.3852336015625 0.3138482796875 0.538771571875 0.292269925 0.5233813453125 0.18276278125
0 0.6325249265624999 0.10430942812499999 0.48969423125 0.1243829734375 0.4999524484375 0.19737398281250002 0.64278314375 0.1773004375 0.6325249265624999 0.10430942812499999
0 0.6715364703125 0.433815971875 0.5346628546875001 0.4530523046875 0.5487135390625 0.55302811875 0.6855871546875 0.5337917875 0.6715364703125 0.433815971875
1 0 0.5349072671874999 0.0066568578125 0.5822732734375 0.0935374078125 0.5700630078125 0.0799332375 0.4732643046875 0 0.4844981875 0 0.5349072671874999
1 0.20947980156249998 0.11683911875 0.1571039046875 0.1242000703125 0.163126040625 0.1670497953125 0.21550193750000002 0.15968884218749999 0.20947980156249998 0.11683911875