0 0.49399218749999996 0.1794895828125 0.3473515625 0.1794895828125 0.3473515625 0.2468020828125 0.49399218749999996 0.2468020828125 0.49399218749999996 0.1794895828125
0 0.3389375 0.205125 0.18990625 0.205125 0.18990625 0.33975 0.3389375 0.33975 0.3389375 0.205125
0 0.5877343749999999 0.3557708328125 0.30648437500000003 0.3557708328125 0.30648437500000003 0.5400625 0.5877343749999999 0.5400625 0.5877343749999999 0.3557708328125
0 0.48196874999999995 0.5945520828124999 0.296875 0.5945520828124999 0.296875 0.7275729171875 0.48196874999999995 0.7275729171875 0.48196874999999995 0.5945520828124999
1 0.284859375 0.7788541671875 0.128609375 0.7788541671875 0.128609375 0.9214791671875 0.284859375 0.9214791671875 0.284859375 0.7788541671875
1 0.7572109375 0.6746875 0.6935078125 0.6746875 0.6935078125 0.7516041671875 0.7572109375 0.7516041671875 0.7572109375 0.6746875
1 0.8269296875000001 0.5368645828124999 0.7584140625 0.5368645828124999 0.7584140625 0.6570520828124999 0.8269296875000001 0.6570520828124999 0.8269296875000001 0.5368645828124999
1 0.759625 0.42307291718749995 0.68990625 0.42307291718749995 0.68990625 0.46634374999999995 0.759625 0.46634374999999995 0.759625 0.42307291718749995
1 0.6262109375 0.3269166671875 0.5889453125 0.3269166671875 0.5889453125 0.3685833328125 0.6262109375 0.3685833328125 0.6262109375 0.3269166671875
1 0.58053125 0.2628229171875 0.51803125 0.2628229171875 0.51803125 0.3093020828125 0.58053125 0.3093020828125 0.58053125 0.2628229171875
1 0.5456796875000001 0.2868541671875 0.47957031250000004 0.2868541671875 0.47957031250000004 0.3141041671875 0.5456796875000001 0.3141041671875 0.5456796875000001 0.2868541671875
1 0.41707031250000004 0.1281979171875 0.3689921875 0.1281979171875 0.3689921875 0.1778854171875 0.41707031250000004 0.1778854171875 0.41707031250000004 0.1281979171875
1 0.34976562499999997 0.8012708328124999 0.298078125 0.8012708328124999 0.298078125 0.8461458328125 0.34976562499999997 0.8461458328125 0.34976562499999997 0.8012708328124999
1 0.8942265624999999 0.8718020828125 0.8305234374999999 0.8718020828125 0.8305234374999999 0.9887812500000001 0.8942265624999999 0.9887812500000001 0.8942265624999999 0.8718020828125