0 0.2841174890625 0.698643846875 0.31610340312499996 0.5481619515625 0.1750259890625 0.5181750218750001 0.143040075 0.6686569171875 0.2841174890625 0.698643846875
0 0.15997849375 0.781607796875 0.18896593125 0.645232625 0.1074536328125 0.62790665 0.07846619375 0.7642818234375001 0.15997849375 0.781607796875
0 0.7894663468750001 0.7028346109375 0.8204516859375 0.5570600515625 0.7389393875 0.5397340765624999 0.7079540484375 0.6855086359375 0.7894663468750001 0.7028346109375
0 0.5968906140625 1 0.641159440625 0.7917315453125 0.48909824375 0.7594099390625 0.438371040625 0.9980626703125001 0.44748546093749997 1 0.5968906140625 1
1 0.7347365031249999 0.705953478125 0.7619761828125 0.577800859375 0.66479314375 0.5571439671875 0.6375534640625 0.6852965859375 0.7347365031249999 0.705953478125
1 0.3391089875 0.894649478125 0.3501055671875 0.842914640625 0.314056753125 0.835252228125 0.30306017500000004 0.8869870656250001 0.3391089875 0.894649478125
1 0.13544025937499998 0.8353762953125001 0.1456864078125 0.7871719578125 0.1033611453125 0.7781754453125 0.093114996875 0.8263797828125 0.13544025937499998 0.8353762953125001
1 0.6481428499999999 0.2500974734375 0.6641358078125 0.1748565265625 0.5951560234375 0.1601944203125 0.579163065625 0.23543536718750002 0.6481428499999999 0.2500974734375
1 0.5973945203125 0.20367242812500003 0.613387478125 0.12843148124999998 0.5538223640625 0.115770525 0.5378294078125 0.1910114734375 0.5973945203125 0.20367242812500003
1 0.8143382078125001 0.1772948953125 0.8243342124999999 0.1302673921875 0.789854509375 0.1229385046875 0.7798585046875 0.1699660078125 0.8143382078125001 0.1772948953125
1 0.13957512968750002 0.32262488437500003 0.152069321875 0.2638443265625 0.112882284375 0.2555148640625 0.10038809062500001 0.314295421875 0.13957512968750002 0.32262488437500003
1 0.37200254374999997 0 0.3628153015625 0.0432225765625 0.3957258921875 0.05021793906250001 0.40622218437499996 0.00083676875 0.402285496875 0 0.37200254374999997 0
1 0.4975719203125 0.18000245937499998 0.50631720625 0.1388591265625 0.48123179531250004 0.13352705781250002 0.4724865109375 0.174670390625 0.4975719203125 0.18000245937499998
1 0.59345769375 0.3994524921875 0.6032035546875 0.3536018234375 0.55774006875 0.3439382625 0.5479942078125 0.38978893124999997 0.59345769375 0.3994524921875
1 0.38888124999999996 0.298206184375 0.3953784890625 0.267639071875 0.37186219062500003 0.262640528125 0.36536495 0.29320764062500004 0.38888124999999996 0.298206184375
1 0.3751408421875 0.786807759375 0.38638756406249997 0.7338960875 0.342493190625 0.72456605 0.33124646874999997 0.777477721875 0.3751408421875 0.786807759375