0 0.33683634375 0.23311659218749997 0.3139206234375 0.39617041875000003 0.44246979687500004 0.41423682656249994 0.4653855171875 0.251183 0.33683634375 0.23311659218749997
1 0.5588076640625 0.0701101609375 0.55044423125 0.1296190828125 0.6107474296875 0.1380941453125 0.6191108625 0.07858522343749999 0.5588076640625 0.0701101609375
1 0.40405293125 0.8372807046874999 0.38866343125 0.946782690625 0.44896663124999997 0.9552577531249999 0.46435613125 0.845755765625 0.40405293125 0.8372807046874999
1 1 0.24983950625 0.9075794296874999 0.2368506421875 0.8952017218749999 0.3249226078125 0.9999432015625 0.3396430625 1 0.3392389203125 1 0.24983950625
1 1 0.17579863281250002 0.92412755 0.1651354546875 0.9124174390625001 0.2484572296875 0.9917626671875001 0.25960847343750004 1 0.200996809375 1 0.17579863281250002
1 1 0.0653645203125 0.98537426875 0.0633090078125 0.9790179718750001 0.1085364078125 1 0.1114852390625 1 0.0653645203125
1 0.795602121875 0.07789130625 0.7862340328124999 0.144548725 0.8385944578125001 0.151907503125 0.847962546875 0.08525008437500001 0.795602121875 0.07789130625
1 0.721859721875 0.0384002734375 0.7138311734375 0.09552636249999999 0.7487381234375 0.1004322140625 0.756766671875 0.043306125 0.721859721875 0.0384002734375
1 0.69245941875 0.489424440625 0.68760793125 0.5239445671875 0.7447340203125 0.5319731156249999 0.7495855078125 0.4974529890625 0.69245941875 0.489424440625
1 0.7515833671875 0.46010980312500005 0.7447247421875 0.5089114515625 0.824069971875 0.520062696875 0.830928596875 0.47126104843750005 0.7515833671875 0.46010980312500005
1 0.412586971875 0.730452203125 0.4032188828125 0.797109621875 0.4524228265625 0.8040247859375 0.4617909171875 0.737367365625 0.412586971875 0.730452203125
1 0.41226551562499997 0.6636558453125 0.40624410468749994 0.7065004109374999 0.43005180000000004 0.709846365625 0.4360732109375 0.6670017984375 0.41226551562499997 0.6636558453125
1 0.306853228125 0.67676126875 0.297150253125 0.7458015203125 0.3241350578125 0.7495939875000001 0.3338380328125 0.6805537359375 0.306853228125 0.67676126875
1 0.33760008125 0.665311790625 0.3275643953125 0.7367194015625 0.36564845468749996 0.7420717671875 0.3756841390625 0.67066415625 0.33760008125 0.665311790625
1 0.16224587031249998 0.772954775 0.1558895734375 0.8181821749999999 0.1876194140625 0.8226415125000001 0.1939757109375 0.7774141125 0.16224587031249998 0.772954775
1 0.0717920609375 0.7141294921875 0.06777778749999999 0.7426925359375 0.0899969265625 0.7458152328125001 0.09401120156250001 0.7172521890625 0.0717920609375 0.7141294921875
1 0.1286908046875 0.6893461390625 0.1256790125 0.710776159375 0.1653516265625 0.71635178125 0.1683634203125 0.6949217609375 0.1286908046875 0.6893461390625
1 0.152845778125 0.6441902828125 0.146824365625 0.6870348500000001 0.188085534375 0.692833728125 0.1941069453125 0.6499891625 0.152845778125 0.6441902828125
1 0.4750193125 0.12507776718750002 0.46782580312500005 0.1762622484375 0.5059098625 0.18161461406249998 0.513103371875 0.1304301328125 0.4750193125 0.12507776718750002
1 0.3645767421875 0.196953496875 0.3612322375 0.2207508765625 0.3866284875 0.2243200875 0.389972990625 0.20052270781249998 0.3645767421875 0.196953496875
1 0.8174594671875001 0.1987027390625 0.8112706140625001 0.24273872187499998 0.8620631140624999 0.24987714218749998 0.8682519687499999 0.20584115937499997 0.8174594671875001 0.1987027390625
1 0.2148833515625 0.22567313906250003 0.2100318640625 0.260193265625 0.23701666875 0.26398573281250004 0.24186815625000002 0.22946560625 0.2148833515625 0.22567313906250003