1 0.6033671875 0.0993645828125 0.5468828125 0.0993645828125 0.5468828125 0.16346875 0.6033671875 0.16346875 0.6033671875 0.0993645828125
1 0.23196875 0.63621875 0.1670625 0.63621875 0.1670625 0.7323645828124999 0.23196875 0.7323645828124999 0.23196875 0.63621875
1 0.4951875 0.68909375 0.381 0.68909375 0.381 0.8397395828124999 0.4951875 0.8397395828124999 0.4951875 0.68909375
1 0.695921875 0.642625 0.581734375 0.642625 0.581734375 0.7195416671875 0.695921875 0.7195416671875 0.695921875 0.642625
1 1 0.5112291671875 0.9519296875000001 0.5112291671875 0.9519296875000001 0.5913541671875 1 0.5913541671875 1 0.5112291671875
1 1 0.6410208328125 0.9326874999999999 0.6410208328125 0.9326874999999999 0.7596041671875 1 0.7596041671875 1 0.6410208328125
1 0.8629765624999999 0.49037499999999995 0.8281171875 0.49037499999999995 0.8281171875 0.5416666671875 0.8629765624999999 0.5416666671875 0.8629765624999999 0.49037499999999995
1 0.8389453124999999 0.3237083328125 0.7620234375 0.3237083328125 0.7620234375 0.3717916671875 0.8389453124999999 0.3717916671875 0.8389453124999999 0.3237083328125
1 0.8834140625 0.3141041671875 0.8353359375 0.3141041671875 0.8353359375 0.43589583281250005 0.8834140625 0.43589583281250005 0.8834140625 0.3141041671875
0 0.7463984375 0.18109375 0.5468828125 0.18109375 0.5468828125 0.2772395828125 0.7463984375 0.2772395828125 0.7463984375 0.18109375
0 0.6514453125 0.2916666671875 0.45792968749999996 0.2916666671875 0.45792968749999996 0.4695416671875 0.6514453125 0.4695416671875 0.6514453125 0.2916666671875
0 0.7608125 0.3028854171875 0.60696875 0.3028854171875 0.60696875 0.5064062500000001 0.7608125 0.5064062500000001 0.7608125 0.3028854171875
0 0.866578125 0.5945416671875 0.6971093749999999 0.5945416671875 0.6971093749999999 0.7195416671875 0.866578125 0.7195416671875 0.866578125 0.5945416671875