0 0.26438013125 0.8439040953125 0.42662104218749997 0.84107216875 0.42508268437499996 0.7529397609374999 0.26284177343750004 0.7557716875 0.26438013125 0.8439040953125
0 0.385472665625 0.82576714375 0.5789588171875 0.8223898296875 0.576078078125 0.6573524703125 0.3825919265625 0.6607297828124999 0.385472665625 0.82576714375
0 0.1320986140625 0.6346496046875 0.46137658125 0.6289020375 0.45754504999999995 0.4093938078125 0.12826708281250002 0.41514137656249994 0.1320986140625 0.6346496046875
0 0.42931307968750004 0.44514196874999995 0.616784521875 0.44186964218749997 0.6143513656249999 0.302474209375 0.4268799234375 0.3057465359375 0.42931307968750004 0.44514196874999995
1 0.681226759375 0.13941765625 0.8855237640625001 0.1358516375 0.8833142171875 0.009266753125 0.6790172125 0.0128327703125 0.681226759375 0.13941765625
1 0.6425840593750001 0.0599549609375 0.7146824515625 0.058696479687500004 0.7138152843750001 0.009016546875 0.6417168921874999 0.010275028125 0.6425840593750001 0.0599549609375
1 0.002231153125 0.28749864999999997 0.09115510624999999 0.2859464765625 0.08919716562499999 0.1737760625 0.0002732109375 0.1753282359375 0.002231153125 0.28749864999999997
1 0.321886309375 0.1440855546875 0.40481117656250004 0.1426380953125 0.403860384375 0.0881672265625 0.320935515625 0.08961468593750001 0.321886309375 0.1440855546875
1 0.5160282078125 0.11023382343749999 0.5809245734374999 0.109101053125 0.5798058015625001 0.045006648437500005 0.5149094359374999 0.04613941875 0.5160282078125 0.11023382343749999
1 0.1660087921875 0.7173933109374999 0.2393101265625 0.71611383125 0.2381353625 0.6488115828125001 0.164834028125 0.6500910625 0.1660087921875 0.7173933109374999
1 0.2483866484375 0.6855028437499999 0.315688896875 0.6843280796875 0.31490572031249997 0.6394599140625 0.24760347187499998 0.6406346796875 0.2483866484375 0.6855028437499999
1 0.3408065390625 0.8842326625 0.4081087859375 0.883057896875 0.40718599062500005 0.8301909500000001 0.3398837421875 0.8313657156250001 0.3408065390625 0.8842326625