1 0.73196875 0.2820520828125 0.65865625 0.2820520828125 0.65865625 0.3221145828125 0.73196875 0.3221145828125 0.73196875 0.2820520828125
1 1 0.5753125 0.9182734375000001 0.5753125 0.9182734375000001 0.6346041671875 1 0.6346041671875 1 0.5753125
1 0.9963906250000001 0.4919791671875 0.8846093749999999 0.4919791671875 0.8846093749999999 0.5753125 0.9963906250000001 0.5753125 0.9963906250000001 0.4919791671875
1 0.876203125 0.9182604171875001 0.7752343749999999 0.9182604171875001 0.7752343749999999 0.9999895828125 0.876203125 0.9999895828125 0.876203125 0.9182604171875001
1 0.39542968749999996 1 0.39542968749999996 0.9134583328125 0.32332031250000004 0.9134583328125 0.32332031250000004 1 0.39542968749999996 1
1 0.530046875 0.7532083328125 0.45432812499999997 0.7532083328125 0.45432812499999997 0.8092916671875001 0.530046875 0.8092916671875001 0.530046875 0.7532083328125
1 0.456734375 0.77403125 0.39904687499999997 0.77403125 0.39904687499999997 0.83171875 0.456734375 0.83171875 0.456734375 0.77403125
1 0.342546875 0.45353125 0.23317187499999997 0.45353125 0.23317187499999997 0.5240520828124999 0.342546875 0.5240520828124999 0.342546875 0.45353125
1 0.390625 0.7692291671875 0.3329375 0.7692291671875 0.3329375 0.8349375 0.390625 0.8349375 0.390625 0.7692291671875
1 0.40024218749999996 0.6153854171875001 0.3497578125 0.6153854171875001 0.3497578125 0.6618645828124999 0.40024218749999996 0.6618645828124999 0.40024218749999996 0.6153854171875001
1 0.16827343749999998 0.8381458328125 0.1093828125 0.8381458328125 0.1093828125 0.8830208328125 0.16827343749999998 0.8830208328125 0.16827343749999998 0.8381458328125
1 0.12979687499999998 0.72275 0.090140625 0.72275 0.090140625 0.7644166671875 0.12979687499999998 0.7644166671875 0.12979687499999998 0.72275
1 0.1346171875 0.357375 0.07813281250000001 0.357375 0.07813281250000001 0.4086666671875 0.1346171875 0.4086666671875 0.1346171875 0.357375
1 0.7331796875000001 0.1474479171875 0.6875078125 0.1474479171875 0.6875078125 0.1843020828125 0.7331796875000001 0.1843020828125 0.7331796875000001 0.1474479171875
1 0.860578125 0.30609375 0.8064843749999999 0.30609375 0.8064843749999999 0.3429479171875 0.860578125 0.3429479171875 0.860578125 0.30609375
1 0.6081640625 0.27884375 0.5673046875 0.27884375 0.5673046875 0.3076979171875 0.6081640625 0.3076979171875 0.6081640625 0.27884375
0 0.5877343749999999 0.1458333328125 0.447109375 0.1458333328125 0.447109375 0.24358333281250003 0.5877343749999999 0.24358333281250003 0.5877343749999999 0.1458333328125
0 0.675484375 0.1041770828125 0.574515625 0.1041770828125 0.574515625 0.1618645828125 0.675484375 0.1618645828125 0.675484375 0.1041770828125
0 0.6394140625 0.35896875 0.5336484375 0.35896875 0.5336484375 0.42307291718749995 0.6394140625 0.42307291718749995 0.6394140625 0.35896875
0 0.8124921875 0.3381354171875 0.6730703124999999 0.3381354171875 0.6730703124999999 0.4054479171875 0.8124921875 0.4054479171875 0.8124921875 0.3381354171875
0 0.9999921875 0.7275729171875 0.8341328125 0.7275729171875 0.8341328125 0.8237187499999999 0.9999921875 0.8237187499999999 0.9999921875 0.7275729171875
0 0.68990625 0.7788333328125 0.48196874999999995 0.7788333328125 0.48196874999999995 0.9727499999999999 0.68990625 0.9727499999999999 0.68990625 0.7788333328125
1 0.3485625 0.8397500000000001 0.23678125 0.8397500000000001 0.23678125 0.9262916671875001 0.3485625 0.9262916671875001 0.3485625 0.8397500000000001
1 0.7463984375 0.5224479171875 0.6694765625 0.5224479171875 0.6694765625 0.5977604171875 0.7463984375 0.5977604171875 0.7463984375 0.5224479171875
1 0.93028125 0.44711458281249994 0.875 0.44711458281249994 0.875 0.49038541718750006 0.93028125 0.49038541718750006 0.93028125 0.44711458281249994