0 0.590140625 0.0833229171875 0.442296875 0.0833229171875 0.442296875 0.1506354171875 0.590140625 0.1506354171875 0.590140625 0.0833229171875
0 0.748796875 0.42787499999999995 0.590140625 0.42787499999999995 0.590140625 0.53525 0.748796875 0.53525 0.748796875 0.42787499999999995
0 0.66465625 0.2147395828125 0.53965625 0.2147395828125 0.53965625 0.2932604171875 0.66465625 0.2932604171875 0.66465625 0.2147395828125
0 0.7752421875 0.1778854171875 0.6334140625 0.1778854171875 0.6334140625 0.27403125 0.7752421875 0.27403125 0.7752421875 0.1778854171875
0 0.6370234375 0.0544791671875 0.5468828125 0.0544791671875 0.5468828125 0.1025625 0.6370234375 0.1025625 0.6370234375 0.0544791671875
1 0.2511953125 0.22115625 0.17186718750000002 0.22115625 0.17186718750000002 0.27084375 0.2511953125 0.27084375 0.2511953125 0.22115625
1 0.4495234375 0.2692291671875 0.3281328125 0.2692291671875 0.3281328125 0.3381458328125 0.4495234375 0.3381458328125 0.4495234375 0.2692291671875
1 0.737984375 0.6410208328125 0.680296875 0.6410208328125 0.680296875 0.7035208328125 0.737984375 0.7035208328125 0.737984375 0.6410208328125
1 0.3509609375 0.6698645828124999 0.2511953125 0.6698645828124999 0.2511953125 0.7307604171875 0.3509609375 0.7307604171875 0.3509609375 0.6698645828124999
1 0.118984375 0.4455104171875 0.016828125 0.4455104171875 0.016828125 0.4999895828125 0.118984375 0.4999895828125 0.118984375 0.4455104171875
1 0.9435078125 0.3557708328125 0.8533671875 0.3557708328125 0.8533671875 0.3974375 0.9435078125 0.3974375 0.9435078125 0.3557708328125
1 0.9639453124999999 0.49840625000000005 0.9110546875000001 0.49840625000000005 0.9110546875000001 0.5625104171875 0.9639453124999999 0.5625104171875 0.9639453124999999 0.49840625000000005
1 0.9999921875 0.5464791671875 0.9591328125 0.5464791671875 0.9591328125 0.5977708328125 0.9999921875 0.5977708328125 0.9999921875 0.5464791671875
1 0.9266796875000001 0.46314583281250005 0.8425390625 0.46314583281250005 0.8425390625 0.5144375 0.9266796875000001 0.5144375 0.9266796875000001 0.46314583281250005
1 1 0.6121770828125 0.8882187500000001 0.6121770828125 0.8882187500000001 0.6906979171875001 1 0.6906979171875001 1 0.6121770828125
1 0.8185078125 0.5528854171875001 0.7235546875 0.5528854171875001 0.7235546875 0.6073645828124999 0.8185078125 0.6073645828124999 0.8185078125 0.5528854171875001
1 0.8377343749999999 0.7115416671875 0.788453125 0.7115416671875 0.788453125 0.7804583328125 0.8377343749999999 0.7804583328125 0.8377343749999999 0.7115416671875
1 0.44230468749999996 0.8269270828125 0.3990390625 0.8269270828125 0.3990390625 0.85578125 0.44230468749999996 0.85578125 0.44230468749999996 0.8269270828125
1 0.570921875 0.8028854171875001 0.516828125 0.8028854171875001 0.516828125 0.8605729171875 0.570921875 0.8605729171875 0.570921875 0.8028854171875001
1 0.3185078125 0.8397291671874999 0.2776484375 0.8397291671874999 0.2776484375 0.8910208328125 0.3185078125 0.8910208328125 0.3185078125 0.8397291671874999
1 0.402640625 0.9599270828125 0.313703125 0.9599270828125 0.313703125 0.9999895828125 0.402640625 0.9999895828125 0.402640625 0.9599270828125
1 0 0.9519270828125 0.02284375 0.9519270828125 0.02284375 0.8525729171875 0 0.8525729171875 0 0.9519270828125
1 0.5396640625 0.4967916671875 0.4831796875 0.4967916671875 0.4831796875 0.544875 0.5396640625 0.544875 0.5396640625 0.4967916671875
1 0.5312578125 0.4375 0.4831796875 0.4375 0.4831796875 0.4759583328125 0.5312578125 0.4759583328125 0.5312578125 0.4375
1 0.478359375 0.4759583328125 0.42907812500000003 0.4759583328125 0.42907812500000003 0.5208333328125 0.478359375 0.5208333328125 0.478359375 0.4759583328125
1 0.7235625 0.3125 0.66946875 0.3125 0.66946875 0.3509583328125 0.7235625 0.3509583328125 0.7235625 0.3125
1 0.69590625 0.0849375 0.6514375 0.0849375 0.6514375 0.11697916718750001 0.69590625 0.11697916718750001 0.69590625 0.0849375