0 0.5961640625 0.0881458328125 0.4807734375 0.0881458328125 0.4807734375 0.17789583281250002 0.5961640625 0.17789583281250002 0.5961640625 0.0881458328125
0 0.6790859375 0.060895832812499995 0.5949453124999999 0.060895832812499995 0.5949453124999999 0.1137708328125 0.6790859375 0.1137708328125 0.6790859375 0.060895832812499995
0 0.8209140625 0.5176354171875001 0.6586484375 0.5176354171875001 0.6586484375 0.6442395828125 0.8209140625 0.6442395828125 0.8209140625 0.5176354171875001
0 0 0.5833333328125 0.08534375 0.5833333328125 0.08534375 0.5208333328125 0 0.5208333328125 0 0.5833333328125
0 0.8209140625 0.1923020828125 0.6766796875 0.1923020828125 0.6766796875 0.30928125 0.8209140625 0.30928125 0.8209140625 0.1923020828125
0 0.6971171875 0.2451979171875 0.5817265625 0.2451979171875 0.5817265625 0.30609375 0.6971171875 0.30609375 0.6971171875 0.2451979171875
1 0.44711718749999996 0.3076875 0.3569765625 0.3076875 0.3569765625 0.3701875 0.44711718749999996 0.3701875 0.44711718749999996 0.3076875
1 0.5661015625 0.6025625 0.5023984375 0.6025625 0.5023984375 0.6746875 0.5661015625 0.6746875 0.5661015625 0.6025625
1 0.3173125 0.8589791671875 0.20553125 0.8589791671875 0.20553125 0.9214791671875 0.3173125 0.9214791671875 0.3173125 0.8589791671875
1 0.78846875 0.8237187499999999 0.734375 0.8237187499999999 0.734375 0.9086562499999999 0.78846875 0.9086562499999999 0.78846875 0.8237187499999999
1 0.9170624999999999 0.6874895828125 0.80528125 0.6874895828125 0.80528125 0.7932604171875 0.9170624999999999 0.7932604171875 0.9170624999999999 0.6874895828125
1 1 0.41665625000000006 0.9471171875 0.41665625000000006 0.9471171875 0.48396875 1 0.48396875 1 0.41665625000000006
1 0.6886953124999999 0.5160312499999999 0.6141796875 0.5160312499999999 0.6141796875 0.5593020828124999 0.6886953124999999 0.5593020828124999 0.6886953124999999 0.5160312499999999
1 0.612984375 0.5320625 0.573328125 0.5320625 0.573328125 0.5673125 0.612984375 0.5673125 0.612984375 0.5320625
1 0.5733125 0.5224375 0.5108125 0.5224375 0.5108125 0.5913541671875 0.5733125 0.5913541671875 0.5733125 0.5224375
1 0.5156171875 0.5817291671875 0.44350781250000004 0.5817291671875 0.44350781250000004 0.6169791671875 0.5156171875 0.6169791671875 0.5156171875 0.5817291671875
1 0.2632265625 0.2419895828125 0.1730859375 0.2419895828125 0.1730859375 0.29646875 0.2632265625 0.29646875 0.2632265625 0.2419895828125
1 1 0.5929479171875001 0.9363046875000001 0.5929479171875001 0.9363046875000001 0.6778854171875001 1 0.6778854171875001 1 0.5929479171875001
1 0.40024218749999996 0.6057708328125 0.3569765625 0.6057708328125 0.3569765625 0.6538541671875 0.40024218749999996 0.6538541671875 0.40024218749999996 0.6057708328125
1 0.4375 0.8028958328125 0.4014375 0.8028958328125 0.4014375 0.8589791671875 0.4375 0.8589791671875 0.4375 0.8028958328125
1 0.3245234375 0.0192395828125 0.26082031250000004 0.0192395828125 0.26082031250000004 0.059302082812500004 0.3245234375 0.059302082812500004 0.3245234375 0.0192395828125
1 0.7764375 0.36859375 0.7295625 0.36859375 0.7295625 0.42628125 0.7764375 0.42628125 0.7764375 0.36859375
1 1 0.3621770828125 0.8774062499999999 0.3621770828125 0.8774062499999999 0.41986458281249994 1 0.41986458281249994 1 0.3621770828125