1 0.889421875 0.8525729171875 0.8161093749999999 0.8525729171875 0.8161093749999999 0.9935937499999999 0.889421875 0.9935937499999999 0.889421875 0.8525729171875
1 1 0.759625 0.91346875 0.759625 0.91346875 0.875 1 0.875 1 0.759625
1 0.7403828125 0.65865625 0.6502421875 0.65865625 0.6502421875 0.71634375 0.7403828125 0.71634375 0.7403828125 0.65865625
1 0.9206796875000001 0.5400729171875 0.8209140625 0.5400729171875 0.8209140625 0.6185937499999999 0.9206796875000001 0.6185937499999999 0.9206796875000001 0.5400729171875
1 0.8076874999999999 0.4246666671875 0.75840625 0.4246666671875 0.75840625 0.4759583328125 0.8076874999999999 0.4759583328125 0.8076874999999999 0.4246666671875
1 0.7403828125 0.4054479171875 0.6898984375 0.4054479171875 0.6898984375 0.4455104171875 0.7403828125 0.4455104171875 0.7403828125 0.4054479171875
1 0.6766796875 0.3269270828125 0.6105703124999999 0.3269270828125 0.6105703124999999 0.3701979171875 0.6766796875 0.3701979171875 0.6766796875 0.3269270828125
1 0.503609375 0.1538541671875 0.449515625 0.1538541671875 0.449515625 0.2067291671875 0.503609375 0.2067291671875 0.503609375 0.1538541671875
0 0.574515625 0.2163541671875 0.431484375 0.2163541671875 0.431484375 0.2932708328125 0.574515625 0.2932708328125 0.574515625 0.2163541671875
0 0.41586718749999996 0.22916666718749998 0.2692265625 0.22916666718749998 0.2692265625 0.384625 0.41586718749999996 0.384625 0.41586718749999996 0.22916666718749998
0 0.6959140625 0.41025 0.3425546875 0.41025 0.3425546875 0.6634583328125 0.6959140625 0.6634583328125 0.6959140625 0.41025
0 0.5252343749999999 0.7067291671875 0.311296875 0.7067291671875 0.311296875 0.8942291671874999 0.5252343749999999 0.8942291671874999 0.5252343749999999 0.7067291671875