0 0.2704375 0.1458333328125 0.08775 0.1458333328125 0.08775 0.22595833281250002 0.2704375 0.22595833281250002 0.2704375 0.1458333328125
0 0.2800546875 0.26921875 0.0000078125 0.26921875 0.0000078125 0.52403125 0.2800546875 0.52403125 0.2800546875 0.26921875
1 0.1778828125 0.6025729171875 0.0360546875 0.6025729171875 0.0360546875 0.6810937499999999 0.1778828125 0.6810937499999999 0.1778828125 0.6025729171875
0 0.3497578125 0.6057708328125 0.14542968750000002 0.6057708328125 0.14542968750000002 0.7403958328125 0.3497578125 0.7403958328125 0.3497578125 0.6057708328125
1 0.6310078125 0.7756458328125 0.5673046875 0.7756458328125 0.5673046875 0.9006458328125 0.6310078125 0.9006458328125 0.6310078125 0.7756458328125
1 0.737984375 0.8269270828125 0.664671875 0.8269270828125 0.664671875 0.8910312499999999 0.737984375 0.8910312499999999 0.737984375 0.8269270828125
1 0.7211484375 0.8750104171875 0.6334140625 0.8750104171875 0.6334140625 0.9711562499999999 0.7211484375 0.9711562499999999 0.7211484375 0.8750104171875
1 1 0.8701979171875 0.8882187500000001 0.8701979171875 0.8882187500000001 0.9407187499999999 1 0.9407187499999999 1 0.8701979171875
1 0.9507187500000001 0.7996666671875 0.875 0.7996666671875 0.875 0.8685833328125 0.9507187500000001 0.8685833328125 0.9507187500000001 0.7996666671875
1 0.5264375 0.4487291671875 0.45071874999999995 0.4487291671875 0.45071874999999995 0.5256458328125 0.5264375 0.5256458328125 0.5264375 0.4487291671875
1 0.4759609375 0.580125 0.4074453125 0.580125 0.4074453125 0.6394166671875 0.4759609375 0.6394166671875 0.4759609375 0.580125
1 0.3701875 0.2868645828125 0.3125 0.2868645828125 0.3125 0.31571875 0.3701875 0.31571875 0.3701875 0.2868645828125
1 0.3798125 0.4230833328125 0.34134375 0.4230833328125 0.34134375 0.48237500000000005 0.3798125 0.48237500000000005 0.3798125 0.4230833328125
1 0.8726015625000001 0.7387916671875 0.7980859375 0.7387916671875 0.7980859375 0.8397500000000001 0.8726015625000001 0.8397500000000001 0.8726015625000001 0.7387916671875
1 0.811296875 0.5977604171875 0.7283593749999999 0.5977604171875 0.7283593749999999 0.65865625 0.811296875 0.65865625 0.811296875 0.5977604171875
1 0.882203125 0.6442395828125 0.8064843749999999 0.6442395828125 0.8064843749999999 0.7051354171875001 0.882203125 0.7051354171875001 0.882203125 0.6442395828125