1 0.806270621875 0.6527955140625 0.9492800875 0.655291753125 0.950398859375 0.5911973515625 0.80738939375 0.5887011109375 0.806270621875 0.6527955140625
0 0.6354089421875 0.731565146875 0.8348941796875 0.7350471749999999 0.8370197375 0.6132740578125 0.6375345 0.6097920296875 0.6354089421875 0.731565146875
1 0.3550618546875 0.8837476765625001 0.430769071875 0.8850691515625 0.4329786203125 0.7584842671875001 0.3572714015625 0.7571627921874999 0.3550618546875 0.8837476765625001
1 0.26022718437500003 0.87568510625 0.3239206078125 0.876796878125 0.3251793625 0.8046828640625 0.2614859390625 0.803571090625 0.26022718437500003 0.87568510625
1 0.2649553234375 0.9494976156250001 0.34667725 0.9509240765625 0.34815961406249996 0.8659995140625 0.26643768749999996 0.8645730515625001 0.2649553234375 0.9494976156250001
1 0.018985821875 0.85383611875 0.094693040625 0.8551575937499999 0.09611941093750001 0.773440875 0.020412193749999998 0.7721194015624999 0.018985821875 0.85383611875
1 0 0.9304435218749999 0.1233927765625 0.9325973515625 0.1249591296875 0.8428610203125 0 0.8406798515625 0 0.9304435218749999
1 0.0299441078125 0.7770885953125 0.24986373281250002 0.78092730625 0.253331671875 0.5822492375 0.033412046875000004 0.5784105265624999 0.0299441078125 0.7770885953125
1 0.4523845890625 0.5424567125 0.5268888640625 0.5437571890624999 0.5287908125 0.4347946203125 0.4542865375 0.43349414375000006 0.4523845890625 0.5424567125
1 0.6125950421875 0.316030784375 0.6811002312500001 0.317226546875 0.68179941875 0.27717015 0.613294228125 0.2759743875 0.6125950421875 0.316030784375
1 0.8048851593749999 0.1126265640625 0.8589706703125 0.11357062968750001 0.859557871875 0.079929921875 0.805472359375 0.0789858546875 0.8048851593749999 0.1126265640625
1 0.5012594765625 0.634657071875 0.6022128484375 0.6364192203125 0.6036952125 0.5514946562499999 0.5027418406249999 0.549732509375 0.5012594765625 0.634657071875
1 0.43179604375 0.825786378125 0.515923853125 0.8272548343749999 0.51729423125 0.7487459609375 0.4331664203125 0.7472775046875 0.43179604375 0.825786378125
1 0.6095059546875 0.49389979687499996 0.6551708734374999 0.4946968796875 0.6564852578125 0.41939585 0.6108203390625 0.4185987671875 0.6095059546875 0.49389979687499996
1 0.68516390625 0.22274141093750002 0.7140032625 0.223244803125 0.71445084375 0.1976028765625 0.6856114875 0.197099484375 0.68516390625 0.22274141093750002
0 0.7134640625 0.253687946875 0.8708932062500001 0.2564358828125 0.8724035671875001 0.169907396875 0.714974421875 0.1671594609375 0.7134640625 0.253687946875
0 0.7975006125 0.39781195468749997 0.993377025 0.40123099062499995 0.995894171875 0.257023790625 0.800017759375 0.2536047546875 0.7975006125 0.39781195468749997
0 1 0.40293016875000004 0.715751053125 0.3979685859375 0.7138491046875 0.5069311546875 0.9998680359375 0.5119236328125 1 0.504363415625 1 0.40293016875000004
0 0.699764659375 0.4185364671875 0.8716134828125 0.42153609843749995 0.8744662234374999 0.25810266249999997 0.7026174015625 0.2551030296875 0.699764659375 0.4185364671875