0 0.426430534375 0.3063740453125 0.4230742171875 0.49865725625 0.5785088734375 0.5013703781250001 0.5818651890625001 0.3090871671875 0.426430534375 0.3063740453125
1 0.23514501562499998 0.06262352812500001 0.2338655359375 0.1359248625 0.32199794531250003 0.1374632203125 0.323277425 0.0641618859375 0.23514501562499998 0.06262352812500001
1 0.376798271875 0.8548726328124999 0.3757914859375 0.9125513468750001 0.419055728125 0.9133065265625 0.4200625140625 0.8556278125000001 0.376798271875 0.8548726328124999
1 0.5452425953125 0.8469986921875 0.5436064328125 0.9407344125 0.5788510640625 0.9413496109375 0.5804872265625 0.8476138890625 0.5452425953125 0.8469986921875
1 0.4761894421875 0.854216521875 0.47467926406250005 0.94073459375 0.5163395859375 0.9414617765625 0.5178497640625 0.8549437062499999 0.4761894421875 0.854216521875
1 0.395333628125 0.7109554499999999 0.3943268421875 0.7686341640625 0.44400677499999996 0.7695013296875 0.4450135609375 0.711822615625 0.395333628125 0.7109554499999999
1 0.5279043531250001 0.7384998859375 0.5269812843749999 0.7913824546875 0.562225915625 0.7919976515625 0.5631489843749999 0.7391150828125 0.5279043531250001 0.7384998859375
1 0.3174101234375 0.9512024 0.3166130390625 0.99686731875 0.403141525 0.9983776796875 0.40393860937500004 0.9527127609375 0.3174101234375 0.9512024
1 0 0.744920475 0.053339187499999996 0.7458515140624999 0.05434597343749999 0.6881728 0 0.6872241875 0 0.744920475
1 0.0086617875 0 0.00763800625 0.0586523796875 0.0685245640625 0.059715157812499996 0.06956689687499999 0 0.0086617875 0
1 0.5506674828125 0.26045716093750004 0.5500801 0.294108284375 0.58532473125 0.2947234828125 0.5859121140625 0.2610723578125 0.5506674828125 0.26045716093750004
1 0.5720848890625 0.227177440625 0.571203815625 0.2776541265625 0.606448446875 0.2782693234375 0.6073295203125 0.22779263749999998 0.5720848890625 0.227177440625
1 0.7323306828125 0.3201367109375 0.7315126000000001 0.367004571875 0.77477684375 0.3677597515625 0.7755949249999999 0.320891890625 0.7323306828125 0.3201367109375
1 0.7405451140625 0.8600185484375 0.7401257109375 0.8840461390625001 0.7785781859375 0.8847173296875 0.7789975890624999 0.8606897390625001 0.7405451140625 0.8600185484375
1 0.7127649828125 0.798235246875 0.7116952046875 0.8595227859374999 0.7565633703125 0.8603059625 0.7576331484375001 0.7990184234375 0.7127649828125 0.798235246875