1 0.6173862265625 0.8379712156249999 0.6337909828125 0.9715772328125001 0.7117265328125 0.9620079515625 0.6953217765625 0.828401934375 0.6173862265625 0.8379712156249999
1 0.5366801625 0.746169409375 0.5495697500000001 0.8511466734375001 0.61319609375 0.843334340625 0.6003065078125001 0.7383570765624999 0.5366801625 0.746169409375
1 0.6650053953125 0.12130252187499999 0.68375423125 0.27399954375 0.7648742015625001 0.2640392640625 0.746125365625 0.1113422421875 0.6650053953125 0.12130252187499999
1 0.564229671875 0.2341832015625 0.5733108421875001 0.3081433984375 0.638529396875 0.3001355671875 0.6294482265625 0.2261753703125 0.564229671875 0.2341832015625
1 0.561434184375 0.290222846875 0.568611146875 0.348674509375 0.6274608609375 0.3414486734375 0.6202838984375 0.2829970109375 0.561434184375 0.290222846875
1 0.5664427562500001 0.35742587656249997 0.5728885015625 0.4099222625 0.61902121875 0.40425787812499997 0.6125754734375 0.351761490625 0.5664427562500001 0.35742587656249997
1 0.357784075 0.183236278125 0.3651076609375 0.24288209843750003 0.42236516562500004 0.23585176093750002 0.41504158125 0.176205940625 0.357784075 0.183236278125
1 0.3644401421875 0.0141019046875 0.3679553109375 0.0427306578125 0.3981866125 0.039018721875 0.39467144374999996 0.01038996875 0.3644401421875 0.0141019046875
1 0.3845636515625 0.296205346875 0.38968978125 0.3379543203125 0.42945366093750004 0.3330719296875 0.42432753125 0.29132295625000004 0.3845636515625 0.296205346875
1 0.3165974265625 0.40021675625 0.3250940046875 0.469415834375 0.38075930156250004 0.46258099531249997 0.3722627234375 0.39338191875 0.3165974265625 0.40021675625
1 0.1764198359375 0.46827616250000004 0.182425709375 0.517190078125 0.239683215625 0.5101597390625 0.23367734218749997 0.46124582500000005 0.1764198359375 0.46827616250000004
1 0.16948828124999998 0.385582646875 0.1771051140625 0.44761678125 0.2152767859375 0.44292988906249997 0.207659953125 0.3808957546875 0.16948828124999998 0.385582646875
1 0.0800327640625 0.5249294515625 0.08633188593749999 0.57623168125 0.11813471874999999 0.5723267843750001 0.111835596875 0.5210245546875 0.0800327640625 0.5249294515625
0 0.10086586718749999 0.5235678859374999 0.11126665468750001 0.6082754968749999 0.1748929984375 0.6004631640625 0.16449221249999998 0.515755553125 0.10086586718749999 0.5235678859374999
0 0.136554978125 0.6039661921875 0.1487133484375 0.7029881796875 0.2330177375 0.6926369015625 0.22085936562500003 0.5936149140625 0.136554978125 0.6039661921875
0 0.3675380265625 0.6046575296875 0.3767658203125 0.6798118843750001 0.4387999546875 0.67219505 0.42957216093749995 0.5970406968749999 0.3675380265625 0.6046575296875
0 0.5338593781250001 0 0.5512122125000001 0.1413274984375 0.7468678734374999 0.11730400468749999 0.7324647515625 0 0.5338593781250001 0