1 0.47387085000000007 0 0.447736584375 0.002746821875 0.4601738390625 0.1210793875 0.5430506625 0.11236868281250001 0.5312402390625001 0 0.47387085000000007 0
1 0.34188317968750004 0.9734494390625 0.3318321140625 0.8778199421874999 0.22983146250000003 0.8885406437500001 0.23988252656250003 0.9841701390625 0.34188317968750004 0.9734494390625
1 0.1841843453125 0.73017891875 0.17513936562500002 0.644121696875 0.0747340921875 0.654674715625 0.08377907031250001 0.7407319390625 0.1841843453125 0.73017891875
1 0.0795583734375 0.4704738703125 0.07327686562499999 0.4107093203125 0.027052315625 0.41556771562500006 0.0333338234375 0.475332265625 0.0795583734375 0.4704738703125
1 0.675325259375 0.926321453125 0.668540709375 0.8617707671874999 0.6047877125000001 0.8684714765624999 0.6115722625 0.9330221640625 0.675325259375 0.926321453125
1 0.889428846875 0.7249556187499999 0.8811367999999999 0.6460620625 0.8141930453124999 0.653098134375 0.8224850921875 0.7319916906249999 0.889428846875 0.7249556187499999
1 0.6931426890625 0.6972274609375 0.6856052078125 0.625513109375 0.6425714171875 0.63003614375 0.6501088984375001 0.7017504953125 0.6931426890625 0.6972274609375
1 0.7426498296874999 0.8310277156250001 0.732095721875 0.7306120828125 0.6747242390625 0.7366420687499999 0.6852783484375 0.8370577015625 0.7426498296874999 0.8310277156250001
0 0.6978544375 0.864730675 0.6674513531249999 0.5754646578125 0.4602592921875 0.597241421875 0.49066237656249995 0.8865074375 0.6978544375 0.864730675
0 0.84729035625 0.5541354578125001 0.8307062625 0.39634834375 0.7159632984375001 0.4084083140625 0.7325473921875 0.566195428125 0.84729035625 0.5541354578125001
0 0.9089912703125 0.650385096875 0.895673690625 0.5236767906249999 0.817583003125 0.531884453125 0.8309005828125 0.6585927578125 0.9089912703125 0.650385096875
0 0.447871225 0.44868344843749997 0.42940235312499997 0.27296386093749997 0.30189635937500003 0.28636528125 0.32036523125 0.46208486875 0.447871225 0.44868344843749997