0 0.27774301874999996 0.3228694640625 0.308294184375 0.1905378296875 0.2255336265625 0.1714310484375 0.1949824609375 0.3037626828125 0.27774301874999996 0.3228694640625
0 0.567156340625 0.38720823125 0.6301531796875001 0.11433893906249999 0.40998614375000003 0.063509375 0.3469893046875 0.33637866562499996 0.567156340625 0.38720823125
1 0.7173034578124999 0.392269965625 0.752181415625 0.24119693281250001 0.688157184375 0.2264157734375 0.6532792265625 0.37748880625000003 0.7173034578124999 0.392269965625
1 0.91932288125 0.2723919828125 0.960689271875 0.0932144625 0.807672571875 0.057887774999999995 0.7663061828125 0.23706529375000002 0.91932288125 0.2723919828125
0 0.786871684375 0.52552215625 0.8268883671875 0.35219085625 0.730080640625 0.32984103125 0.6900639578125001 0.5031723312499999 0.786871684375 0.52552215625
1 0.7339315609375 0.46273043437499994 0.7496148671875 0.394798571875 0.655933246875 0.373170465625 0.640249940625 0.44110232812500005 0.7339315609375 0.46273043437499994
1 0.8906416734375 0.873903696875 0.9044304703125 0.81417785625 0.7841972640625 0.7864198328125 0.7704084671875 0.8461456734375 0.8906416734375 0.873903696875
1 0.8702463328125001 0.976507984375 0.8840351296875 0.9167821437500001 0.8153217406250001 0.9009184078124999 0.8015329437500001 0.9606442484375 0.8702463328125001 0.976507984375
1 0.858792371875 0.9763411906250001 0.9009338781249999 0.986070325 0.9236469046875 0.887689396875 0.8815053984375 0.8779602640625 0.858792371875 0.9763411906250001
1 0.6560569875 0.6433415171875 0.6736312890625 0.56721885625 0.6111701093749999 0.55279855625 0.5935958078125 0.6289212187500001 0.6560569875 0.6433415171875
1 0.62468899375 1 0.644968721875 0.9121588468749999 0.5762553328125 0.8962951109375 0.554624884375 0.9899868828124999 0.5979964625 1 0.62468899375 1
1 0.560035259375 0.68162888125 0.5781508484375 0.6031616421875 0.4672756546875 0.5775640859375 0.44916006406250003 0.656031325 0.560035259375 0.68162888125
1 0.5223327531249999 0.5100950109375 0.5317947578125 0.46911057031250003 0.4787118875 0.4568554234375 0.46924988437500004 0.49783986562500004 0.5223327531249999 0.5100950109375
1 0.35213439062499996 0.4707936046875 0.3659231875 0.4110677640625 0.33624549843749996 0.40421612968750004 0.3224567015625 0.4639419703125 0.35213439062499996 0.4707936046875
1 0.419940246875 0.5333290703125 0.432375821875 0.4794646765625 0.383961809375 0.46828742031250004 0.371526234375 0.522151815625 0.419940246875 0.5333290703125
1 0.334874284375 0.0967540015625 0.35055759062499997 0.028822139062500002 0.3271321109375 0.023413940624999997 0.3114488046875 0.0913458046875 0.334874284375 0.0967540015625
1 0.1941585296875 0.21476508593750002 0.2057856875 0.16440233437500001 0.176108 0.1575507 0.1644808421875 0.20791345312499998 0.1941585296875 0.21476508593750002
1 0.284422375 0.36511088593749996 0.29253467187500004 0.329972665625 0.2410148546875 0.3180783796875 0.2329025578125 0.3532166 0.284422375 0.36511088593749996
1 0.8417678515624999 0.7935452078125 0.8669131609375 0.6846289046875 0.8028889265625001 0.6698477453125 0.7777436171875001 0.7787640484375 0.8417678515624999 0.7935452078125
1 0.8356559109375 0.5207408625000001 0.8480914859375 0.46687646718750003 0.8121818890625001 0.458586084375 0.7997463125000001 0.5124504796875 0.8356559109375 0.5207408625000001