1 0.5985625 0.0512708328125 0.5565 0.0512708328125 0.5565 0.0785208328125 0.5985625 0.0785208328125 0.5985625 0.0512708328125
1 0.9278828125 0.3557708328125 0.8329296875000001 0.3557708328125 0.8329296875000001 0.46635416718749995 0.9278828125 0.46635416718749995 0.9278828125 0.3557708328125
1 0.860578125 0.44710416718749996 0.7560156250000001 0.44710416718749996 0.7560156250000001 0.5785208328125 0.860578125 0.5785208328125 0.860578125 0.44710416718749996
1 0.515625 0.4951979171875 0.3389375 0.4951979171875 0.3389375 0.59134375 0.515625 0.59134375 0.515625 0.4951979171875
1 0.316109375 0.6009583328125 0.12020312500000001 0.6009583328125 0.12020312500000001 0.7435833328125 0.316109375 0.7435833328125 0.316109375 0.6009583328125
1 0.0889453125 0.5608958328125 0.0300546875 0.5608958328125 0.0300546875 0.6650625 0.0889453125 0.6650625 0.0889453125 0.5608958328125
1 1 0.34615625 0.9350937500000001 0.34615625 0.9350937500000001 0.4455104171875 1 0.4455104171875 1 0.34615625
0 0.71275 0.0977604171875 0.5516875 0.0977604171875 0.5516875 0.1554479171875 0.71275 0.1554479171875 0.71275 0.0977604171875
0 0.58653125 0.1314166671875 0.40625 0.1314166671875 0.40625 0.27725 0.58653125 0.27725 0.58653125 0.1314166671875
0 0.7067265625 0.1923020828125 0.46274218749999996 0.1923020828125 0.46274218749999996 0.38140625 0.7067265625 0.38140625 0.7067265625 0.1923020828125
0 0.6754765625 0.42307291718749995 0.5156171875 0.42307291718749995 0.5156171875 0.5400520828125 0.6754765625 0.5400520828125 0.6754765625 0.42307291718749995