1 0.514514278125 0.6502249765625 0.5353840109375 0.75759045 0.5825839203125 0.7484157171875 0.5617141859375 0.64105024375 0.514514278125 0.6502249765625
1 0.4303716671875 0.8808613328125 0.437252715625 0.9162612625 0.49545502656249996 0.9049478796875 0.488573978125 0.86954795 0.4303716671875 0.8808613328125
1 0.4644069734375 0.904846834375 0.471517590625 0.941427784375 0.509269334375 0.9340895890625 0.50215871875 0.8975086375 0.4644069734375 0.904846834375
1 0.43194102343749996 0.9393235000000001 0.4395077921875 0.978251153125 0.48513300625 0.969382509375 0.47756623749999993 0.9304548562500001 0.43194102343749996 0.9393235000000001
1 0.8173703124999999 0.7468532796875 0.824710496875 0.78461525 0.8561634671875 0.7785014125 0.848823284375 0.740739440625 0.8173703124999999 0.7468532796875
1 1 0.6770754390625 0.9729694999999999 0.6823296359375 0.9871877515625 0.7554762 1 0.75298575 1 0.6770754390625
1 0.6573106453124999 0.528189128125 0.6692362078125 0.5895408265625 0.7195855015625 0.579753915625 0.7076599390625 0.518402215625 0.6573106453124999 0.528189128125
1 0.525537846875 0.236679840625 0.537463409375 0.298031540625 0.5783645421875 0.290081165625 0.5664389796875 0.228729465625 0.525537846875 0.236679840625
1 0.7684503703125001 0.3608853890625 0.78656828125 0.4540939578125 0.8479199796874999 0.442168396875 0.82980206875 0.34895982812500004 0.7684503703125001 0.3608853890625
1 0.81795968125 0.430848996875 0.8317187984375 0.5016335187500001 0.8899211109375 0.4903201359375 0.87616199375 0.4195356125 0.81795968125 0.430848996875
1 0.8406492374999999 0.48031915625000005 0.8573897453124999 0.566441603125 0.9281896046875 0.5526795046874999 0.911449096875 0.4665570578125 0.8406492374999999 0.48031915625000005
1 1 0.4518554734375 0.99402455 0.421114446875 0.964125821875 0.42692617187500004 0.9769696531250001 0.49300195156250004 1 0.48852530468750005 1 0.4518554734375
1 0.27103444374999996 0.195548175 0.28043775000000004 0.243923990625 0.311890721875 0.23781015156250002 0.30248741562500003 0.1894343375 0.27103444374999996 0.195548175
1 0.130583603125 0.34651966875 0.13929820625 0.391352421875 0.1676222421875 0.3858467875 0.1589076375 0.3410140328125 0.130583603125 0.34651966875
1 0.26250410468749996 0.31964331874999996 0.27580706875 0.3880811375 0.3151335078125 0.38043685312500003 0.30183054375 0.3119990328125 0.26250410468749996 0.31964331874999996
1 0.27305864375 0.432682834375 0.2822323828125 0.479877628125 0.318409434375 0.47284552187499995 0.3092356953125 0.4256507265625 0.27305864375 0.432682834375
1 0.528515240625 0 0.542235146875 0.0705828 0.6130350078125 0.0568207015625 0.6019901828124999 0 0.528515240625 0
0 0.1502488203125 0.48961518593750003 0.1768517671875 0.6264754875 0.27438051875 0.60751781875 0.24777757031249997 0.47065751718750004 0.1502488203125 0.48961518593750003
0 0.0991047359375 0.4028342140625 0.1204336046875 0.5125617265625 0.173911834375 0.5021666125 0.152582965625 0.3924390984375 0.0991047359375 0.4028342140625
0 0.805610659375 0.4344670875 0.98966575625 0.3986904015625 0.9389821171875001 0.13794568125 0.7549270203125 0.1737223671875 0.805610659375 0.4344670875
0 0.3439151859375 0.3772855890625 0.367077609375 0.4964459265625 0.44100640625 0.48207562499999995 0.41784398281249996 0.3629152875 0.3439151859375 0.3772855890625
0 0.2747250953125 0.222996709375 0.309353946875 0.40114670625000004 0.4163308609375 0.3803525 0.381702009375 0.2022025046875 0.2747250953125 0.222996709375