1 0.4735625 0.0961458328125 0.4375 0.0961458328125 0.4375 0.13460416718749998 0.4735625 0.13460416718749998 0.4735625 0.0961458328125
1 0.9182656250000001 0.55128125 0.842546875 0.55128125 0.842546875 0.6506354171875001 0.9182656250000001 0.6506354171875001 0.9182656250000001 0.55128125
1 0.8257265625000001 0.63621875 0.7728359375 0.63621875 0.7728359375 0.7067395828125 0.8257265625000001 0.7067395828125 0.8257265625000001 0.63621875
1 0.842546875 0.6906979171875001 0.7560156250000001 0.6906979171875001 0.7560156250000001 0.7580104171875 0.842546875 0.7580104171875 0.842546875 0.6906979171875001
1 0.7331796875000001 0.7820520828124999 0.6670703125 0.7820520828124999 0.6670703125 0.8525729171875 0.7331796875000001 0.8525729171875 0.7331796875000001 0.7820520828124999
1 0.41346875 0.7516041671875 0.359375 0.7516041671875 0.359375 0.7996875 0.41346875 0.7996875 0.41346875 0.7516041671875
1 0.328125 0.7499895828125 0.19471875 0.7499895828125 0.19471875 0.8589687500000001 0.328125 0.8589687500000001 0.328125 0.7499895828125
1 0.9927890625 1 0.9927890625 0.884625 0.9110546875000001 0.884625 0.9110546875000001 1 0.9927890625 1
1 0.7019140625 0.3028854171875 0.6430234375 0.3028854171875 0.6430234375 0.3397395828125 0.7019140625 0.3397395828125 0.7019140625 0.3028854171875
1 0.8353359375 0.40384374999999995 0.7584140625 0.40384374999999995 0.7584140625 0.45353125 0.8353359375 0.45353125 0.8353359375 0.40384374999999995
1 0.64303125 0.2339791671875 0.5889375 0.2339791671875 0.5889375 0.2724375 0.64303125 0.2724375 0.64303125 0.2339791671875
1 0.602171875 0.2612083328125 0.548078125 0.2612083328125 0.548078125 0.3060833328125 0.602171875 0.3060833328125 0.602171875 0.2612083328125
0 0.5516796875 0.1458333328125 0.42066406250000005 0.1458333328125 0.42066406250000005 0.21154166718749998 0.5516796875 0.21154166718749998 0.5516796875 0.1458333328125
0 0.40745312499999997 0.15704166718749998 0.266828125 0.15704166718749998 0.266828125 0.3060833328125 0.40745312499999997 0.3060833328125 0.40745312499999997 0.15704166718749998
0 0.668265625 0.31090625 0.376203125 0.31090625 0.376203125 0.5000104171875 0.668265625 0.5000104171875 0.668265625 0.31090625
0 0.5216328125 0.5496875 0.3749921875 0.5496875 0.3749921875 0.6778958328125 0.5216328125 0.6778958328125 0.5216328125 0.5496875