1 0.42538150625000004 0 0.4233288625 0.11759584999999999 0.506649503125 0.1190502171875 0.5087260671875 0.0000839640625 0.50391576875 0 0.42538150625000004 0
1 0.8013258562500001 0.95965699375 0.8030040140624999 0.8635153890625 0.700457134375 0.8617254265625001 0.6987789765625 0.95786703125 0.8013258562500001 0.95965699375
1 0.9356182546875 0.7035398374999999 0.9371284328125 0.617021765625 0.836185475 0.6152598 0.8346752953125 0.7017778703124999 0.9356182546875 0.7035398374999999
1 0.9627404359374999 0.434753496875 0.9637892171875 0.37466889999999997 0.9173171281249999 0.3738577265625 0.9162683484375 0.43394232343750005 0.9627404359374999 0.434753496875
1 0.42659267187500005 0.941098546875 0.42772544218749997 0.8762021828125001 0.3636310390625 0.8750834109375001 0.36249826875 0.939979775 0.42659267187500005 0.941098546875
1 0.19896146875 0.7592153203125 0.2003459359375 0.679899278125 0.1330436875 0.6787245125 0.131659221875 0.7580405546875 0.19896146875 0.7592153203125
1 0.368046025 0.7140656265625 0.3693045078125 0.641967234375 0.326040265625 0.6412120531250001 0.32478178281250003 0.713310446875 0.368046025 0.7140656265625
1 0.34480320625 0.8519231671874999 0.3465653546875 0.7509697953125001 0.288886640625 0.7499630093749999 0.28712449218749997 0.85091638125 0.34480320625 0.8519231671874999
0 0.542988434375 0.8842228328124999 0.5480646296875 0.5934077578125 0.33976302812500003 0.5897718390625 0.33468683125 0.8805869156250001 0.542988434375 0.8842228328124999
0 0.2741068328125 0.5862113765625 0.276875765625 0.42757929062500005 0.1615183375 0.42556571875 0.1587494046875 0.5841978046875 0.2741068328125 0.5862113765625
0 0.1841808640625 0.6868291515625 0.186404409375 0.55944230625 0.10789553593750001 0.5580719281250001 0.10567199062499999 0.6854587734375001 0.1841808640625 0.6868291515625
0 0.6756466828125001 0.4465729453125 0.6787303046875001 0.2699123546875 0.5505414984375 0.2676748109375 0.5474578765625 0.4443354015625 0.6756466828125001 0.4465729453125