1 1 0.66346875 0.9158671875 0.66346875 0.9158671875 0.7692395828125 1 0.7692395828125 1 0.66346875
1 0.901453125 0.767625 0.8161093749999999 0.767625 0.8161093749999999 0.892625 0.901453125 0.892625 0.901453125 0.767625
1 0.329328125 0.8637708328124999 0.139421875 0.8637708328124999 0.139421875 0.9983958328125 0.329328125 0.9983958328125 0.329328125 0.8637708328124999
1 0.43029687499999997 0.8990416671875 0.34976562499999997 0.8990416671875 0.34976562499999997 0.947125 0.43029687499999997 0.947125 0.43029687499999997 0.8990416671875
1 0.727171875 0.9054583328125 0.644234375 0.9054583328125 0.644234375 0.9647500000000001 0.727171875 0.9647500000000001 0.727171875 0.9054583328125
1 0.72115625 0.5673125 0.640625 0.5673125 0.640625 0.6233958328125 0.72115625 0.6233958328125 0.72115625 0.5673125
1 0.6201875 0.2884583328125 0.57571875 0.2884583328125 0.57571875 0.33975 0.6201875 0.33975 0.6201875 0.2884583328125
1 0.6634609375 0.2804479171875 0.6201953125 0.2804479171875 0.6201953125 0.3301354171875 0.6634609375 0.3301354171875 0.6634609375 0.2804479171875
1 0.764421875 0.3525729171875 0.683890625 0.3525729171875 0.683890625 0.4070520828125 0.764421875 0.4070520828125 0.764421875 0.3525729171875
1 0.50840625 0.1218020828125 0.46875 0.1218020828125 0.46875 0.1618645828125 0.50840625 0.1618645828125 0.50840625 0.1218020828125
0 0.61178125 0.1730833328125 0.4326875 0.1730833328125 0.4326875 0.2628333328125 0.61178125 0.2628333328125 0.61178125 0.1730833328125
0 0.443515625 0.1923125 0.300484375 0.1923125 0.300484375 0.3381458328125 0.443515625 0.3381458328125 0.443515625 0.1923125
0 0.7055234375 0.35896875 0.3942265625 0.35896875 0.3942265625 0.5656979171875001 0.7055234375 0.5656979171875001 0.7055234375 0.35896875
0 0.5324609375 0.6137708328125 0.3726015625 0.6137708328125 0.3726015625 0.7660208328125 0.5324609375 0.7660208328125 0.5324609375 0.6137708328125