0 0.3189530265625 0.7162287109375 0.538897759375 0.739345834375 0.549283096875 0.6405359390625 0.3293383640625 0.6174188171874999 0.3189530265625 0.7162287109375
0 0.3577850046875 0.4963226734375 0.72474804375 0.5348920421875001 0.7508801593750001 0.28626156875 0.38391712031249997 0.2476922 0.3577850046875 0.4963226734375
0 0.27497385625000004 0.4102785265625 0.5546831390625 0.43967715625 0.5945520375 0.060349929687500005 0.3148427546875 0.030951299999999998 0.27497385625000004 0.4102785265625
1 0.213079340625 0.44728233125 0.262090621875 0.452433625 0.2657752515625 0.417376728125 0.21676396874999998 0.412225434375 0.213079340625 0.44728233125
1 0.323913128125 0.6345811593749999 0.345435203125 0.6368432203125 0.3479482421875 0.6129332562500001 0.3264261671875 0.6106711953125 0.323913128125 0.6345811593749999
1 0.1620092640625 0.4386991171875 0.18233480468750002 0.44083541875 0.1875285625 0.3914201109375 0.167203021875 0.3892838109375 0.1620092640625 0.4386991171875
1 0.2069854109375 0.5626628265625 0.2404572890625 0.5661808625 0.246487275 0.5088093796875001 0.213015396875 0.50529134375 0.2069854109375 0.5626628265625
1 0.169699328125 0.10110147031250001 0.21631754218750002 0.1060012421875 0.22285057187500001 0.0438436234375 0.1762323578125 0.0389438515625 0.169699328125 0.10110147031250001
1 0.945545090625 0.5613352265625 0.9766239000000001 0.5646017421875 0.9811469328125 0.5215679515625 0.9500681249999999 0.5183014359375 0.945545090625 0.5613352265625
1 0.6709575562500001 0.70167263125 0.723558440625 0.7072012078125 0.7277461125 0.6673581734375 0.6751452265625 0.6618295984375 0.6709575562500001 0.70167263125
1 0.46059311562499994 0.8519861593750001 0.5084078625 0.857011690625 0.513266259375 0.81078714375 0.4654515109375 0.8057616109374999 0.46059311562499994 0.8519861593750001
1 0.46461528281250003 0.8137177859375001 0.5100369625 0.818491796875 0.5135539109375 0.785030278125 0.46813223125 0.7802562671875 0.46461528281250003 0.8137177859375001