1 0.2733941203125 0.30023985625 0.28177468906250003 0.396030203125 0.42385695781250005 0.3835996140625 0.41547638906250006 0.28780926875 0.2733941203125 0.30023985625
1 0.0786134953125 0.0964876421875 0.088775309375 0.21263771875 0.205309334375 0.20244231250000003 0.1951475203125 0.08629223593749999 0.0786134953125 0.0964876421875
1 0 0.19265050156250002 0.087953275 0.18495558750000002 0.0821914640625 0.119097778125 0 0.1262885984375 0 0.19265050156250002
1 0 0.230058475 0.033733206249999995 0.22710720156250003 0.025247778125 0.1301183078125 0 0.1323272015625 0 0.230058475
1 0.2570425 0.7384183328125 0.2698230734375 0.8845009453125 0.394347409375 0.873606478125 0.3815668375 0.7275238640625 0.2570425 0.7384183328125
1 0.252573840625 1 0.249067734375 0.9599250296875 0.124543396875 0.970819496875 0.1270963609375 1 0.252573840625 1
0 0.36372155625 0.542076625 0.37765421875 0.7013276875 0.49738436874999997 0.6908526562499999 0.48345170625 0.5316015953125001 0.36372155625 0.542076625
0 0.48321809687500006 0.47371417656250003 0.507416071875 0.7502982953124999 0.7548666828124999 0.728649171875 0.7306687078125 0.452065053125 0.48321809687500006 0.47371417656250003
0 0.666642121875 0.584351853125 0.680574784375 0.743602915625 0.824255115625 0.731032515625 0.810322453125 0.5717814531250001 0.666642121875 0.584351853125
0 0.7873871968749999 0.4567567515625 0.7998531921875001 0.599243725 0.8685076109375001 0.5932372406249999 0.8560416156249999 0.45075026874999996 0.7873871968749999 0.4567567515625
1 0.44949391250000004 0.23537146718750002 0.45504600625 0.29883218125 0.5268965484375 0.2925460734375 0.5213444546875 0.22908535937500002 0.44949391250000004 0.23537146718750002
1 0.5006641171874999 0.39739542656250004 0.5084155296875 0.48599449375 0.559512015625 0.48152412968749997 0.5517606015625 0.3929250640625 0.5006641171874999 0.39739542656250004
1 0.649769071875 0.31798853125000004 0.65930173125 0.4269473265625 0.7247600234375 0.42122046874999997 0.7152273640625 0.3122616734375 0.649769071875 0.31798853125000004
1 0.1402283859375 0.17555122343750001 0.14923675 0.27851728593749997 0.2386452234375 0.2706950578125 0.2296368609375 0.167728996875 0.1402283859375 0.17555122343750001