0 0.6261134140625 0.092764771875 0.47883225312500005 0.07987934062499999 0.4729655828125 0.14693569687500002 0.6202467421875 0.159821128125 0.6261134140625 0.092764771875
0 0.7541362359375 0.449833534375 0.5960837203125 0.43600573125000003 0.5867253734375 0.5429721359374999 0.7447778875 0.5567999390625 0.7541362359375 0.449833534375
0 0.6888917671875 0.230175821875 0.5643674296875 0.2192813546875 0.5575238875 0.29750339375 0.6820482250000001 0.3083978609375 0.6888917671875 0.230175821875
0 0.80226894375 0.2031000984375 0.6609805171875001 0.1907389625 0.6526008562500001 0.28651893125 0.7938892828124999 0.2988800671875 0.80226894375 0.2031000984375
0 0.6753317203125 0.0681168875 0.5855341078125 0.060260614062499995 0.5813433703124999 0.10816097656250001 0.6711409828125 0.11601724843750001 0.6753317203125 0.0681168875
1 0.2764449234375 0.20053257656249998 0.197418665625 0.19361867500000002 0.193088115625 0.2431171 0.272114371875 0.2500310015625 0.2764449234375 0.20053257656249998
1 0.46982851875 0.265707996875 0.348899821875 0.2551281078125 0.3428933390625 0.32378252500000004 0.46382203593750004 0.3343624140625 0.46982851875 0.265707996875
1 0.7247879968750001 0.6612259109374999 0.667320015625 0.6561981140625 0.66187278125 0.7184602828125 0.7193407625 0.7234880796875001 0.7247879968750001 0.6612259109374999
1 0.33672340156249997 0.6562285859375 0.23733741562500002 0.6475334390625 0.23202999375000002 0.7081975468749999 0.33141598125 0.71689269375 0.33672340156249997 0.6562285859375
1 0.125183334375 0.4125100671875 0.0234158203125 0.4036065625 0.0186676484375 0.45787841875 0.1204351625 0.4667819234375 0.125183334375 0.4125100671875
1 0.95439053125 0.394973921875 0.86459291875 0.38711764843749996 0.8609614296875 0.42862576093750004 0.9507590421875 0.436482034375 0.95439053125 0.394973921875
1 0.962318765625 0.5388478125 0.9096294046875 0.5342380906249999 0.9040423578125001 0.5980983234374999 0.9567317187500001 0.6027080437500001 0.962318765625 0.5388478125
1 0.9940386406249999 0.589879490625 0.953334746875 0.5863183609375 0.948864384375 0.6374148468749999 0.9895682765625 0.640975975 0.9940386406249999 0.589879490625
1 0.9282680953125 0.500473659375 0.84444765 0.4931403203125 0.8399772875 0.5442368078125 0.92379773125 0.5515701453124999 0.9282680953125 0.500473659375
1 0.8701210421875001 0.723807746875 0.9814769296874999 0.733550125 0.9883204718749999 0.6553280859374999 0.8769645828125 0.6455857093749999 0.8701210421875001 0.723807746875
1 0.8126865265625 0.5804439578125 0.7180947265625 0.572168246875 0.7133465546875 0.626440103125 0.8079383546875001 0.6347158125 0.8126865265625 0.5804439578125
1 0.8180121218749999 0.740172178125 0.768918403125 0.735877034375 0.76291191875 0.80453145 0.8120056390625001 0.8088265937499999 0.8180121218749999 0.740172178125
1 0.4140306625 0.8206545484375001 0.3709296765625 0.8168837015625 0.3684148703125 0.84562806875 0.41151585625 0.8493989171875 0.4140306625 0.8206545484375001
1 0.5442537921875 0.8079140953125 0.49036588593749997 0.8031995140625 0.4853380890625 0.8606674968749999 0.5392259953125 0.8653820765625 0.5442537921875 0.8079140953125
1 0.289589096875 0.822618309375 0.2488852046875 0.8190571796875 0.24441484062500002 0.870153665625 0.285118734375 0.8737147937499999 0.289589096875 0.822618309375
1 0.3629258203125 0.9496914921874999 0.2743267546875 0.9419400781249999 0.270835078125 0.9818501296875001 0.35943414375 0.9896015421875 0.3629258203125 0.9496914921874999
1 0.539792753125 0.5002608265624999 0.48352331875 0.49533788906250004 0.4793325796875 0.54323825 0.5356020140625 0.5481611875 0.539792753125 0.5002608265624999
1 0.5365861015625 0.4404621296875 0.48869092812500003 0.43627184531249996 0.48533906250000003 0.47458383125000003 0.5332342359375 0.4787741171875 0.5365861015625 0.4404621296875
1 0.48053709375000003 0.4741637140625 0.4314433734375 0.4698685703125 0.42753225937500006 0.51457280625 0.4766259796875 0.5188679515625 0.48053709375000003 0.4741637140625
1 0.7390534796875 0.33269825000000003 0.685165571875 0.32798366875 0.6818137078125 0.36629565625 0.7357016140625 0.3710102375 0.7390534796875 0.33269825000000003
1 0.7313358484375 0.1035912921875 0.687036315625 0.09971558593749999 0.6842437 0.131635325 0.7285432328125 0.13551103125 0.7313358484375 0.1035912921875