0 0.7259277078124999 0.1754983484375 0.7761578734375 0.41181269531250003 0.9595605484374999 0.37282925312500004 0.9093303828125 0.13651490625 0.7259277078124999 0.1754983484375
0 0.1298040828125 0.49267518125 0.15929180781250002 0.631404021875 0.2549057359375 0.6110806546875 0.2254180109375 0.4723518140625 0.1298040828125 0.49267518125
0 0.0698165453125 0.4108115 0.09180645468750001 0.5142658921875001 0.14823334375 0.5022719859375 0.12624343437500002 0.39881759375 0.0698165453125 0.4108115
0 0.25779994375 0.18530756406249999 0.3042812015625 0.40398468593750003 0.3716918734375 0.38965610625 0.3252106171875 0.17097898281249999 0.25779994375 0.18530756406249999
0 0.2889901640625 0.39372083125 0.31123021875 0.49835205781249997 0.41155148124999996 0.477028115625 0.38931142812499997 0.3723968890625 0.2889901640625 0.39372083125
1 0.46909804062499993 0 0.48365645625000003 0.068491965625 0.5588923078125 0.0525000921875 0.5477330703125001 0 0.46909804062499993 0
1 0.463724603125 0.6453272015625 0.48421689843750004 0.741735875 0.5437820125 0.7290749187500001 0.5232897171875 0.6326662468750001 0.463724603125 0.6453272015625
1 0.466662584375 0.2429068875 0.4796570640625 0.3040411125 0.5392221765625 0.29138015625 0.526227696875 0.23024593124999998 0.466662584375 0.2429068875
1 0.6155147015625 0.5270588187499999 0.6257608484375 0.5752631546875 0.671224334375 0.5655995921875 0.6609781859375 0.51739525625 0.6155147015625 0.5270588187499999
1 0.7732396953125 0.7294544015625 0.78248526875 0.772951403125 0.816964971875 0.7656225156249999 0.8077193984375001 0.7221255156249999 0.7732396953125 0.7294544015625
1 0.4204277765625 0.8732552046875 0.42892291875 0.9132217046875001 0.4869189203125 0.9008942734375 0.478423778125 0.8609277734375 0.4204277765625 0.8732552046875
1 0.42295954843750005 0.9083632015625 0.43545374062500003 0.967143759375 0.48405544999999994 0.956813146875 0.47156125624999995 0.8980325890625 0.42295954843750005 0.9083632015625
1 0.4022479203125 1 0.43286489375 0.9934921609374999 0.4241196078125 0.952348828125 0.392778128125 0.959010665625 0.40149068125 1 0.4022479203125 1
1 0.35311203281250003 0.0864079984375 0.3646056515625 0.14048122031250002 0.4116382484375 0.1304841328125 0.4001446296875 0.07641091093749999 0.35311203281250003 0.0864079984375
1 0.711324878125 0.34573100156250003 0.7328145 0.44683172656250003 0.7892413890625 0.434837821875 0.7677517671875 0.333737096875 0.711324878125 0.34573100156250003
1 0.7619266875 0.42958169531249996 0.7726731234375 0.48013969999999995 0.8322382359375 0.46747874375 0.8214918000000001 0.416920740625 0.7619266875 0.42958169531249996
1 0.91639385625 0.670759925 0.92863790625 0.72836365 0.98977213125 0.71536916875 0.97752808125 0.6577654453124999 0.91639385625 0.670759925
1 0.22555457343750002 0.3187320859375 0.2410472421875 0.391619365625 0.2770960578125 0.3839569546875 0.26160338906249997 0.31106967343749997 0.22555457343750002 0.3187320859375
1 0.2452654640625 0.44232699374999995 0.25226299218750003 0.475247775 0.2851735828125 0.46825241249999994 0.2781760546875 0.4353316328125 0.2452654640625 0.44232699374999995
1 0.3416144859375 0.5410459015625 0.3471111515625 0.566905678125 0.3878673015625 0.5582426921875 0.3823706359375 0.5323829140624999 0.3416144859375 0.5410459015625
1 0.549412165625 0.2314519640625 0.5576571640625 0.2702416296875 0.5952750890625 0.26224569375 0.587030090625 0.2234560265625 0.549412165625 0.2314519640625
1 0.2953853359375 0.06919005 0.29913424375000003 0.08682727343749999 0.32108143125 0.0821622546875 0.3173325234375 0.06452503125 0.2953853359375 0.06919005
1 0.09430024375 0.356455109375 0.10279538437499999 0.39642160937500004 0.15139709375 0.38609099687500004 0.14290195156250002 0.346124496875 0.09430024375 0.356455109375
1 0.10151145156250001 0.791142271875 0.11050688125000001 0.8334624406250001 0.14498658281250001 0.8261335531249999 0.1359911546875 0.7838133859374999 0.10151145156250001 0.791142271875
1 0.18531966875 0.7770023234375001 0.19431509687499998 0.8193224906250001 0.2209696203125 0.813656896875 0.21197419062499998 0.7713367296875 0.18531966875 0.7770023234375001
1 0.22362996562499998 0.77992925 0.23212510625 0.8198957484375 0.260348740625 0.8138966296874999 0.2518536 0.77393013125 0.22362996562499998 0.77992925
1 0.3105515203125 0.82657979375 0.32004723749999997 0.871253628125 0.3498399828125 0.8649209843750001 0.34034426562500003 0.8202471499999999 0.3105515203125 0.82657979375
0 1 0.5398849625000001 0.9797707421874999 0.4447137921875 0.7681444328125 0.489696353125 0.7926325328125 0.6049038 1 0.5608264843749999 1 0.5398849625000001
0 1 0.4474979828125 0.9913116562500001 0.40662254062500003 0.9145066921874999 0.422947940625 0.9237522640625 0.4664449421875 1 0.450237984375 1 0.4474979828125
0 0.4549630921875 0 0.3854056125 0.0147848984375 0.41157000000000005 0.1378786609375 0.51032215 0.11688824375 0.4854767875 0 0.4549630921875 0
0 0.6984537625 0 0.709094709375 0.050061721875 0.8470338999999999 0.0207418421875 0.8426250843749999 0 0.6984537625 0