1 0.22850560781249998 0.7500231578125 0.133610325 0.7533369734375001 0.13556760625 0.80938614375 0.23046288750000002 0.8060723281250001 0.22850560781249998 0.7500231578125
1 0.372779721875 0.8860917875000001 0.3403463671875 0.8872243859375001 0.34168854375 0.9256592906250001 0.3741218984375 0.9245266921875 0.372779721875 0.8860917875000001
1 0.2603545203125 0.11229399375 0.0801830921875 0.11858571874999999 0.08549654062499999 0.27074297187499996 0.26566796875 0.264451246875 0.2603545203125 0.11229399375
1 0.4214030875 0.281453609375 0.2832685359375 0.286277375 0.28673594687500004 0.38557101875 0.424870496875 0.380747253125 0.4214030875 0.281453609375
0 0.5841286015625 0.1538947828125 0.3763177703125 0.161151696875 0.37945 0.250847025 0.58726083125 0.243590109375 0.5841286015625 0.1538947828125
1 0.71061930625 0.26334908125 0.6505621625 0.265446321875 0.652575428125 0.32309868124999996 0.7126325703124999 0.3210014390625 0.71061930625 0.26334908125
1 0.7384459234375 0.164546925 0.6747816046875 0.1667701328125 0.6775219421875 0.2452431328125 0.7411862609375001 0.24301992499999997 0.7384459234375 0.164546925
1 0.7519381 0 0.7542493484375 0.06618547500000001 0.936825559375 0.059809773437500005 0.9347369562500001 0 0.7519381 0
1 0.7975531734375 0.34209226875 0.6846376249999999 0.34603536562500004 0.6888321093750001 0.4661496515625 0.8017476562500001 0.462206553125 0.7975531734375 0.34209226875
1 0.6523878671875 0.558821740625 0.5887235484375 0.561044946875 0.590568859375 0.6138877375 0.6542331781249999 0.6116645296875001 0.6523878671875 0.558821740625
1 0.6054372703124999 0.6261992515625 0.52255029375 0.6290937296875 0.5246755265624999 0.6899524671874999 0.607562503125 0.687057990625 0.6054372703124999 0.6261992515625
1 0.60009600625 0.438771484375 0.546035209375 0.440659328125 0.5486635765625001 0.51592595 0.602724375 0.51403810625 0.60009600625 0.438771484375
1 0.5182320421875 0.7463054203125 0.47978672656250004 0.7476479609375 0.48084970625 0.7780877390625001 0.519295021875 0.7767451984375 0.5182320421875 0.7463054203125
0 0.5078134671875 0.448404215625 0.1822931375 0.45977163593750003 0.19124195 0.7160321015625 0.51676228125 0.7046646812499999 0.5078134671875 0.448404215625
0 0.49109613750000003 0.7616889046875001 0.3325365359375 0.767225928125 0.33499767812500003 0.8377038015625 0.49355727812500005 0.832166778125 0.49109613750000003 0.7616889046875001