0 0.5786732781249999 0.824379028125 0.4705672984375 0.8281541718750001 0.473531575 0.9130399296875 0.5816375546875 0.9092647859375 0.5786732781249999 0.824379028125
0 0.65155740625 0.8795565218749999 0.5710752140625 0.8823670218749999 0.5734243859375 0.949638515625 0.653906578125 0.946828015625 0.65155740625 0.8795565218749999
0 0.6575333624999999 0.706169425 0.5650428640625 0.7093992640625 0.5675599906250001 0.781480328125 0.6600504875000001 0.7782504890624999 0.6575333624999999 0.706169425
0 0.7761453328125001 0.7276784453125 0.6440071281249999 0.7322928125 0.6466354953125 0.807559434375 0.7787737015625 0.8029450671875 0.7761453328125001 0.7276784453125
0 0.7493085859375 0.4415865890625 0.5811454640625 0.447458975 0.585227978125 0.5643668796875 0.7533911 0.55849449375 0.7493085859375 0.4415865890625
1 0.111450815625 0.4975378390625 0.0081544046875 0.5011450281250001 0.0099444578125 0.5524054484375001 0.11324086874999999 0.5487982578125 0.111450815625 0.4975378390625
1 0.33261172656250004 0.25249307499999996 0.2401212296875 0.25572291406250003 0.24202252500000002 0.31016889375 0.334513021875 0.3069390546875 0.33261172656250004 0.25249307499999996
1 0.43117058906250005 0.6643564 0.3567003578125 0.6669569578125001 0.358881575 0.729418884375 0.43335180781249993 0.7268183265625 0.43117058906250005 0.6643564
1 0.24946976875 0.7300501859375 0.184603059375 0.7323153812500001 0.18644836874999998 0.785158171875 0.2513150796875 0.7828929765625 0.24946976875 0.7300501859375
1 0.71231380625 0.8630094078124999 0.6630625765625 0.8647292984374999 0.6645727078125 0.907973771875 0.7138239375000001 0.90625388125 0.71231380625 0.8630094078124999
1 0.9570716218750001 0.570633125 0.8717798609375 0.5736115796875 0.873345975 0.6184592421875 0.9586377359375 0.6154807890625 0.9570716218750001 0.570633125
1 0.8209265109375 0.35730665156249997 0.7332455812500001 0.3603685375 0.735258846875 0.4180208953125 0.8229397765625001 0.41495900937499997 0.8209265109375 0.35730665156249997
1 0.9244143093750001 0.4274564625 0.8439321156249999 0.4302669625 0.8469523765625 0.5167559109375001 0.9274345687500001 0.5139454109375 0.9244143093750001 0.4274564625
1 0.8940345687500001 0.3499486515625 0.9949418109374999 0.34642489374999996 0.9918095812500001 0.2567295671875 0.8909023390625 0.260253325 0.8940345687500001 0.3499486515625
1 0.7260664703125 0.257983796875 0.6876211546875 0.2593263375 0.689578434375 0.31537550625 0.72802375 0.3140329671875 0.7260664703125 0.257983796875
1 0.9739576515625 0.40007532812499996 0.92711120625 0.4017112421875 0.929236440625 0.46256997968749997 0.9760828859374999 0.46093406562499994 0.9739576515625 0.40007532812499996
1 0.4841327640625 0.45886203124999997 0.42888519062499997 0.46079131875 0.43067524375 0.512051740625 0.48592281875000004 0.5101224531249999 0.4841327640625 0.45886203124999997
1 0.5313989171875 0.503718959375 0.484552471875 0.5053548734375 0.48600661718750005 0.5469961578125 0.5328530625 0.54536024375 0.5313989171875 0.503718959375
1 0.5757842296875 0.5005534234375 0.5397436984375 0.5018119859375 0.5411418593749999 0.54185008125 0.577182390625 0.5405915171875 0.5757842296875 0.5005534234375
1 0.5370037234375 0.42334939531250004 0.458926315625 0.42607591874999995 0.46099556562500005 0.48533146718750003 0.5390729734375 0.48260494375 0.5370037234375 0.42334939531250004
1 0.728004515625 0.6235242546875 0.684765246875 0.625034203125 0.6860514390625 0.6618659203124999 0.7292907078125 0.660355971875 0.728004515625 0.6235242546875
1 0.9369539453125 0.614622434375 0.8072205234375 0.6191528265625 0.8089545921875001 0.6688100578125 0.9386880140624999 0.6642796671875 0.9369539453125 0.614622434375