0 0 0.6181313921875 0.0709897875 0.6358311343749999 0.1120862703125 0.4710021484375 0 0.44305590156249997 0 0.6181313921875
0 0 0.5157248984375 0.2617826734375 0.58099465 0.3141234828125 0.37106712656249996 0.043562584375000005 0.30360871718750004 0 0.47832869687499996 0 0.5157248984375
0 0.30934997656249996 0.1815967296875 0.10758910937499999 0.1312920953125 0.0769607890625 0.254135578125 0.27872165781249997 0.3044402125 0.30934997656249996 0.1815967296875
0 0.23229736406249998 0.6496186859375 0.0865255921875 0.6132736999999999 0.0721816390625 0.6708041515625001 0.2179534109375 0.7071491359375 0.23229736406249998 0.6496186859375
1 0.8777296046874999 0.4009492484375 0.7669339609375 0.3733247921875 0.7529780921875 0.4292987265625 0.863773734375 0.4569231828125 0.8777296046874999 0.4009492484375
1 0.9992610484375 0.2066088765625 0.9456218875 0.19323513125 0.919645525 0.297420634375 0.973284684375 0.3107943796875 0.9992610484375 0.2066088765625
1 0.772606671875 0.107176828125 0.6478175453125 0.0760634046875 0.6233935140625 0.1740228453125 0.748182640625 0.20513626875000002 0.772606671875 0.107176828125
1 0.7352486515625001 0.0433579984375 0.63028994375 0.017188853125 0.617110240625 0.0700497546875 0.7220689484375 0.0962189 0.7352486515625001 0.0433579984375
1 0.6470739328125 0.1386273421875 0.5910999984374999 0.1246714734375 0.5721040890625 0.20085990156250003 0.6280780234375001 0.2148157703125 0.6470739328125 0.1386273421875
1 0.463334121875 0.30423121875 0.415516734375 0.2923090046875 0.4011727828125 0.3498394546875 0.44899016875 0.36176166875 0.463334121875 0.30423121875
1 0.4932358234375 0.2588353953125 0.4174314703125 0.239935246875 0.40192326874999995 0.3021352453125 0.477727621875 0.32103539375 0.4932358234375 0.2588353953125
1 0.5423134171874999 0.4097967015625 0.4735133859375 0.3926429265625 0.4537413109375 0.47194438906249997 0.5225413421875 0.48909816250000004 0.5423134171874999 0.4097967015625
1 0.9379675015625001 0.3779751 0.8773240187500001 0.36285498125000004 0.8598754015625 0.4328375609375 0.920518884375 0.44795767968750005 0.9379675015625001 0.3779751
1 0.338355103125 0.5720128156250001 0.297542040625 0.5618369765625 0.28901429375 0.5960399 0.32982735625 0.6062157406249999 0.338355103125 0.5720128156250001
1 0.15844715781250002 0.0415659375 0.10247322343750001 0.02761006875 0.0873531046875 0.0882535515625 0.1433270390625 0.1022094203125 0.15844715781250002 0.0415659375