0 0.30294105781249997 0.2232131828125 0.43273057656249997 0.19798465625 0.4104099 0.083154725 0.28062037968750003 0.10838325156249999 0.30294105781249997 0.2232131828125
0 0.141086871875 0.845657471875 0.33693683281250003 0.8075880953125001 0.30605360312499996 0.6487076453125 0.11020364062500002 0.686777021875 0.141086871875 0.845657471875
0 0.07885295 0.41207657812500004 0.2440270609375 0.3799699828125 0.22476330312499998 0.2808665390625 0.059589192187499994 0.3129731328125 0.07885295 0.41207657812500004
0 0.23555385625 0.393045734375 0.352352153125 0.3703424453125 0.33798185 0.2964136484375 0.22118355312500002 0.3191169375 0.23555385625 0.393045734375
0 0.20034135000000003 0.1615318703125 0.3041637625 0.1413508375 0.2952951203125 0.09572562343749999 0.1914727078125 0.11590665625 0.20034135000000003 0.1615318703125
1 0.5021369984375 0.42284128593750003 0.6083214515625001 0.40220111875000003 0.593645059375 0.326697628125 0.48746060625 0.34733779375 0.5021369984375 0.42284128593750003
1 0.6955125671875 0.27750236875 0.7722021906250001 0.262595415625 0.762113165625 0.210691878125 0.685423540625 0.22559883125 0.6955125671875 0.27750236875
1 1 0.49750805 0.9377663546875 0.509605046875 0.952442746875 0.5851085375 1 0.57586434375 1 0.49750805
1 0.44911874375 0.7988450593749999 0.5128324828124999 0.7864603640625 0.49815609062500005 0.7109568734375 0.43444235156250005 0.7233415703125 0.44911874375 0.7988450593749999
1 0.41949054375 0.6968642968750001 0.4879283640625 0.6835613328125001 0.47355806093749997 0.6096325359375 0.40512024062499996 0.6229355 0.41949054375 0.6968642968750001
1 0.4970520890625 0.7242343875 0.5595848078125 0.712079259375 0.550716165625 0.666454046875 0.48818344687500004 0.678609175 0.4970520890625 0.7242343875
1 0.3563119640625 0.69935043125 0.4082308390625 0.689258425 0.39844392812499996 0.6389091312499999 0.34652505312500004 0.6490011375 0.3563119640625 0.69935043125
1 0.2739406296875 0.70394368125 0.35417331406249997 0.6883480265624999 0.34499858125 0.6411481203125 0.264765896875 0.656743775 0.2739406296875 0.70394368125
1 0.163093146875 0.555693521875 0.21972076562499998 0.544686228125 0.20626475625000001 0.47546106093749996 0.14963713750000002 0.4864683546875 0.163093146875 0.555693521875
1 0 0.5481445218750001 0.0046010296875 0.57181476875 0.043528682812500004 0.564248 0.0364965765625 0.5280709484375 0 0.5351651640624999 0 0.5481445218750001
1 0.1592133625 0.19565217968749998 0.1969753328125 0.1883119953125 0.18871886875 0.1458361703125 0.1509568984375 0.153176353125 0.1592133625 0.19565217968749998
1 0.174772909375 1 0.159928159375 0.9236303828124999 0.076152415625 0.9399147375 0.08783180625 1 0.174772909375 1
1 0.62299513125 0.7421894578125 0.6784417296874999 0.7314117312499999 0.6704913546875 0.6905106 0.61504475625 0.7012883265625 0.62299513125 0.7421894578125
1 0.507453853125 0.8218026593750001 0.5593727281249999 0.8117106515625 0.5486715234374999 0.756657728125 0.4967526484375 0.766749734375 0.507453853125 0.8218026593750001
1 0.5945592656249999 0 0.5537298265625 0.0079364390625 0.5595415515625 0.037835167187500005 0.6067363453125 0.028661428125 0.601165128125 0 0.5945592656249999 0