0 0.6057734375 0.1746770828125 0.4507265625 0.1746770828125 0.4507265625 0.29165625 0.6057734375 0.29165625 0.6057734375 0.1746770828125
0 0.715140625 0.1314166671875 0.5877343749999999 0.1314166671875 0.5877343749999999 0.1939166671875 0.715140625 0.1939166671875 0.715140625 0.1314166671875
0 0.9435078125 0.40384374999999995 0.7523984375 0.40384374999999995 0.7523984375 0.5368645828124999 0.9435078125 0.5368645828124999 0.9435078125 0.40384374999999995
0 0.76803125 0.46313541718750006 0.5985625 0.46313541718750006 0.5985625 0.6073645828124999 0.76803125 0.6073645828124999 0.76803125 0.46313541718750006
1 0.418265625 0.6458437499999999 0.28845312500000003 0.6458437499999999 0.28845312500000003 0.7035312499999999 0.418265625 0.7035312499999999 0.418265625 0.6458437499999999
1 0.37980468749999996 0.5849270828125 0.3112890625 0.5849270828125 0.3112890625 0.6522395828125 0.37980468749999996 0.6522395828125 0.37980468749999996 0.5849270828125
1 0.7800390625 0.1618645828125 0.7235546875 0.1618645828125 0.7235546875 0.2195520828125 0.7800390625 0.2195520828125 0.7800390625 0.1618645828125
1 0.8726015625000001 0.3429479171875 0.7956796875000001 0.3429479171875 0.7956796875000001 0.3926354171875 0.8726015625000001 0.3926354171875 0.8726015625000001 0.3429479171875
1 0.9867734374999999 0.7964791671875 0.8894140625 0.7964791671875 0.8894140625 0.8942291671874999 0.9867734374999999 0.8942291671874999 0.9867734374999999 0.7964791671875
1 0.11178906250000001 0.4695625 0.0276484375 0.4695625 0.0276484375 0.5256458328125 0.11178906250000001 0.5256458328125 0.11178906250000001 0.4695625
1 0.293265625 0.07371875 0.262015625 0.07371875 0.262015625 0.10257291718749999 0.293265625 0.10257291718749999 0.293265625 0.07371875
1 0.7415859375 0.3445416671875 0.6851015625 0.3445416671875 0.6851015625 0.3717916671875 0.7415859375 0.3717916671875 0.7415859375 0.3445416671875
1 0.6778906250000001 1 0.6778906250000001 0.9150729171875 0.626203125 0.9150729171875 0.626203125 1 0.6778906250000001 1
1 0.9975937500000001 0.9262916671875001 0.93028125 0.9262916671875001 0.93028125 0.9647500000000001 0.9975937500000001 0.9647500000000001 0.9975937500000001 0.9262916671875001