0 0.496624396875 0.82594628125 0.6514587859375001 0.8178317546875 0.6475172328125 0.7426224671874999 0.4926828453125 0.75073699375 0.496624396875 0.82594628125
0 0.6395707703125 0.7975928531250001 0.8052028421875 0.7889124453125 0.7984089796875 0.6592778484374999 0.632776909375 0.6679582578125001 0.6395707703125 0.7975928531250001
0 0.3930703953125 0.6644674921875 0.6871355859375 0.6490561890625 0.6771546828125 0.458609215625 0.3830894921875 0.47402051875 0.3930703953125 0.6644674921875
0 0.498041078125 0.41664453593750006 0.669680528125 0.40764929375000003 0.6635583125 0.2908304421875 0.49191886093750004 0.299825684375 0.498041078125 0.41664453593750006
1 0.681444059375 0.2417542015625 0.8386813999999999 0.23351374218749998 0.831216984375 0.0910842046875 0.67397964375 0.0993246640625 0.681444059375 0.2417542015625
1 0.1317363359375 0.47758646406249994 0.20855279218749997 0.47356068437500004 0.203017175 0.36793480624999997 0.12620071875 0.37196058593750003 0.1317363359375 0.47758646406249994
1 0.20669775625 0.3693482828125 0.29192454687499997 0.3648817359375 0.28529859687500003 0.2384510765625 0.20007180624999998 0.24291762343749998 0.20669775625 0.3693482828125
1 0.227867840625 0.5896881281249999 0.29749104375 0.5860393312500001 0.2950585125 0.5396238624999999 0.22543530937499998 0.543272659375 0.227867840625 0.5896881281249999
1 0.3506118625 0.6811499640625 0.403430003125 0.6783818828125 0.40158516093749996 0.643180190625 0.3487670203125 0.645948271875 0.3506118625 0.6811499640625
1 0.41758989375000005 0.741821503125 0.4716095109375 0.7389904546875 0.4698486234375 0.70539073125 0.4158290078125 0.7082217796875 0.41758989375000005 0.741821503125
1 0.4682841375 0.7215155421875 0.525892578125 0.7184964109374999 0.52379586875 0.678488815625 0.466187428125 0.6815079468749999 0.4682841375 0.7215155421875
1 0.5806709421875 0.868074109375 0.6382793828125 0.865054978125 0.636434540625 0.8298532875 0.5788261 0.8328724171875 0.5806709421875 0.868074109375
1 0.3124331421875 0.2049329453125 0.3868466453125 0.2010330984375 0.38214949374999996 0.111406096875 0.307735990625 0.11530594375 0.3124331421875 0.2049329453125
1 0.1240545890625 0.1474005703125 0.11734468281249999 0.0193679421875 0.029730545312500002 0.0239596046875 0.0364404515625 0.15199223281250002 0.1240545890625 0.1474005703125
1 0.6084265859375 0.2263148984375 0.6744453609375001 0.22285499999999997 0.67125831875 0.1620426234375 0.60523954375 0.16550252031249998 0.6084265859375 0.2263148984375