0 0.7584137953125001 0.6177138906249999 0.7758449203125 0.475748775 0.675639115625 0.4634450484375 0.658207990625 0.605410165625 0.7584137953125001 0.6177138906249999
0 0.7440411124999999 0.458517865625 0.763229821875 0.3022383734375 0.5834962546875 0.280169865625 0.5643075468750001 0.43644935937499996 0.7440411124999999 0.458517865625
0 0.5186325078125 0.7033096078125001 0.5581810140625 0.3812128734375 0.33390694062500004 0.3536754796875 0.294358434375 0.6757722140625 0.5186325078125 0.7033096078125001
0 0.262197925 0.5168243109375 0.28929671562500003 0.29612236875 0.1302411953125 0.27659280625 0.103142403125 0.4972947484375 0.262197925 0.5168243109375
1 0.0405239328125 0.8625737109375 0.030270721875 0.946079409375 0.1797936625 0.96443851875 0.19004687343749999 0.8809328187500001 0.0405239328125 0.8625737109375
1 0 0.834590565625 0.094205940625 0.8461576000000001 0.10841514375000001 0.7304329234375 0 0.7171212171875 0 0.834590565625
1 0.3744311 0.8914507531250001 0.383219021875 0.8198788703125001 0.32596151562500003 0.8128485328125 0.31717359375 0.8844204140624999 0.3744311 0.8914507531250001
1 0.5031262484375 0.8164349640624999 0.5089854984375 0.76871520625 0.46444498906250004 0.7632463203125 0.45858574062499996 0.810966078125 0.5031262484375 0.8164349640624999
1 0.540513834375 0.7616927 0.54930175625 0.6901208171875 0.47295841406249994 0.6807470328125 0.4641704921875 0.752318915625 0.540513834375 0.7616927
1 0.6185573093750001 0.7179874093749999 0.6295426875000001 0.6285186781250001 0.5691007625 0.62109734375 0.558115384375 0.7105660734375 0.6185573093750001 0.7179874093749999
1 0.6146460109375 0.6182123453124999 0.6194788906250001 0.5788516875 0.5828994296875 0.5743602937500001 0.5780665484374999 0.613720953125 0.6146460109375 0.6182123453124999
1 0.811743178125 0.5516031406249999 0.8170159312499999 0.5086600109375 0.77565984375 0.503582121875 0.7703870890625 0.5465252515625 0.811743178125 0.5516031406249999