0 0.7716406250000001 0.41346875 0.579328125 0.41346875 0.579328125 0.5753229171875 0.7716406250000001 0.5753229171875 0.7716406250000001 0.41346875
1 0.2500078125 0.45513541718750006 0.1658671875 0.45513541718750006 0.1658671875 0.4951979171875 0.2500078125 0.4951979171875 0.2500078125 0.45513541718750006
1 0.24520312500000002 0.3942291671875 0.159859375 0.3942291671875 0.159859375 0.43910416718749995 0.24520312500000002 0.43910416718749995 0.24520312500000002 0.3942291671875
1 1 0.6682708328125 0.9314921875 0.6682708328125 0.9314921875 0.7548125 1 0.7548125 1 0.6682708328125
1 0.9122656250000001 0.5673020828124999 0.8629843749999999 0.5673020828124999 0.8629843749999999 0.6009479171875001 0.9122656250000001 0.6009479171875001 0.9122656250000001 0.5673020828124999
1 0.8966406250000001 0.65225 0.836546875 0.65225 0.836546875 0.6875 0.8966406250000001 0.6875 0.8966406250000001 0.65225
1 0.9459140625 1 0.9459140625 0.9439166671875 0.8665859375 0.9439166671875 0.8665859375 1 0.9459140625 1
1 0.418265625 0.9054479171875001 0.376203125 0.9054479171875001 0.376203125 0.9599270828125 0.418265625 0.9599270828125 0.418265625 0.9054479171875001
1 0.4615390625 1 0.4615390625 0.9519166671875 0.3894296875 0.9519166671875 0.3894296875 1 0.4615390625 1
1 0.140625 1 0.140625 0.9262916671875001 0.08653125 0.9262916671875001 0.08653125 1 0.140625 1
1 0.30648437500000003 1 0.30648437500000003 0.9535312499999999 0.23557812500000003 0.9535312499999999 0.23557812500000003 1 0.30648437500000003 1
1 0 0.6346145828124999 0.032445312500000004 0.6346145828124999 0.032445312500000004 0.56409375 0 0.56409375 0 0.6346145828124999
1 0.16225 0.5656979171875001 0.0733125 0.5656979171875001 0.0733125 0.62659375 0.16225 0.62659375 0.16225 0.5656979171875001
1 0.25 0.5528958328125 0.19471875 0.5528958328125 0.19471875 0.5913541671875 0.25 0.5913541671875 0.25 0.5528958328125
1 0.3810078125 0.53365625 0.3377421875 0.53365625 0.3377421875 0.5769270828125 0.3810078125 0.5769270828125 0.3810078125 0.53365625
1 0.1045625 0.4326979171875 0.04446875 0.4326979171875 0.04446875 0.4695520828125 0.1045625 0.4695520828125 0.1045625 0.4326979171875
1 0.1273984375 0.2516041671875 0.0709140625 0.2516041671875 0.0709140625 0.2996875 0.1273984375 0.2996875 0.1273984375 0.2516041671875
1 0.24159375 0.22115625 0.20553125 0.22115625 0.20553125 0.2500104171875 0.24159375 0.2500104171875 0.24159375 0.22115625
1 0.295671875 0.2307708328125 0.23557812500000003 0.2307708328125 0.23557812500000003 0.2820625 0.295671875 0.2820625 0.295671875 0.2307708328125
1 0.759625 0.2419791671875 0.70553125 0.2419791671875 0.70553125 0.2692291671875 0.759625 0.2692291671875 0.759625 0.2419791671875
1 0.7728359375 0.2804479171875 0.7271640625 0.2804479171875 0.7271640625 0.3093020828125 0.7728359375 0.3093020828125 0.7728359375 0.2804479171875
1 0.84375 0.40063541718750006 0.78965625 0.40063541718750006 0.78965625 0.4294895828125 0.84375 0.4294895828125 0.84375 0.40063541718750006
1 0.8173125000000001 0.42146875 0.77884375 0.42146875 0.77884375 0.45511458281249995 0.8173125000000001 0.45511458281249995 0.8173125000000001 0.42146875
1 0.8629765624999999 0.4407083328125 0.8221171875 0.4407083328125 0.8221171875 0.4791666671875 0.8629765624999999 0.4791666671875 0.8629765624999999 0.4407083328125
1 0.998796875 0.59775 0.9314843749999999 0.59775 0.9314843749999999 0.6490416671875 0.998796875 0.6490416671875 0.998796875 0.59775
1 0.3593828125 0.42628125 0.3113046875 0.42628125 0.3113046875 0.45513541718750006 0.3593828125 0.45513541718750006 0.3593828125 0.42628125
1 0.20793750000000003 0.1474479171875 0.1766875 0.1474479171875 0.1766875 0.18109375 0.20793750000000003 0.18109375 0.20793750000000003 0.1474479171875