0 0.7660208328125 0.41465625 0.7660208328125 0.5576875 0.8669791671875 0.5576875 0.8669791671875 0.41465625 0.7660208328125 0.41465625
0 0.830125 0.313703125 0.830125 0.42067187500000003 0.8958333328125001 0.42067187500000003 0.8958333328125001 0.313703125 0.830125 0.313703125
0 0.5881354171875001 0.1826875 0.5881354171875001 0.3233125 0.7051145828125 0.3233125 0.7051145828125 0.1826875 0.5881354171875001 0.1826875
0 0.5496875 0.3197109375 0.5496875 0.4699453125 0.6778958328125 0.4699453125 0.6778958328125 0.3197109375 0.5496875 0.3197109375
0 0.0192395828125 0.2704375 0.0192395828125 0.49400000000000005 0.20834375 0.49400000000000005 0.20834375 0.2704375 0.0192395828125 0.2704375
1 0.49038541718750006 0.659859375 0.49038541718750006 0.751203125 0.5785312499999999 0.751203125 0.5785312499999999 0.659859375 0.49038541718750006 0.659859375
1 0.1874895828125 0.42066406250000005 0.1874895828125 0.5180234375 0.25159375 0.5180234375 0.25159375 0.42066406250000005 0.1874895828125 0.42066406250000005
1 0.1746875 0.5072109375 0.1746875 0.5757265625 0.23718750000000002 0.5757265625 0.23718750000000002 0.5072109375 0.1746875 0.5072109375
1 0.1795 0.5697109375 0.1795 0.6538515625 0.23558333281250002 0.6538515625 0.23558333281250002 0.5697109375 0.1795 0.5697109375
1 0.0576875 0.6189843749999999 0.0576875 0.730765625 0.1826875 0.730765625 0.1826875 0.6189843749999999 0.0576875 0.6189843749999999
1 0 0.6081796875000001 0.0929583328125 0.6081796875000001 0.0929583328125 0.5552890625 0 0.5552890625 0 0.6081796875000001
1 0 0.2043203125 0.052875000000000005 0.2043203125 0.052875000000000005 0.06489843749999999 0 0.06489843749999999 0 0.2043203125
1 0.15225 0.0000078125 0.15225 0.12139843749999998 0.25 0.12139843749999998 0.25 0.0000078125 0.15225 0.0000078125
1 0.33655208281250004 0.0000078125 0.33655208281250004 0.0721171875 0.4326979171875 0.0721171875 0.4326979171875 0.0000078125 0.33655208281250004 0.0000078125
1 0.4070625 0 0.4070625 0.11778124999999999 0.5080208328125 0.11778124999999999 0.5080208328125 0 0.4070625 0
1 0.8156979171875 0.2584140625 0.8156979171875 0.3113046875 0.8653854171875001 0.3113046875 0.8653854171875001 0.2584140625 0.8156979171875 0.2584140625
1 0.5753229171875 0.867796875 0.5753229171875 0.9723593749999999 0.7051354171875001 0.9723593749999999 0.7051354171875001 0.867796875 0.5753229171875 0.867796875
1 0.0993541671875 0.78365625 0.0993541671875 0.8461562499999999 0.1554375 0.8461562499999999 0.1554375 0.78365625 0.0993541671875 0.78365625
1 0.9086562499999999 0.6838984375 0.9086562499999999 0.7451953125 0.9663437500000001 0.7451953125 0.9663437500000001 0.6838984375 0.9086562499999999 0.6838984375
1 0.41186458281249994 0.2319765625 0.41186458281249994 0.3064921875 0.47596875 0.3064921875 0.47596875 0.2319765625 0.41186458281249994 0.2319765625
1 0.3237291671875 0.56971875 0.3237291671875 0.625 0.40385416718749995 0.625 0.40385416718749995 0.56971875 0.3237291671875 0.56971875