0 0.8496062640625001 0.43367862968750004 0.8358815843749999 0.52033285 0.8754508484375 0.5266000046875 0.8891755281249999 0.43994578593749994 0.8496062640625001 0.43367862968750004
0 0.762918365625 0.48931829687499995 0.7390401109375 0.6400796625 0.843508728125 0.6566258656249999 0.8673869828124999 0.5058645 0.762918365625 0.48931829687499995
0 0.6321575484374999 0.249567315625 0.5915456953125 0.50598046875 0.7466539171875 0.5305471984375 0.7872657703125 0.27413404531249996 0.6321575484374999 0.249567315625
0 0.4780798359375 0.525731478125 0.46059339687499995 0.636136515625 0.5524072578125 0.6506784031249999 0.5698936984375 0.540273365625 0.4780798359375 0.525731478125
1 0.47534071874999995 0 0.4701377015625 0.032850559375 0.536621471875 0.0433805546875 0.5433897078125 0.0006476015625 0.5393009125 0 0.47534071874999995 0
1 0.4581147578125 0.108827028125 0.444390078125 0.1954812484375 0.5362039390625 0.210023134375 0.54992861875 0.123368915625 0.4581147578125 0.108827028125
1 0.11436768125 0.0458638953125 0.10176981874999999 0.12540367187499998 0.2268152765625 0.1452089265625 0.23941314062500002 0.06566915 0.11436768125 0.0458638953125
1 0.1495214890625 0.14146991874999998 0.1363589953125 0.2245746328125 0.2154975234375 0.2371089453125 0.2286600171875 0.1540042296875 0.1495214890625 0.14146991874999998
1 0.13945693750000002 0.21533614218750002 0.128176546875 0.28655773125 0.19149148437500002 0.29658583125 0.2027718765625 0.22536424375 0.13945693750000002 0.21533614218750002
1 0.223554534375 0.7190765984375 0.2026851984375 0.8508403953125001 0.27548605937500004 0.8623709187499999 0.2963553953125 0.730607121875 0.223554534375 0.7190765984375
1 0.10099870468750001 0.83717108125 0.084641525 0.94044624375 0.17170213750000002 0.9542352890625001 0.188059315625 0.8509601281249999 0.10099870468750001 0.83717108125
1 0.510773175 0.903291103125 0.5006196 0.9673982499999999 0.5591812875 0.9766735093750001 0.5693348609375 0.9125663640624999 0.510773175 0.903291103125
1 0.73080146875 0.23110728906250003 0.7259128921875 0.26197254999999997 0.76072890625 0.2674868640625 0.7656174828125 0.236621603125 0.73080146875 0.23110728906250003
1 0.8619593249999999 0.396702715625 0.853123221875 0.4524916734375 0.9101004937500001 0.4615159875 0.918936596875 0.405727028125 0.8619593249999999 0.396702715625
1 0.5505759546875 0.25245791875 0.535533803125 0.34743032500000004 0.5940954890625 0.3567055859375 0.609137640625 0.26173317812499997 0.5505759546875 0.25245791875