0 0.8253125000000001 0.3846171875 0.8253125000000001 0.49038281250000004 0.9262708328124999 0.49038281250000004 0.9262708328124999 0.3846171875 0.8253125000000001 0.3846171875
0 0.8910208328125 0.3028828125 0.8910208328125 0.3846171875 0.9503125000000001 0.3846171875 0.9503125000000001 0.3028828125 0.8910208328125 0.3028828125
0 0.5031979171875001 0.21034375 0.5031979171875001 0.37740625 0.6233854171875 0.37740625 0.6233854171875 0.21034375 0.5031979171875001 0.21034375
1 0.3173020828125 0.538453125 0.3173020828125 0.6346093749999999 0.40865625000000005 0.6346093749999999 0.40865625000000005 0.538453125 0.3173020828125 0.538453125
1 0.0849270828125 0.8185156250000001 0.0849270828125 0.876203125 0.1730729171875 0.876203125 0.1730729171875 0.8185156250000001 0.0849270828125 0.8185156250000001
1 0.0993541671875 0.465140625 0.0993541671875 0.532453125 0.19710416718749998 0.532453125 0.19710416718749998 0.465140625 0.0993541671875 0.465140625
1 0.5112083328125 0.788453125 0.5112083328125 0.8846093749999999 0.580125 0.8846093749999999 0.580125 0.788453125 0.5112083328125 0.788453125
1 0.5208333328125 1 0.5208333328125 0.94471875 0.44712500000000005 0.94471875 0.44712500000000005 1 0.5208333328125 1
1 0.73878125 0.6838984375 0.73878125 0.7524140625 0.78846875 0.7524140625 0.78846875 0.6838984375 0.73878125 0.6838984375
1 0.6794791671875 0.509625 0.6794791671875 0.5829375 0.7387708328125 0.5829375 0.7387708328125 0.509625 0.6794791671875 0.509625
1 0.6201979171875001 0.019234375 0.6201979171875001 0.094953125 0.6602604171875 0.094953125 0.6602604171875 0.019234375 0.6201979171875001 0.019234375
1 0.43910416718749995 0.12740625 0.43910416718749995 0.21393749999999997 0.4839791671875 0.21393749999999997 0.4839791671875 0.12740625 0.43910416718749995 0.12740625
1 0.5128333328125 0.022828124999999998 0.5128333328125 0.090140625 0.5689166671875 0.090140625 0.5689166671875 0.022828124999999998 0.5128333328125 0.022828124999999998
1 0.3894166671875 0 0.3894166671875 0.0661015625 0.4487083328125 0.0661015625 0.4487083328125 0 0.3894166671875 0
1 0.47435416718749995 0 0.47435416718749995 0.0360625 0.5304375 0.0360625 0.5304375 0 0.47435416718749995 0
0 0.7403854171875001 0.18028125 0.7403854171875001 0.31009375 0.8189062500000001 0.31009375 0.8189062500000001 0.18028125 0.7403854171875001 0.18028125
0 0.75 0.2968671875 0.75 0.3966328125 0.7916666671875 0.3966328125 0.7916666671875 0.2968671875 0.75 0.2968671875
1 0.544875 0.40625 0.544875 0.4483125 0.580125 0.4483125 0.580125 0.40625 0.544875 0.40625
1 0.509625 0.441109375 0.509625 0.48557812499999997 0.5480833328125 0.48557812499999997 0.5480833328125 0.441109375 0.509625 0.441109375
1 0.47757291718749995 0.389421875 0.47757291718749995 0.441109375 0.5352604171875 0.441109375 0.5352604171875 0.389421875 0.47757291718749995 0.389421875
1 0.33334375 0.159859375 0.33334375 0.195921875 0.39103125 0.195921875 0.39103125 0.159859375 0.33334375 0.159859375
1 0.8782083328124999 0.2560078125 0.8782083328124999 0.2932734375 0.9134583328125 0.2932734375 0.9134583328125 0.2560078125 0.8782083328124999 0.2560078125