0 0.27740835625 0.6825172546875 0.444241903125 0.6912606296875 0.45111971874999995 0.5600240640624999 0.2842861734375 0.5512806890624999 0.27740835625 0.6825172546875
1 0.49859012187499996 0.25118939375 0.5441994046875 0.253579675 0.5483928234375 0.1735644828125 0.5027835390625001 0.17117420156250002 0.49859012187499996 0.25118939375
1 0.7741570421875 0.573740996875 0.8569808796875 0.5780816109375 0.8600839656250001 0.5188712015625 0.777260128125 0.5145305875 0.7741570421875 0.573740996875
1 0.2666348796875 0.1299148421875 0.3662637796875 0.1351361703125 0.3719673078125 0.026306356250000003 0.2723384078125 0.0210850265625 0.2666348796875 0.1299148421875
1 0.20311081406249998 0.1249793171875 0.27632284218750003 0.128816196875 0.28110395 0.037587228125 0.207891921875 0.0337503484375 0.20311081406249998 0.1249793171875
1 0.036352878125 0 0.03279363125 0.0679144828125 0.13242253125 0.0731358125 0.13625541562500001 0 0.036352878125 0
1 0.10374230312499999 0.48245618125 0.167358125 0.4857901453125 0.1710489 0.415365959375 0.107433078125 0.41203199531249995 0.10374230312499999 0.48245618125
1 0.16366063749999998 0.55619311875 0.2176802546875 0.5590241671875 0.21960905312499998 0.5222205062499999 0.1655894359375 0.5193894593749999 0.16366063749999998 0.55619311875
1 0.244721196875 0.6631445734375 0.26871951250000004 0.664402271875 0.2704804 0.6308025500000001 0.24648208437500002 0.6295448515625 0.244721196875 0.6631445734375
1 0.53365174375 0.3172086046875 0.5612544875000001 0.318655203125 0.5647773515625001 0.2514349515625 0.5371746078124999 0.249988353125 0.53365174375 0.3172086046875
1 0.785183003125 0.248559903125 0.8331952390625 0.2510761171875 0.8352079937499999 0.21267048906250002 0.7871957578125001 0.2101542734375 0.785183003125 0.248559903125
1 0.622168371875 0.2817405140625 0.6581814484375 0.2836278796875 0.6603621140625 0.24201831718750003 0.6243490359375 0.2401309515625 0.622168371875 0.2817405140625
1 0.1149620625 0.24553118125 0.17497345625 0.2486762453125 0.17723807656249999 0.20546471249999998 0.1172266828125 0.2023196484375 0.1149620625 0.24553118125
1 0.07388265625 0.31717735625 0.1218948921875 0.31969357187499997 0.12357182343749999 0.287695815625 0.0755595875 0.2851796015625 0.07388265625 0.31717735625
1 1 0.5021292296875 0.888944953125 0.49630908125 0.885170221875 0.5683352359375 0.9967982796875001 0.5741854140625 1 0.5130929578125001 1 0.5021292296875
1 0.8408874078125 0.8163471281250001 0.9021002765624999 0.819555159375 0.9047007203125 0.7699357546875001 0.84348785 0.7667277234375 0.8408874078125 0.8163471281250001
1 0.7659726515624999 0.9135178953124999 0.8043886812500001 0.91553119375 0.806485390625 0.8755235984375 0.7680693609375 0.8735103000000001 0.7659726515624999 0.9135178953124999
1 0.7040783984375001 0.8316559937499999 0.7508891578125 0.8341092421875 0.7529019124999999 0.795703615625 0.706091153125 0.7932503671875 0.7040783984375001 0.8316559937499999
1 0.7473886171874999 0.8547772796875 0.779797265625 0.8564757453125 0.781893975 0.8164681500000001 0.7494853265625 0.814769684375 0.7473886171874999 0.8547772796875
1 0.278926359375 0.8141729625 0.32093121406249997 0.8163743437500001 0.3226081453125 0.7843765890625 0.280603290625 0.7821752078124999 0.278926359375 0.8141729625
1 0.2159363625 0.6841043171875001 0.256739740625 0.68624273125 0.258500628125 0.6526430078125001 0.21769725 0.65050459375 0.2159363625 0.6841043171875001
1 0.7046333984375 0.5684910484375 0.74904120625 0.5708183640625 0.7504673609375 0.543605709375 0.706059553125 0.5412783937500001 0.7046333984375 0.5684910484375