0 0.733171875 0.47436458281249994 0.269234375 0.47436458281249994 0.269234375 0.9310937499999999 0.733171875 0.9310937499999999 0.733171875 0.47436458281249994
0 0.6454296875 0.2660208328125 0.4302890625 0.2660208328125 0.4302890625 0.3974375 0.6454296875 0.3974375 0.6454296875 0.2660208328125
1 0.8653906250000001 0.8156979171875 0.795671875 0.8156979171875 0.795671875 0.8974270828125 0.8653906250000001 0.8974270828125 0.8653906250000001 0.8156979171875
1 0.777640625 0.4887916671875 0.717546875 0.4887916671875 0.717546875 0.544875 0.777640625 0.544875 0.777640625 0.4887916671875
1 0.490390625 0.1394270828125 0.443515625 0.1394270828125 0.443515625 0.1826979171875 0.490390625 0.1826979171875 0.490390625 0.1394270828125
1 0.11177343749999999 1 0.11177343749999999 0.9375 0.0348515625 0.9375 0.0348515625 1 0.11177343749999999 1
1 0.31851562499999997 0.29328125 0.25842187499999997 0.29328125 0.25842187499999997 0.3477604171875 0.31851562499999997 0.3477604171875 0.31851562499999997 0.29328125
1 0.8701874999999999 0.6201979171875001 0.8125 0.6201979171875001 0.8125 0.6698854171875 0.8701874999999999 0.6698854171875 0.8701874999999999 0.6201979171875001
1 0.759625 0.4150625 0.7391875 0.4150625 0.7391875 0.4455208328125 0.759625 0.4455208328125 0.759625 0.4150625
1 0.719953125 0.37340625 0.704328125 0.37340625 0.704328125 0.39584375 0.719953125 0.39584375 0.719953125 0.37340625
1 0.842546875 0.5160208328125 0.798078125 0.5160208328125 0.798078125 0.5753125 0.842546875 0.5753125 0.842546875 0.5160208328125
1 0.262015625 0.0657083328125 0.215140625 0.0657083328125 0.215140625 0.1009583328125 0.262015625 0.1009583328125 0.262015625 0.0657083328125