0 0.67909375 0.4230833328125 0.47596875 0.4230833328125 0.47596875 0.58975 0.67909375 0.58975 0.67909375 0.4230833328125
1 0.12980468750000002 0.41665625000000006 0.0348515625 0.41665625000000006 0.0348515625 0.45992708281250005 0.12980468750000002 0.45992708281250005 0.12980468750000002 0.41665625000000006
1 0.12740625 0.48237500000000005 0.03365625 0.48237500000000005 0.03365625 0.5208333328125 0.12740625 0.5208333328125 0.12740625 0.48237500000000005
1 0.9170624999999999 0.67628125 0.84375 0.67628125 0.84375 0.7724270828125 0.9170624999999999 0.7724270828125 0.9170624999999999 0.67628125
1 0.8305312499999999 0.5769166671875 0.7704375 0.5769166671875 0.7704375 0.615375 0.8305312499999999 0.615375 0.8305312499999999 0.5769166671875
1 0.72596875 0.42467708281250005 0.69471875 0.42467708281250005 0.69471875 0.4647395828125 0.72596875 0.4647395828125 0.72596875 0.42467708281250005
1 0.7548125 0.4054375 0.7079375 0.4054375 0.7079375 0.43589583281250005 0.7548125 0.43589583281250005 0.7548125 0.4054375
1 0.7764375 0.44390625000000006 0.740375 0.44390625000000006 0.740375 0.48717708281250005 0.7764375 0.48717708281250005 0.7764375 0.44390625000000006
1 0.7055390625 0.7852604171875 0.6526484375 0.7852604171875 0.6526484375 0.8637812500000001 0.7055390625 0.8637812500000001 0.7055390625 0.7852604171875
1 0.2668203125 1 0.2668203125 0.955125 0.2211484375 0.955125 0.2211484375 1 0.2668203125 1
1 0.0889453125 0.9311041671875 0.0673046875 0.9311041671875 0.0673046875 0.9631458328125 0.0889453125 0.9631458328125 0.0889453125 0.9311041671875
1 0.11778124999999999 0.5849375 0.055281250000000004 0.5849375 0.055281250000000004 0.6266041671875 0.11778124999999999 0.6266041671875 0.11778124999999999 0.5849375
1 0.2620234375 0.5625104171875 0.21153906249999999 0.5625104171875 0.21153906249999999 0.6025729171875 0.2620234375 0.6025729171875 0.2620234375 0.5625104171875
1 0.23557812500000003 0.4342916671875 0.186296875 0.4342916671875 0.186296875 0.4695416671875 0.23557812500000003 0.4695416671875 0.23557812500000003 0.4342916671875
1 0.30769531250000004 0.3894166671875 0.2644296875 0.3894166671875 0.2644296875 0.41987500000000005 0.30769531250000004 0.41987500000000005 0.30769531250000004 0.3894166671875
1 0.9146640625 0.6025625 0.8557734375000001 0.6025625 0.8557734375000001 0.6586458328125 0.9146640625 0.6586458328125 0.9146640625 0.6025625
1 0.9891796875000001 0.6618541671875 0.9386953124999999 0.6618541671875 0.9386953124999999 0.6971041671875 0.9891796875000001 0.6971041671875 0.9891796875000001 0.6618541671875
1 1 0.7051354171875001 0.9194687500000001 0.7051354171875001 0.9194687500000001 0.7900729171875 1 0.7900729171875 1 0.7051354171875001
1 1 0.955125 0.9194687500000001 0.955125 0.9194687500000001 1 1 1 1 0.955125
1 0.6658671875 0.232375 0.6201953125 0.232375 0.6201953125 0.267625 0.6658671875 0.267625 0.6658671875 0.232375
1 0.131015625 0.2243541671875 0.099765625 0.2243541671875 0.099765625 0.2548125 0.131015625 0.2548125 0.131015625 0.2243541671875
1 0.191109375 0.23558333281250002 0.128609375 0.23558333281250002 0.128609375 0.2916666671875 0.191109375 0.2916666671875 0.191109375 0.23558333281250002