0 0.554078125 0.38621875 0.24879687499999997 0.38621875 0.24879687499999997 0.6025729171875 0.554078125 0.6025729171875 0.554078125 0.38621875
0 0.6286015625 0.44710416718749996 0.3882109375 0.44710416718749996 0.3882109375 0.7419791671875 0.6286015625 0.7419791671875 0.6286015625 0.44710416718749996
0 0.5564843749999999 0.21793749999999998 0.391828125 0.21793749999999998 0.391828125 0.3076875 0.5564843749999999 0.3076875 0.5564843749999999 0.21793749999999998
1 0.5721093749999999 0.8525729171875 0.415859375 0.8525729171875 0.415859375 0.9727604171875001 0.5721093749999999 0.9727604171875001 0.5721093749999999 0.8525729171875
1 0.09134375 0.7243541671875 0.0048125 0.7243541671875 0.0048125 0.8798125000000001 0.09134375 0.8798125000000001 0.09134375 0.7243541671875
1 0 0.9999895828125 0.03365625 0.9999895828125 0.03365625 0.8974270828125 0 0.8974270828125 0 0.9999895828125
1 0.9423125000000001 0.6923125 0.853375 0.6923125 0.853375 0.8205208328125 0.9423125000000001 0.8205208328125 0.9423125000000001 0.6923125
1 0.7451875 0.6474270828125 0.703125 0.6474270828125 0.703125 0.7147395828125 0.7451875 0.7147395828125 0.7451875 0.6474270828125
1 0.9375 0.9423020828125 0.8389374999999999 0.9423020828125 0.8389374999999999 0.9999895828125 0.9375 0.9999895828125 0.9375 0.9423020828125
1 1 0.6794791671875 0.97596875 0.6794791671875 0.97596875 0.8012708328124999 1 0.8012708328124999 1 0.6794791671875
1 0.6886953124999999 0.4150625 0.6454296875 0.4150625 0.6454296875 0.4535208328125 0.6886953124999999 0.4535208328125 0.6886953124999999 0.4150625
1 0.680296875 0.3525520828125 0.659859375 0.3525520828125 0.659859375 0.3781979171875 0.680296875 0.3781979171875 0.680296875 0.3525520828125
1 0.44230468749999996 0.1169895828125 0.3918203125 0.1169895828125 0.3918203125 0.16346875 0.44230468749999996 0.16346875 0.44230468749999996 0.1169895828125
1 0.4483125 0.169875 0.4170625 0.169875 0.4170625 0.1875 0.4483125 0.1875 0.4483125 0.169875
1 0.2908671875 0.2884583328125 0.21153906249999999 0.2884583328125 0.21153906249999999 0.3189166671875 0.2908671875 0.3189166671875 0.2908671875 0.2884583328125
1 0.234375 0.2227604171875 0.203125 0.2227604171875 0.203125 0.2516145828125 0.234375 0.2516145828125 0.234375 0.2227604171875
1 0.748796875 0.42788541718750006 0.704328125 0.42788541718750006 0.704328125 0.47757291718749995 0.748796875 0.47757291718749995 0.748796875 0.42788541718750006
1 0.7848515625 0.5128125 0.7235546875 0.5128125 0.7235546875 0.5576875 0.7848515625 0.5576875 0.7848515625 0.5128125
1 0.5877421875 0.3044895828125 0.5661015625 0.3044895828125 0.5661015625 0.33334375 0.5877421875 0.33334375 0.5877421875 0.3044895828125
1 0.6370234375 1 0.6370234375 0.9503229171875001 0.5997578125 0.9503229171875001 0.5997578125 1 0.6370234375 1