1 0.79138968125 0.20336123437500003 0.8069987296875001 0.0249489890625 0.6665145234375001 0.012658214062500001 0.650905475 0.1910704578125 0.79138968125 0.20336123437500003
1 0.6215863953125 0.3972293171875 0.6368808671874999 0.2224127125 0.539502834375 0.2138932390625 0.5242083640625 0.38870984218750004 0.6215863953125 0.3972293171875
1 0.687987871875 0.9254641796874999 0.6953212093750001 0.8416437359375 0.609108859375 0.83410113125 0.6017755218749999 0.9179215765625001 0.687987871875 0.9254641796874999
1 0.7469866484375001 0.949925909375 0.7533762546875 0.8768923843750001 0.6863198984375 0.8710257140625 0.67993029375 0.9440592375 0.7469866484375001 0.949925909375
1 0.8413459578125 0.919565584375 0.8495168078124999 0.8261723312499999 0.720198284375 0.8148584265625001 0.7120274328125 0.9082516796875 0.8413459578125 0.919565584375
1 0.4129372375 0.7964306125 0.41974627968749995 0.7186029031250001 0.3478957359375 0.71231679375 0.34108669375 0.7901445046875 0.4129372375 0.7964306125
0 0.5098576265625 0.5527395265624999 0.52567503125 0.371945753125 0.44265880625 0.364682775 0.4268414 0.545476546875 0.5098576265625 0.5527395265624999
0 0.169551965625 0.5627822109375 0.18358948749999998 0.40233260312499997 0.095779075 0.3946501875 0.081741553125 0.5550997953125 0.169551965625 0.5627822109375
0 0.39687631562500003 0.575439875 0.41793259687499995 0.3347654625 0.2087939734375 0.316468203125 0.187737690625 0.557142615625 0.39687631562500003 0.575439875
0 0.28303740781250003 0.44241038125000004 0.2977027234375 0.2747850578125 0.1747764484375 0.2640304015625 0.1601111328125 0.431655725 0.28303740781250003 0.44241038125000004
1 0.5415043046875 0.7244244671875 0.5487327843750001 0.64180256875 0.43697219218749994 0.632024784375 0.4297437125 0.71464668125 0.5415043046875 0.7244244671875