0 0.644234375 0.12340625000000001 0.516828125 0.12340625000000001 0.516828125 0.22596875 0.644234375 0.22596875 0.644234375 0.12340625000000001
0 0.74159375 0.07853125 0.6298125 0.07853125 0.6298125 0.1490520828125 0.74159375 0.1490520828125 0.74159375 0.07853125
0 0.9182656250000001 0.2836458328125 0.7752343749999999 0.2836458328125 0.7752343749999999 0.3910208328125 0.9182656250000001 0.3910208328125 0.9182656250000001 0.2836458328125
0 0.7704296875 0.3221145828125 0.6466328125 0.3221145828125 0.6466328125 0.4102604171875 0.7704296875 0.4102604171875 0.7704296875 0.3221145828125
0 1 0.7628333328125 0.77284375 0.7628333328125 0.77284375 0.9615416671875 1 0.9615416671875 1 0.7628333328125
1 0.47957031250000004 0.4038333328125 0.3713984375 0.4038333328125 0.3713984375 0.4967916671875 0.47957031250000004 0.4967916671875 0.47957031250000004 0.4038333328125
1 0.8173046875000001 0.7259583328125 0.7199453124999999 0.7259583328125 0.7199453124999999 0.7996666671875 0.8173046875000001 0.7996666671875 0.8173046875000001 0.7259583328125
1 0.7187421875 0.7532083328125 0.6622578125 0.7532083328125 0.6622578125 0.8157083328124999 0.7187421875 0.8157083328124999 0.7187421875 0.7532083328125
1 0.6574609375 0.7419791671875 0.5913515625 0.7419791671875 0.5913515625 0.8141041671875 0.6574609375 0.8141041671875 0.6574609375 0.7419791671875
1 0.6081796875000001 0.7900625 0.4771640625 0.7900625 0.4771640625 0.8669791671875 0.6081796875000001 0.8669791671875 0.6081796875000001 0.7900625
1 0.6346171875 0.8637812500000001 0.5625078125 0.8637812500000001 0.5625078125 0.9695520828124999 0.6346171875 0.9695520828124999 0.6346171875 0.8637812500000001
1 0.5733203125 0.9326874999999999 0.5204296875 0.9326874999999999 0.5204296875 0.9919791671875 0.5733203125 0.9919791671875 0.5733203125 0.9326874999999999
1 0.41586718749999996 0.6650625 0.3906328125 0.6650625 0.3906328125 0.6955208328125 0.41586718749999996 0.6955208328125 0.41586718749999996 0.6650625
1 0.40745312499999997 0.8798020828125 0.35217187499999997 0.8798020828125 0.35217187499999997 0.9342812500000001 0.40745312499999997 0.9342812500000001 0.40745312499999997 0.8798020828125
1 0.2908671875 0.8862187499999999 0.23438281249999998 0.8862187499999999 0.23438281249999998 0.9198645828125 0.2908671875 0.9198645828125 0.2908671875 0.8862187499999999
1 0 0.8076979171875 0.03846875 0.8076979171875 0.03846875 0.72596875 0 0.72596875 0 0.8076979171875
1 0.826921875 0.1218020828125 0.7596093749999999 0.1218020828125 0.7596093749999999 0.1891145828125 0.826921875 0.1891145828125 0.826921875 0.1218020828125
1 0.2500078125 0.3189166671875 0.1658671875 0.3189166671875 0.1658671875 0.3782083328125 0.2500078125 0.3782083328125 0.2500078125 0.3189166671875
1 0.8942343749999999 0.4968020828125 0.8185156250000001 0.4968020828125 0.8185156250000001 0.5641145828125 0.8942343749999999 0.5641145828125 0.8942343749999999 0.4968020828125
1 0.3593828125 0.0480729171875 0.3113046875 0.0480729171875 0.3113046875 0.0881354171875 0.3593828125 0.0881354171875 0.3593828125 0.0480729171875
1 0.6298046875 0.5608958328125 0.5841328125 0.5608958328125 0.5841328125 0.6346041671875 0.6298046875 0.6346041671875 0.6298046875 0.5608958328125