1 0.8723751406250001 0.42516631875 0.8804010437500001 0.46645601093750005 0.9150034015624999 0.45972999375 0.9069774984375 0.41844030156249995 0.8723751406250001 0.42516631875
1 0.5015524859375 0.7935582 0.5231109203125001 0.9044667343749999 0.59703971875 0.8900964312499999 0.5754812828125 0.7791878984375 0.5015524859375 0.7935582
1 0.54167009375 1 0.5205769484375 0.8914851687500001 0.46552402343750005 0.9021863734375 0.4845370671875 1 0.54167009375 1
1 0.3732445078125 0.46096897812500004 0.383106946875 0.5117068328125 0.4586104390625 0.49703044218750003 0.44874799843749996 0.4462925859375 0.3732445078125 0.46096897812500004
1 0.37620929375 0.417534953125 0.38492389843749997 0.46236770624999995 0.43054911249999994 0.45349906406249996 0.4218345078125 0.40866630937500004 0.37620929375 0.417534953125
1 0.3382333171875 0.36492387187499997 0.347866190625 0.41448070625 0.4092178890625 0.40255514375 0.399585015625 0.352998309375 0.3382333171875 0.36492387187499997
1 0.2135770671875 0.286304 0.23788732656249997 0.4113694375 0.30711249375 0.39791342812499997 0.2828022359375 0.272847990625 0.2135770671875 0.286304
1 0.516041321875 0.2213986046875 0.5295708718750001 0.29100210625 0.583049103125 0.28060699218749996 0.569519553125 0.21100348906250002 0.516041321875 0.2213986046875
1 0.5376275609375 0.3408573625 0.5477195671875 0.3927762375 0.5838966203125 0.38574413125 0.5738046125 0.3338252546875 0.5376275609375 0.3408573625
1 0.6178965890625 0.21629174999999998 0.6284447484375 0.270557328125 0.6646218015625001 0.263525221875 0.6540736421875 0.20925964375 0.6178965890625 0.21629174999999998
1 0.7192219718749999 0.3092359140625 0.7274774421875 0.351706628125 0.7558014765625 0.34620099375 0.74754600625 0.3037302796875 0.7192219718749999 0.3092359140625
1 0.7567554203125 0.4182569046875 0.7652404578125 0.4619086390625 0.7872657171874999 0.45762736249999997 0.7787806796875001 0.41397562812500005 0.7567554203125 0.4182569046875
1 0.7606497421875 0.4970871671875 0.7705121828125 0.547825021875 0.794112134375 0.54323765625 0.7842496953125 0.49249980156250006 0.7606497421875 0.4970871671875
1 0.4752733765625 0.08727578124999999 0.4798587546875 0.11086550937499999 0.5302080484375 0.1010785984375 0.52562266875 0.0774888703125 0.4752733765625 0.08727578124999999
1 0.47895369218750006 0.1061547796875 0.49087925468750004 0.167506478125 0.5506562609375 0.1558870046875 0.5387306984375 0.09453530624999999 0.47895369218750006 0.1061547796875
1 0.45858410312500003 0.0097149203125 0.46683957343750004 0.052185634375 0.50144193125 0.0454596171875 0.4931864609375 0.002988903125 0.45858410312500003 0.0097149203125
0 0.8531017046875 0.4436045 0.868926925 0.5250182046874999 0.91612683125 0.515843471875 0.9003016109375 0.43442976718750004 0.8531017046875 0.4436045
0 0.809598828125 0.5390017046875 0.8300094281250001 0.6440051375 0.9165357734375 0.6271861203125 0.8961251734375001 0.5221826875 0.809598828125 0.5390017046875
0 0.6297293500000001 0.3694812890625 0.6707801156250001 0.5806691749999999 0.8312352593749999 0.5494798546874999 0.7901844921875 0.33829196875 0.6297293500000001 0.3694812890625
0 0.6105660265624999 0.5985018265625001 0.631665328125 0.70704831875 0.7008904953124999 0.6935923093749999 0.6797911953125 0.5850458171875 0.6105660265624999 0.5985018265625001
0 0.19202396875 0.116627209375 0.22688238749999998 0.295958225 0.39048691875 0.2641567265625 0.3556285 0.084825709375 0.19202396875 0.116627209375
1 0 0.11966670312500001 0.088063078125 0.102548975 0.082100296875 0.0718731265625 0 0.0878318078125 0 0.11966670312500001