1 0.2546211140625 0.894679721875 0.1899618515625 0.9003366734375 0.193872965625 0.9450409109375 0.258532228125 0.939383959375 0.2546211140625 0.894679721875
1 0.230978134375 0.2934943171875 0.113645078125 0.3037596296875 0.12006918281250001 0.37718748125 0.2374022390625 0.36692216875 0.230978134375 0.2934943171875
1 0.2063775015625 0.232907853125 0.0782575234375 0.2441168984375 0.084961253125 0.320740875 0.21308122968749998 0.3095318296875 0.2063775015625 0.232907853125
1 0.79417145 0.028650976562500003 0.6888082953125 0.0378690578125 0.6994231375 0.1591972703125 0.8047862921875 0.14997918906250002 0.79417145 0.028650976562500003
1 0.9159424140624999 0 0.924209659375 0.094495040625 0.9661120999999999 0.0908290515625 0.9581655874999999 0 0.9159424140624999 0
1 0.9781163749999999 0.22812819062499998 0.95058093125 0.23053722968749998 0.9539327953125 0.26884921875 0.981468240625 0.2664401796875 0.9781163749999999 0.22812819062499998
1 0.776193996875 0.540185190625 0.6983662859375 0.5469942328124999 0.7029746453125 0.599668028125 0.7808023562499999 0.5928589859375 0.776193996875 0.540185190625
1 0.737537075 0.718901096875 0.674076359375 0.724453190625 0.6803624687500001 0.7963037328125 0.7438231828124999 0.790751640625 0.737537075 0.718901096875
0 0.6631941671875 0.7656312484375001 0.547044090625 0.7757930625 0.5562626265625 0.8811614062500001 0.6724127015625 0.8709995906250001 0.6631941671875 0.7656312484375001
0 0.5487522890625 0.6710790484375 0.37992841875 0.6858492234375 0.3909626984375 0.8119716234375 0.55978656875 0.7972014484375001 0.5487522890625 0.6710790484375
0 0.6274178984375001 0.2877747171875 0.43943284687500006 0.304221278125 0.4560541734375 0.4942039078125 0.644039225 0.477757346875 0.6274178984375001 0.2877747171875
0 0.8486063984375001 0.3199003671875 0.582793634375 0.3431559703125 0.5989955234375001 0.5283444140625 0.8648082875 0.505088809375 0.8486063984375001 0.3199003671875