0 0.5865390625 0.0721041671875 0.47836718749999996 0.0721041671875 0.47836718749999996 0.1586458328125 0.5865390625 0.1586458328125 0.5865390625 0.0721041671875
0 0.680296875 0.0448645828125 0.566109375 0.0448645828125 0.566109375 0.10896874999999999 0.680296875 0.10896874999999999 0.680296875 0.0448645828125
0 0.7812578125 0.17466666718749999 0.6658671875 0.17466666718749999 0.6658671875 0.24679166718749998 0.7812578125 0.24679166718749998 0.7812578125 0.17466666718749999
0 0.6634609375 0.169875 0.5757265625 0.169875 0.5757265625 0.2564166671875 0.6634609375 0.2564166671875 0.6634609375 0.169875
0 0.748796875 0.39584375 0.644234375 0.39584375 0.644234375 0.47757291718749995 0.748796875 0.47757291718749995 0.748796875 0.39584375
1 0.5036015625 0.8188958328125 0.40024218749999996 0.8188958328125 0.40024218749999996 0.8910208328125 0.5036015625 0.8910208328125 0.5036015625 0.8188958328125
1 0.28846875 0.1923125 0.21875 0.1923125 0.21875 0.2483958328125 0.28846875 0.2483958328125 0.28846875 0.1923125
1 0.4723515625 0.24359375 0.36417968749999996 0.24359375 0.36417968749999996 0.3044895828125 0.4723515625 0.3044895828125 0.4723515625 0.24359375
1 0.5613046875000001 0.3878125 0.4976015625 0.3878125 0.4976015625 0.4326875 0.5613046875000001 0.4326875 0.5613046875000001 0.3878125
1 0.640625 0.3878125 0.56971875 0.3878125 0.56971875 0.4294791671875 0.640625 0.4294791671875 0.640625 0.3878125
1 0.5673046875 0.45512499999999995 0.5240390625 0.45512499999999995 0.5240390625 0.5064166671875 0.5673046875 0.5064166671875 0.5673046875 0.45512499999999995
1 0.5252343749999999 0.44711458281249994 0.480765625 0.44711458281249994 0.480765625 0.4807604171875 0.5252343749999999 0.4807604171875 0.5252343749999999 0.44711458281249994
1 0.4447109375 0.4567291671875 0.40144531250000004 0.4567291671875 0.40144531250000004 0.49839583281250005 0.4447109375 0.49839583281250005 0.4447109375 0.4567291671875
1 0.415859375 0.5897395828125 0.33773437500000003 0.5897395828125 0.33773437500000003 0.6442187500000001 0.415859375 0.6442187500000001 0.415859375 0.5897395828125
1 0.1766875 0.3942291671875 0.08053125 0.3942291671875 0.08053125 0.47114583281250005 0.1766875 0.47114583281250005 0.1766875 0.3942291671875
1 0.12860156250000002 0.78525 0.0721171875 0.78525 0.0721171875 0.865375 0.12860156250000002 0.865375 0.12860156250000002 0.78525
1 0.834125 0.49359374999999994 0.7451875 0.49359374999999994 0.7451875 0.55128125 0.834125 0.55128125 0.834125 0.49359374999999994
1 0.9338906250000001 0.4166666671875 0.860578125 0.4166666671875 0.860578125 0.4695416671875 0.9338906250000001 0.4695416671875 0.9338906250000001 0.4166666671875
1 0.967546875 0.4487291671875 0.923078125 0.4487291671875 0.923078125 0.5080208328125 0.967546875 0.5080208328125 0.967546875 0.4487291671875
1 1 0.4871875 0.97596875 0.4871875 0.97596875 0.5432708328125 1 0.5432708328125 1 0.4871875
1 1 0.5304583328125 0.89784375 0.5304583328125 0.89784375 0.6105833328125 1 0.6105833328125 1 0.5304583328125
1 0.896625 0.6602604171875 0.8389374999999999 0.6602604171875 0.8389374999999999 0.7003229171875 0.896625 0.7003229171875 0.896625 0.6602604171875
1 0.7920703125 0.58975 0.7488046875000001 0.58975 0.7488046875000001 0.65225 0.7920703125 0.65225 0.7920703125 0.58975
1 0.9495156250000001 0.30928125 0.866578125 0.30928125 0.866578125 0.3798020828125 0.9495156250000001 0.3798020828125 0.9495156250000001 0.30928125
1 0.930296875 0.27725 0.813703125 0.27725 0.813703125 0.3253333328125 0.930296875 0.3253333328125 0.930296875 0.27725
1 0.74759375 0.28365625 0.69590625 0.28365625 0.69590625 0.34134375 0.74759375 0.34134375 0.74759375 0.28365625
1 0.3858125 0.7516041671875 0.34975 0.7516041671875 0.34975 0.7788541671875 0.3858125 0.7788541671875 0.3858125 0.7516041671875