1 0.7418483890625 0.33372814375000004 0.751216478125 0.267070725 0.7131324171875 0.261718359375 0.703764328125 0.32837577812499996 0.7418483890625 0.33372814375000004
1 0.1575875484375 0 0.1523507609375 0.037261678124999996 0.2856656 0.05599785625 0.2935355859375 0 0.1575875484375 0
1 0 0.5244088062500001 0.08387106875 0.5361961171875 0.10611919375000001 0.3778924828125 0.014065525 0.3649551828125 0 0.46503659375 0 0.5244088062500001
1 0.199132059375 0.9249976984374999 0.2090003015625 0.854781503125 0.0883939046875 0.8378313796875 0.07852566093749999 0.908047575 0.199132059375 0.9249976984374999
1 0.286627796875 0.728536240625 0.2939887484375 0.67616034375 0.236862659375 0.6681317953125 0.22950170781249998 0.7205076921875 0.286627796875 0.728536240625
1 0.43196072343749997 0.7768737156250001 0.43982182812500004 0.72093904375 0.4033263234375 0.715809934375 0.3954652171875 0.7717446078125 0.43196072343749997 0.7768737156250001
1 0.5287696921875 0.767426859375 0.53328629375 0.735289565625 0.47139454062499997 0.726591246875 0.46687793749999995 0.7587285406250001 0.5287696921875 0.767426859375
1 0.53538853125 0.7088798109375001 0.5412424984374999 0.667226659375 0.512669140625 0.6632109359375 0.506815171875 0.7048640875000001 0.53538853125 0.7088798109375001
1 0.8655947718749999 0.512534190625 0.8732884343749999 0.4577909328125 0.8367929296875 0.452661825 0.8290992656249999 0.5074050812500001 0.8655947718749999 0.512534190625
0 0.7543150359374999 0.613419478125 0.77924006875 0.43606865624999996 0.6871864000000001 0.42313135625 0.6622613671875001 0.600482178125 0.7543150359374999 0.613419478125
0 0.5625428046875001 0.6423079578124999 0.613227909375 0.2816647046875 0.24346593906249997 0.22969804843750002 0.192780834375 0.5903413015625001 0.5625428046875001 0.6423079578124999