1 0.9362019937499999 0.7577066968749999 0.9521827515625001 0.6568081609374999 0.8730442234375 0.6442738484375 0.857063465625 0.7451723859375 0.9362019937499999 0.7577066968749999
1 0.971648296875 0.7182898718749999 0.9816136609375 0.6553710374999999 0.9483820640625 0.6501076703125 0.9384167 0.7130265046875001 0.971648296875 0.7182898718749999
1 0.9270403421875001 1 0.9291646296874999 0.9865877796875001 0.8864368203125 0.9798203593749999 0.8832406796875001 1 0.9270403421875001 1
1 0.917295365625 1 0.9292470734375 0.9245398890625 0.8152925312500001 0.9064912625 0.8025064578125001 0.9872193515625 0.8832002953125 1 0.917295365625 1
1 0.7016332296875001 0.876323996875 0.7164871703125 0.7825399015625 0.6515878171875 0.7722608546874999 0.636733875 0.8660449484375 0.7016332296875001 0.876323996875
1 0.7463091015625001 0.9527617312500001 0.7581541234375 0.8779752046875 0.6695090953125 0.8639352109375 0.6576640734375 0.9387217375000001 0.7463091015625001 0.9527617312500001
1 0.6187336015625 0.5699113140625001 0.6275697046875 0.5141223562499999 0.5563326828124999 0.5028395203125 0.5474965796875 0.5586284781249999 0.6187336015625 0.5699113140625001
1 0.889302575 0.11139724531249999 0.8979504671875 0.0567965984375 0.831466696875 0.046266604687500004 0.8228188031249999 0.10086725 0.889302575 0.11139724531249999
1 0.3534634203125 0.33927755625 0.36136091718749996 0.289414728125 0.32971373593750003 0.28440230624999996 0.32181624062499997 0.334265134375 0.3534634203125 0.33927755625
1 0.42388194375 0.3966798453125 0.43046196875 0.3551352046875 0.3940615375 0.3493699421875 0.3874815125 0.3909145828125 0.42388194375 0.3966798453125
1 0.6120721375 0.407012109375 0.62316431875 0.33697883281249996 0.5582649640625 0.3266997859375 0.5471727828125 0.3967330625 0.6120721375 0.407012109375
1 0.7187557640625 0.5017977625000001 0.7283447078124999 0.441255553125 0.6681986046875 0.431729346875 0.6586096609375 0.49227155468749995 0.7187557640625 0.5017977625000001
1 0.7537599890625 0.5061237640625 0.763725353125 0.4432049296875 0.7099169140625 0.4346825109375 0.69995155 0.4976013453125 0.7537599890625 0.5061237640625
0 0.3293242640625 0 0.3094564640625 0.12544034843750002 0.46456468749999996 0.1500070765625 0.48693970468750003 0.0087367796875 0.43177785 0 0.3293242640625 0
0 0.5792026625 0.34825618281250004 0.6224470140625 0.0752220875 0.435671034375 0.045639678125 0.3924266828125 0.3186737734375 0.5792026625 0.34825618281250004
0 0.7670279890625 0.289176796875 0.7939151640625 0.11941786406249999 0.6752073703125 0.10061639687499999 0.6483201968750001 0.2703753296875 0.7670279890625 0.289176796875
1 0.6533501546875 0.771321859375 0.6621862578125 0.7155329 0.6083778203125 0.70701048125 0.5995417171875 0.762799440625 0.6533501546875 0.771321859375
0 0.3275646890625 0.287716296875 0.349751496875 0.1476343125 0.2737818015625 0.13560189375 0.25159499375 0.27568387968749997 0.3275646890625 0.287716296875