1 0.7128323187500001 0.8745497203125 0.6352377031249999 0.858056475 0.6219096984375 0.9207598125 0.6995043125 0.9372530578125 0.7128323187500001 0.8745497203125
1 0.901483146875 0.732789209375 0.8180043625 0.715045246875 0.8063439812500001 0.7699030234375 0.8898227656250001 0.7876469875 0.901483146875 0.732789209375
1 0.7617460890625 0.7080071953125 0.69943503125 0.694762571875 0.69143909375 0.7323804968750001 0.753750153125 0.7456251218750001 0.7617460890625 0.7080071953125
1 0.8937258953124999 0.711492246875 0.9630826734375001 0.726234484375 0.9734132859375 0.6776327765625 0.9040565062500001 0.6628905375 0.8937258953124999 0.711492246875
1 0.9627623062499999 0.43288243125000003 0.8440243578125 0.40764389999999995 0.824034515625 0.5016887171875 0.9427724640624999 0.5269272468749999 0.9627623062499999 0.43288243125000003
1 0.1563537171875 0.41712635000000003 0.07405176718749999 0.39963252968749996 0.055058168750000004 0.4889903875 0.13736011875 0.5064842078125 0.1563537171875 0.41712635000000003
1 0.7263169703125001 0.0942711265625 0.73797735 0.03941335 0.6944803484375 0.0301677765625 0.68281996875 0.0850255546875 0.7263169703125001 0.0942711265625
0 0.5868640609375 0.3284040203125 0.42814432968749994 0.29466709999999996 0.40048774218750005 0.4247811078125 0.559207475 0.45851802812500003 0.5868640609375 0.3284040203125
0 0.9440182484375 0.5616108468750001 0.61835623125 0.4923892484375 0.584704859375 0.6507065125 0.910366875 0.7199281109375 0.9440182484375 0.5616108468750001
0 0.5991287046875 0.7504368296874999 0.4533541453125 0.719451490625 0.42936633437499994 0.8323052703125 0.57514089375 0.863290609375 0.5991287046875 0.7504368296874999
0 0.652851603125 0.8503416921875001 0.555266096875 0.8295992515625 0.541938090625 0.8923025890625 0.6395235968749999 0.9130450296875001 0.652851603125 0.8503416921875001