0 0.589952340625 0.7723252515625 0.5669552140625 0.585028690625 0.39675422656250003 0.60592674375 0.419751353125 0.7932233046875 0.589952340625 0.7723252515625
1 0.7009553234375 0.9136870171875 0.7088654046875 0.978109465625 0.7852087453125 0.9687356828125001 0.7772986640624999 0.9043132328124999 0.7009553234375 0.9136870171875
1 0.38047135 0.2761247078125 0.3702171875 0.1926112546875 0.3288610984375 0.19768914375 0.3391152609375 0.281202596875 0.38047135 0.2761247078125
1 0.4380427828125 0.27148014531250003 0.42808186875 0.19035500625 0.38672577812500003 0.19543289531250002 0.39668669218749997 0.276558034375 0.4380427828125 0.27148014531250003
1 0.47250622656249996 0 0.479197459375 0.054495720312499996 0.5507848515625 0.04570589375 0.5451728734375 0 0.47250622656249996 0
1 0.5316043015624999 0.27087806406250003 0.5248672109375 0.216008871875 0.48987995937499995 0.22030476718749997 0.4966170484375 0.275173959375 0.5316043015624999 0.27087806406250003
1 0.9247450703125001 0.1063571296875 0.9191790687499999 0.0610256859375 0.8205654734375001 0.0731339140625 0.8261314750000001 0.1184653578125 0.9247450703125001 0.1063571296875
1 0.9191112703125001 0.38920672343749996 0.91369189375 0.3450694359375 0.8500655500000001 0.35288176875 0.855484928125 0.39701905625 0.9191112703125001 0.38920672343749996
1 0.9258118109375 0.4174522328125 0.992612234375 0.409250171875 0.9861664890625 0.35675378593749996 0.919366065625 0.364955846875 0.9258118109375 0.4174522328125
1 0.7066898234375001 0.8814982265625 0.7003907015624999 0.8301959984374999 0.666995659375 0.8342963937500001 0.67329478125 0.8855986218749999 0.7066898234375001 0.8814982265625
1 0.628792725 0.9177066999999999 0.6216157640625 0.8592550375 0.588220721875 0.8633554328124999 0.595397684375 0.9218070953125 0.628792725 0.9177066999999999
1 0.47983970156250005 0.8354888546874999 0.47573803750000004 0.8020834734375001 0.44075078437500004 0.80637936875 0.44485245000000007 0.83978475 0.47983970156250005 0.8354888546874999
1 0.45818310625 0.8696326328125 0.4515907375 0.8159420890625 0.41819569375 0.8200424859375 0.42478806249999995 0.873733028125 0.45818310625 0.8696326328125
1 0.2946680078125 0.8001043578125 0.29027309375 0.7643106625 0.2457325859375 0.7697795484375 0.25012749843750004 0.80557324375 0.2946680078125 0.8001043578125
1 0.2301840484375 0.35390268125 0.2225672140625 0.291868546875 0.1875799625 0.296164440625 0.195196796875 0.35819857499999996 0.2301840484375 0.35390268125
1 0.20347199218749998 0.29422101562499997 0.1998102 0.26439810625 0.1568619 0.26967149375 0.1605236921875 0.29949440312500003 0.20347199218749998 0.29422101562499997
1 0.125643659375 0.27833751093750003 0.1206641546875 0.23778269531250001 0.080900275 0.2426650859375 0.0858797796875 0.2832199015625 0.125643659375 0.27833751093750003
1 0.3311220078125 0.07148068125 0.3245296390625 0.017790139062499998 0.2927268046875 0.021695035937500003 0.299319175 0.07538557812499999 0.3311220078125 0.07148068125
1 0.3437880625 0.1219854078125 0.3386619328125 0.08023643593749999 0.29730584531250004 0.085314325 0.3024319734375 0.127063296875 0.3437880625 0.1219854078125
1 0.5287578468749999 0.3923176515625 0.523924965625 0.35295699375 0.4968780828125 0.3562779328125 0.5017109640624999 0.39563859218749997 0.5287578468749999 0.3923176515625
1 0.22485721406249998 0.1789745328125 0.21899796562499999 0.131254775 0.172865246875 0.1369191609375 0.1787244953125 0.18463891875 0.22485721406249998 0.1789745328125
1 0.3331113046875 0.5083854953125 0.3282784234375 0.46902483593750005 0.298047121875 0.4727367734375 0.30288000312499996 0.51209743125 0.3331113046875 0.5083854953125
1 0.23881378749999999 0.5163272937500001 0.23061045624999998 0.44951653125 0.198807625 0.45342142812499997 0.2070109546875 0.520232190625 0.23881378749999999 0.5163272937500001
1 0.09501694375 0.19976555468749999 0.08783998125 0.14131389218749998 0.0576086796875 0.145025828125 0.0647856421875 0.2034774921875 0.09501694375 0.19976555468749999
1 0.5574925828125 0.179314009375 0.5453342109375 0.080292021875 0.4689908703125 0.08966580625000001 0.4811492421875 0.18868779375 0.5574925828125 0.179314009375
1 1 0.8200603843750001 0.9597017734375 0.825008384375 0.9695160640625 0.9049393671875 1 0.9011964109375 1 0.8200603843750001
1 1 0.68564440625 0.9847987781249999 0.6875108812499999 0.9912445234374999 0.7400072671875 1 0.7389322296875 1 0.68564440625
1 0.9440813546875001 0.263838534375 0.93807548125 0.2149246203125 0.8919427640625001 0.2205890046875 0.8979486375000001 0.2695029203125 0.9440813546875001 0.263838534375