1 0.465140625 0.24518749999999997 0.394234375 0.24518749999999997 0.394234375 0.2900625 0.465140625 0.2900625 0.465140625 0.24518749999999997
1 0.5721093749999999 0.3942395828125 0.530046875 0.3942395828125 0.530046875 0.4343020828125 0.5721093749999999 0.4343020828125 0.5721093749999999 0.3942395828125
1 0.5841328125 0.4455104171875 0.5384609375 0.4455104171875 0.5384609375 0.4951979171875 0.5841328125 0.4951979171875 0.5841328125 0.4455104171875
1 0.6021640625 0.3894166671875 0.5745234375 0.3894166671875 0.5745234375 0.4246666671875 0.6021640625 0.4246666671875 0.6021640625 0.3894166671875
1 0.65625 0.3717916671875 0.60096875 0.3717916671875 0.60096875 0.4134583328125 0.65625 0.4134583328125 0.65625 0.3717916671875
1 0.842546875 0.49037499999999995 0.753609375 0.49037499999999995 0.753609375 0.5416666671875 0.842546875 0.5416666671875 0.842546875 0.49037499999999995
1 0.9603359375 0.3156979171875 0.8677890625 0.3156979171875 0.8677890625 0.35896875 0.9603359375 0.35896875 0.9603359375 0.3156979171875
1 1 0.52884375 0.9026484375000001 0.52884375 0.9026484375000001 0.6105729171875 1 0.6105729171875 1 0.52884375
1 0.983171875 0.4487083328125 0.9338906250000001 0.4487083328125 0.9338906250000001 0.5 0.983171875 0.5 0.983171875 0.4487083328125
1 0.94590625 0.41986458281249994 0.86778125 0.41986458281249994 0.86778125 0.45992708281250005 0.94590625 0.45992708281250005 0.94590625 0.41986458281249994
1 0.7560156250000001 0.2788541671875 0.706734375 0.2788541671875 0.706734375 0.3173125 0.7560156250000001 0.3173125 0.7560156250000001 0.2788541671875
1 0.4254765625 0.5833333328125 0.3413359375 0.5833333328125 0.3413359375 0.6362083328125 0.4254765625 0.6362083328125 0.4254765625 0.5833333328125
1 0.4951875 0.8012916671875001 0.4170625 0.8012916671875001 0.4170625 0.884625 0.4951875 0.884625 0.4951875 0.8012916671875001
1 0.152640625 0.7868541671875 0.087734375 0.7868541671875 0.087734375 0.8701874999999999 0.152640625 0.8701874999999999 0.152640625 0.7868541671875
1 0.18509375 0.40064583281250005 0.0889375 0.40064583281250005 0.0889375 0.4455208328125 0.18509375 0.4455208328125 0.18509375 0.40064583281250005
1 0 0.5144166671875 0.03125 0.5144166671875 0.03125 0.4695416671875 0 0.4695416671875 0 0.5144166671875
1 0.30407812500000003 0.19710416718749998 0.228359375 0.19710416718749998 0.228359375 0.24518749999999997 0.30407812500000003 0.24518749999999997 0.30407812500000003 0.19710416718749998
1 0.4483125 0.4599375 0.40625 0.4599375 0.40625 0.4871875 0.4483125 0.4871875 0.4483125 0.4599375
1 0.4026484375 0.7275520828125 0.3653828125 0.7275520828125 0.3653828125 0.7772395828125 0.4026484375 0.7772395828125 0.4026484375 0.7275520828125
0 0.6153828125 0.05609375 0.49399218749999996 0.05609375 0.49399218749999996 0.1474479171875 0.6153828125 0.1474479171875 0.6153828125 0.05609375
0 0.67428125 0.036864582812500005 0.58775 0.036864582812500005 0.58775 0.09455208281250001 0.67428125 0.09455208281250001 0.67428125 0.036864582812500005
0 0.686296875 0.177875 0.592546875 0.177875 0.592546875 0.2644166671875 0.686296875 0.2644166671875 0.686296875 0.177875
0 0.8052890625 0.1426354171875 0.6742734375 0.1426354171875 0.6742734375 0.2451979171875 0.8052890625 0.2451979171875 0.8052890625 0.1426354171875
0 0.769234375 0.3653854171875 0.635828125 0.3653854171875 0.635828125 0.48557291718749995 0.769234375 0.48557291718749995 0.769234375 0.3653854171875
1 0.530046875 0.4342916671875 0.480765625 0.4342916671875 0.480765625 0.4695416671875 0.530046875 0.4695416671875 0.530046875 0.4342916671875
1 0.79928125 0.5817291671875 0.75721875 0.5817291671875 0.75721875 0.6346041671875 0.79928125 0.6346041671875 0.79928125 0.5817291671875
1 0.9110625000000001 0.64903125 0.85096875 0.64903125 0.85096875 0.6923020828124999 0.9110625000000001 0.6923020828124999 0.9110625000000001 0.64903125
1 0.534859375 0.517625 0.5060156250000001 0.517625 0.5060156250000001 0.5560833328125 0.534859375 0.5560833328125 0.534859375 0.517625