1 0.8931157453124999 0.23654503125 0.84392528125 0.24790154531250003 0.8572630046875 0.30567356874999996 0.90645346875 0.29431705625000004 0.8931157453124999 0.23654503125
1 0.8003058671875 0.058965100000000006 0.6972510078124999 0.0827571890625 0.739068471875 0.2638885234375 0.8421233296875 0.240096434375 0.8003058671875 0.058965100000000006
1 0.6568989046875 0.07891299375000001 0.5819485328125 0.09621665 0.593486646875 0.146193715625 0.6684370203125 0.12889005781250001 0.6568989046875 0.07891299375000001
1 0.5840752921875 0.8374976343749999 0.5302108984375 0.849933209375 0.5399447171875 0.8920950140624999 0.5938091125 0.8796594375 0.5840752921875 0.8374976343749999
1 0.6966834484375 0.6733444921875 0.6416467640625 0.6860507109375 0.6524631609375 0.7329016734375 0.70749984375 0.720195453125 0.6966834484375 0.6733444921875
1 0.665047284375 0.61650426875 0.5912692015625 0.63353728125 0.60784996875 0.7053564765625 0.6816280515625001 0.6883234640625 0.665047284375 0.61650426875
1 0.757121546875 0.55577730625 0.689189684375 0.5714606125 0.7025274078125 0.6292326375 0.7704592703124999 0.61354933125 0.757121546875 0.55577730625
1 0.6664671984375 0.3661751890625 0.62431046875 0.3759078375 0.6419738140625 0.4524161875 0.68413054375 0.44268354062500004 0.6664671984375 0.3661751890625
1 0.33807458125 0.1673152734375 0.2900564078125 0.1784011421875 0.3001510859375 0.2221259984375 0.3481692609375 0.21104012968750002 0.33807458125 0.1673152734375
0 0.280598753125 0.12139038437500001 0.11781805468749999 0.1589712703125 0.15350560156249998 0.313551021875 0.31628630156250004 0.2759701359375 0.280598753125 0.12139038437500001
0 0.50808216875 0.2892598171875 0.327732359375 0.33089685156250004 0.3551295234375 0.44956700468750005 0.5354793328125 0.4079299703125 0.50808216875 0.2892598171875
0 0.6622457671875 0.42801175625 0.385859609375 0.49182052968749995 0.43128097500000007 0.688562084375 0.7076671343750001 0.6247533109375001 0.6622457671875 0.42801175625
0 0.468297978125 0.6833087625 0.3230863890625 0.7168334984375 0.35733518750000004 0.865181340625 0.5025467765625 0.8316566046875 0.468297978125 0.6833087625
0 0.6246049734375 0.7245159765625 0.49461791718750003 0.754525853125 0.5133638375 0.8357233578125 0.64335089375 0.80571348125 0.6246049734375 0.7245159765625