0 0.79010055 0.8120464515625001 0.9527296078124999 0.8378043640625 0.9752920203125001 0.695350896875 0.8126629624999999 0.669592984375 0.79010055 0.8120464515625001
0 0.505130859375 0.1065313078125 0.40540520156250004 0.090736315625 0.3898627859375 0.188867265625 0.48958844375000005 0.204662259375 0.505130859375 0.1065313078125
0 0.5865947265625 0.1145719734375 0.5011288203125 0.1010355046875 0.4961163984375 0.1326826859375 0.58158230625 0.1462191546875 0.5865947265625 0.1145719734375
0 0.7018261234375001 0.23992266093749998 0.47508991875 0.2040111734375 0.45353129374999995 0.3401269734375 0.6802674984375 0.3760384609375 0.7018261234375001 0.23992266093749998
0 0.4167831765625 0.3261858296875 0.3253757078125 0.311708309375 0.31309234375 0.3892624203125 0.4044998125 0.40373994062499996 0.4167831765625 0.3261858296875
1 0.2317509453125 0.48023070937499995 0.114231465625 0.461617453125 0.1062076796875 0.512277634375 0.2237271609375 0.5308908921875 0.2317509453125 0.48023070937499995
1 0 0.5814417 0.1024209421875 0.5976635828125 0.1152062 0.5169406375000001 0 0.49869376875000004 0 0.5814417
1 0.6345386171875 0.6186636734375 0.6001084203125 0.613210465625 0.5938412640624999 0.6527797296875 0.6282714625 0.6582329375 0.6345386171875 0.6186636734375
1 0.722308640625 0.6406753468749999 0.6368427343749999 0.627138878125 0.622802740625 0.71578390625 0.708268646875 0.7293203765625 0.722308640625 0.6406753468749999
1 0.7964797203125 0.787101846875 0.678960240625 0.7684885890625 0.66868119375 0.83338794375 0.7862006734375 0.8520012015624999 0.7964797203125 0.787101846875
1 0.84350224375 0.4440678046875 0.785336659375 0.43485528125000006 0.7760614 0.49341696874999996 0.8342269828125 0.5026294921875001 0.84350224375 0.4440678046875
1 0.7235413453125 0.43317813281250006 0.6404366312499999 0.42001563906249995 0.63266379375 0.46909140312500003 0.7157685078125 0.482253896875 0.7235413453125 0.43317813281250006
1 1 0.5029198484374999 0.9747636390625001 0.49892280156249996 0.9667398546875001 0.54958298125 0.997605115625 0.5544715578125 1 0.539350853125 1 0.5029198484374999
1 0.6870458015625001 0.18726428125 0.6348063484375001 0.1789903640625 0.6272844578125001 0.2264817125 0.6795239109375 0.234755628125 0.6870458015625001 0.18726428125
1 0.7519354421875 0.24621394218749998 0.6961464828125 0.2373778390625 0.6883736453125 0.286453603125 0.7441626046875001 0.29528970625 0.7519354421875 0.24621394218749998
1 0.358001453125 0.190317578125 0.312891875 0.1831729234375 0.3076285078125 0.21640452031250001 0.3527380859375 0.223549175 0.358001453125 0.190317578125