0 0.1841435109375 0.597195103125 0.1786711328125 0.49277590312499997 0.07624919062499999 0.498143609375 0.08172156875 0.6025628109375 0.1841435109375 0.597195103125
0 0.134771028125 0.6960629921875 0.128983815625 0.5856364109375 0.058559628125 0.5893271859375 0.06434683906250001 0.6997537671875 0.134771028125 0.6960629921875
0 0.32610731406250004 0.825656515625 0.3186216375 0.6828212859375 0.1953949140625 0.6892793234375 0.20288059062500002 0.8321145546875 0.32610731406250004 0.825656515625
0 0.3282230453125 0.682318096875 0.323568415625 0.5935024828125 0.24675715937499998 0.597527990625 0.2514117890625 0.6863436046875 0.3282230453125 0.682318096875
0 0.6403555265625 0.78992669375 0.6324299 0.6386967343750001 0.51561105 0.64481895 0.5235366765625 0.7960489109375 0.6403555265625 0.78992669375
1 0.776194565625 0.870670271875 0.77109916875 0.7734443234375 0.6846761046875 0.777973565625 0.6897715 0.8751995125 0.776194565625 0.870670271875
1 0.88572973125 0.2968465515625 0.880257353125 0.19242735 0.7970382265625 0.1967886796875 0.8025106046875001 0.30120788125 0.88572973125 0.2968465515625
1 0.48690704531250006 0 0.4818210578125 0.0002665453125 0.4868534875 0.096291015625 0.5588796421875 0.0925162859375 0.5540310703125 0 0.48690704531250006 0
1 0.2882289515625 0.25595190625 0.28376240468749997 0.1707251171875 0.197339340625 0.1752543578125 0.2018058875 0.260481146875 0.2882289515625 0.25595190625
1 0.3664357109375 0.4624622078125 0.360900365625 0.35684153125 0.2840891125 0.3608670390625 0.2896244578125 0.466487715625 0.3664357109375 0.4624622078125
1 0.6596049296875 0.54459866875 0.656459865625 0.484587275 0.568434834375 0.489200471875 0.5715798984375 0.549211865625 0.6596049296875 0.54459866875
1 0.5670358546875 0.554261290625 0.56439370625 0.5038461015625 0.4955714859375 0.507452921875 0.498213634375 0.557868109375 0.5670358546875 0.554261290625
1 0.556757128125 0.6029440796875 0.5542409125 0.5549318453125001 0.5126313484375 0.557112509375 0.5151475624999999 0.6051247453124999 0.556757128125 0.6029440796875
1 0.552395265625 0.6729714578125 0.5488094343750001 0.60454973125 0.4895990265625 0.6076528171875 0.49318485624999997 0.67607454375 0.552395265625 0.6729714578125
1 0.49410782031249995 1 0.490259565625 0.9265709375 0.419835378125 0.9302617140624999 0.42349020781249996 1 0.49410782031249995 1
1 0.43152204843749997 1 0.42470015625 0.8698305421875 0.363887778125 0.8730175828125001 0.37054264375 1 0.43152204843749997 1
1 0.4505142734375 0.78061508125 0.4476210765625 0.7254095921875 0.370809821875 0.7294351 0.37370301875 0.7846405890625 0.4505142734375 0.78061508125
1 0.5412194875 0.919096784375 0.5453707921875 0.998308390625 0.6974121390625 0.990340240625 0.693260834375 0.911128634375 0.5412194875 0.919096784375
1 0.8609866671875 0.7434645140625 0.8590363359375001 0.7062499609375 0.8110189 0.7087664484375 0.81296923125 0.7459810015625 0.8609866671875 0.7434645140625
1 1 0.7999540359374999 0.9267549640625001 0.8037926453124999 0.93115854375 0.887817959375 1 0.88421013125 1 0.7999540359374999
1 0.8072095750000001 0.4213218796875 0.8053851765625 0.386510278125 0.76537758125 0.3886069875 0.7672019796875 0.42341858906249996 0.8072095750000001 0.4213218796875
1 0.6319831578125 0.38476273125 0.629781778125 0.3427578765625 0.5785604046875 0.345442275 0.5807617859375 0.3874471296875 0.6319831578125 0.38476273125
1 0.4678074453125 0.55946163125 0.46447348125000004 0.495845809375 0.39725323125 0.4993686734375 0.40058719531250003 0.5629844953124999 0.4678074453125 0.55946163125
1 0.0504600421875 0.343022909375 0.0480697609375 0.2974136265625 0.006460196875 0.299594290625 0.008850478125 0.345203575 0.0504600421875 0.343022909375
1 0.5010606109375 0.397632325 0.49885922968749996 0.3556274703125 0.46045360156250004 0.35764022500000003 0.46265498125000004 0.3996450796875 0.5010606109375 0.397632325
1 0.8820288140624999 0.073171203125 0.8793236984374999 0.0215545390625 0.8425200390625 0.0234833359375 0.8452251546875 0.0751 0.8820288140624999 0.073171203125