0 0.6220393265624999 0.781257115625 0.5848036421875 0.60607699375 0.4280554890625 0.6393948421875 0.46529117343750004 0.8145749640625001 0.6220393265624999 0.781257115625
1 0.44327804375 0.31791574218749996 0.4262845109375 0.237967459375 0.3823901375 0.247297496875 0.3993836703125 0.3272457796875 0.44327804375 0.31791574218749996
1 0.38772951875 0.31866090156250004 0.37098613125 0.2398894515625 0.3317990921875 0.24821891406250002 0.34854248125 0.3269903625 0.38772951875 0.31866090156250004
1 0.44744788281250003 0 0.42739582187499997 0.004262196875000001 0.4471360625 0.09713272656250001 0.5208028046875001 0.08147437656249999 0.503484890625 0 0.44744788281250003 0
1 0.920494096875 0.39710715625000004 0.906999328125 0.33361926249999996 0.8505724390625 0.34561316875000003 0.8640672078125 0.4091010609375 0.920494096875 0.39710715625000004
1 0.92310430625 0.42481845937499996 0.9920739015625 0.41015851875 0.9793295640625 0.35020112812500004 0.9103599687499999 0.3648610671875 0.92310430625 0.42481845937499996
1 0.9065820499999999 0.1235850171875 0.897336478125 0.0800880171875 0.7985843265625 0.101078434375 0.8078299 0.1445754359375 0.9065820499999999 0.1235850171875
1 0.7469399250000001 0.9218134390625 0.754437740625 0.9570878859375 0.8343809296875 0.9400954374999999 0.8268831140625 0.9048209890625 0.7469399250000001 0.9218134390625
1 0.68150006875 0.92221703125 0.66925601875 0.8646133078125 0.6347763171875 0.8719421953125 0.647020365625 0.92954591875 0.68150006875 0.92221703125
1 0.522566671875 0.8527669281250001 0.51707000625 0.8269071515625 0.487277259375 0.8332397953124999 0.492773925 0.8590995734375 0.522566671875 0.8527669281250001
1 0.507358303125 0.8891857015625 0.4973623 0.8421581984375001 0.461313484375 0.8498206109374999 0.47130948906250003 0.8968481140625 0.507358303125 0.8891857015625
1 0.5300560265625001 0.2945504984375 0.519559734375 0.24516932812499997 0.48037269531250004 0.253498790625 0.4908689875 0.3028799609375 0.5300560265625001 0.2945504984375
1 0.5474723234375001 0.214660215625 0.528981178125 0.12766621250000001 0.4694160640625 0.14032716875 0.487907209375 0.2273211703125 0.5474723234375001 0.214660215625
1 0.39954674218749997 0.11217615 0.3833036421875 0.035758368750000005 0.3331328203125 0.04642250625 0.349375921875 0.1228402875 0.39954674218749997 0.11217615
1 0.206702821875 0.353441315625 0.20145629999999998 0.328758371875 0.170114821875 0.335420209375 0.17536134375 0.36010315312499996 0.206702821875 0.353441315625
1 0.24411559375 0.39833920156249997 0.23262197499999998 0.3442659796875 0.18715848906250002 0.3539295421875 0.1986521078125 0.40800276406249997 0.24411559375 0.39833920156249997
1 0.539125153125 0.414273340625 0.5331282015625 0.38605989531249996 0.5002176109375001 0.3930552578125 0.5062145625000001 0.42126870156249996 0.539125153125 0.414273340625
1 0.339144259375 0.8376983078125001 0.33214673125 0.8047775265625001 0.303923096875 0.8107766453125 0.310920625 0.8436974265625 0.339144259375 0.8376983078125001
1 0.3752949046875 0.845996309375 0.3652989 0.79896880625 0.33864437812500003 0.8046344 0.3486403828125 0.851661903125 0.3752949046875 0.845996309375
1 0.7087784125 0.7345620203125 0.69578393125 0.6734277953125 0.6471822234375 0.6837584078125001 0.660176703125 0.7448926328125001 0.7087784125 0.7345620203125
1 0.3602837015625 0.5518217046875 0.3510381296875 0.5083247046875 0.313420203125 0.5163206406249999 0.3226657765625 0.5598176421875001 0.3602837015625 0.5518217046875