1 0.5305632609375001 0.463089440625 0.5977835125000001 0.4595665765625 0.59224789375 0.3539406984375 0.52502764375 0.3574635625 0.5305632609375001 0.463089440625
1 0.3756956921875 0.126191209375 0.4729216390625 0.1210958140625 0.46864426562499994 0.039478653125 0.37141831875000003 0.04457405 0.3756956921875 0.126191209375
1 0.12906285 0.1278721125 0.12335986562500001 0.0190527 0.0381330765625 0.023519246875 0.0438360609375 0.132338659375 0.12906285 0.1278721125
1 0.125823278125 0.1809998859375 0.185834671875 0.17785482187499999 0.179879275 0.0642191015625 0.1198678828125 0.067364165625 0.125823278125 0.1809998859375
1 0.21432530156250001 0.37695951875 0.3103497734375 0.3719270890625 0.306826909375 0.30470683906249996 0.2108024375 0.30973926875 0.21432530156250001 0.37695951875
1 0.4869070515625 0 0.403022946875 0.0043961796875 0.40570734531249997 0.055617553125 0.4969259109375 0.050836990625 0.49426165781250003 0 0.4869070515625 0
1 0.49051079218750004 0.181153409375 0.533717121875 0.1788890609375 0.5291039265624999 0.090864028125 0.48589759531250004 0.0931283765625 0.49051079218750004 0.181153409375
1 0.6300423359375 0.363204553125 0.67565161875 0.360814271875 0.6733869984374999 0.3176027390625 0.627777715625 0.3199930203125 0.6300423359375 0.363204553125
1 0.5731709546875 0.31162069375 0.6884034406249999 0.305581615625 0.685468265625 0.24957514218750002 0.5702357796874999 0.2556142203125 0.5731709546875 0.31162069375
1 0.6928082343749999 0.6423542875 0.7312242640625 0.6403409890625 0.7293794218749999 0.6051392984375 0.6909633921875 0.607152596875 0.6928082343749999 0.6423542875
1 0.8376682578124999 0.811285665625 0.8832775406250001 0.808895384375 0.880845009375 0.7624799140625 0.8352357265625001 0.7648701953125 0.8376682578124999 0.811285665625
0 0.786308871875 0.74978515625 0.9243381968750001 0.7425513453125 0.9222414875 0.70254375 0.7842121625 0.7097775609375 0.786308871875 0.74978515625
0 1 0.5668820140624999 0.9237589453125 0.5708776390625 0.93105545 0.710103240625 1 0.7064900093750001 1 0.5668820140624999
0 1 0.48690704218749997 0.993527828125 0.363410640625 0.7390645390625 0.376746496875 0.7533228171874999 0.64881063125 1 0.635882828125 1 0.48690704218749997
0 0.8311565625 0.36549468749999997 0.9931920062499999 0.35700276875000003 0.9859794562499999 0.2193791359375 0.8239440124999999 0.22787105468750002 0.8311565625 0.36549468749999997
1 0.1607036859375 0.34125859687500004 0.21711065000000002 0.33830243437499996 0.21341987499999998 0.267878246875 0.1570129109375 0.2708344109375 0.1607036859375 0.34125859687500004
1 0.0824164375 0.271541540625 0.1508381640625 0.267955709375 0.146308921875 0.1815326453125 0.0778871953125 0.1851184765625 0.0824164375 0.271541540625