0 0.5841328125 0.07853125 0.4687421875 0.07853125 0.4687421875 0.1843020828125 0.5841328125 0.1843020828125 0.5841328125 0.07853125
0 0.6706796875000001 0.0544791671875 0.5757265625 0.0544791671875 0.5757265625 0.11697916718750001 0.6706796875000001 0.11697916718750001 0.6706796875000001 0.0544791671875
0 0.7896640625 0.1875 0.6550546875000001 0.1875 0.6550546875000001 0.294875 0.7896640625 0.294875 0.7896640625 0.1875
0 0.6658593749999999 0.24359375 0.574515625 0.24359375 0.574515625 0.2980729171875 0.6658593749999999 0.2980729171875 0.6658593749999999 0.24359375
0 0.7920703125 0.4807708328125 0.6141796875 0.4807708328125 0.6141796875 0.6025625 0.7920703125 0.6025625 0.7920703125 0.4807708328125
1 0.8629765624999999 0.6378125 0.7656171875 0.6378125 0.7656171875 0.7099375 0.8629765624999999 0.7099375 0.8629765624999999 0.6378125
1 0.5516796875 0.5721145828124999 0.47475781250000004 0.5721145828124999 0.47475781250000004 0.62659375 0.5516796875 0.62659375 0.5516796875 0.5721145828124999
1 0.546875 0.4871875 0.49278125 0.4871875 0.49278125 0.5464791671875 0.546875 0.5464791671875 0.546875 0.4871875
1 0.59134375 0.49360416718750005 0.5516875 0.49360416718750005 0.5516875 0.5464791671875 0.59134375 0.5464791671875 0.59134375 0.49360416718750005
1 0.657453125 0.47915625000000006 0.590140625 0.47915625000000006 0.590140625 0.5256354171875001 0.657453125 0.5256354171875001 0.657453125 0.47915625000000006
1 0.4867734375 0.5416666671875 0.4411015625 0.5416666671875 0.4411015625 0.5833333328125 0.4867734375 0.5833333328125 0.4867734375 0.5416666671875
1 0.4302890625 0.2948645828125 0.3533671875 0.2948645828125 0.3533671875 0.3557604171875 0.4302890625 0.3557604171875 0.4302890625 0.2948645828125
1 0.9951953124999999 0.39903125 0.8978359375 0.39903125 0.8978359375 0.44871875 0.9951953124999999 0.44871875 0.9951953124999999 0.39903125
1 0.97715625 0.3445520828125 0.84375 0.3445520828125 0.84375 0.4054479171875 0.97715625 0.4054479171875 0.97715625 0.3445520828125
1 0.9879765624999999 0.5336458328125 0.8773984374999999 0.5336458328125 0.8773984374999999 0.6266041671875 0.9879765624999999 0.6266041671875 0.9879765624999999 0.5336458328125
1 1 0.7163541671875 0.96153125 0.7163541671875 0.96153125 0.7932708328125 1 0.7932708328125 1 0.7163541671875
1 0.7548046875 0.7564062500000001 0.7139453125 0.7564062500000001 0.7139453125 0.8237187499999999 0.7548046875 0.8237187499999999 0.7548046875 0.7564062500000001
1 0.3341328125 0.7740416671875 0.21033593750000001 0.7740416671875 0.21033593750000001 0.8541666671874999 0.3341328125 0.8541666671874999 0.3341328125 0.7740416671875
1 0 0.5705 0.0949453125 0.5705 0.0949453125 0.4759583328125 0 0.4759583328125 0 0.5705
1 0.2403828125 0.23558333281250002 0.17186718750000002 0.23558333281250002 0.17186718750000002 0.2836666671875 0.2403828125 0.2836666671875 0.2403828125 0.23558333281250002
1 0.38342187499999997 0.5560833328125 0.34976562499999997 0.5560833328125 0.34976562499999997 0.6185833328125 0.38342187499999997 0.6185833328125 0.38342187499999997 0.5560833328125
1 0.8761953124999999 0.8557708328125001 0.8173046875000001 0.8557708328125001 0.8173046875000001 0.9278958328125 0.8761953124999999 0.9278958328125 0.8761953124999999 0.8557708328125001