1 0.15856565312499998 0.5106243859374999 0.16275758125 0.5705717515625001 0.2091235265625 0.5673295281249999 0.20493159843750003 0.5073821640625 0.15856565312499998 0.5106243859374999
1 0.2867531046875 0.34502126875 0.2910289578125 0.40616882812500005 0.3357946453125 0.40303850625 0.331518790625 0.341890946875 0.2867531046875 0.34502126875
1 0.32299311875000003 0.4039415078125 0.3267665078125 0.4579034875 0.3571506453125 0.45577882187499996 0.35337725625 0.401816840625 0.32299311875000003 0.4039415078125
1 0.3679590015625 0.2658434453125 0.37173239062499996 0.3198054265625 0.42607885 0.31600515156250003 0.4223054609375 0.262043171875 0.3679590015625 0.2658434453125
1 0.6706624890625 0 0.677209396875 0.0936251515625 0.8115064562500001 0.0842341859375 0.8056162296875 0 0.6706624890625 0
1 0.587909296875 0.2637218828125 0.596209228125 0.38241641875 0.6713382703125 0.377162884375 0.6630383390625 0.2584683484375 0.587909296875 0.2637218828125
1 1 0.684312928125 0.9149181734375 0.6902624281249999 0.9291713828124999 0.8940928203125 1 0.8891400015625001 1 0.684312928125
1 0.9529701234375001 0.6141178875 0.9574977546874999 0.6788660281250001 0.9862816343749999 0.6768532640625 0.9817540031249999 0.612105121875 0.9529701234375001 0.6141178875
1 0.754538565625 0.119536246875 0.7614139390625 0.21785865312500002 0.8861094453125 0.20913909375 0.8792340718749999 0.1108166875 0.754538565625 0.119536246875
1 0.47350561874999997 0.12111270468749999 0.4787874921875 0.1966470078125 0.5443357625 0.192063425 0.539053890625 0.116529121875 0.47350561874999997 0.12111270468749999
0 0.21091468125 0.4322662015625 0.2208920375 0.574949034375 0.2784390140625 0.5709249578125 0.2684616578125 0.428242125 0.21091468125 0.4322662015625
0 0.2266039703125 0.5877928140625001 0.23599384687499997 0.7220742875 0.3910734921875 0.7112300625 0.3816836171875 0.5769485890625 0.2266039703125 0.5877928140625001
0 0.39840261250000003 0.3107119171875 0.42011758437499996 0.6212504875 0.6215423906249999 0.60716549375 0.59982741875 0.296626921875 0.39840261250000003 0.3107119171875
0 0.6447238484375 0.4790410203125 0.6572996328125 0.6588831140625 0.8347413375 0.64647518125 0.8221655531250001 0.4666330875 0.6447238484375 0.4790410203125