0 0.64355945625 0.44499020156249997 0.25921509062500003 0.4113644265625 0.2368669046875 0.6668053515625 0.621211271875 0.7004311265625 0.64355945625 0.44499020156249997
0 0.6186159171875001 0.2336787921875 0.41626386875000004 0.21597528281249997 0.40634627187500005 0.3293339359375 0.6086983203125 0.34703744687500004 0.6186159171875001 0.2336787921875
1 0.9075824328125 0.7093928703125 0.8189833671875 0.70164145625 0.8087879609374999 0.81817548125 0.8973870265624999 0.8259268953125 0.9075824328125 0.7093928703125
1 0.5571569328125 0.8396176531249999 0.32726944062499996 0.8195051031249999 0.3186101546875 0.9184811984374999 0.548497646875 0.9385937468750001 0.5571569328125 0.8396176531249999
1 0.8652651984374999 1 0.87182293125 0.9250447609375 0.75209278125 0.9145697296874999 0.7446186015625 1 0.8652651984374999 1
1 0.1519906765625 0.8508164515625 0.0825372265625 0.8447400625 0.07681036875 0.9101983546874999 0.14626381718749998 0.9162747437500001 0.1519906765625 0.8508164515625
1 0 0.8922062593750001 0.0107482640625 0.8931466109375 0.0182908671875 0.8069342609374999 0 0.8053340171875 0 0.8922062593750001
1 0.7230881499999999 0.653046634375 0.6715973359375 0.648541771875 0.6661501015625 0.710803940625 0.717640915625 0.715308803125 0.7230881499999999 0.653046634375
1 0.299159021875 0.24433517343750003 0.2500653015625 0.2400400296875 0.24671343750000002 0.27835201718749997 0.2958071578125 0.2826471609375 0.299159021875 0.24433517343750003
1 0 0.7779903828125 0.057788771875 0.7830462453125 0.067984178125 0.66651221875 0 0.6605643734375 0 0.7779903828125
1 0.685167046875 0.42450734843750004 0.6372718734375 0.4203170640625 0.634059821875 0.457030990625 0.6819549953124999 0.46122127500000004 0.685167046875 0.42450734843750004
1 0.737289375 0.4355086390625 0.706158290625 0.4327850234375 0.70113049375 0.49025300468750005 0.7322615781249999 0.492976621875 0.737289375 0.4355086390625
1 0.921464828125 0.8264440484375 0.972955640625 0.8309489109375001 0.9842695453125 0.7016303859375 0.9327787328125 0.6971255234375 0.921464828125 0.8264440484375
1 0.5901871937500001 1 0.5961807421875001 0.9314934171875 0.547087021875 0.9271982734374999 0.540717696875 1 0.5901871937500001 1
1 0.4697308640625 0.12896037031250002 0.43260704531250005 0.1257124578125 0.4300922390625 0.1544568234375 0.46721605781250003 0.1577047375 0.4697308640625 0.12896037031250002