0 0.330279284375 0.33385910937499996 0.5712508796875 0.3634467 0.587462040625 0.23141738437499998 0.3464904453125 0.20182979374999999 0.330279284375 0.33385910937499996
0 0.562003596875 0.221826625 0.6633983890625 0.234276340625 0.6737496671875001 0.1499719515625 0.572354875 0.1375222375 0.562003596875 0.221826625
0 0.4755860796875 0.1466303109375 0.576980871875 0.159080025 0.5844022078125 0.0986381015625 0.48300741406250003 0.0861883859375 0.4755860796875 0.1466303109375
0 0.57579481875 0.43503406875 0.6891311828125 0.4489500234375 0.7012394093750001 0.350336428125 0.5879030453125 0.336420471875 0.57579481875 0.43503406875
0 0 0.776050046875 0.0977097546875 0.7880472953125001 0.1182168109375 0.621030728125 0 0.6065155296875 0 0.776050046875
1 0.074132571875 0.8223043062500001 0.1838864640625 0.835780390625 0.1946287390625 0.7482915828125 0.08487484687499999 0.7348155000000001 0.074132571875 0.8223043062500001
1 0.1924821375 0.6769880749999999 0.2855333390625 0.6884133265625 0.29197718125 0.6359324484375 0.1989259796875 0.624507196875 0.1924821375 0.6769880749999999
1 0.28747237812500004 0.66281298125 0.33519213593749997 0.66867223125 0.342026975 0.613006934375 0.29430721718749997 0.6071476859375 0.28747237812500004 0.66281298125
1 0.3415448953125 0.66623031875 0.4083556578125 0.6744336484375 0.414411040625 0.6251165125 0.347600278125 0.6169131812499999 0.3415448953125 0.66623031875
1 0.7589029421875 0.6399706515625 0.890136153125 0.6560840640625 0.8973619906250001 0.5972343484375 0.766128778125 0.5811209359375 0.7589029421875 0.6399706515625
1 0.835453359375 0.7365509453125 0.9726418484374999 0.7533955734375 0.9829931265624999 0.6690911859375 0.8458046375 0.6522465562499999 0.835453359375 0.7365509453125
1 0.127179778125 0.44937479218750004 0.17728785 0.4555272890625 0.1845136859375 0.3966775734375 0.1344056140625 0.390525075 0.127179778125 0.44937479218750004
1 0.0045154046875 0.43270778125 0.107104353125 0.4453041203125 0.11374369375 0.3912310328125 0.01115474375 0.37863469375 0.0045154046875 0.43270778125
1 0.26177625781249997 0.4578410828125 0.3226162359375 0.46531129218749995 0.3288671171875 0.41440194531249996 0.268027140625 0.4069317359375 0.26177625781249997 0.4578410828125
1 0.27668946875 0.9182046093749999 0.37571145625 0.9303629796875 0.38606273281250003 0.846058590625 0.2870407453125 0.8339002203125 0.27668946875 0.9182046093749999
1 0.303637053125 0.23531520625 0.34299771093750003 0.2401480875 0.3461231515625 0.2146934140625 0.30676249375000003 0.2098605328125 0.303637053125 0.23531520625