0 0.7752421875 0.4054583328125 0.5841328125 0.4054583328125 0.5841328125 0.5657083328125 0.7752421875 0.5657083328125 0.7752421875 0.4054583328125
1 1 0.6538541671875 0.9326874999999999 0.6538541671875 0.9326874999999999 0.7516041671875 1 0.7516041671875 1 0.6538541671875
1 0.16707031249999998 0.5480833328125 0.0769296875 0.5480833328125 0.0769296875 0.6105833328125 0.16707031249999998 0.6105833328125 0.16707031249999998 0.5480833328125
1 0.2572109375 0.43588541718749996 0.17547656250000002 0.43588541718749996 0.17547656250000002 0.48236458281249994 0.2572109375 0.48236458281249994 0.2572109375 0.43588541718749996
1 0.2596171875 0.3846041671875 0.17188281249999998 0.3846041671875 0.17188281249999998 0.4294791671875 0.2596171875 0.4294791671875 0.2596171875 0.3846041671875
1 0.9158593749999999 0.55128125 0.866578125 0.55128125 0.866578125 0.59134375 0.9158593749999999 0.59134375 0.9158593749999999 0.55128125
1 0.8209140625 0.4102604171875 0.7884609375 0.4102604171875 0.7884609375 0.44711458281249994 0.8209140625 0.44711458281249994 0.8209140625 0.4102604171875
1 0.4242734375 0.8830208328125 0.3810078125 0.8830208328125 0.3810078125 0.9631458328125 0.4242734375 0.9631458328125 0.4242734375 0.8830208328125
1 0.9591328125 1 0.9591328125 0.9326979171875 0.8798046875000001 0.9326979171875 0.8798046875000001 1 0.9591328125 1
1 0.7968828125 1 0.7968828125 0.9583333328125001 0.7439921875 0.9583333328125001 0.7439921875 1 0.7968828125 1
1 0.137015625 0.8974270828125 0.097359375 0.8974270828125 0.097359375 0.9999895828125 0.137015625 0.9999895828125 0.137015625 0.8974270828125
1 0.29928125 0.9423020828125 0.2548125 0.9423020828125 0.2548125 0.9855729171875 0.29928125 0.9855729171875 0.29928125 0.9423020828125
1 0.44832031250000004 1 0.44832031250000004 0.9535312499999999 0.4026484375 0.9535312499999999 0.4026484375 1 0.44832031250000004 1
1 0.2572109375 0.5368645828124999 0.2043203125 0.5368645828124999 0.2043203125 0.5769270828125 0.2572109375 0.5769270828125 0.2572109375 0.5368645828124999
1 0.0384609375 0.5480833328125 0.0011953125 0.5480833328125 0.0011953125 0.617 0.0384609375 0.617 0.0384609375 0.5480833328125
1 0.1081796875 0.41667708281250004 0.0576953125 0.41667708281250004 0.0576953125 0.45353125 0.1081796875 0.45353125 0.1081796875 0.41667708281250004
1 0.30289062499999997 0.2243541671875 0.251203125 0.2243541671875 0.251203125 0.2628125 0.30289062499999997 0.2628125 0.30289062499999997 0.2243541671875
1 0.2451953125 0.2051354171875 0.2235546875 0.2051354171875 0.2235546875 0.23878125 0.2451953125 0.23878125 0.2451953125 0.2051354171875
1 0.2211484375 0.13621875 0.1802890625 0.13621875 0.1802890625 0.1698645828125 0.2211484375 0.1698645828125 0.2211484375 0.13621875
1 0.75840625 0.22596875 0.71875 0.22596875 0.71875 0.2596145828125 0.75840625 0.2596145828125 0.75840625 0.22596875
1 0.7740390625 0.2740416671875 0.7415859375 0.2740416671875 0.7415859375 0.3045 0.7740390625 0.3045 0.7740390625 0.2740416671875
1 0.8425546875000001 0.38140625 0.8052890625 0.38140625 0.8052890625 0.42146875 0.8425546875000001 0.42146875 0.8425546875000001 0.38140625
1 0.8653906250000001 0.4262708328125 0.8317343749999999 0.4262708328125 0.8317343749999999 0.4775625 0.8653906250000001 0.4775625 0.8653906250000001 0.4262708328125
1 0.38342187499999997 0.5320416671875 0.34976562499999997 0.5320416671875 0.34976562499999997 0.5592916671875 0.38342187499999997 0.5592916671875 0.38342187499999997 0.5320416671875
1 0.1382265625 0.2451979171875 0.0877421875 0.2451979171875 0.0877421875 0.2820520828125 0.1382265625 0.2820520828125 0.1382265625 0.2451979171875