1 0.8317265624999999 0.6923020828124999 0.6694609375 0.6923020828124999 0.6694609375 0.7676145828125 0.8317265624999999 0.7676145828125 0.8317265624999999 0.6923020828124999
1 0.7151484375 0.5673125 0.6562578125 0.5673125 0.6562578125 0.6298125 0.7151484375 0.6298125 0.7151484375 0.5673125
1 0.6418203124999999 0.56409375 0.5985546875 0.56409375 0.5985546875 0.61378125 0.6418203124999999 0.61378125 0.6418203124999999 0.56409375
1 0.5949453124999999 0.5576875 0.5540859375 0.5576875 0.5540859375 0.6169791671875 0.5949453124999999 0.6169791671875 0.5949453124999999 0.5576875
1 0.222359375 0.4871666671875 0.115390625 0.4871666671875 0.115390625 0.5560833328125 0.222359375 0.5560833328125 0.222359375 0.4871666671875
1 0 0.6169791671875 0.125 0.6169791671875 0.125 0.5544791671875 0 0.5544791671875 0 0.6169791671875
1 0.2295703125 0.52403125 0.2019296875 0.52403125 0.2019296875 0.5673020828124999 0.2295703125 0.5673020828124999 0.2295703125 0.52403125
1 0.6863046875000001 0.384625 0.6334140625 0.384625 0.6334140625 0.4407083328125 0.6863046875000001 0.4407083328125 0.6863046875000001 0.384625
1 0.8245156250000001 0.3942395828125 0.746390625 0.3942395828125 0.746390625 0.44871875 0.8245156250000001 0.44871875 0.8245156250000001 0.3942395828125
1 0.9182734375000001 0.3782083328125 0.8677890625 0.3782083328125 0.8677890625 0.41987500000000005 0.9182734375000001 0.41987500000000005 0.9182734375000001 0.3782083328125
1 0.96034375 0.40225 0.9375 0.40225 0.9375 0.4375 0.96034375 0.4375 0.96034375 0.40225
1 0.64903125 0.1842916671875 0.5733125 0.1842916671875 0.5733125 0.22275 0.64903125 0.22275 0.64903125 0.1842916671875
1 0.5360625 0.0801354171875 0.46634374999999995 0.0801354171875 0.46634374999999995 0.1169895828125 0.5360625 0.1169895828125 0.5360625 0.0801354171875
0 0.53365625 0.10577083281249999 0.40025000000000005 0.10577083281249999 0.40025000000000005 0.1474375 0.53365625 0.1474375 0.53365625 0.10577083281249999
0 0.42907812500000003 0.11539583281250002 0.326921875 0.11539583281250002 0.326921875 0.20993750000000003 0.42907812500000003 0.20993750000000003 0.42907812500000003 0.11539583281250002
0 0.6382265625 0.21634375 0.41586718749999996 0.21634375 0.41586718749999996 0.3397395828125 0.6382265625 0.3397395828125 0.6382265625 0.21634375
0 0.40625 0.3349375 0.28365625 0.3349375 0.28365625 0.3942291671875 0.40625 0.3942291671875 0.40625 0.3349375
0 0.9891796875000001 0.5849479171875 0.7872578125 0.5849479171875 0.7872578125 0.72596875 0.9891796875000001 0.72596875 0.9891796875000001 0.5849479171875