0 0.10021939375 0.37659768437499996 0.096024909375 0.49671197031250003 0.184117046875 0.49978821562500003 0.1883115296875 0.37967392968749997 0.10021939375 0.37659768437499996
0 0.06361066875 0.27669670156250004 0.059961490625 0.3811955046875 0.12242341718750001 0.3833767234375 0.12607259531249998 0.27887792031249997 0.06361066875 0.27669670156250004
0 0.55701231875 0.15321595 0.5510979453125 0.3225814640625 0.7064615765625 0.32800688125 0.7123759515625 0.1586413671875 0.55701231875 0.15321595
1 0.7575300390625 0.059203521875 0.7535449515625 0.1733214625 0.8384307109375 0.1762857390625 0.842415796875 0.0621677984375 0.7575300390625 0.059203521875
1 0.8921743875000001 0.1985968328125 0.8901611234375 0.256249190625 0.9734436921875 0.25915748125000004 0.9754569562500001 0.2015051234375 0.8921743875000001 0.1985968328125
1 0.9133689421875 0.6936380765625 0.9091744578125001 0.8137523625 0.9748427640624999 0.8160455499999999 0.979037246875 0.695931265625 0.9133689421875 0.6936380765625
1 0.6156311078125001 1 0.6184995390625 0.9178588718749999 0.519205896875 0.9143914625 0.5162163796875 1 0.6156311078125001 1
1 0.3254385890625 0.5396038953125 0.3222507375 0.6308920015624999 0.3895222328125 0.6332411734375001 0.392710084375 0.5419530671875 0.3254385890625 0.5396038953125
1 0.23859866406250002 0.7301971421875 0.23536882499999998 0.822687640625 0.294624371875 0.8247568890625001 0.29785421093750003 0.7322663921875 0.23859866406250002 0.7301971421875
1 0.02179129375 0.6480650171875 0.020281345312499997 0.6913042859375 0.05230349375 0.6924225234375 0.053813442187500005 0.6491832546875 0.02179129375 0.6480650171875
1 0.643997084375 0.41723281874999996 0.6405153140625 0.51693766875 0.70939 0.5193428265625 0.7128717703125 0.419637975 0.643997084375 0.41723281874999996
1 0.5488035390625 0.29605554375 0.5461190046875 0.3729305609375 0.5957762359375 0.3746646296875 0.5984607703125 0.2977896125 0.5488035390625 0.29605554375
1 0.5622247375 0.3710774515625 0.5606728000000001 0.4155191125 0.611933221875 0.417309165625 0.6134851593749999 0.37286750468749996 0.5622247375 0.3710774515625
1 0.5573508656249999 0.4190146828125 0.5553376015625 0.47666704062500004 0.60978358125 0.4785683359375 0.611796846875 0.42091597812500003 0.5573508656249999 0.4190146828125
1 0.60974159375 0.479770728125 0.607476396875 0.5446374390625001 0.6443081140625 0.54592363125 0.646573309375 0.48105692031249997 0.60974159375 0.479770728125
1 0.8471802109375 0.5686504218749999 0.845879659375 0.6058933453125 0.9131511546875 0.60824251875 0.91445170625 0.57099959375 0.8471802109375 0.5686504218749999
1 0.6405341171875001 0.6083299359375001 0.6391915765625 0.6467752531250001 0.68724561875 0.6484533359375 0.6885881578124999 0.6100080203125 0.6405341171875001 0.6083299359375001
1 0.7328482562499999 0.6283998171875 0.7317156578125 0.660833171875 0.77335694375 0.66228731875 0.7744895406250001 0.6298539625 0.7328482562499999 0.6283998171875
1 0.4693581640625 0 0.46831550625 0.029857829687499997 0.5179727390625 0.0315918984375 0.519063346875 0.000360934375 0.5087275390625 0 0.4693581640625 0
1 0.392394615625 0 0.389012546875 0.09684975625 0.467485546875 0.09959009375 0.4709633109375 0 0.392394615625 0
1 0.3984194484375 0.194596971875 0.39594485625 0.265460028125 0.44239570781250004 0.26708212656249997 0.4448703015625 0.196219071875 0.3984194484375 0.194596971875
0 0.2430470984375 0.14345590156250002 0.2375940515625 0.2996107171875 0.322479809375 0.30257499375 0.32793285625 0.1464201765625 0.2430470984375 0.14345590156250002
0 0.24063274843750002 0.304524446875 0.2373189328125 0.3994197296875 0.3334061953125 0.40277517031250004 0.3367200125 0.30787988906249997 0.24063274843750002 0.304524446875