1 1 0.48253960625000003 0.9995646062500001 0.47631318437500003 0.8820702640625001 0.4845291890625 0.8896722671875 0.5932428890625 1 0.585528021875 1 0.48253960625000003
1 0.41049848281249995 0.374531425 0.5435797625000001 0.365225475 0.533071240625 0.21494660781250002 0.3999899609375 0.2242525578125 0.41049848281249995 0.374531425
1 0.6449276562499999 0.4015045953125 0.71327638125 0.3967251859375 0.7074633421875001 0.3135948484375 0.6391146171875 0.31837425625 0.6449276562499999 0.4015045953125
1 0.2145250734375 0.4492901984375 0.3667938734375 0.4386425265625 0.3619864890625 0.36989373593749997 0.20971768906250002 0.3805414078125 0.2145250734375 0.4492901984375
1 0.0071499828125 0.619597896875 0.052710603125 0.6164119875 0.0496921828125 0.5732465609374999 0.0041315609375 0.57643246875 0.0071499828125 0.619597896875
1 0.06808576250000001 0.8707820203125 0.12084754843750001 0.8670925578125 0.11816483124999999 0.8287279062499999 0.06540304531249999 0.8324173703125 0.06808576250000001 0.8707820203125
1 0.22533237499999997 0.96581538125 0.2780941609375 0.9621259171875 0.2754114421875 0.9237612671875001 0.22264965625 0.9274507296875001 0.22533237499999997 0.96581538125
1 0.038762479687500004 0.7443111 0.015974375 0.7459045984375 0.0196627484375 0.7986507984375 0.042450853125 0.7970572984375 0.038762479687500004 0.7443111
1 0.591129034375 0.49362763750000005 0.6630627546875 0.488597540625 0.65803156875 0.41664823437500004 0.5860978484375 0.42167832968749996 0.591129034375 0.49362763750000005
0 0.054985417187499996 0.545570321875 0.2216409609375 0.53391663125 0.2126976 0.40602060624999997 0.046042056250000005 0.417674296875 0.054985417187499996 0.545570321875
0 0.08399400312500001 0.8054089046874999 0.317798078125 0.78905973125 0.302036021875 0.563651821875 0.068231946875 0.5800009953124999 0.08399400312500001 0.8054089046874999
0 0.2119687890625 0.8607207390625 0.3978118546875 0.8477253265625 0.3851801203125 0.667083103125 0.19933705468750001 0.680078515625 0.2119687890625 0.8607207390625
0 0.12951565 0.9050386687499999 0.27938406250000003 0.8945588484375 0.275248084375 0.8354116140625001 0.1253796734375 0.8458914343749999 0.12951565 0.9050386687499999