1 0.10457550625 0.9877108640625 0.2715869046875 0.9672044421875 0.259869675 0.8717752640624999 0.0928582765625 0.8922816859375 0.10457550625 0.9877108640625
1 0.1604420109375 0.8904378062499999 0.24871658437500002 0.8795990515625001 0.23973379687500002 0.8064401296874999 0.1514592234375 0.8172788843750001 0.1604420109375 0.8904378062499999
1 0.245614846875 0.8444651750000001 0.3517862671875 0.8314289640625001 0.3365526 0.7073606953125 0.23038117812499997 0.72039690625 0.245614846875 0.8444651750000001
1 0.225214821875 0.7178093234375 0.3803001578125 0.6987672390624999 0.36408899687499996 0.5667379218749999 0.20900366093749997 0.58578000625 0.225214821875 0.7178093234375
1 0.4057107703125 0.8958478062499999 0.4594013125 0.8892554359375 0.44865903749999997 0.8017666296874999 0.3949684953125 0.8083589984374999 0.4057107703125 0.8958478062499999
1 0.4862416578125 0.8811112156249999 0.591218921875 0.8682216281249999 0.5783286999999999 0.7632391953125001 0.47335143593750006 0.7761287828125 0.4862416578125 0.8811112156249999
1 0.4293989296875 0.9704335640625 0.514106540625 0.9600327765625 0.5023893109374999 0.8646035984375 0.4176817 0.8750043859375 0.4293989296875 0.9704335640625
1 0.5502057312499999 0.8102985453124999 0.6539888375 0.7975555828124999 0.6463720046875 0.7355214484375 0.542588896875 0.7482644109375001 0.5502057312499999 0.8102985453124999
0 0.796921078125 0.6992789859374999 0.9722915765625 0.6777461953125 0.9609628062500001 0.585480759375 0.7855923078125 0.6070135484375 0.796921078125 0.6992789859374999
1 1 0.4999713640625 0.9142191953125 0.5105039234375 0.9288663671874999 0.6297955640625 1 0.6210614515625 1 0.4999713640625
1 0.5465268703125 0.49429771406249995 0.61094931875 0.48638763125000006 0.6031369859375 0.4227612875 0.5387145375 0.4306713703125 0.5465268703125 0.49429771406249995
1 0.3781155234375 0.5133388234375 0.477137509375 0.501180453125 0.46756822812500004 0.4232449 0.368546240625 0.435403271875 0.3781155234375 0.5133388234375
1 0.664271725 0.2796083796875 0.715573953125 0.2733092578125 0.711278059375 0.23832200625 0.6599758296875 0.244621128125 0.664271725 0.2796083796875
1 0.631957353125 0.33202051718750003 0.6749004828125 0.3267477640625 0.6711885453125 0.2965164609375 0.628245415625 0.301789215625 0.631957353125 0.33202051718750003
0 0.7368711078125 0.1705939984375 0.90268835 0.1502342015625 0.8942895203125 0.081831228125 0.7284722796875001 0.10219102499999999 0.7368711078125 0.1705939984375
0 0.7875364078125 0.455018675 0.995102621875 0.4295327484375 0.9663922359375 0.19570541875 0.758826021875 0.2211913453125 0.7875364078125 0.455018675