0 0.2259915859375 0.4534367828125 0.363180075 0.4702814109375 0.3731403546875 0.3891614421875 0.235951865625 0.3723168140625 0.2259915859375 0.4534367828125
0 0.4350304359375 0.15133749218749998 0.5400077 0.16422707812499998 0.550554475 0.0783304796875 0.4455772109375 0.0654408921875 0.4350304359375 0.15133749218749998
0 0.373853428125 0.077634603125 0.4609338453125 0.0883267328125 0.46620723281250004 0.045378434375 0.3791268171875 0.0346863046875 0.373853428125 0.077634603125
0 0.219492234375 0.21045858750000002 0.34833713125 0.2262787515625 0.35907940625 0.1387899453125 0.230234509375 0.12296978125 0.219492234375 0.21045858750000002
0 0.324523390625 0.242717871875 0.42950065468750004 0.255607459375 0.43848344062500005 0.1824485375 0.3335061765625 0.16955895 0.324523390625 0.242717871875
1 0.4298750546875 0.8837413515625 0.506223565625 0.8931157703125001 0.51657484375 0.80881138125 0.44022633281249995 0.7994369625 0.4298750546875 0.8837413515625
1 0.780241003125 0.9396696 0.8422751375 0.947286434375 0.8539923671875 0.8518572578124999 0.7919582328125 0.8442404234374999 0.780241003125 0.9396696
1 0.798163896875 0.49785227968749995 0.905529475 0.511035115625 0.9111938609375001 0.464902396875 0.8038282828125001 0.45171956093750004 0.798163896875 0.49785227968749995
1 0.9452694921875 0.6015004359375 0.9906009359375 0.6070664375 0.997826771875 0.548216721875 0.9524953281249999 0.5426507203125001 0.9452694921875 0.6015004359375
1 0.535533859375 0.664210740625 0.615464840625 0.67402503125 0.6228861765625 0.61358310625 0.54295519375 0.603768815625 0.535533859375 0.664210740625
1 0.132307675 0.5162062093750001 0.23728493906249998 0.529095796875 0.24411977812500002 0.4734305 0.1391425140625 0.46054091250000007 0.132307675 0.5162062093750001
1 0.054342125 0.3128765109375 0.12471985156250001 0.3215178078125 0.12940674218749998 0.28334613750000004 0.0590290171875 0.274704840625 0.054342125 0.3128765109375
1 0.06347850625 0.4060385375 0.0086093140625 0.39930144843750004 0.0017744765624999998 0.45496674375 0.0566436671875 0.461703834375 0.06347850625 0.4060385375
1 0 0.5532539421875 0.0650135625 0.5612366046874999 0.0738033890625 0.4896492125 0 0.480587296875 0 0.5532539421875
1 0.0434203015625 0.41163577812499996 0.111425221875 0.41998573281249996 0.1178690625 0.3675048546875 0.0498641421875 0.3591549 0.0434203015625 0.41163577812499996
1 0.538141103125 0.307704471875 0.6180720843749999 0.3175187625 0.6233454734375 0.2745704640625 0.543414490625 0.2647561734375 0.538141103125 0.307704471875
1 0.4157822234375 0.4363767796875 0.4730397296875 0.4434071171875 0.47753112187499996 0.4068276578125 0.4202736171875 0.3997973203125 0.4157822234375 0.4363767796875
1 0.3899012484375 0.5090770796874999 0.459100325 0.5175736578125 0.466521659375 0.45713173281249997 0.3973225828125 0.44863515468750004 0.3899012484375 0.5090770796874999
1 0.5443633234374999 0.7896173765625 0.575380390625 0.7934257921875 0.58026278125 0.7536619124999999 0.5492457140625 0.7498534953125 0.5443633234374999 0.7896173765625