0 0.6923803328125 0.8050709015624999 0.6598941296875 0.9579064640625001 0.7649227296875 0.9802309812500001 0.79740893125 0.8273954187499999 0.6923803328125 0.8050709015624999
0 0.6509468734375 1 0.6931275140625 0.8015556828125 0.445452390625 0.7489107109375001 0.39447504218749996 0.988740275 0.44744788281250003 1 0.6509468734375 1
0 0.23839366874999998 0.690154953125 0.20540717968750002 0.8453441828124999 0.28691948125 0.8626701578124999 0.3199059703125 0.7074809265625001 0.23839366874999998 0.690154953125
0 0.2651435921875 0.8187213718749999 0.2366564421875 0.9527428765625 0.32130696406250003 0.9707359 0.3497941140625 0.8367143953125 0.2651435921875 0.8187213718749999
1 0.144160253125 0.339581540625 0.1299150546875 0.4065999359375 0.23494365312499998 0.42892445312499994 0.24918885156249998 0.361906059375 0.144160253125 0.339581540625
1 0.49059551875 0.498001015625 0.47535299374999995 0.5697114625 0.5521579578125 0.5860368609375 0.5674004828125 0.514326415625 0.49059551875 0.498001015625
1 0.235589371875 0.017409875 0.2173483703125 0.10322704375 0.2910151109375 0.11888539218750001 0.3092561140625 0.0330682234375 0.235589371875 0.017409875
1 0.1524549015625 0 0.133765046875 0.087928853125 0.2137082359375 0.104921303125 0.23600994687500002 0 0.1524549015625 0
1 0.4263121328125 0.199263875 0.40856816875 0.282742659375 0.46028772343749996 0.293735990625 0.47803168749999997 0.21025720625000002 0.4263121328125 0.199263875
1 0.661891690625 0.6941438718749999 0.6518956874999999 0.741171375 0.6848062781250001 0.7481667375 0.69480228125 0.701139234375 0.661891690625 0.6941438718749999
1 0.372150590625 0.5465610843750001 0.3574083515625 0.6159178625 0.40912790625 0.62691119375 0.42387014375 0.5575544156250001 0.372150590625 0.5465610843750001
1 0.307311228125 0.5278510515625 0.2950671796875 0.585454775 0.359339628125 0.59911630625 0.3715836765625 0.5415125828125 0.307311228125 0.5278510515625