1 0.48796712500000006 0.9133005796875 0.549226659375 0.9154398109375 0.554260184375 0.7712985031249999 0.49300065000000004 0.7691592734375 0.48796712500000006 0.9133005796875
1 0.3925001609375 0.961279309375 0.48018109062500003 0.9643411937499999 0.4843195890625 0.8458300984375 0.396638659375 0.8427682140625 0.3925001609375 0.961279309375
1 0.3869360859375 0.8792956000000001 0.459001534375 0.8818121812499999 0.4624689453125 0.7825185375 0.390403496875 0.78000195625 0.3869360859375 0.8792956000000001
1 0.27953720937500004 0.6141775968750001 0.386440796875 0.6179107515625 0.38856603125 0.557052015625 0.28166244375 0.553318859375 0.27953720937500004 0.6141775968750001
1 0.2440076109375 0.6674596734375 0.31847784218749997 0.67006023125 0.32099496875 0.5979791671875 0.2465247375 0.595378609375 0.2440076109375 0.6674596734375
1 0.2501359140625 0.7670884046875 0.3198121921875 0.7695215546874999 0.3223845765625 0.695858121875 0.25270829687499996 0.6934249734375 0.2501359140625 0.7670884046875
1 0.1446026625 0.8275359203124999 0.253911034375 0.8313530531250001 0.256539403125 0.75608643125 0.14723103125 0.7522692984375 0.1446026625 0.8275359203124999
1 0.044506275 0.9042143171875001 0.25831345 0.911680628125 0.26105378749999997 0.833207628125 0.0472466125 0.8257413171874999 0.044506275 0.9042143171875001
1 0.188381425 0.7103986703125 0.2784671390625 0.7135445328125 0.2807603265625 0.647876228125 0.1906746125 0.644730365625 0.188381425 0.7103986703125
1 0.16318205624999998 0.743205878125 0.2076237171875 0.7447578140625 0.2090778640625 0.7031165296874999 0.164636203125 0.7015645921875 0.16318205624999998 0.743205878125
1 0.5424562109375 0.5239337796875 0.662570496875 0.5281282640625 0.6664297984374999 0.4176122953125 0.5463155140625 0.4134178125 0.5424562109375 0.5239337796875
0 0.8089538109375001 0.74490026875 0.9446835765625 0.74964005625 0.9502202359374999 0.5910908671875 0.8144904703125 0.5863510796875 0.8089538109375001 0.74490026875
1 0.7295702484375 0.4695349953125 0.7704047328125 0.47096096718749997 0.77225004375 0.41811817656250005 0.731415559375 0.4166922046875 0.7295702484375 0.4695349953125
1 0.7399650171875 0.3095398859375 0.7892162468749999 0.3112597765625 0.7901112734375 0.28562956562499997 0.7408600437499999 0.283909675 0.7399650171875 0.3095398859375
1 0.6900626984375 0.36071491093749997 0.7585365859375 0.363106071875 0.7595995656250001 0.3326662921875 0.6911256781249999 0.33027513124999996 0.6900626984375 0.36071491093749997
1 0.8135406046875 0.1998637421875 0.86519661875 0.201667609375 0.86631485625 0.1696454609375 0.8146588421875001 0.16784159375000002 0.8135406046875 0.1998637421875
0 1 0.15666768281250001 0.8489178656249999 0.151391778125 0.8466806625000001 0.2154568953125 0.999228303125 0.22078397500000002 1 0.1986854671875 1 0.15666768281250001
0 1 0.276938865625 0.8459332187499999 0.271558734375 0.8380473859375 0.49737942031250004 1 0.50303493125 1 0.276938865625
1 0.42152361875000005 0.508474709375 0.5344391671875 0.51241780625 0.5379625609375001 0.411520975 0.42504701406249995 0.407577878125 0.42152361875000005 0.508474709375
1 0.6473821484375 0.618997303125 0.7290667328125 0.621849790625 0.7305768625 0.5786053171875001 0.648892278125 0.5757528296875 0.6473821484375 0.618997303125
1 0.5696317203125 0.8135273546875 0.652518696875 0.8164218312499999 0.6555949421875 0.7283296953125 0.572707965625 0.7254352171875 0.5696317203125 0.8135273546875