0 0.709412259375 0.7329326843749999 0.6784505171874999 0.8922170328125001 0.7791286562499999 0.91178688125 0.810090396875 0.7525025328125 0.709412259375 0.7329326843749999
0 0.6542206375 1 0.7055639453125 0.735861578125 0.471159553125 0.69029798125 0.413365296875 0.9876236515624999 0.47703608906249995 1 0.6542206375 1
0 0.303211790625 0.739690771875 0.276149709375 0.8789131140625001 0.35795197343749996 0.8948138640625001 0.38501405625 0.755591521875 0.303211790625 0.739690771875
0 0.26791155 0.6189636328125 0.23901591249999998 0.7676187999999999 0.311370015625 0.7816830125 0.340265653125 0.6330278453125 0.26791155 0.6189636328125
0 0.1471254859375 0.8624128515624999 0.13290723437500002 0.9355594140625 0.239884146875 0.95635361875 0.25410239843750004 0.8832070562500001 0.1471254859375 0.8624128515624999
1 0.49822267968749995 0.43353344375 0.4846931296875 0.5031369453125001 0.5586219265625 0.5175072484375 0.5721514765625 0.4479037453125 0.49822267968749995 0.43353344375
1 0.1583950625 0.258514753125 0.1437176765625 0.33402335625 0.2506945890625 0.35481756249999996 0.265371975 0.279308959375 0.1583950625 0.258514753125
1 0.2217081609375 0 0.2163934375 0.02734188125 0.288747540625 0.04140609375 0.29679606875000003 0 0.2217081609375 0
1 0.171092946875 0.1679136515625 0.1568746953125 0.2410602140625 0.2276745546875 0.2548223140625 0.24189280625 0.18167575 0.171092946875 0.1679136515625
1 0.094868478125 0.1653535515625 0.08065022656250001 0.2385001140625 0.1860524453125 0.2589882296875 0.20027069687500001 0.1858416671875 0.094868478125 0.1653535515625
1 0.4206308765625 0.13562194375 0.40389036875000006 0.221744390625 0.46209268124999997 0.23305777499999997 0.4788331890625 0.1469353265625 0.4206308765625 0.13562194375
1 0.3829389515625 0.47234306249999997 0.3689502671875 0.54430860625 0.4208538046875 0.55439763125 0.4348424890625 0.48243208906249996 0.3829389515625 0.47234306249999997
1 0.6726833796875 0.6278532546875 0.663509640625 0.6750480484375 0.6965373046875001 0.6814679765625 0.70571104375 0.63427318125 0.6726833796875 0.6278532546875