0 0.2245849046875 0.6129824609375001 0.400388196875 0.647155159375 0.42821450937499994 0.5040011953125 0.252411215625 0.46982849687500006 0.2245849046875 0.6129824609375001
1 0.064467271875 0.3532948 0.12936203125 0.3659090640625 0.1437323328125 0.291980265625 0.0788375734375 0.279366003125 0.064467271875 0.3532948
1 0.05872888750000001 0.1497624859375 0.118899565625 0.16145848125 0.1280742984375 0.11425857343750001 0.0679036203125 0.1025625796875 0.05872888750000001 0.1497624859375
1 0.11693799687499999 0.4549239 0.17003789375 0.46524547343749995 0.17707 0.42906842031250003 0.1239701046875 0.41874684687499997 0.11693799687499999 0.4549239
1 0.2866087328125 0.07975995 0.3432363515625 0.09076724375 0.35608018124999996 0.024691464062499998 0.2994525640625 0.013684170312499999 0.2866087328125 0.07975995
1 0.611024190625 0.23750752031250003 0.6534949046875 0.245762990625 0.6675591171875 0.1734088875 0.625088403125 0.1651534171875 0.611024190625 0.23750752031250003
1 0.5911419015625 0.1634468484375 0.6477695203125 0.1744541421875 0.6667271890625 0.0769253921875 0.6100995703125001 0.06591809843749999 0.5911419015625 0.1634468484375
1 0.13379934843750002 0.0974165296875 0.20694591093749998 0.11163478125 0.2188714734375 0.05028308124999999 0.145724909375 0.0360648296875 0.13379934843750002 0.0974165296875
1 0.8695405765625001 0.26816894375 0.9131923109375 0.27665398125 0.93031741875 0.18855294218750002 0.886665684375 0.1800679046875 0.8695405765625001 0.26816894375
1 0.7305136625 0.5676541609375 0.77180335625 0.5756800640625 0.7788354625 0.5395030140625 0.73754576875 0.531477109375 0.7305136625 0.5676541609375
1 0.7113662859375001 0.6472017671875 0.7892369296874999 0.6623382859375 0.7971873046875 0.621437153125 0.719316659375 0.6063006343749999 0.7113662859375001 0.6472017671875
1 0.7133915640625 0.6998365062499999 0.7865381265625 0.7140547578125 0.7935702328125 0.67787770625 0.7204236703125 0.6636594546875 0.7133915640625 0.6998365062499999
1 1 0.5269942078125001 0.9520503171874999 0.5176737328125001 0.937680015625 0.5916025312500001 0.989591221875 0.601693046875 1 0.5481445218750001 1 0.5269942078125001
1 0.638619859375 0.838757171875 0.690538734375 0.8488491796875 0.6972647515625 0.8142468203125001 0.6453458765625 0.8041548140625 0.638619859375 0.838757171875
1 0.7017351046875 0.94245535625 0.7371350359375 0.9493364062499999 0.7432488734375 0.9178834359374999 0.70784894375 0.9110023859374999 0.7017351046875 0.94245535625
1 0.186036384375 0.5908135 0.2131691734375 0.5960875796875 0.21867480625 0.567763546875 0.19154201875000001 0.5624894671875 0.186036384375 0.5908135
1 0.1487268734375 0.6064081109374999 0.19001656718749999 0.614434015625 0.196742584375 0.57983165625 0.155452890625 0.571805753125 0.1487268734375 0.6064081109374999
1 0.15818401875000002 0.38132725 0.207740853125 0.39096012343750003 0.2135525765625 0.36106139375 0.1639957421875 0.351428521875 0.15818401875000002 0.38132725
1 0.8108723843750001 0.5636852421875 0.8922860890625 0.5795104624999999 0.9039055625 0.51973345625 0.8224918578124999 0.5039082359375 0.8108723843750001 0.5636852421875
1 0.8652316750000001 0.6934308578125 0.89708854375 0.69962320625 0.9016759109375 0.676023253125 0.8698190406249999 0.6698309046875 0.8652316750000001 0.6934308578125
1 0.6086361765625 0.5521239234374999 0.640493046875 0.558316271875 0.6466068843749999 0.5268633 0.614750015625 0.5206709515625 0.6086361765625 0.5521239234374999
1 0.799787775 0.8537643515625 0.84107746875 0.8617902546874999 0.8496400218750001 0.8177397359375 0.8083503296875 0.8097138312500001 0.799787775 0.8537643515625
1 0.91977835 0.7530169515625 0.9587060031249999 0.760583721875 0.9648198406249999 0.7291307515625001 0.9258921875 0.7215639828125 0.91977835 0.7530169515625
1 0.9199350609374999 0.682851465625 0.970672915625 0.6927139062500001 0.9795415578125001 0.64708869375 0.9288037031249999 0.6372262531249999 0.9199350609374999 0.682851465625
1 0.19111823125 0.7599320125 0.2347699640625 0.7684170499999999 0.243026428125 0.7259412249999999 0.19937469531250002 0.7174561875000001 0.19111823125 0.7599320125