0 0.1707231625 0.6632338078125 0.1462802765625 0.8175601109375 0.2380941390625 0.8321019984375001 0.2625370234375 0.6777756953125 0.1707231625 0.6632338078125
0 0.17403542656249998 0.8268364937499999 0.1542941296875 0.9514781328125 0.2935787640625 0.9735386515625001 0.31332005937499996 0.8488970124999999 0.17403542656249998 0.8268364937499999
0 0.3581540609375 0.6272204515625 0.312089 0.9180638015625 0.4893584796875 0.9461405296875001 0.5354235421875 0.655297178125 0.3581540609375 0.6272204515625
0 0.5835028421875 0.7821616 0.553794959375 0.9697297890625001 0.6725027515625001 0.9885312562499999 0.702210634375 0.8009630671875 0.5835028421875 0.7821616
1 0.716971584375 0.5745234031249999 0.7077590609375 0.6326889859375 0.752081575 0.6397089828125 0.7612940984375001 0.5815433999999999 0.716971584375 0.5745234031249999
1 0.66895296875 0.549888021875 0.6574843671874999 0.6222979234375 0.7318696453125 0.63407939375 0.7433382468749999 0.5616694921875001 0.66895296875 0.549888021875
1 0.58778764375 0.4579259484375 0.5778222796875 0.5208447828125 0.669636140625 0.5353866703125 0.6796015046874999 0.47246783593749997 0.58778764375 0.4579259484375
1 0.783314278125 0.17616125 0.7697778078125 0.26162715625 0.8552540015625001 0.27516525625 0.8687904718749999 0.18969935 0.783314278125 0.17616125
1 0.842426296875 0.1307556390625 0.83509343125 0.17705352968750002 0.909478709375 0.188835 0.916811575 0.142537109375 0.842426296875 0.1307556390625
1 1 0.3613619296875 0.9958536203125 0.36070520781250004 0.9761111015624999 0.4853545640625 1 0.48913819375 1 0.3613619296875
1 0.9043094500000001 0.47763666562499996 0.895473346875 0.5334256234375 0.9714430421875001 0.5454580421874999 0.9802791453124999 0.4896690828125 0.9043094500000001 0.47763666562499996
1 0.76479280625 1 0.771452203125 0.95795421875 0.730298521875 0.9514361156250001 0.722606759375 1 0.76479280625 1
1 0.11437648281249999 0.732197996875 0.10723182656250001 0.777307575 0.14363225625 0.7830728359375 0.1507769125 0.7379632578125 0.11437648281249999 0.732197996875
1 0.27249994375000003 0.61487229375 0.26309920937500003 0.674226190625 0.30108405781249997 0.6802423984375 0.31048479218749997 0.620888503125 0.27249994375000003 0.61487229375
1 0.34182243125 0.5869036296875 0.335618828125 0.6260716453125 0.3846945921875 0.6338444828124999 0.39089819531250003 0.5946764671875 0.34182243125 0.5869036296875
1 0.4481318234375 0.48934864375 0.43722540781249997 0.558209040625 0.5052935953125 0.56898998125 0.5162000109375 0.5001295859375 0.4481318234375 0.48934864375
1 1 0.0912156703125 0.9616032406249999 0.0851342203125 0.9522025078125 0.144488115625 1 0.15205849531249999 1 0.0912156703125