0 0.7334883796875 0.7068671156249999 0.564846234375 0.6679330078125 0.541413834375 0.7694298890625 0.710055978125 0.8083639953124999 0.7334883796875 0.7068671156249999
0 0.792075325 0.4210435875 0.5028092125 0.35426124375 0.4469323078125 0.5962907078125 0.7361984203125 0.663073053125 0.792075325 0.4210435875
0 0.9030643125 0.3677168328125 0.6992839484375 0.3206704296875 0.626821590625 0.6345393859375 0.8306019546875 0.681585790625 0.9030643125 0.3677168328125
0 1 0.1022820421875 0.983718134375 0.0985230765625 0.947669728125 0.2546658796875 1 0.266747275 1 0.1022820421875
1 0.9582199140625001 0.192957575 0.9802088796874999 0.0977129015625 0.8232744015625 0.06148172187499999 0.8012854359375 0.156726396875 0.9582199140625001 0.192957575
1 0.31939346875 0 0.3101481890625 0.040045703125 0.3815816953125 0.056537428125 0.39463438906250004 0 0.31939346875 0
1 0.41922375624999997 0.09648729375000001 0.3466179625 0.07972492656249999 0.3192207984375 0.19839508125 0.3918265921875 0.2151574484375 0.41922375624999997 0.09648729375000001
1 1 0.411477534375 0.9979310484375 0.41099987968749996 0.9871146515625 0.4578508421875 1 0.46082565937500003 1 0.411477534375
1 0.910427771875 0.6243571765625 0.85070193125 0.6105683796875 0.83628163125 0.6730295609375 0.8960074718750001 0.6868183578125 0.910427771875 0.6243571765625
1 0.5802381390625 0.809642009375 0.5252014546875 0.7969357890625 0.5046512390625 0.8859485546875 0.5596879234375 0.898654775 0.5802381390625 0.809642009375
1 0.9286291375 0.5989675250000001 0.9871826890625 0.612485678125 0.9983599453125 0.5640716640625 0.93980639375 0.5505535125 0.9286291375 0.5989675250000001
1 0.4697157140625 0.6525344671875 0.379540809375 0.63171595 0.36403793281249996 0.6988662875 0.45421283749999997 0.7196848046875 0.4697157140625 0.6525344671875