0 0.558016090625 0.3881753625 0.252920809375 0.3775212 0.2453701578125 0.5937435703125 0.5504654390625 0.60439773125 0.558016090625 0.3881753625
0 0.630369259375 0.4516245203125 0.390125075 0.4432350078125 0.3798340859375 0.737930378125 0.6200782703125001 0.7463198890625 0.630369259375 0.4516245203125
0 0.56629380625 0.2200806015625 0.401737859375 0.21433418125 0.3986056296875 0.30402950781250004 0.563161575 0.309775928125 0.56629380625 0.2200806015625
1 0.55976083125 0.8548747203125 0.40360601406249996 0.8494216734375 0.39941153125 0.969535959375 0.555566346875 0.9749890046875 0.55976083125 0.8548747203125
1 0 0.8625836281250001 0.0783374265625 0.86531923125 0.0837628453125 0.7099556 0 0.7070305359375 0 0.8625836281250001
1 0 0.9828339640625 0.0164909484375 0.983409840625 0.020070328125000002 0.88090981875 0 0.880208946875 0 0.9828339640625
1 0.9353314453125 0.7076318328125 0.8464481234375001 0.7045279578125 0.8419737171874999 0.8326581890625 0.9308570390625001 0.8357620640625001 0.9353314453125 0.7076318328125
1 0.7398930078125 0.6558941953125 0.69785613125 0.654426234375 0.6955069578125 0.7216977296875 0.737543834375 0.7231656890625 0.7398930078125 0.6558941953125
1 0.920306290625 1 0.9217973671875 0.9573011734374999 0.8232949078124999 0.9538613921874999 0.8216837124999999 1 0.920306290625 1
1 0.9651646015625 0.8176983765625 0.9891812124999999 0.8185370546874999 0.99343168125 0.69681958125 0.9694150703125001 0.6959809031249999 0.9651646015625 0.8176983765625
1 0.691544640625 0.4216996125 0.648305371875 0.42018966406249997 0.6469631953125 0.4586245703125 0.6902024640625 0.46013451875 0.691544640625 0.4216996125
1 0.6853329015625 0.358934175 0.6649078515625 0.35822091562499997 0.664012825 0.383851128125 0.684437875 0.3845643859375 0.6853329015625 0.358934175
1 0.45570670468749996 0.11520936562499999 0.40525308281249994 0.11344748593750001 0.403630984375 0.1598983390625 0.4540846046875 0.16166021875 0.45570670468749996 0.11520936562499999
1 0.4598651828125 0.16827223593750001 0.4286342203125 0.1671816265625 0.428019115625 0.1847958890625 0.4592500796875 0.1858864984375 0.4598651828125 0.16827223593750001
1 0.29837728281250003 0.28128856875 0.2190974828125 0.27852005625 0.21803450156249998 0.3089598375 0.29731430312499996 0.3117283484375 0.29837728281250003 0.28128856875
1 0.24421233281250002 0.213659125 0.2129813703125 0.21256851562499998 0.211974375 0.2414051046875 0.2432053375 0.2424957140625 0.24421233281250002 0.213659125
1 0.7511620765625 0.4366122328125 0.7067204171875 0.435060296875 0.7049863484375 0.484717528125 0.7494280078125 0.48626946562500006 0.7511620765625 0.4366122328125
1 0.7842308890624999 0.522745871875 0.7229713546875 0.520606640625 0.7214052390625 0.5654543046875 0.7826647734375001 0.567593534375 0.7842308890624999 0.522745871875
1 0.5945119531249999 0.307670840625 0.5728845109375 0.30691559375 0.5718775140625 0.335752184375 0.59350495625 0.33650743125 0.5945119531249999 0.307670840625
1 0.619646575 1 0.6212239234375 0.9548306421874999 0.583981 0.953530090625 0.582358234375 1 0.619646575 1