0 0.26715927968750003 0.3238103375 0.295336409375 0.4836107828125 0.418437378125 0.46190476093750005 0.3902602484375 0.302104315625 0.26715927968750003 0.3238103375
1 0.4214377390625 0.1098794484375 0.4316639890625 0.1678753921875 0.4932144734375 0.15702238125 0.482988225 0.0990264375 0.4214377390625 0.1098794484375
1 0.802122875 0.18309745156249999 0.8169426625 0.2671446375 0.9163672109375 0.2496134078125 0.9015474234375 0.16556622031249998 0.802122875 0.18309745156249999
1 0.7824477046875 0.1084661296875 0.7966407296875 0.188958775 0.881867634375 0.173930971875 0.867674609375 0.0934383265625 0.7824477046875 0.1084661296875
1 0.8955558703125 0.159300515625 0.9460683015625 0.15039381093749998 0.9331288000000001 0.0770102453125 0.8826163687499999 0.08591695 0.8955558703125 0.159300515625
1 0.6461969562500001 0.055596045312499995 0.6570499671875 0.11714652968749999 0.7044028078125 0.108796946875 0.693549796875 0.0472464625 0.6461969562500001 0.055596045312499995
1 0.5748984203124999 0.0388791890625 0.583038178125 0.08504205312499999 0.61303378125 0.07975301875 0.6048940234375 0.0335901546875 0.5748984203124999 0.0388791890625
1 0.2800327859375 0.286143253125 0.282954959375 0.302715721875 0.301891990625 0.29937661250000003 0.29896981875 0.28280414375 0.2800327859375 0.286143253125
1 0.6817896375 0.4789248828125 0.6867983015625 0.50733043125 0.7341511406250001 0.49898084843749996 0.7291424765625 0.4705753 0.6817896375 0.4789248828125
1 0.7315158375 0.428667115625 0.7419510078125 0.48784790625 0.8082408796875 0.4761592125 0.7978057093750001 0.416978421875 0.7315158375 0.428667115625
1 0.80085161875 0.720331559375 0.8073227265625 0.757031034375 0.8309991468750001 0.7528562437499999 0.8245280390625 0.7161567671875 0.80085161875 0.720331559375
1 0.48740541875 0.779257703125 0.5013895234375 0.8585655031250001 0.5487423625 0.85021591875 0.5347582578125001 0.7709081203125 0.48740541875 0.779257703125
1 0.46468138437500006 0.714929525 0.4719854609375 0.7563530015625 0.5035403421875 0.750789025 0.49623626718749997 0.7093655484375 0.46468138437500006 0.714929525
1 0.3640135 0.181025684375 0.37236217968749996 0.22837339375000001 0.4007779875 0.2233629203125 0.39242930781249996 0.17601520937499998 0.3640135 0.181025684375
1 0.5225948265625 0.8865664499999999 0.5422143562499999 0.9978343390625 0.5942860671875 0.9886526906249999 0.5746665359375001 0.8773848031249999 0.5225948265625 0.8865664499999999
1 0.6975891921875 0.1624753 0.706773553125 0.21456239843749997 0.7635846500000001 0.20454506874999998 0.7544002890625 0.15245797187500001 0.6975891921875 0.1624753
1 0.21572607968750002 0.7612625000000001 0.22491044062499999 0.813349596875 0.25804511875 0.807507059375 0.248860759375 0.7554199625 0.21572607968750002 0.7612625000000001
1 0.25887482500000003 0.895234828125 0.2670145828125 0.9413976906249999 0.30014925937500003 0.935555153125 0.2920095015625 0.8893922906249999 0.25887482500000003 0.895234828125
1 0.15396205624999998 0.8539267374999999 0.1610572125 0.8941653671875001 0.1973514796875 0.8877657093750001 0.190256325 0.8475270796875 0.15396205624999998 0.8539267374999999
1 0.1385734515625 0.3513622953125 0.1452534796875 0.38924661875 0.1752490828125 0.383957584375 0.1685690546875 0.3460732609375 0.1385734515625 0.3513622953125
1 0.17141035468750002 0.3345929640625 0.1776725421875 0.37010759375 0.2013489625 0.36593280156249997 0.195086775 0.330418171875 0.17141035468750002 0.3345929640625
1 0.25651518906250004 0.26344470000000003 0.26298629687499997 0.30014417656250003 0.283503125 0.29652650625 0.2770320171875 0.2598270296875 0.25651518906250004 0.26344470000000003
1 0.7279759015625 0.556219628125 0.7342380890625 0.5917342578125 0.775271746875 0.584498915625 0.7690095593749999 0.5489842859375 0.7279759015625 0.556219628125
1 0.40667721874999996 0.89358318125 0.4114769640625 0.9208038828125 0.44303184531250006 0.9152399062500001 0.43823210156250003 0.8880192046875001 0.40667721874999996 0.89358318125
1 0.40530888750000005 1 0.4248240484375 0.99655895 0.4168932109375 0.951580934375 0.39163699531249996 0.9560342859375 0.3993893359375 1 0.40530888750000005 1
1 0.4089818703125 0.7406089609375 0.4200438015625 0.8033442921875 0.4468798140625 0.7986123796875 0.43581788125000004 0.7358770484375 0.4089818703125 0.7406089609375
1 0.9034735953125 0.6656256468749999 0.920170953125 0.7603210671875 0.961204609375 0.7530857265625001 0.9445072515625 0.6583903046875 0.9034735953125 0.6656256468749999