1 0.3791502015625 0.8244741359375001 0.2006234359375 0.7993838359375001 0.178097690625 0.9596628468749999 0.35662445468750004 0.9847531484375001 0.3791502015625 0.8244741359375001
1 0 0.7825170531250001 0.047891478125 0.7892477609374999 0.059489235937499996 0.706725421875 0 0.6983647546875 0 0.7825170531250001
1 0.5628049828125 0.7353856890625 0.42116570312499996 0.7154795859374999 0.4086749171875 0.8043561453124999 0.5503141968749999 0.8242622484375 0.5628049828125 0.7353856890625
1 0.9127919468749999 0.6114192765625 0.8437516953124999 0.601716303125 0.8290312390624999 0.7064577812499999 0.8980714921875 0.7161607562500001 0.9127919468749999 0.6114192765625
1 0.849796528125 0.7401338156249999 0.7676661703125001 0.728591146875 0.7571846953125 0.8031707109375 0.8393150531250001 0.8147133796875 0.849796528125 0.7401338156249999
1 0.8730748046875 0.816218140625 0.7873856703125 0.8041753187499999 0.7755646546875 0.8882862125000001 0.8612537890624999 0.9003290343750001 0.8730748046875 0.816218140625
1 0.7479342515625 0.549413753125 0.7050896843750001 0.5433923421875 0.6957215953125 0.6100497609375 0.7385661625 0.616071171875 0.7479342515625 0.549413753125
1 0.719507959375 0.380343446875 0.6707063109375 0.373484821875 0.6640144046875001 0.4211002125 0.712816053125 0.4279588375 0.719507959375 0.380343446875
1 0.36139292031250003 0.21674466875 0.2566566 0.20202493906250002 0.249297821875 0.2543853625 0.35403414375 0.2691050921875 0.36139292031250003 0.21674466875
0 0.6265030953124999 0.2216363953125 0.45630077187499996 0.19771601875 0.44537278281250003 0.27547269375 0.6155751078125 0.2993930703125 0.6265030953124999 0.2216363953125
0 0.5457418203125 0.3300243390625 0.3088820765625 0.29673587343749996 0.27988768125 0.5030417203125 0.5167474249999999 0.5363301875 0.5457418203125 0.3300243390625
0 0.648401434375 0.35093193437500003 0.443678984375 0.3221600703125 0.40754616875 0.5792584187500001 0.61226861875 0.6080302828125 0.648401434375 0.35093193437500003
0 0.7382895796875 0.739010365625 0.55737998125 0.7135851796875 0.5312850250000001 0.8992604421875001 0.7121946234375 0.924685628125 0.7382895796875 0.739010365625