1 0.31009375 0.2900625 0.23918750000000003 0.2900625 0.23918750000000003 0.3381458328125 0.31009375 0.3381458328125 0.31009375 0.2900625
1 0.0973515625 1 0.0973515625 0.8605833328125 0.0072109375 0.8605833328125 0.0072109375 1 0.0973515625 1
1 0.8040859375 0.767625 0.7584140625 0.767625 0.7584140625 0.8205 0.8040859375 0.8205 0.8040859375 0.767625
1 1 0.8349375 0.9735625000000001 0.8349375 0.9735625000000001 0.9423125000000001 1 0.9423125000000001 1 0.8349375
1 0.8401406250000001 0.5641041671875 0.770421875 0.5641041671875 0.770421875 0.6153958328125 0.8401406250000001 0.6153958328125 0.8401406250000001 0.5641041671875
1 0.740375 0.45671875 0.68509375 0.45671875 0.68509375 0.5031979171875001 0.740375 0.5031979171875001 0.740375 0.45671875
1 0.8052890625 0.4695520828125 0.7704296875 0.4695520828125 0.7704296875 0.5368645828124999 0.8052890625 0.5368645828124999 0.8052890625 0.4695520828125
1 0.74159375 0.3878125 0.71034375 0.3878125 0.71034375 0.4182708328125 0.74159375 0.4182708328125 0.74159375 0.3878125
1 0.6923125 0.35415625 0.671875 0.35415625 0.671875 0.37659375 0.6923125 0.37659375 0.6923125 0.35415625
1 0.6273984375 0.32371875 0.5973515625 0.32371875 0.5973515625 0.34615625 0.6273984375 0.34615625 0.6273984375 0.32371875
1 0.47596875 0.1362083328125 0.4266875 0.1362083328125 0.4266875 0.1666666671875 0.47596875 0.1666666671875 0.47596875 0.1362083328125
1 0.4891875 0.1714791671875 0.4375 0.1714791671875 0.4375 0.1955208328125 0.4891875 0.1955208328125 0.4891875 0.1714791671875
1 0.334125 0.2019270828125 0.29446875 0.2019270828125 0.29446875 0.22115625 0.334125 0.22115625 0.334125 0.2019270828125
1 0.24879687499999997 0.22917708281250002 0.209140625 0.22917708281250002 0.209140625 0.26603125 0.24879687499999997 0.26603125 0.24879687499999997 0.22917708281250002
0 0.62259375 0.2516145828125 0.4170625 0.2516145828125 0.4170625 0.3269270828125 0.62259375 0.3269270828125 0.62259375 0.2516145828125
0 0.590140625 0.4343020828125 0.228359375 0.4343020828125 0.228359375 0.6826979171875001 0.590140625 0.6826979171875001 0.590140625 0.4343020828125
0 0.66946875 0.48236458281249994 0.421875 0.48236458281249994 0.421875 0.8445520828124999 0.66946875 0.8445520828124999 0.66946875 0.48236458281249994