0 0.3409768703125 0.2169190484375 0.47311507500000005 0.21230468125000002 0.4694797109375 0.1082014703125 0.3373415046875 0.11281583749999999 0.3409768703125 0.2169190484375
0 0.24524217343750002 0.12724718125 0.346149415625 0.12372342343750001 0.3445833 0.07887575937499999 0.24367605781249999 0.08239951875 0.24524217343750002 0.12724718125
0 0.067044759375 0.396463515625 0.2496209703125 0.39008781406250004 0.2445314609375 0.24434331718750002 0.0619552484375 0.25071901875 0.067044759375 0.396463515625
0 0.23891921875 0.393671815625 0.3470251984375 0.389896671875 0.34411690781250004 0.306614103125 0.23601092812500002 0.31038924687499997 0.23891921875 0.393671815625
0 0.246505503125 0.7141126796874999 0.007463709375 0.722460203125 0.013951379687500001 0.9082427921875 0.2529931734375 0.8998952687499999 0.246505503125 0.7141126796874999
0 0.213932371875 0.7457166328125 0.30281569375 0.742612759375 0.3007464453125 0.6833572125 0.2118631234375 0.6864610859375 0.213932371875 0.7457166328125
1 0.35983295000000004 0.75666269375 0.44991866406250003 0.75351683125 0.44673045 0.6622183171875 0.3566447359375 0.6653641796875001 0.35983295000000004 0.75666269375
1 0.301081634375 0.761903778125 0.35514243125 0.7600159343749999 0.35290522812499997 0.69595081875 0.29884443125 0.6978386624999999 0.301081634375 0.761903778125
1 0.37170930625 0.9246109421875 0.481017678125 0.920793809375 0.47643130312500004 0.7894571984375001 0.36712293125 0.7932743296875 0.37170930625 0.9246109421875
1 0.413549678125 0.814093828125 0.5144569203125 0.81057006875 0.51244365625 0.7529177109375 0.4115364140625 0.7564414687500001 0.413549678125 0.814093828125
1 0.5095349734375 0.46277997812500005 0.627244475 0.45866947187499996 0.6241682296875 0.3705773328125 0.5064587281249999 0.3746878390625 0.5095349734375 0.46277997812500005
1 0.7362936390625 0.3442314984375 0.8131686546875001 0.3415469640625 0.8107075140625 0.2710690890625 0.7338324968750001 0.2737536234375 0.7362936390625 0.3442314984375
1 1 0.636477140625 0.9269870750000001 0.6390268078125 0.9309023625 0.7511459656249999 1 0.7487330234375 1 0.636477140625
1 0.5504265890625 0.8766779328125001 0.664544528125 0.8726928453125 0.662027403125 0.8006117828124999 0.5479094625 0.80459686875 0.5504265890625 0.8766779328125001
1 0.6337353625000001 0.0591579046875 0.6553628046875 0.0584026578125 0.6540766140625001 0.021570940625 0.632449171875 0.0223261875 0.6337353625000001 0.0591579046875
1 0.11777014999999999 0.540603946875 0.18143446875 0.538380740625 0.17908529687500002 0.4711092453125 0.115420978125 0.47333245156250003 0.11777014999999999 0.540603946875