0 0.467994925 0.6197596812499999 0.4015216578125 0.9324918109375 0.61314796875 0.9774743703125001 0.679621234375 0.6647422421875 0.467994925 0.6197596812499999
0 0.7186758734375001 0.689025621875 0.6891881484375 0.8277544609374999 0.769131334375 0.8447469109375 0.7986190609375 0.7060180703125 0.7186758734375001 0.689025621875
1 0.28025019375000004 0.6474475921875 0.25226333125 0.7791154296875 0.343190303125 0.7984425546875 0.37117716562499997 0.6667747171875 0.28025019375000004 0.6474475921875
1 0.0817233796875 0.749008075 0.0464888453125 0.914773525 0.21108255625 0.9497589984375001 0.24631709062499998 0.7839935484375 0.0817233796875 0.749008075
0 0.2353734921875 0.5039581765625 0.19913838281250001 0.6744309625 0.26968727812500004 0.68942659375 0.3059223875 0.51895380625 0.2353734921875 0.5039581765625
1 0.1133063328125 0.160982584375 0.09956142031250001 0.22564731093749998 0.21086646718750002 0.249305928125 0.224611378125 0.1846412015625 0.1133063328125 0.160982584375
1 0.13638544531250002 0.060219715625 0.1198922 0.13781433125 0.19198983125 0.15313915625000002 0.20848307500000002 0.075544540625 0.13638544531250002 0.060219715625
1 0.15821140625000002 0.026776779687500002 0.0923902234375 0.01278605625 0.06665140625 0.133877671875 0.13247258906249998 0.147868396875 0.15821140625000002 0.026776779687500002
1 0.35503775625 0.3880869609375 0.3437910328125 0.4409986328125 0.384547184375 0.4496616203125 0.39579390625 0.3967499484375 0.35503775625 0.3880869609375
1 0.2936837203125 0.35292965625 0.280939384375 0.412887046875 0.34991916875 0.427549153125 0.36266350625 0.3675917625 0.2936837203125 0.35292965625
1 0.4684846828125 0.36304064375 0.45423948437500006 0.4300590390625 0.5435973421875 0.4490526375 0.557842540625 0.38203424375 0.4684846828125 0.36304064375
1 0.398482790625 0.0372978578125 0.37999164375 0.1242918609375 0.434849421875 0.135952240625 0.45334056718750004 0.0489582390625 0.398482790625 0.0372978578125
1 0.334303734375 0 0.33099367968750004 0.015572584375 0.40779864374999997 0.031897982812499996 0.41457876875000005 0 0.334303734375 0
1 0.66330409375 0.56419949375 0.6525576578125001 0.614757496875 0.672935734375 0.619088990625 0.6836821703125 0.5685309875 0.66330409375 0.56419949375
1 0.5865103015625001 0.49381222343750003 0.577514871875 0.536132390625 0.6292344265625001 0.5471257203125 0.63822985625 0.504805553125 0.5865103015625001 0.49381222343750003
1 0.6706970015625 0.9147484640625001 0.6557046203125 0.9852820765624999 0.6917534328125 0.9929444875 0.7067458156249999 0.922410875 0.6706970015625 0.9147484640625001
1 0.8195037875000001 0.792787621875 0.8105083578125001 0.8351077890624999 0.8418498375000001 0.8417696265625001 0.8508452671875 0.799449459375 0.8195037875000001 0.792787621875
1 0.74286375625 0.6523867296875 0.7341184703125 0.6935300625 0.7701672859375 0.701192475 0.7789125718750001 0.6600491421875 0.74286375625 0.6523867296875
1 0.1644043703125 0.49870526406250004 0.151660034375 0.55866265625 0.20808692343750002 0.5706565609375 0.2208312609375 0.5106991703125 0.1644043703125 0.49870526406250004