1 0.75240625 0.1025625 0.71034375 0.1025625 0.71034375 0.1538541671875 0.75240625 0.1538541671875 0.75240625 0.1025625
1 0.7656328125 0.2227604171875 0.7127421875 0.2227604171875 0.7127421875 0.2772395828125 0.7656328125 0.2772395828125 0.7656328125 0.2227604171875
1 0.663453125 0.22917708281250002 0.621390625 0.22917708281250002 0.621390625 0.2628229171875 0.663453125 0.2628229171875 0.663453125 0.22917708281250002
1 0.6045625 0.24359375 0.552875 0.24359375 0.552875 0.2692395828125 0.6045625 0.2692395828125 0.6045625 0.24359375
1 0.9831796875000001 0.3830104171875 0.9218828125 0.3830104171875 0.9218828125 0.42628125 0.9831796875000001 0.42628125 0.9831796875000001 0.3830104171875
1 1 0.44710416718749996 0.9242812499999999 0.44710416718749996 0.9242812499999999 0.5192291671875 1 0.5192291671875 1 0.44710416718749996
1 1 0.5256458328125 0.9675546875000001 0.5256458328125 0.9675546875000001 0.5849375 1 0.5849375 1 0.5256458328125
1 0.8125078125 0.4679479171875 0.7439921875 0.4679479171875 0.7439921875 0.5256354171875001 0.8125078125 0.5256354171875001 0.8125078125 0.4679479171875
1 0.8088906250000001 0.5432812499999999 0.754796875 0.5432812499999999 0.754796875 0.5801354171875001 0.8088906250000001 0.5801354171875001 0.8088906250000001 0.5432812499999999
1 0.9999921875 0.7275625 0.9435078125 0.7275625 0.9435078125 0.7996875 0.9999921875 0.7996875 0.9999921875 0.7275625
1 0.9903906250000001 0.8974270828125 0.8497656250000001 0.8974270828125 0.8497656250000001 0.9887812500000001 0.9903906250000001 0.9887812500000001 0.9903906250000001 0.8974270828125
1 0.41946874999999995 0.3814166671875 0.33053125 0.3814166671875 0.33053125 0.4407083328125 0.41946874999999995 0.4407083328125 0.41946874999999995 0.3814166671875
1 0.23678125 0.267625 0.11178125000000001 0.267625 0.11178125000000001 0.3605833328125 0.23678125 0.3605833328125 0.23678125 0.267625
1 0.671875 0.6330104171875 0.5829375 0.6330104171875 0.5829375 0.7035312499999999 0.671875 0.7035312499999999 0.671875 0.6330104171875
1 0.5793203124999999 0.6778854171875001 0.5312421875 0.6778854171875001 0.5312421875 0.73878125 0.5793203124999999 0.73878125 0.5793203124999999 0.6778854171875001
1 0.546875 0.6794895828125 0.46875 0.6794895828125 0.46875 0.7468020828124999 0.546875 0.7468020828124999 0.546875 0.6794895828125
1 0.487984375 0.7403958328125 0.39904687499999997 0.7403958328125 0.39904687499999997 0.8349375 0.487984375 0.8349375 0.487984375 0.7403958328125
1 0.5685078125 0.7980833328125 0.4963984375 0.7980833328125 0.4963984375 0.9086666671874999 0.5685078125 0.9086666671874999 0.5685078125 0.7980833328125
1 0.5360546875 0.8974375 0.45913281250000004 0.8974375 0.45913281250000004 0.9567291671874999 0.5360546875 0.9567291671874999 0.5360546875 0.8974375
0 0.8233124999999999 0.6875 0.5889375 0.6875 0.5889375 0.865375 0.8233124999999999 0.865375 0.8233124999999999 0.6875
0 0.8726015625000001 0.27403125 0.6838984375 0.27403125 0.6838984375 0.3557604171875 0.8726015625000001 0.3557604171875 0.8726015625000001 0.27403125
0 0.686296875 0.27884375 0.558890625 0.27884375 0.558890625 0.3878229171875 0.686296875 0.3878229171875 0.686296875 0.27884375
0 0.633421875 0.09615625 0.46995312499999997 0.09615625 0.46995312499999997 0.2195520828125 0.633421875 0.2195520828125 0.633421875 0.09615625
0 0.7139375 0.0705104171875 0.59134375 0.0705104171875 0.59134375 0.1281979171875 0.7139375 0.1281979171875 0.7139375 0.0705104171875
1 0.3245234375 0.7724375 0.2812578125 0.7724375 0.2812578125 0.8173125000000001 0.3245234375 0.8173125000000001 0.3245234375 0.7724375
1 0.31009375 0.6314166671875 0.25 0.6314166671875 0.25 0.669875 0.31009375 0.669875 0.31009375 0.6314166671875
1 0.33654687499999997 0.0256354171875 0.284859375 0.0256354171875 0.284859375 0.07211458281250001 0.33654687499999997 0.07211458281250001 0.33654687499999997 0.0256354171875