0 0.5039714734375 0.3231315890625 0.521434259375 0.48927890312500005 0.6600871875000001 0.47470589375000005 0.6426244015625 0.3085585796875 0.5039714734375 0.3231315890625
1 0.363499428125 0.1517824984375 0.37003245625000003 0.2139401171875 0.43857159218749997 0.2067363625 0.4320385625 0.14457874531249998 0.363499428125 0.1517824984375
1 0.1180233359375 0.3153534203125 0.12267158593750001 0.359578565625 0.1816384453125 0.3533809 0.1769901953125 0.309155753125 0.1180233359375 0.3153534203125
1 0 0.21415930468750002 0.0201464859375 0.21204182343750003 0.0121059609375 0.135541334375 0 0.13681372187500002 0 0.21415930468750002
1 0 0.357589534375 0.0012972171875000001 0.36993173281249997 0.073027109375 0.3623926171875 0.0651123453125 0.2870886625 0 0.2939322453125 0 0.357589534375
1 0 0.45102720312500005 0.087814440625 0.441797534375 0.0785179390625 0.3533472421875 0 0.3615998109375 0 0.45102720312500005
1 0.1448210296875 0.18684833437499998 0.15160558125 0.251399021875 0.2073816828125 0.24553671718749998 0.20059713281249997 0.1809860296875 0.1448210296875 0.18684833437499998
1 0.21834017343749998 0.11989829375000001 0.225250484375 0.185645515625 0.26509351875 0.18145784375000001 0.25818320781250004 0.11571062343750001 0.21834017343749998 0.11989829375000001
1 0.14324747499999999 0.5858391546874999 0.14789572499999998 0.6300643 0.227581790625 0.62168895625 0.222933540625 0.5774638109375 0.14324747499999999 0.5858391546874999
1 0.22054476875 0.6006766046875 0.22531877968749997 0.646098284375 0.2794995046875 0.6404036609375 0.27472549375 0.59498198125 0.22054476875 0.6006766046875
1 0.5211040015624999 0.7467315906249999 0.5266325765625 0.799332475 0.5632848515625 0.795480165625 0.557756275 0.74287928125 0.5211040015624999 0.7467315906249999
1 0.48330580312500004 0.2032443609375 0.48845709687500005 0.2522556421875 0.512367059375 0.24974260468749998 0.5072157671874999 0.20073132187499998 0.48330580312500004 0.2032443609375
1 0.5889588453125 0.27311461718749996 0.5910951453125 0.2934401578125 0.6261520421875 0.28975552968749996 0.6240157421875 0.2694299890625 0.5889588453125 0.27311461718749996
1 0.611302715625 0.24055379999999998 0.61569944375 0.28238587656249997 0.6459909234375 0.2792021140625 0.64159419375 0.2373700375 0.611302715625 0.24055379999999998
1 0.7490450828124999 0.2937519140625 0.7524373578125 0.32602725781249997 0.7747519421875 0.3236819 0.7713596671875 0.29140655625 0.7490450828124999 0.2937519140625
1 0.20583387968750003 0.7061593453125 0.20884887187499998 0.7348450859375 0.2566688015625 0.729819009375 0.2536538078125 0.7011332671875 0.20583387968750003 0.7061593453125
1 0.2085946359375 0.8243070546875 0.21412321250000002 0.876907940625 0.293809278125 0.868532596875 0.288280703125 0.8159317125 0.2085946359375 0.8243070546875
1 0.19472714375 0.8765270453125 0.19950115468750002 0.921948725 0.22660187656250003 0.9191003234374999 0.22182786562499998 0.8736786437499999 0.19472714375 0.8765270453125
1 0.49763495 0.830173125 0.506430040625 0.91385281875 0.5606107640625 0.9081581953125 0.5518156734375 0.8244785015625 0.49763495 0.830173125
1 0.5973873000000001 0.752021165625 0.606182390625 0.835700859375 0.64921618125 0.8311778265624999 0.6404210906250001 0.7474981328125 0.5973873000000001 0.752021165625
1 0.642180109375 0.764234071875 0.65047215625 0.843127628125 0.6871244328125 0.83927531875 0.6788323843749999 0.7603817609375 0.642180109375 0.764234071875
1 0.7872740984375 0.718763840625 0.7926769140625 0.7701681921875 0.824543053125 0.766818925 0.8191402374999999 0.7154145749999999 0.7872740984375 0.718763840625
1 0.8704660750000001 0.7897850984375 0.8742356328125 0.82565004375 0.9045271140625 0.82246628125 0.90075755625 0.7866013359374999 0.8704660750000001 0.7897850984375
1 0.7849272890625001 0.8652491109374999 0.789072496875 0.9046881203125 0.82412939375 0.9010034921875001 0.8199841859375001 0.8615644828125 0.7849272890625001 0.8652491109374999
1 0.52620389375 1 0.5761638359375 0.9947489984375 0.5703853718749999 0.9397705843749999 0.4954854421875 0.947642884375 0.500988396875 1 0.52620389375 1
1 0.7049548031249999 0.5642643734375 0.7088501218750001 0.601325853125 0.737546221875 0.598309771875 0.7336509046875 0.5612482921875 0.7049548031249999 0.5642643734375
1 0.41800648125000006 0.22582651875 0.42391070624999994 0.282001465625 0.457372225 0.27848451875 0.45146800000000004 0.22230957031249998 0.41800648125000006 0.22582651875
1 0.6390994546875 0.9035379578124999 0.643370421875 0.9441735015624999 0.6688757640625 0.9414927828125 0.664604796875 0.9008572390625 0.6390994546875 0.9035379578124999