0 0.36344259375 0.309820053125 0.40197110468749997 0.5080320546875 0.573449103125 0.4747001078125 0.5349205921875 0.27648810625000003 0.36344259375 0.309820053125
1 0.5794075984375 0.0266356546875 0.5933962828125 0.09860119687499999 0.686200953125 0.08056179687500001 0.67221226875 0.0085962546875 0.5794075984375 0.0266356546875
1 0.5203629421875 0.8315339046875 0.536873884375 0.91647533125 0.584073790625 0.9073005984375 0.5675628500000001 0.8223591718750001 0.5203629421875 0.8315339046875
1 0.463953175 0.8437165375 0.48115281718749997 0.932201025 0.52677803125 0.9233323812500001 0.5095783890625001 0.8348478937499999 0.463953175 0.8437165375
1 0.6209342078125 0.962579809375 0.6252930015625 0.9850038546875 0.664619440625 0.9773595703125 0.6602606468750001 0.9549355234375 0.6209342078125 0.962579809375
1 0.6510796640625001 0.9077580546874999 0.6646092140625 0.9773615578125 0.735409075 0.963599459375 0.7218795250000001 0.8939959562500001 0.6510796640625001 0.9077580546874999
1 0.8407087125 0.9174166453125 0.8455236578124999 0.9421873937499999 0.887999484375 0.9339309281249999 0.8831845390625 0.9091601796875001 0.8407087125 0.9174166453125
1 1 0.5583073984375 0.9412859171875001 0.569720259375 0.95481546875 0.6393237625 1 0.6305407796875 1 0.5583073984375
1 0.49412484375 0.133815059375 0.5039872828124999 0.18455291406250002 0.5417390281250001 0.17721471875 0.5318765875 0.1264768625 0.49412484375 0.133815059375
1 0.367085746875 0.26135955 0.3728189609375 0.2908543796875 0.40427193125 0.2847405421875 0.3985387171875 0.2552457125 0.367085746875 0.26135955
1 0.341131534375 0.23702092812500003 0.350305271875 0.2842157234375 0.373905225 0.2796283578125 0.36473148593750004 0.23243356249999997 0.341131534375 0.23702092812500003
1 0.845154690625 0.066815371875 0.8589138078125 0.13759989374999998 0.9359919906249999 0.1226174125 0.9222328734374999 0.051832890625 0.845154690625 0.066815371875
1 0.294971984375 0.8226905484374999 0.305293559375 0.87579044375 0.3320429 0.8705909000000001 0.321721325 0.817491003125 0.294971984375 0.8226905484374999
1 0.2779052609375 0.8860008468749999 0.28226405312499997 0.9084248921875 0.31686641249999997 0.9016988749999999 0.31250761875 0.8792748296875 0.2779052609375 0.8860008468749999
1 0.20922274062500001 0.9189537140624999 0.21701907656250002 0.9590623875000001 0.254770821875 0.9517241921874999 0.246974484375 0.91161551875 0.20922274062500001 0.9189537140624999
1 0.43557499687499995 1 0.4307307546875 0.9750785390625 0.40398141406250004 0.9802780828125 0.40781496562499997 1 0.43557499687499995 1
1 0.1956126375 0.35345776562500003 0.20478637656249998 0.4006525609375 0.236239346875 0.394538721875 0.22706560781250001 0.34734392812500003 0.1956126375 0.35345776562500003
1 0.23509684687500002 0.3298653640625 0.2438114515625 0.37469811875 0.2721354859375 0.36919248437499996 0.26342088124999996 0.3243597296875 0.23509684687500002 0.3298653640625
1 0.24714039375 0.660581025 0.2579181203125 0.7160276234375 0.28781685 0.7102159 0.2770391234375 0.6547693015625 0.24714039375 0.660581025