0 0.678814609375 0.44305635624999995 0.470819678125 0.42119520781249997 0.4547375390625 0.5742065453125 0.6627324703124999 0.59606769375 0.678814609375 0.44305635624999995
1 0.8951626156250001 0.7187855203125 0.8138759890625 0.7102419515625 0.8038260140625001 0.8058610875 0.8851126390624999 0.81440465625 0.8951626156250001 0.7187855203125
1 0.117664840625 0.3776356015625 0.0220353453125 0.36758453593749996 0.017344629687499998 0.41221370625000003 0.112974125 0.422264771875 0.117664840625 0.3776356015625
1 0.1002119515625 0.440248025 0.0093685921875 0.430700003125 0.0051809203125 0.47054303593749996 0.0960242796875 0.48009105781250005 0.1002119515625 0.440248025
1 0.23362819375 0.40110438750000005 0.1786497796875 0.395325921875 0.173791384375 0.441550471875 0.22876979843749998 0.4473289359375 0.23362819375 0.40110438750000005
1 0.23015049531249998 0.537707946875 0.1871218828125 0.5331854578125 0.1837726171875 0.565051596875 0.22680122812499998 0.5695740859375 0.23015049531249998 0.537707946875
1 0.0804276125 0.536477990625 0.030219796875 0.5312009359375 0.0253614 0.577425484375 0.07556921718750001 0.5827025390625 0.0804276125 0.536477990625
1 0.18775465 0.92964218125 0.1435295046875 0.9249939312500001 0.1393418328125 0.9648369640625001 0.183566978125 0.9694852140625001 0.18775465 0.92964218125
1 0.9574562890625 0.7124393 0.91801728125 0.70829409375 0.913997290625 0.74654175 0.9534362984375001 0.75068695625 0.9574562890625 0.7124393
1 0.8117934859375 0.6036696234375001 0.762782203125 0.59851833125 0.7585945328125 0.6383613640625 0.8076058140625 0.6435126578125 0.8117934859375 0.6036696234375001
1 0.7221785828125 0.4443880875 0.6922963078125 0.441247334375 0.6884439984374999 0.4778996109375 0.7183262734375 0.4810403640625 0.7221785828125 0.4443880875
1 0.7596865359375 0.42094070625 0.7058891171874999 0.4152863703125 0.7022044890625 0.4503432671875 0.7560019078125 0.455997603125 0.7596865359375 0.42094070625
1 0.139465459375 0.18172659375 0.11674685 0.179338771875 0.1137307671875 0.20803487187499997 0.136449378125 0.21042269375 0.139465459375 0.18172659375
1 0.2025014234375 0.20284801875 0.1439334078125 0.196692271875 0.1390750125 0.2429168203125 0.197643028125 0.24907256718749998 0.2025014234375 0.20284801875
1 0.683010346875 0.24207099531249998 0.6471454015625 0.23830143750000002 0.6434607734375 0.273358334375 0.67932571875 0.2771278921875 0.683010346875 0.24207099531249998
1 0.78875490625 0.6963315484375 0.7206146171875 0.6891697156250001 0.716426946875 0.7290127484375 0.7845672359375 0.7361745828124999 0.78875490625 0.6963315484375
1 0.9461776078125 0.785368203125 0.9724702796875 0.788131675 0.976154909375 0.753074778125 0.9498622359375 0.75031130625 0.9461776078125 0.785368203125
1 0.9730988859374999 0.7592055875 0.8918122609375001 0.75066201875 0.8827661921875001 0.8367296015625 0.9640528187499999 0.8452731703125 0.9730988859374999 0.7592055875
1 0.6926702734375 0.288208478125 0.6580018609375 0.28456468125 0.655488821875 0.3084746453125 0.690157234375 0.31211844218749996 0.6926702734375 0.288208478125