1 0.50240625 0.0849375 0.46034375 0.0849375 0.46034375 0.1201875 0.50240625 0.1201875 0.50240625 0.0849375
1 0.21153906249999999 0.47917708281250004 0.0985546875 0.47917708281250004 0.0985546875 0.5544895828125 0.21153906249999999 0.5544895828125 0.21153906249999999 0.47917708281250004
1 0 0.6105833328125 0.11178125000000001 0.6105833328125 0.11178125000000001 0.5545 0 0.5545 0 0.6105833328125
1 0.5625 0.5400625 0.5108125 0.5400625 0.5108125 0.6169791671875 0.5625 0.6169791671875 0.5625 0.5400625
1 0.6045703125 0.5593020828124999 0.5588984375 0.5593020828124999 0.5588984375 0.6057812499999999 0.6045703125 0.6057812499999999 0.6045703125 0.5593020828124999
1 0.6634609375 0.5705208328125 0.6129765625 0.5705208328125 0.6129765625 0.6330208328125 0.6634609375 0.6330208328125 0.6634609375 0.5705208328125
1 0.764421875 0.6698645828124999 0.637015625 0.6698645828124999 0.637015625 0.7403854171875001 0.764421875 0.7403854171875001 0.764421875 0.6698645828124999
1 0.770421875 0.3766145828125 0.699515625 0.3766145828125 0.699515625 0.43109374999999994 0.770421875 0.43109374999999994 0.770421875 0.3766145828125
1 0.6490390625 0.39584375 0.5961484375 0.39584375 0.5961484375 0.4326979171875 0.6490390625 0.4326979171875 0.6490390625 0.39584375
1 0.756 0.29328125 0.70071875 0.29328125 0.70071875 0.3301354171875 0.756 0.3301354171875 0.756 0.29328125
1 0.6454296875 0.2195520828125 0.6021640625 0.2195520828125 0.6021640625 0.24840625 0.6454296875 0.24840625 0.6454296875 0.2195520828125
1 0.53125 0.2099270828125 0.48678125000000005 0.2099270828125 0.48678125000000005 0.2323645828125 0.53125 0.2323645828125 0.53125 0.2099270828125
1 0.453125 0.21954166718749998 0.4014375 0.21954166718749998 0.4014375 0.24358333281250003 0.453125 0.24358333281250003 0.453125 0.21954166718749998
1 0.9098593749999999 0.3942291671875 0.885828125 0.3942291671875 0.885828125 0.4455208328125 0.9098593749999999 0.4455208328125 0.9098593749999999 0.3942291671875
1 0.890625 0.3846145828125 0.828125 0.3846145828125 0.828125 0.4455104171875 0.890625 0.4455104171875 0.890625 0.3846145828125
1 0.9891796875000001 0.41185416718749995 0.9459140625 0.41185416718749995 0.9459140625 0.44710416718749996 0.9891796875000001 0.44710416718749996 0.9891796875000001 0.41185416718749995
0 0.487984375 0.0945416671875 0.40504687500000003 0.0945416671875 0.40504687500000003 0.142625 0.487984375 0.142625 0.487984375 0.0945416671875
0 0.402640625 0.11538541718749999 0.295671875 0.11538541718749999 0.295671875 0.20353125 0.402640625 0.20353125 0.402640625 0.11538541718749999
0 0.6033671875 0.1842916671875 0.3882265625 0.1842916671875 0.3882265625 0.34775 0.6033671875 0.34775 0.6033671875 0.1842916671875
0 0.3822109375 0.3397395828125 0.2716328125 0.3397395828125 0.2716328125 0.4102604171875 0.3822109375 0.4102604171875 0.3822109375 0.3397395828125
0 0.9350937500000001 0.5625 0.75240625 0.5625 0.75240625 0.7291666671875 0.9350937500000001 0.7291666671875 0.9350937500000001 0.5625
1 1 0.8285312499999999 0.96875 0.8285312499999999 0.96875 0.9198854171875 1 0.9198854171875 1 0.8285312499999999