0 0.2970847 0.16559005 0.4061932671875 0.1579604359375 0.40160968593749996 0.092412165625 0.29250111875 0.10004177968750001 0.2970847 0.16559005
0 0.392945546875 0.24402127187499997 0.53802876875 0.233876065625 0.5302029640625 0.12196184843749999 0.3851197421875 0.13210705625000002 0.392945546875 0.24402127187499997
0 0.1729748546875 0.44094952656249997 0.3444311765625 0.4289601328125 0.3351521125 0.2962633328125 0.163695790625 0.3082527265625 0.1729748546875 0.44094952656249997
0 0.35663988125 0.43130170156250003 0.46574844843749996 0.42367208593749994 0.45904165468749997 0.327760459375 0.3499330859375 0.335390075 0.35663988125 0.43130170156250003
0 0.3234602421875 0.9734054828125001 0.5584645109374999 0.956972384375 0.5451613703125 0.7667286062499999 0.3101571015625 0.78316170625 0.3234602421875 0.9734054828125001
1 0.6611170375000001 0.4951554921875 0.77262599375 0.4873580265625 0.7679305109375 0.420209496875 0.6564215546875001 0.42800696250000003 0.6611170375000001 0.4951554921875
1 0.8532167828125001 0.38213623281250003 0.9383526390625001 0.376182953125 0.9335452562500001 0.3074341640625 0.8484093984375001 0.3133874421875 0.8532167828125001 0.38213623281250003
1 0.617192128125 0.814716725 0.7083133687500001 0.80834490625 0.702276528125 0.7220140500000001 0.6111552859375 0.72838586875 0.617192128125 0.814716725
1 0.5973877640625 0.65223365625 0.6597355171875 0.6478738765625 0.6552638375 0.5839258640625 0.592916084375 0.58828564375 0.5973877640625 0.65223365625
1 0.2494162640625 1 0.24345425937499998 0.91473934375 0.148732434375 0.9213629390625 0.1542312734375 1 0.2494162640625 1
1 0.0843698703125 0.5869025 0.005242778125 0.5924356046875 0.010162062500000001 0.662784653125 0.08928915468750001 0.657251546875 0.0843698703125 0.5869025
1 0 0.517460384375 0.0059134578125 0.6020267671874999 0.1318013640625 0.5932238265625001 0.12554072031250002 0.503692453125 0 0.512471115625 0 0.517460384375
1 0.0224658875 0.8386255531250001 0.1927220140625 0.8267200859375 0.186797075 0.7419894890625 0.016540946875 0.75389495625 0.0224658875 0.8386255531250001
1 0.46331186406249997 0.78529586875 0.5640346578125001 0.7782526453124999 0.560346284375 0.7255064453125 0.45962348906250006 0.73254966875 0.46331186406249997 0.78529586875
1 0.56005351875 0.8074452171875001 0.6188006890625 0.8033372140624999 0.6147766125 0.7457902375 0.5560294421875 0.749898240625 0.56005351875 0.8074452171875001
1 0.626783975 0.8831205093750001 0.6343852515624999 0.9918238171875 0.70393416875 0.9869604828125 0.69633289375 0.8782571750000001 0.626783975 0.8831205093750001
1 0.693224765625 0.902574890625 0.79753255625 0.8952809796875 0.7903781578125 0.7929683171875 0.6860703671875 0.800262228125 0.693224765625 0.902574890625
1 0.8409385203124999 0.8440345484374999 0.9104874390625 0.839171215625 0.906799065625 0.786425015625 0.837250146875 0.7912883500000001 0.8409385203124999 0.8440345484374999
1 0.8775479875000001 0.712953159375 0.9255089953125 0.7095994 0.9228262781250001 0.6712347484375 0.87486526875 0.674588509375 0.8775479875000001 0.712953159375
1 0.26152851718750003 0.587358146875 0.3370628203125 0.5820762734375 0.3332625453125 0.527729815625 0.2577282421875 0.5330116890625 0.26152851718750003 0.587358146875
1 0.24600776875000002 0.193262071875 0.2915683890625 0.19007616249999998 0.2886618703125 0.14851099375000001 0.2431012484375 0.1516969015625 0.24600776875000002 0.193262071875
1 0.3827988890625 0.30577533125 0.4175733484375 0.3033436640625 0.4152263328125 0.269779790625 0.38045187343750003 0.2722114578125 0.3827988890625 0.30577533125
1 0.12965833124999998 0.3556069953125 0.1728185640625 0.35258893750000003 0.17058345 0.32062532187500004 0.12742321875 0.3236433796875 0.12965833124999998 0.3556069953125
1 0.0677784625 0.5045258578125 0.116939665625 0.501088171875 0.114145046875 0.4611232625 0.06498384375 0.4645609484375 0.0677784625 0.5045258578125