0 0.39542968749999996 0.259625 0.0528828125 0.259625 0.0528828125 0.5304583328125 0.39542968749999996 0.5304583328125 0.39542968749999996 0.259625
0 0.353375 0.16025 0.20553125 0.16025 0.20553125 0.2708333328125 0.353375 0.2708333328125 0.353375 0.16025
0 0.41346875 0.6602604171875 0.25 0.6602604171875 0.25 0.7419895828125 0.41346875 0.7419895828125 0.41346875 0.6602604171875
0 0 0.8156979171875 0.1358125 0.8156979171875 0.1358125 0.68909375 0 0.68909375 0 0.8156979171875
1 0.6213984375 0.4599375 0.5576953125 0.4599375 0.5576953125 0.5368541671875 0.6213984375 0.5368541671875 0.6213984375 0.4599375
1 0.7403828125 0.8188958328125 0.6718671875 0.8188958328125 0.6718671875 0.9118541671875 0.7403828125 0.9118541671875 0.7403828125 0.8188958328125
1 0.8269296875000001 1 0.8269296875000001 0.9022500000000001 0.7451953125 0.9022500000000001 0.7451953125 1 0.8269296875000001 1
1 0.8449453124999999 0.8461458328125 0.7656171875 0.8461458328125 0.7656171875 0.9294791671875 0.8449453124999999 0.9294791671875 0.8449453124999999 0.8461458328125
1 0.9182656250000001 0.6201875 0.832921875 0.6201875 0.832921875 0.6762708328125 0.9182656250000001 0.6762708328125 0.9182656250000001 0.6201875
1 0.57090625 0.5849375 0.49759374999999995 0.5849375 0.49759374999999995 0.6474375 0.57090625 0.6474375 0.57090625 0.5849375
1 0.4603359375 0.28844791718749996 0.4230703125 0.28844791718749996 0.4230703125 0.3173020828125 0.4603359375 0.3173020828125 0.4603359375 0.28844791718749996
1 0.298078125 0.5865416671875 0.157453125 0.5865416671875 0.157453125 0.6666666671875 0.298078125 0.6666666671875 0.298078125 0.5865416671875
1 0.97715625 0.77725 0.90625 0.77725 0.90625 0.8782083328124999 0.97715625 0.8782083328124999 0.97715625 0.77725