1 0.6656689421875 0.43164707968749993 0.657554415625 0.58648146875 0.7871890125000001 0.5932753296875 0.7953035374999999 0.43844094062499994 0.6656689421875 0.43164707968749993
0 0.777647915625 0.31595843437500004 0.7706030046875 0.45038333125 0.8458122921875001 0.4543248828125 0.8528572015625 0.3198999859375 0.777647915625 0.31595843437500004
0 0.39854848593750003 0.07824525 0.3863452125 0.311097571875 0.544773628125 0.319400453125 0.5569769015625 0.08654813125000001 0.39854848593750003 0.07824525
0 0.334697978125 0.25543546875 0.32513685312499996 0.4378726015625 0.44676160937500004 0.44424668437500003 0.45632273437500004 0.26180955156249996 0.334697978125 0.25543546875
1 0.17406415625 0.656234075 0.1663266125 0.803875209375 0.24954574062499998 0.8082365390625 0.25728328437500003 0.6605954046875 0.17406415625 0.656234075
1 0.2273472984375 0.680681203125 0.22288075156249998 0.7659079921874999 0.3012939765625 0.7700174546875 0.305760521875 0.684790665625 0.2273472984375 0.680681203125
1 0.397368721875 0.9579985531249999 0.3954187984375 0.9952053046874999 0.4546292078125 0.998308390625 0.45657913125 0.9611016390625 0.397368721875 0.9579985531249999
1 0.13062156875 0.0461478 0.023393721875000002 0.040528226562500005 0.0182983265625 0.137754175 0.12552617187499998 0.1433737484375 0.13062156875 0.0461478
1 0.577399821875 0.30908602812499997 0.5745066249999999 0.36429151718749997 0.6177181578125001 0.3665561375 0.6206113546875 0.31135064843750004 0.577399821875 0.30908602812499997
1 0.5645322968750001 0.156742875 0.560128715625 0.2407681875 0.6225430625 0.2440391859375 0.6269466421875001 0.160013871875 0.5645322968750001 0.156742875
1 0.7660078671874999 0.26240084218750004 0.7634916515625 0.31041307812499996 0.8227020625 0.3135161640625 0.8252182765624999 0.265503928125 0.7660078671874999 0.26240084218750004
1 0.85709950625 0.75942749375 0.8554010406250001 0.7918361421875 0.8938066687499999 0.7938488953125 0.8955051328125 0.761440246875 0.85709950625 0.75942749375
1 0.5260328624999999 0.6156928828125 0.5232018140625 0.6697124984375 0.5728212187499999 0.6723129421875 0.5756522671875001 0.618293325 0.5260328624999999 0.6156928828125