0 0.255015646875 0.4477373578125 0.41607176875 0.4279621515625 0.4008381015625 0.3038938828125 0.23978197968749998 0.3236690875 0.255015646875 0.4477373578125
1 0.08456682812500001 0.588139715625 0.141824334375 0.5811093781250001 0.13498949531249999 0.5254440796875001 0.07773198906249999 0.5324744171875 0.08456682812500001 0.588139715625
1 0.1721751890625 0.9761887328125001 0.25091201406249997 0.9665210671875 0.2421221875 0.8949336750000001 0.1633853625 0.9046013421874999 0.1721751890625 0.9761887328125001
1 0.24290031406249998 0.9901212765625 0.3419223 0.9779629062499999 0.32942307656250003 0.876164890625 0.23040108906249998 0.8883232624999999 0.24290031406249998 0.9901212765625
1 0.1060686796875 1 0.09987310625 0.9495410953125001 0.0521611015625 0.9553993937499999 0.0576373671875 1 0.1060686796875 1
1 0.081891584375 0.8129015015625001 0.1463140328125 0.80499141875 0.14025864999999998 0.7556742828125 0.07583620156250001 0.7635843640625 0.081891584375 0.8129015015625001
1 0.20488048124999997 0.838174221875 0.250211925 0.8326082203125 0.24396104375 0.7816988734375 0.19862960000000002 0.787264875 0.20488048124999997 0.838174221875
1 0.47049268125 0.812015503125 0.5277501874999999 0.804985165625 0.518571903125 0.730234034375 0.46131439687500003 0.737264371875 0.47049268125 0.812015503125
1 0.13848736875 0.47495395 0.187401284375 0.46894807656250004 0.1844713421875 0.44508561406249997 0.1355574265625 0.4510914875 0.13848736875 0.47495395
1 0.2065056234375 0.36811827343750003 0.237522690625 0.36430985625 0.23420175 0.3372629734375 0.2031846828125 0.34107139062499997 0.2065056234375 0.36811827343750003
1 0.8547213906250001 0.44999132968750005 0.9764013453124999 0.43505091093750003 0.9703459625 0.38573377343750004 0.8486660078125 0.40067419375 0.8547213906250001 0.44999132968750005
1 0.7426003484375 0.45406078125000005 0.8332632359375 0.44292877812500003 0.8272078531249999 0.393611640625 0.736544965625 0.40474364375 0.7426003484375 0.45406078125000005
1 0.673288584375 0.4318946203125 0.7174258703125 0.42647524218750005 0.7131299765625 0.391487990625 0.6689926890625 0.39690736718749997 0.673288584375 0.4318946203125
1 0.7073231546875001 0.31470668281249997 0.7717456046875 0.30679660000000003 0.7670587125 0.268624928125 0.7026362640625 0.2765350109375 0.7073231546875001 0.31470668281249997
1 0.7308765421875 0.0922195265625 0.760699453125 0.0885577328125 0.7556215640625 0.0472016453125 0.725798653125 0.0508634375 0.7308765421875 0.0922195265625
1 0.702908590625 0.1505418546875 0.736313971875 0.146440190625 0.732409075 0.11463735625 0.69900369375 0.118739021875 0.702908590625 0.1505418546875
1 0.6573380484375 0.1739050703125 0.7086402781250001 0.1676059484375 0.703366890625 0.1246576484375 0.6520646609375 0.1309567703125 0.6573380484375 0.1739050703125
1 0.787144490625 0.1757242046875 0.8432078390625 0.168840490625 0.83910744375 0.135445446875 0.7830440953125 0.1423291609375 0.787144490625 0.1757242046875
1 0.70362906875 0.73816745625 0.7752009515625 0.729379534375 0.76582716875 0.65303619375 0.6942552859375 0.661824115625 0.70362906875 0.73816745625
1 0.5889189984375001 0.7409595765625 0.6378329140625 0.734953703125 0.633146021875 0.6967820328125 0.5842321078125 0.70278790625 0.5889189984375001 0.7409595765625
1 0.7410714281249999 0.8853472703125 0.8317343156250001 0.8742152671874999 0.8262654296875 0.829674759375 0.7356025421875 0.8408067625 0.7410714281249999 0.8853472703125
1 0.6890200078125 0.9643945328125 0.7510541421875 0.9567776984374999 0.7457807546875 0.9138294 0.6837466203125 0.9214462328125 0.6890200078125 0.9643945328125
1 0.49929963749999995 0.7309736625000001 0.5410486109375 0.7258475328125 0.5351887265624999 0.6781226046875 0.493439753125 0.683248734375 0.49929963749999995 0.7309736625000001
1 0.165382953125 0.536237165625 0.210714396875 0.5306711640625 0.20739345625 0.5036242828125 0.16206201250000002 0.5091902828125 0.165382953125 0.536237165625
1 0.23803143750000003 0.220561796875 0.2726309765625 0.21631350781249997 0.2691145390625 0.187674415625 0.23451499999999997 0.1919227046875 0.23803143750000003 0.220561796875
1 0.6873612484375 0.3591267765625 0.76132144375 0.35004560625000003 0.7568300515625 0.3134661453125 0.6828698546874999 0.322547315625 0.6873612484375 0.3591267765625
1 0.8660820453125 0.345263690625 0.937653928125 0.33647576875 0.9341374890624999 0.307836675 0.8625656062499999 0.3166245984375 0.8660820453125 0.345263690625