0 0.6378188140625001 0.7678895125 0.5947831765625 0.5952829984375 0.43929328593749994 0.6340509828124999 0.4823289234375 0.8066574953125001 0.6378188140625001 0.7678895125
1 0.7672594968750001 0.9028414390625 0.7780174609375 0.9459892765625 0.8510928578125 0.9277695343750001 0.84033489375 0.8846216953124999 0.7672594968750001 0.9028414390625
1 0.5377811593749999 0.8436135765625 0.5296389765625 0.8109570609375 0.49699256875 0.819096725 0.5051347515625 0.851753240625 0.5377811593749999 0.8436135765625
1 0.5248274453125 0.877818071875 0.51261416875 0.8288332984375 0.4830605796875 0.8362018359375 0.49527385468749996 0.885186609375 0.5248274453125 0.877818071875
1 0.389061990625 0.31335673124999996 0.36812818593749996 0.229395828125 0.3199166171875 0.24141632343750002 0.34085042187500003 0.325377225 0.389061990625 0.31335673124999996
1 0.4412414546875 0.30407485156249997 0.42146811875 0.22476833749999997 0.37636958125 0.23601266562499998 0.3961429171875 0.3153191796875 0.4412414546875 0.30407485156249997
1 0.9150967421875 0.363058125 0.904920903125 0.3222450609375 0.8442774203125 0.3373651796875 0.854453259375 0.37817824375 0.9150967421875 0.363058125
1 0.9845556312499999 0.3767067984375 0.9700176375 0.3183980890625 0.9109306703125 0.333130125 0.9254686640625 0.39143883281249997 0.9845556312499999 0.3767067984375
1 0.8743598484374999 0.0870747609375 0.863601884375 0.0439269234375 0.7749613265625 0.06602749687500001 0.785719290625 0.109175334375 0.8743598484374999 0.0870747609375
1 0.91615458125 0.2413993640625 0.9051055546875 0.1970841390625 0.8584505 0.20871654999999997 0.8694995265625 0.253031775 0.91615458125 0.2413993640625
1 0.5356659406250001 0.1925757515625 0.51531048125 0.11093446250000001 0.44379160000000006 0.128766121875 0.464147059375 0.21040741093749998 0.5356659406250001 0.1925757515625
1 0.55007016875 0.3165711203125 0.527681053125 0.22677328281250003 0.4639245390625 0.24266956718750002 0.48631365468750004 0.33246740468749997 0.55007016875 0.3165711203125
1 0.367566625 0.1675943515625 0.35331969375 0.1104530296875 0.3160037359375 0.11975694374999998 0.33025066875000003 0.176898265625 0.367566625 0.1675943515625
1 0.43860772187499997 0 0.4085926421875 0.0074836 0.4289462125 0.0891173078125 0.52379261875 0.0654694421875 0.5074692546875 0 0.43860772187499997 0
1 0.19742661718750001 0.3462734140625 0.1916129328125 0.32295599531249997 0.162059340625 0.3303245328125 0.1678730265625 0.353641953125 0.19742661718750001 0.3462734140625
1 0.256256509375 0.40345051718749997 0.2388116734375 0.3334830984375 0.171942125 0.35015555 0.1893869625 0.42012296875 0.256256509375 0.40345051718749997
1 0.3538415015625 0.841172921875 0.341628225 0.79218815 0.30431226875 0.8014920625 0.3165255453125 0.8504768359374999 0.3538415015625 0.841172921875
1 0.4005814265625 0.8431427734374999 0.39156605624999996 0.8069840968750001 0.3542501 0.8162880109374999 0.3632654703125 0.8524466875 0.4005814265625 0.8431427734374999
1 0.7034061125 0.9051304 0.6923570859375 0.8608151749999999 0.6581541609375 0.869342921875 0.6692031875 0.913658146875 0.7034061125 0.9051304
1 0.77194149375 0.8620276671875 0.75943715625 0.81187550625 0.7205646828125001 0.821567503125 0.733069021875 0.8717196625 0.77194149375 0.8620276671875
1 0.7126713578125 0.7170119500000001 0.6992976125 0.6633727890625 0.6557555921875 0.6742290343749999 0.6691293375 0.72786819375 0.7126713578125 0.7170119500000001
1 0.22215948437500002 0.23358323749999998 0.21256576875 0.19510494843749998 0.1705802640625 0.205573109375 0.18017397968749999 0.24405139999999997 0.22215948437500002 0.23358323749999998
1 0.12998305937500002 0.3407939109375 0.12154981406250001 0.3069700078125 0.0857903734375 0.3158858375 0.0942236203125 0.349709740625 0.12998305937500002 0.3407939109375
1 0.304067184375 0.11158149843750001 0.2933092203125 0.0684336609375 0.26686866249999996 0.0750260328125 0.2776266265625 0.1181738703125 0.304067184375 0.11158149843750001
1 0.5356184749999999 0.4044028421875 0.5274762921875 0.3717463265625 0.4963863984375 0.3794979078125 0.5045285828125 0.41215442343750003 0.5356184749999999 0.4044028421875