0 0.37036260468750004 0.5619323328125 0.3507340234375 0.40207036875 0.1980266625 0.420820475 0.21765524374999998 0.5806824390624999 0.37036260468750004 0.5619323328125
0 0.2529917515625 0.6974416203125 0.2360004984375 0.559058975 0.16441310781250001 0.5678488015625 0.1814043609375 0.7062314468750001 0.2529917515625 0.6974416203125
0 0.716370953125 0.8682036734375 0.6922027390625 0.6713693640625 0.47746124375 0.6977363046875 0.5016294578125 0.8945706140624999 0.716370953125 0.8682036734375
0 0.723840196875 0.6529545921875 0.7039183671875 0.49070431406250004 0.54008621875 0.510820371875 0.5600080468749999 0.6730706515625 0.723840196875 0.6529545921875
0 0.8175026796875 0.24546356875000003 0.7926013453125 0.042658475 0.69717216875 0.054375703124999994 0.7220735031250001 0.25718079843749997 0.8175026796875 0.24546356875000003
1 0.739226990625 0.2260221234375 0.725311034375 0.1126857609375 0.6394144374999999 0.12323253593750001 0.65333039375 0.23656890000000003 0.739226990625 0.2260221234375
1 0.101928771875 0.2824693640625 0.09650939375 0.23833207656250002 0.053561095312499994 0.24360546562500002 0.0589804734375 0.2877427515625 0.101928771875 0.2824693640625
1 0.3589873546875 0.12739213124999998 0.351957015625 0.07013462499999999 0.3121931359375 0.075017015625 0.3192234734375 0.132274521875 0.3589873546875 0.12739213124999998
1 0.499843046875 0.20939204218750002 0.49588800468749994 0.17718081875 0.44657086875 0.1832362015625 0.45052590937500003 0.21544742499999997 0.499843046875 0.20939204218750002
1 0.45317886406249996 0.34227257187500004 0.44731961406250004 0.2945528140625 0.3884698984375 0.3017786515625 0.3943291484375 0.349498409375 0.45317886406249996 0.34227257187500004
1 0.566744425 0.083716109375 0.5620562640625 0.0455340984375 0.51751575625 0.0510029859375 0.5222039171875 0.0891849953125 0.566744425 0.083716109375
1 0.49239132343750003 0.8194175296875 0.48067282499999997 0.7239780140625001 0.428191946875 0.7304218546875 0.4399104453125 0.8258613703125001 0.49239132343750003 0.8194175296875
1 0.3079123921875 0.7633491171875 0.3007354296875 0.7048974546875 0.22120767031250002 0.7146622359375 0.22838463125000003 0.7731138984375 0.3079123921875 0.7633491171875
1 0.45369565781250004 0.675214728125 0.4457855765625 0.6107922796875 0.4012450671875 0.6162611671875 0.40915514999999997 0.680683615625 0.45369565781250004 0.675214728125
1 1 0.7171290875 0.926573059375 0.7261447828125001 0.9419533515625 0.851407209375 1 0.8442799765625001 1 0.7171290875