0 0.666751346875 0.592414896875 0.67535025625 0.3461743671875 0.467143834375 0.3389036390625 0.458544925 0.5851441687500001 0.666751346875 0.592414896875
1 0.9161510484375001 0.8897608937499999 0.919129503125 0.8044691328125 0.787792890625 0.7998827578125 0.7848144375 0.8851745187500001 0.9161510484375001 0.8897608937499999
1 0.6829671578125 0.7709724062500001 0.6850644 0.7109152640625 0.6322216093749999 0.709069953125 0.63012436875 0.7691270953125 0.6829671578125 0.7709724062500001
1 0.49172860781249994 0.645229490625 0.49286120625 0.612796134375 0.45282311093749994 0.6113979734375 0.45169051250000003 0.643831328125 0.49172860781249994 0.645229490625
1 0.4503795515625 0.6810738890625 0.452350828125 0.6246239234375001 0.41070954375 0.6231697765625 0.4087382671875 0.67961974375 0.4503795515625 0.6810738890625
1 0.7884584109375 0.964686065625 0.790220290625 0.9142324437499999 0.7421662484375 0.9125543593750001 0.7404043687499999 0.96300798125 0.7884584109375 0.964686065625
1 0.82152830625 0.9814675984375001 0.8226189156249999 0.9502366343749999 0.7857872 0.9489504421875001 0.7846965906250001 0.98018140625 0.82152830625 0.9814675984375001
1 0.8705989265625 1 0.871814546875 0.965189209375 0.8141621890625 0.9631759437499999 0.8128762640625 1 0.8705989265625 1
1 0.48299243125 0.16025416718750002 0.485047684375 0.10139941718750001 0.4498191578125 0.1001692109375 0.4477639046875 0.1590239609375 0.48299243125 0.16025416718750002
1 0.7243136296875 0.04602063125 0.7256561703125 0.007575315625 0.67439575 0.0057852609375 0.673053209375 0.044230578124999996 0.7243136296875 0.04602063125
1 0.2534189171875 0.5815925859375 0.25471946875 0.5443496624999999 0.2130781828125 0.5428955156249999 0.21177763125000001 0.5801384406250001 0.2534189171875 0.5815925859375