0 0.292143615625 0.42281264687500003 0.458799159375 0.43446633749999997 0.467966321875 0.30336979531249997 0.301310778125 0.2917161046875 0.292143615625 0.42281264687500003
1 0.4626890078125 0.8267140078124999 0.508249628125 0.8298999171875 0.513838865625 0.7499700984375 0.4682782453125 0.7467841890625 0.4626890078125 0.8267140078124999
1 0.77696430625 0.5193672312500001 0.8596997749999999 0.5251526578125 0.8638357531249999 0.4660054234375 0.781100284375 0.4602199953125 0.77696430625 0.5193672312500001
1 0.215670309375 0.9476002453125 0.3151929109375 0.95455954375 0.3227949140625 0.8458458437499999 0.22327231250000001 0.8388865453125 0.215670309375 0.9476002453125
1 0.1532477125 0.9271752781249999 0.2263816265625 0.9322893000000001 0.232754171875 0.841157665625 0.1596202578125 0.8360436453125001 0.1532477125 0.9271752781249999
1 0 0.96625754375 0.07665629375 0.9716178734375 0.0831407390625 0.8788859828125 0 0.8730722156249999 0 0.96625754375
1 0.09963860937499999 0.53947043125 0.16318655625 0.5439141375000001 0.168105840625 0.4735650890625 0.10455789374999999 0.469121384375 0.09963860937499999 0.53947043125
1 0.1704450625 0.440000671875 0.22440704218750002 0.4437740609375 0.22697785937499998 0.40700966875000005 0.1730158796875 0.4032362796875 0.1704450625 0.440000671875
1 0.2641593140625 0.34052469375 0.288132025 0.3422010296875 0.2904790390625 0.30863715625 0.266506328125 0.306960821875 0.2641593140625 0.34052469375
1 0.5064287578125 0.7526785421875 0.5340020515624999 0.7546066546875 0.538697534375 0.687458125 0.511124240625 0.6855300125 0.5064287578125 0.7526785421875
1 0.7497317359375 0.8226856187499999 0.7976927453125 0.8260393781250001 0.8003754624999999 0.7876747265625 0.752414453125 0.7843209671875 0.7497317359375 0.8226856187499999
1 0.5917520875 0.7730863593749999 0.627726740625 0.7756019515625 0.6306332609374999 0.734036784375 0.59465860625 0.7315211921875 0.5917520875 0.7730863593749999
1 0.083801709375 0.7488131546875 0.1437490734375 0.7530050828125 0.14676749375 0.7098396546875 0.0868201296875 0.7056477265625001 0.083801709375 0.7488131546875
1 0.05254328125 0.6614928859375 0.10050429062499999 0.664846646875 0.10273940468750001 0.63288303125 0.05477839531249999 0.6295292703125 0.05254328125 0.6614928859375
1 1 0.48676265937499996 0.8906271921875 0.4791145671875 0.8855960062499999 0.5510638734375 0.9971049624999999 0.5588613390625 1 0.5174603765625 1 0.48676265937499996
1 0.8734334765625 0.27712106406250003 0.9345810359375 0.28139691718750004 0.9380470593749999 0.231830453125 0.8768995015625001 0.2275546 0.8734334765625 0.27712106406250003
1 0.8115906671875001 0.1619432265625 0.849965709375 0.164626671875 0.852760328125 0.1246617609375 0.8143852859375 0.1219783171875 0.8115906671875001 0.1619432265625
1 0.740293209375 0.23405167031250002 0.787054025 0.2373215046875 0.7897367421875 0.1989568546875 0.742975928125 0.19568702031250002 0.740293209375 0.23405167031250002
1 0.785986475 0.21798117499999997 0.8183605453125 0.220244990625 0.8211551640625 0.18028007968749998 0.78878109375 0.17801626406249998 0.785986475 0.21798117499999997
1 0.31662714687500004 0.19319035 0.35858718437500003 0.1961244828125 0.3608222984375 0.1641608671875 0.3188622609375 0.1612267359375 0.31662714687500004 0.19319035
1 0.2381433875 0.31621319375 0.27890323125 0.3190634 0.2812502453125 0.2854995265625 0.2404904015625 0.2826493203125 0.2381433875 0.31621319375
1 0.7095541875 0.48414163125 0.7539146140625 0.4872436140625 0.7558154781249999 0.46005999375 0.7114550515625 0.4569580109375 0.7095541875 0.48414163125