1 0.493879534375 0.180127109375 0.5284819265625 0.0413444984375 0.466281928125 0.025836296874999998 0.4316795375 0.1646189078125 0.493879534375 0.180127109375
0 0.429545590625 0.33873560625 0.4778127890625 0.1451464484375 0.3596388546875 0.1156823765625 0.31137165625 0.3092715359375 0.429545590625 0.33873560625
1 0.2146589375 0.5713066109375 0.2329769609375 0.49783703125 0.11013347968750001 0.4672087109375 0.09181545468749999 0.5406782906250001 0.2146589375 0.5713066109375
1 0.1450408609375 0.6518169109375 0.1604520421875 0.590006040625 0.0904694625 0.5725574250000001 0.0750582828125 0.6343682937499999 0.1450408609375 0.6518169109375
1 0.0873990984375 0.6312454203125 0.10717243437499999 0.55193890625 0.024757940625 0.5313906640625 0.004984606250000001 0.6106971796875 0.0873990984375 0.6312454203125
1 0.11302638437500001 0.892816565625 0.1313444078125 0.8193469859375 0.0520429484375 0.7995749109375 0.033724925 0.873044490625 0.11302638437500001 0.892816565625
1 0 0.8906428125 0.040062196875 0.900631440625 0.071753965625 0.7735227 0 0.755632428125 0 0.8906428125
1 0.30349939843749996 0.9303952171875001 0.356710875 0.7169756390625001 0.1639050296875 0.66890374375 0.110693553125 0.8823233203124999 0.30349939843749996 0.9303952171875001
1 0.552408209375 0.561368796875 0.5704351703125 0.4890666046875 0.46469315 0.4627021578125 0.4466661890625 0.53500435 0.552408209375 0.561368796875
1 0.7457148296875 0.44854827343750003 0.7622902593750001 0.38206785625 0.7234177875000001 0.372375859375 0.7068423578125 0.438856278125 0.7457148296875 0.44854827343750003
1 0.9857305000000001 0.31390283750000003 0.9988169625 0.26141590312499996 0.9661705546875 0.25327623906249996 0.9530840921875001 0.30576317343750004 0.9857305000000001 0.31390283750000003
1 0.45267172499999997 0.4844798640625 0.4770982765625 0.38651031874999997 0.394683784375 0.3659620765625 0.3702572328125 0.46393162343750005 0.45267172499999997 0.4844798640625
1 0.24385046875 0.500556153125 0.264205928125 0.41891486406249995 0.1880175 0.3999189546875 0.167662040625 0.48156024375 0.24385046875 0.500556153125
1 0.6073099671875 0.41402396250000006 0.61835899375 0.3697087375 0.5452835968749999 0.3514889953125 0.5342345703125 0.3958042203125 0.6073099671875 0.41402396250000006
1 0.84061921875 0.39910949218749997 0.8475971546875 0.371122525 0.8227131125 0.3649182375 0.8157351765625 0.3929052046875 0.84061921875 0.39910949218749997
0 0.8771387484375 0.3784961234375 0.9152301062499999 0.2257200296875 0.831259096875 0.20478370468749998 0.7931677374999999 0.3575598 0.8771387484375 0.3784961234375
0 0.815649840625 0.2739768796875 0.8630438515625001 0.08388988281250001 0.7230989078125 0.0489976890625 0.675704896875 0.23908468593749999 0.815649840625 0.2739768796875
0 0.6543952609375 0.31800815781249997 0.7236000421875 0.0404429375 0.6178580218749999 0.014078490625 0.548653240625 0.2916437125 0.6543952609375 0.31800815781249997
0 0.7889935515625 0.36767061874999996 0.8305738765624999 0.2009010421875 0.6719709546875 0.1613568921875 0.6303906296874999 0.32812647031250003 0.7889935515625 0.36767061874999996