0 0.8369791796875001 0.499781784375 0.87739525625 0.3376817546875 0.7327807640625 0.3016253125 0.6923646875 0.4637253421875 0.8369791796875001 0.499781784375
0 0.8516149578125001 0.6000509218750001 0.8806909453125 0.4834335046875 0.8231604953125 0.4690895515625 0.79408450625 0.5857069703125 0.8516149578125001 0.6000509218750001
0 0.7256101187499999 0.6020810203125 0.7855084671875 0.3618418625 0.5942389218749999 0.314153009375 0.5343405734375 0.554392165625 0.7256101187499999 0.6020810203125
0 0.4884393828125 0.49340579531250006 0.529146521875 0.330138378125 0.43894944843749995 0.307649721875 0.398242309375 0.47091713906250005 0.4884393828125 0.49340579531250006
1 0.42174055781249997 0.27733606875 0.4641940703125 0.10706432968749999 0.39576800625 0.090003796875 0.35331449375 0.2602755359375 0.42174055781249997 0.27733606875
1 0.2167235078125 0 0.2130512359375 0.0147286796875 0.3498831484375 0.048844706249999995 0.3620615015625 0 0.2167235078125 0
1 0.17179161874999999 0.849246765625 0.194180734375 0.759448928125 0.09155174687499999 0.733860646875 0.06916263125 0.823658484375 0.17179161874999999 0.849246765625
1 0 0.8051743468750001 0.072566725 0.8232672640625 0.096120090625 0.728799878125 0.013705596875 0.7082516375 0 0.7632217859375 0 0.8051743468750001
1 0 0.777919446875 0.029196340625 0.7851989125000001 0.061470232812500004 0.6557553984375 0 0.6404291484375 0 0.777919446875
1 0.51018533125 0.783719871875 0.5279212296875 0.7125850671875 0.4501762859375 0.6932010749999999 0.4324403859375 0.76433588125 0.51018533125 0.783719871875
1 0.4127452375 0.677684784375 0.42902960468750007 0.6123717546874999 0.3730556703125 0.598415884375 0.356771303125 0.6637289156249999 0.4127452375 0.677684784375
1 0.3712589765625 0.6586694515625 0.3898680625 0.584032484375 0.32455503124999996 0.5677481171875 0.3059459453125 0.6423850828125001 0.3712589765625 0.6586694515625
1 0.49142094218750004 0.9053962265625 0.5004363125 0.86923755 0.433566765625 0.8525650984375 0.42455139375 0.8887237750000001 0.49142094218750004 0.9053962265625
1 0.45810554375 0.933008259375 0.4645013546875 0.907356065625 0.4178463 0.8957236546875 0.41145049062499994 0.9213758484374999 0.45810554375 0.933008259375