0 0.524656925 0.07092393125 0.4103892734375 0.0869832015625 0.425109728125 0.1917246796875 0.5393773796875 0.175665409375 0.524656925 0.07092393125
0 0.607014128125 0.0350609234375 0.51298508125 0.048275845312499996 0.5216834 0.11016759843749999 0.615712446875 0.096952678125 0.607014128125 0.0350609234375
0 0.743353478125 0.1502277828125 0.6100541125000001 0.1689617875 0.6249978234375 0.2752918203125 0.7582971890625 0.2565578171875 0.743353478125 0.1502277828125
0 0.628560390625 0.22300591406249998 0.5381055906250001 0.2357185078125 0.545687625 0.2896674875 0.636142425 0.27695489375000004 0.628560390625 0.22300591406249998
0 0.786551721875 0.4403096390625 0.610392315625 0.465067228125 0.6273424390625 0.585673628125 0.8035018453125 0.5609160375 0.786551721875 0.4403096390625
1 0.8786238921875 0.58595474375 0.7822120124999999 0.59950455 0.792249871875 0.670927634375 0.888661753125 0.657377828125 0.8786238921875 0.58595474375
1 0.5612131546875 0.564220346875 0.485039878125 0.5749258015625001 0.49262191250000004 0.62887478125 0.5687951890625 0.6181693265625 0.5612131546875 0.564220346875
1 0.5446356609375 0.4807884515625 0.491068346875 0.488316846875 0.4993201515625 0.547031490625 0.552887465625 0.5395030953125 0.5446356609375 0.4807884515625
1 0.5895646703125 0.48095381875000004 0.550294353125 0.48647290156249995 0.55765313125 0.5388333249999999 0.5969234484375 0.5333142421875 0.5895646703125 0.48095381875000004
1 0.6530199125 0.4574458609375 0.58636249375 0.46681395 0.59283114375 0.512840784375 0.6594885625 0.5034726953125 0.6530199125 0.4574458609375
1 0.4927010375 0.5431019515625 0.4474736375 0.5494582484375 0.453272515625 0.5907194171875 0.49849991562499996 0.5843631203124999 0.4927010375 0.5431019515625
1 0.402418153125 0.306562834375 0.3262448765625 0.3172682890625 0.3347199375 0.377571490625 0.4108932140625 0.366866034375 0.402418153125 0.306562834375
1 0.9763239718750001 0.331096003125 0.8799120921875 0.344645809375 0.8868272546875 0.3938497546875 0.9832391359375 0.3802999484375 0.9763239718750001 0.331096003125
1 0.9508784296874999 0.2796575765625 0.8187704796874999 0.2982241375 0.8272455421875 0.3585273375 0.9593534921875 0.3399607765625 0.9508784296874999 0.2796575765625
1 1 0.5514285546875 0.987910203125 0.4654051828125 0.8784082171875 0.4807946828125 0.8913455156250001 0.572848353125 1 0.5575779625 1 0.5514285546875
1 0.7880097984375001 0.7184489640625 0.7475480640625001 0.7241354890625 0.7569161531249999 0.790792909375 0.7973778874999999 0.7851063828125 0.7880097984375001 0.7184489640625
1 0.37388624843749996 0.7944589640624999 0.25129415625 0.8116881578124999 0.2624454015625 0.8910333874999999 0.38503749374999996 0.8738041921875 0.37388624843749996 0.7944589640624999
1 0.0955413234375 0.532565021875 0.0015200125 0.5457788546875 0.014677668750000001 0.63940045 0.10869898124999999 0.626186615625 0.0955413234375 0.532565021875
1 0.20610970156250003 0.27428834687500003 0.138260865625 0.283823878125 0.1449527734375 0.33143926874999996 0.2128016078125 0.3219037375 0.20610970156250003 0.27428834687500003
1 0.392361696875 0.5717620734375 0.3590329875 0.5764461171875 0.36773130625 0.638337871875 0.401060015625 0.6336538265625 0.392361696875 0.5717620734375
1 0.9220479359375 0.7999522265625 0.8637304296874999 0.8081482187500001 0.873768290625 0.8795713031249999 0.9320857953124999 0.8713753125 0.9220479359375 0.7999522265625