0 0.6496941640625 0.49546691875000004 0.433082621875 0.45727245937500005 0.4005235890625 0.6419239125 0.61713513125 0.680118371875 0.6496941640625 0.49546691875000004
1 0.8792350015625001 0.8549014671874999 0.8011120484375001 0.8411262828125 0.7816308937499999 0.9516094031250001 0.8597538468750001 0.9653845875 0.8792350015625001 0.8549014671874999
1 0.7107488484375 0.4883461890625 0.681158453125 0.48312860312500006 0.6747587953124999 0.5194228734374999 0.704349190625 0.5246404578125 0.7107488484375 0.4883461890625
1 0.745635971875 0.463569528125 0.701842803125 0.45584761093750004 0.69544314375 0.4921418796875 0.7392363140625 0.49986379843749995 0.745635971875 0.463569528125
1 0.7581470859375 0.8009932859375001 0.6977814484375 0.7903491953125 0.6866498765625 0.853479475 0.7470155140625 0.864123565625 0.7581470859375 0.8009932859375001
1 0.8035174609375 0.6820755578125001 0.7384124359375 0.6705957859375 0.7286736671875 0.7258270859375 0.7937786921875001 0.7373068593750001 0.8035174609375 0.6820755578125001
1 0.11985473437500001 0.5794242671875 0.08080095312499999 0.5725380328125 0.073008490625 0.6167312796875 0.1120622734375 0.623617515625 0.11985473437500001 0.5794242671875
1 0.14427033281249999 0.4340280109375 0.09810746875000001 0.425888253125 0.0936541171875 0.4511444703125 0.1398169796875 0.459284228125 0.14427033281249999 0.4340280109375
1 0.25357175781249996 0.38170265 0.20622404843750003 0.3733539703125 0.20066007031250002 0.4049088515625 0.24800778124999998 0.4132575296875 0.25357175781249996 0.38170265
1 0.6852379359375 0.25929056250000004 0.646184153125 0.2524043265625 0.6403416156249999 0.28553900468750004 0.6793953984375001 0.2924252390625 0.6852379359375 0.25929056250000004
1 0.6958264375 0.3099615421875 0.6555878078124999 0.3028663875 0.650577334375 0.33128219375 0.6908159640625 0.33837735 0.6958264375 0.3099615421875
1 0.165273475 0.19037985625 0.098983603125 0.1786911625 0.08980195625000001 0.23076287343750002 0.156091828125 0.242451565625 0.165273475 0.19037985625
1 0.10705440625 0.1605884578125 0.07509431718750001 0.15495303124999998 0.06785897656249999 0.1959866859375 0.09981906562500001 0.2016221125 0.10705440625 0.1605884578125
1 0.10049179374999999 0.07318349375 0.0685393984375 0.0675494234375 0.062975421875 0.0991043046875 0.0949278171875 0.1047383734375 0.10049179374999999 0.07318349375
1 0.3521561546875 0.320961353125 0.308362984375 0.31323943593750003 0.3027990078125 0.3447943171875 0.346592178125 0.352516234375 0.3521561546875 0.320961353125
1 0.9503751328125001 0.82513595 0.9231544312500001 0.8203362046875 0.9131371015624999 0.877147303125 0.940357803125 0.8819470468749999 0.9503751328125001 0.82513595
1 0.8814015078124999 0.9464074421875001 0.9275643703125 0.9545472 0.9403636875 0.8819586625 0.8942008250000001 0.8738189046875 0.8814015078124999 0.9464074421875001