0 0.7086319421875 0.1355249328125 0.578041025 0.1148413640625 0.5617457671875 0.21772556718749997 0.6923366859375 0.23840913593750002 0.7086319421875 0.1355249328125
0 0.8053060390625 0.1167502796875 0.70558038125 0.1009552875 0.6985603859375 0.1452778015625 0.7982860421875 0.16107279375 0.8053060390625 0.1167502796875
0 0.9651593406250001 0.3059613484375 0.784721028125 0.2773827265625 0.7619076671875 0.42142061093749994 0.9423459812500001 0.44999923124999996 0.9651593406250001 0.3059613484375
0 0.7851290765625001 0.3439747515625 0.6782889765625 0.32705294218750003 0.6652527703125 0.409360303125 0.7720928703125 0.42628211250000003 0.7851290765625001 0.3439747515625
0 0.6964307015625 0.9270170703125 0.93267340625 0.9644342390625 0.9617539203125001 0.7808270921875 0.725511215625 0.7434099234375 0.6964307015625 0.9270170703125
0 0.7632652578125 0.7201862859375 0.6754227265625 0.7062733953125 0.6661474671875001 0.7648350828125 0.7539899984375 0.778747971875 0.7632652578125 0.7201862859375
1 0.6221338921874999 0.6816021921875 0.533103046875 0.667501090625 0.5188121078125 0.7577305359375 0.6078429515625 0.7718316359374999 0.6221338921874999 0.6816021921875
1 0.6755457171875 0.7208787015625 0.6221179515624999 0.7124165734375 0.61208985 0.7757315109375 0.6655176171875 0.7841936375 0.6755457171875 0.7208787015625
1 0.5961454734375 0.8072819484375 0.4881170609375 0.7901719296875 0.46755896406249997 0.9199706390625 0.5755873765625 0.9370806593750001 0.5961454734375 0.8072819484375
1 0.5565518390624999 0.7653109921875 0.45682618125 0.7495160000000001 0.44780186874999994 0.8064932718750001 0.547527525 0.8222882640625 0.5565518390624999 0.7653109921875
1 0.5088611249999999 0.3748347765625 0.3925299578125 0.3564097296875 0.3787409109375 0.4434703421875 0.49507207812500004 0.4618953890625 0.5088611249999999 0.3748347765625
1 0.29548295156250004 0.2469430171875 0.21950811250000002 0.234909784375 0.2084762234375 0.304562390625 0.28445106249999996 0.316595621875 0.29548295156250004 0.2469430171875
1 0 0.6901551421875001 0.041702525000000004 0.6967601734375 0.0592525171875 0.5859538875 0 0.5765692109375 0 0.6901551421875001
1 0.41532662656249997 0.7964877546875 0.30254496406250003 0.7786248953125 0.29126212812499996 0.8498619156249999 0.404043790625 0.8677247765624999 0.41532662656249997 0.7964877546875
1 0.426751878125 0.0097452015625 0.40537768593749995 0.006359862500000001 0.3996124234375 0.04276029375 0.4209866171875 0.0461456328125 0.426751878125 0.0097452015625
1 0.8849623843750001 0.5203996203125001 0.8220435500000001 0.51043425625 0.8115135562500001 0.5769180281249999 0.8744323890624999 0.5868833921875 0.8849623843750001 0.5203996203125001