0 0.49745934218750004 0.3394140484375 0.2573836921875 0.3948398796875 0.302805059375 0.5915814359375 0.542880709375 0.5361556046875 0.49745934218750004 0.3394140484375
1 0.7181454265625 0.0022861656250000003 0.6221090765625 0.0244579046875 0.65311014375 0.15873827812500002 0.74914649375 0.136566540625 0.7181454265625 0.0022861656250000003
1 0.665830671875 0.2725649875 0.5955694546875 0.28878606875 0.6092680359375 0.3481211453125 0.679529253125 0.3319000640625 0.665830671875 0.2725649875
1 0.5941472796875 0.49635299843749997 0.562525925 0.5036533624999999 0.57514193125 0.5582992828125 0.606763284375 0.5509989187500001 0.5941472796875 0.49635299843749997
1 0.645769025 0.5222694515625 0.586043184375 0.5360582484374999 0.597220440625 0.5844722609375 0.6569462796875001 0.5706834640625 0.645769025 0.5222694515625
1 0.6008284515625 0.7497508828125 0.5621885875 0.7586715984375 0.5719224078125 0.8008334015624999 0.6105622703125 0.7919126875 0.6008284515625 0.7497508828125
1 0.6055153453125001 0.70590615625 0.558669459375 0.71672138125 0.5644385171875 0.7417099140625 0.611284403125 0.7308946890625 0.6055153453125001 0.70590615625
1 0.830219834375 0.10303201875000001 0.7810293703125 0.11438853281250001 0.7914849078125 0.1596764421875 0.840675371875 0.148319928125 0.830219834375 0.10303201875000001
1 0.8304887203125 0.066792721875 0.807073390625 0.0721985765625 0.8193285359375 0.125281446875 0.8427438671875 0.11987559218749999 0.8304887203125 0.066792721875
1 0.8605770093749999 0.015447951562500001 0.793817434375 0.030860614062500003 0.8118416375 0.1089320140625 0.8786012124999999 0.09351935312500001 0.8605770093749999 0.015447951562500001
1 0.1226396109375 0.644679065625 0.0547077484375 0.660362371875 0.060115946875000006 0.683787853125 0.128047809375 0.6681045453125 0.1226396109375 0.644679065625
1 0.690807940625 0.5250209203125 0.6638757421875 0.5312387078125 0.6736095625 0.5734005140625 0.700541759375 0.5671827265625 0.690807940625 0.5250209203125
1 0.4858670890625 0.6792526140625 0.44722722656249997 0.688173328125 0.45515675 0.7225198734375 0.49379661406249997 0.7135991578125 0.4858670890625 0.6792526140625