0 0.33256204375 0 0.30810407500000003 0.15442153125 0.4600640421875 0.1784896265625 0.48833402187499997 0 0.33256204375 0
0 0.667352728125 0.375609215625 0.6321916375 0.5976076015625 0.785736021875 0.62192664375 0.8208971125 0.39992825625 0.667352728125 0.375609215625
0 0.5654138484375 0.59918853125 0.548303828125 0.70721694375 0.61954085 0.718499778125 0.6366508703125 0.6104713671875001 0.5654138484375 0.59918853125
0 0.7763751359375 0.5888044890625 0.757385459375 0.7087005953125 0.844446071875 0.722489640625 0.8634357500000001 0.6025935359375 0.7763751359375 0.5888044890625
0 0.8497636921874999 0.5249757140625 0.8330300921875 0.6306275 0.87259935625 0.63689465625 0.88933295625 0.5312428687499999 0.8497636921874999 0.5249757140625
1 0.8800958453125001 0.5382908890625 0.87520726875 0.56915615 0.90370619375 0.5736699359374999 0.9085947703125001 0.5428046765625 0.8800958453125001 0.5382908890625
1 0.3720864421875 0.7133826296875 0.35121710625 0.8451464281250001 0.4430309671875 0.8596883156249999 0.46390030312499997 0.7279245171875 0.3720864421875 0.7133826296875
1 0.29861143125 0.7881449921875 0.27360391562499997 0.9460362328125 0.34957360937500004 0.9580686515625001 0.3745811265625 0.800177409375 0.29861143125 0.7881449921875
1 0.3978540796875 0.23313372812500002 0.38619726718749997 0.3067319421875 0.4526810390625 0.3172619375 0.46433785156249996 0.2436637234375 0.3978540796875 0.23313372812500002
1 0.3873614484375 0.278939071875 0.3764550328125 0.34779946875 0.44135438593750004 0.35807851562500004 0.4522608015625 0.28921811875 0.3873614484375 0.278939071875
1 0.5807071640625 0.2669752109375 0.566794275 0.3548177421875 0.6158700390625 0.3625905796875 0.6297829296875 0.2747480484375 0.5807071640625 0.2669752109375
1 0.60989296875 0.1851823078125 0.5991747640625 0.252854390625 0.6672429515625 0.26363533281249996 0.6779611562500001 0.1959632484375 0.60989296875 0.1851823078125
1 0.2791152453125 0.1121158265625 0.25655201875 0.2545744375 0.3230357890625 0.26510443125 0.34559901718749997 0.12264582187499999 0.2791152453125 0.1121158265625
1 0.291327221875 0.5472743484375 0.287003275 0.574574671875 0.3281569546875 0.581092775 0.3324809015625 0.5537924515625 0.291327221875 0.5472743484375
1 0.7082637921875 0.22997391562499997 0.695665928125 0.3095136921875 0.7336507765625 0.3155299015625 0.746248640625 0.235990125 0.7082637921875 0.22997391562499997