0 0.385828125 0.9086562499999999 0.503609375 0.9086562499999999 0.503609375 0.8413437500000001 0.385828125 0.8413437500000001 0.385828125 0.9086562499999999
0 0.46754687500000003 0.892625 0.626203125 0.892625 0.626203125 0.7820416671875 0.46754687500000003 0.7820416671875 0.46754687500000003 0.892625
0 0.2476015625 0.78365625 0.4915859375 0.78365625 0.4915859375 0.63621875 0.2476015625 0.63621875 0.2476015625 0.78365625
0 0.5372578125 0.62821875 0.6502421875 0.62821875 0.6502421875 0.5160312499999999 0.5372578125 0.5160312499999999 0.5372578125 0.62821875
0 0 0.2051354171875 0.02403125 0.2051354171875 0.02403125 0.10578125000000001 0 0.10578125000000001 0 0.2051354171875
1 0.013218750000000001 0 0.013218750000000001 0.0657083328125 0.18509375 0.0657083328125 0.18509375 0 0.013218750000000001 0
1 0.7476015625 0.4070625 0.9002421875 0.4070625 0.9002421875 0.3205208328125 0.7476015625 0.3205208328125 0.7476015625 0.4070625
1 0.8653828125 0.3221041671875 0.9999921875 0.3221041671875 0.9999921875 0.2419791671875 0.8653828125 0.2419791671875 0.8653828125 0.3221041671875
1 0.15985156250000002 0.24840625 0.2391796875 0.24840625 0.2391796875 0.1666770828125 0.15985156250000002 0.1666770828125 0.15985156250000002 0.24840625
1 0.2536015625 0.26603125 0.2968671875 0.26603125 0.2968671875 0.2227604171875 0.2536015625 0.2227604171875 0.2536015625 0.26603125
1 0.30167968749999996 0.2564166671875 0.3521640625 0.2564166671875 0.3521640625 0.1939166671875 0.30167968749999996 0.1939166671875 0.30167968749999996 0.2564166671875
1 0.188703125 0.5176145828125 0.240390625 0.5176145828125 0.240390625 0.46313541718750006 0.188703125 0.46313541718750006 0.188703125 0.5176145828125
1 0.03365625 0.5256458328125 0.08534375 0.5256458328125 0.08534375 0.4519375 0.03365625 0.4519375 0.03365625 0.5256458328125