1 0.7287922921875001 0.7888073640625 0.7188533671874999 0.9784533546875 0.8484879640624999 0.9852472156250001 0.8584268890625 0.795601225 0.7287922921875001 0.7888073640625
1 0.6504620625 0.3237423953125 0.646813265625 0.3933655984375 0.75243914375 0.3989012171875 0.756087940625 0.3292780140625 0.6504620625 0.3237423953125
1 0.5396379484375 0.233686078125 0.535738103125 0.3080995828125 0.6397620125000001 0.3135512453125 0.643661859375 0.239137740625 0.5396379484375 0.233686078125
1 1 0.19161253125 0.8823614265625 0.1854473546875 0.87764383125 0.27546444531250003 1 0.28187686093750003 1 0.19161253125
1 0.3127420234375 0.3987171203125 0.3093450921875 0.46353441875 0.358964496875 0.46613486093749995 0.362361428125 0.40131756249999995 0.3127420234375 0.3987171203125
1 0.10209233749999999 0.6211693046875 0.09989095625 0.663174159375 0.14150051875 0.665354825 0.1437019 0.6233499703125001 0.10209233749999999 0.6211693046875
1 0.49670406875 0.4709361109375 0.49324417187499997 0.5369548859375 0.5380576718750001 0.5393034609375 0.5415175703124999 0.47328468749999997 0.49670406875 0.4709361109375
1 0.7479887984375 0.7284324140625 0.7442778515625 0.7992414906249999 0.7954992234375 0.8019258890625001 0.7992101703125 0.7311168125 0.7479887984375 0.7284324140625
0 0.5427861140625 0.602137040625 0.5345456546875 0.75937438125 0.6721692874999999 0.7665869296875 0.680409746875 0.6093495890625 0.5427861140625 0.602137040625
0 0.3070409046875 0.4766505515625 0.292761365625 0.749120378125 0.4735965328125 0.7585975484375 0.48787607031249997 0.48612772031249996 0.3070409046875 0.4766505515625
0 0.1317922125 0.6973436953125 0.12348878593749998 0.8557825125 0.31393575937499996 0.8657634156249999 0.3222391859375 0.7073245984375001 0.1317922125 0.6973436953125
0 0.15533973437499998 0.5541454546875 0.1484199390625 0.686183003125 0.22044609375 0.689957734375 0.22736588906250002 0.5579201859375 0.15533973437499998 0.5541454546875
1 0.41660466406249996 0.3150929546875 0.41364850000000003 0.37149991875 0.45846200000000004 0.3738484953125 0.46141816406249997 0.3174415296875 0.41660466406249996 0.3150929546875
1 0.547060659375 0.0920523234375 0.5447963109375 0.1352586546875 0.6344233125 0.1399558078125 0.6366876609375 0.0967494765625 0.547060659375 0.0920523234375
1 0.733079121875 0.0945803046875 0.737419734375 0.01175646875 0.6718014515624999 0.008317559375 0.6674608375 0.091141396875 0.733079121875 0.0945803046875