0 0.7426379328125 0.35032328281249997 0.5560379359375001 0.3968478875 0.595194003125 0.55389429375 0.781794 0.5073696890625 0.7426379328125 0.35032328281249997
1 0.2465799234375 0.5169466703125 0.164938634375 0.5373021296875 0.17463063125 0.576174603125 0.2562719203125 0.55581914375 0.2465799234375 0.5169466703125
1 0.2271834 0.45901195625 0.14437472499999998 0.479658478125 0.1552309703125 0.5232004984375 0.2380396453125 0.5025539765625 0.2271834 0.45901195625
1 1 0.5487582125 0.9593834250000001 0.5588850625 0.9803197484374999 0.642856071875 1 0.637949234375 1 0.5487582125
1 0.916301421875 0.4655668421875 0.8684840359375 0.47748905468749997 0.8766237 0.5101354640625 0.9244410859375 0.49821325156249996 0.916301421875 0.4655668421875
1 0.9216913124999999 0.551771471875 0.863382603125 0.5663094656250001 0.87191035 0.600512390625 0.9302190593749999 0.585974396875 0.9216913124999999 0.551771471875
1 1 0.8328425656249999 0.9630899296875001 0.8420452796875001 0.9766577156249999 0.8964626984375 1 0.8906428125 1 0.8328425656249999
1 0.5187802140625 0.9131777156249999 0.47796715 0.92335355625 0.49114685312499995 0.9762144578124999 0.5319599171875 0.9660386171875001 0.5187802140625 0.9131777156249999
1 0.5613922796875 1 0.5836424640625 0.99445240625 0.572010053125 0.9477973531250001 0.502042634375 0.9652421906249999 0.51070873125 1 0.5613922796875 1
1 0.06183936718750001 0.6753016078125 0.030357818749999998 0.6831508390625001 0.0474183515625 0.7515769015625 0.0788999 0.7437276703125 0.06183936718750001 0.6753016078125
1 0.1881763828125 0.6454555281250001 0.10188070625000001 0.6669714578125 0.1166127421875 0.7260584234375 0.20290841875 0.7045424953125 0.1881763828125 0.6454555281250001
1 0.270222728125 0.611805075 0.2165835671875 0.62517881875 0.22588748125000002 0.6624947765625 0.2795266421875 0.64912103125 0.270222728125 0.611805075
1 0.3926845734375 0.56144333125 0.350704121875 0.5719102328125001 0.361172284375 0.6138957375 0.403152734375 0.6034288359375 0.3926845734375 0.56144333125
1 0.10002683593749999 0.530362065625 0.041718128125 0.5449000609375 0.0506339578125 0.5806595 0.10894266562499999 0.56612150625 0.10002683593749999 0.530362065625
1 0.07837390625 0.3491230609375 0.023567357812500002 0.36278786875 0.03519976875 0.4094429203125 0.09000631718749999 0.39577811406249996 0.07837390625 0.3491230609375
1 0.1818111109375 0.29195323125 0.146819821875 0.3006775390625 0.1538002765625 0.3286746140625 0.188791565625 0.31995030625 0.1818111109375 0.29195323125
1 0.23660886250000002 0.2881995375 0.1783001546875 0.30273753124999997 0.19070873125 0.352505615625 0.249017440625 0.33796762187499996 0.23660886250000002 0.2881995375
1 0.6894921390625 0.1868345171875 0.6370052046875 0.1999209796875 0.6435975765624999 0.22636153750000002 0.6960845109375 0.213275075 0.6894921390625 0.1868345171875
1 0.7116170875 0.22096456562500003 0.6673018625 0.2320135921875 0.6742823171875 0.26001066562499997 0.7185975421874999 0.24896163906250002 0.7116170875 0.22096456562500003
1 0.8095006874999999 0.32042631875 0.7570137531250001 0.33351278125 0.7639942078125 0.3615098546875 0.8164811421874999 0.3484233921875 0.8095006874999999 0.32042631875
1 0.7888885343750001 0.347036621875 0.7515624703125 0.3563430546875 0.759702134375 0.3889894625 0.797028196875 0.3796830296875 0.7888885343750001 0.347036621875
1 0.8378506546875 0.3546575703125 0.798204978125 0.3645423484375 0.8075088906250001 0.40185830625 0.8471545671875 0.39197352812499997 0.8378506546875 0.3546575703125
1 1 0.47607848124999996 0.9423153109375001 0.4904608890625 0.9547238874999999 0.540228975 1 0.528940371875 1 0.47607848124999996
1 0.3457255640625 0.4624893890625 0.29907556562500004 0.47412053906249996 0.3060560203125 0.5021176140625 0.35270601875 0.4904864640625 0.3457255640625 0.4624893890625
1 0.1313229359375 0.228576534375 0.1010011953125 0.23613659375 0.1091408578125 0.2687830015625 0.1394626 0.2612229421875 0.1313229359375 0.228576534375