1 0.13702343749999998 0.83653125 0.0000078125 0.83653125 0.0000078125 0.9695520828124999 0.13702343749999998 0.9695520828124999 0.13702343749999998 0.83653125
1 0.6935078125 0.5817395828125 0.6093671875 0.5817395828125 0.6093671875 0.6810937499999999 0.6935078125 0.6810937499999999 0.6935078125 0.5817395828125
1 0.876203125 0.9807604171875001 0.7752343749999999 0.9807604171875001 0.7752343749999999 0.9999895828125 0.876203125 0.9999895828125 0.876203125 0.9807604171875001
1 0.7451875 1 0.7451875 0.9022500000000001 0.6875 0.9022500000000001 0.6875 1 0.7451875 1
1 0.5985546875 0.6730729171875 0.5300390625 0.6730729171875 0.5300390625 0.7964687500000001 0.5985546875 0.7964687500000001 0.5985546875 0.6730729171875
1 0.4386953125 0.3092916671875 0.3906171875 0.3092916671875 0.3906171875 0.3445416671875 0.4386953125 0.3445416671875 0.4386953125 0.3092916671875
1 0.5288515625 0.3653958328125 0.4495234375 0.3653958328125 0.4495234375 0.4246875 0.5288515625 0.4246875 0.5288515625 0.3653958328125
1 0.9999921875 0.7195625 0.9254765624999999 0.7195625 0.9254765624999999 0.7996875 0.9999921875 0.7996875 0.9999921875 0.7195625
1 0.811296875 0.5689062500000001 0.757203125 0.5689062500000001 0.757203125 0.6330104171875 0.811296875 0.6330104171875 0.811296875 0.5689062500000001
0 0.3810078125 0.2307604171875 0.2211484375 0.2307604171875 0.2211484375 0.30128125 0.3810078125 0.30128125 0.3810078125 0.2307604171875
0 0.20672656250000002 0.2483958328125 0.0624921875 0.2483958328125 0.0624921875 0.40064583281250005 0.20672656250000002 0.40064583281250005 0.20672656250000002 0.2483958328125
0 0.43990625000000005 0.37340625 0.165875 0.37340625 0.165875 0.57371875 0.43990625000000005 0.57371875 0.43990625000000005 0.37340625
0 0.355765625 0.6442187500000001 0.16104687499999998 0.6442187500000001 0.16104687499999998 0.7948645828124999 0.355765625 0.7948645828124999 0.355765625 0.6442187500000001
1 0.206734375 0.8525625 0.139421875 0.8525625 0.139421875 0.9038541671875 0.206734375 0.9038541671875 0.206734375 0.8525625
1 0.9014374999999999 0.6570416671875 0.8413437500000001 0.6570416671875 0.8413437500000001 0.740375 0.9014374999999999 0.740375 0.9014374999999999 0.6570416671875