1 0.27143313281250003 0.35252908125000004 0.2704890671875 0.2984435703125 0.22882874531250003 0.29917075312499997 0.22977281249999998 0.353256265625 0.27143313281250003 0.35252908125000004
1 0.244826278125 0.297696021875 0.2443858765625 0.2724654890625 0.212349090625 0.27302469375 0.21278949218749998 0.298255225 0.244826278125 0.297696021875
0 0.5613711046875001 0.8018499 0.5582247625 0.6215961078125 0.3996030921875 0.624364859375 0.402749434375 0.8046186515624999 0.5613711046875001 0.8018499
1 0.6521677312499999 0.9529445421875 0.6529438171875 0.9974065203125001 0.7346605375 0.9959801484374999 0.73388445 0.951518171875 0.6521677312499999 0.9529445421875
1 0.48065700624999996 0.31041026875 0.4792305453125 0.22868834218749998 0.439174146875 0.2293875296875 0.440600609375 0.31110945624999997 0.48065700624999996 0.31041026875
1 0.4244142359375 0.30176552343749996 0.4230717640625 0.2248553640625 0.383015365625 0.2255545515625 0.38435783749999997 0.3024647109375 0.4244142359375 0.30176552343749996
1 0.924475971875 0.4841754 0.9237208828125001 0.44091636406249995 0.8612304015625 0.442007140625 0.8619854921875 0.485266175 0.924475971875 0.4841754
1 1 0.4962334734375 0.9994728953124999 0.4660356359375 0.9241718656250001 0.4673500203125 0.92501094375 0.515420821875 1 0.5141118828125 1 0.4962334734375
1 1 0.922838196875 0.9289456875000001 0.9240784546875 0.9301411765625 0.9925680218749999 1 0.99134863125 1 0.922838196875
1 0.9696459890625 0.22612902343750002 0.9686602000000001 0.1696532515625 0.8548858640624999 0.1716391890625 0.8558716531250001 0.2281149609375 0.9696459890625 0.22612902343750002
1 0.6084247859375 0.1002187125 0.6067046328125001 0.0016712250000000001 0.5361945390625 0.0029019828125 0.5379146921875 0.101449471875 0.6084247859375 0.1002187125
1 0.6058782859375 0.230079809375 0.6042421234375001 0.1363440875 0.5257332484374999 0.137714465625 0.5273694109375 0.2314501859375 0.6058782859375 0.230079809375
1 0.568862821875 0.31248055468749997 0.5679817484374999 0.26200386875000004 0.5231135828125 0.262787046875 0.5239946578125 0.3132637328125 0.568862821875 0.31248055468749997
1 0.27597614843749996 0.7972284625 0.275325775 0.7599685125 0.2384772203125 0.76061170625 0.2391275953125 0.79787165625 0.27597614843749996 0.7972284625
1 0.3131810828125 0.8158085390625001 0.31236300156249996 0.768940678125 0.283513228125 0.769444253125 0.28433131093749997 0.8163121140625 0.3131810828125 0.8158085390625001
1 0.4467689015625 0.8471303171875 0.44628650625 0.8194939031249999 0.417436734375 0.8199974765625001 0.41791912968749995 0.8476338921875 0.4467689015625 0.8471303171875
1 0.4329315359375 0.881041040625 0.432071459375 0.831767296875 0.3904111375 0.8324944796875 0.3912712140625 0.8817682234375 0.4329315359375 0.881041040625
1 0.5943108968749999 0.9443435984375 0.593408825 0.8926639703125 0.551748503125 0.8933911546875001 0.552650575 0.9450707828124999 0.5943108968749999 0.9443435984375
1 0.1771884796875 0.2796471515625 0.176328403125 0.23037340781250001 0.141083771875 0.2309886046875 0.14194384843750002 0.28026235 0.1771884796875 0.2796471515625
1 0.286192246875 0.1887856234375 0.2853951625 0.1431207046875 0.2453387640625 0.143819890625 0.24613584843749997 0.189484809375 0.286192246875 0.1887856234375
1 0.44114437031250003 0.158428275 0.4404729984375 0.1199653828125 0.41162322656250006 0.1204689578125 0.41229459999999996 0.1589318484375 0.44114437031250003 0.158428275
1 0.3935500640625 0.0943507125 0.3927529796875 0.04868579375 0.368714975 0.049105378125 0.369512059375 0.094770296875 0.3935500640625 0.0943507125
1 0.4738831453125 0.1061692578125 0.47272937812500004 0.0400699515625 0.4358808234375 0.0407131453125 0.437034590625 0.10681245156250001 0.4738831453125 0.1061692578125
1 0.6487591421875 0.7582634421875001 0.64787806875 0.70778675625 0.603009903125 0.7085699328125 0.6038909765625 0.75904661875 0.6487591421875 0.7582634421875001
1 0.5516921499999999 0.4305794625 0.5511257656249999 0.3981312796875 0.520672071875 0.39866285156250003 0.52123845625 0.4311110328125 0.5516921499999999 0.4305794625
1 0.9829698203125 0.1633947484375 0.9821937328124999 0.1189327703125 0.9501569468750001 0.119491975 0.950933034375 0.1639539515625 0.9829698203125 0.1633947484375
1 0.651557296875 0 0.65205519375 0.028524462499999997 0.6953194359375 0.0277692828125 0.6948347218750001 0 0.651557296875 0
1 0.66612053125 0.926243840625 0.6650717515625 0.86615924375 0.6314310421875 0.86674644375 0.6324798234375 0.9268310421875 0.66612053125 0.926243840625
1 0.9561448312499999 0.37062103281250003 0.9554317375 0.32976788125 0.907355728125 0.33060705 0.9080688218749999 0.37146020156250004 0.9561448312499999 0.37062103281250003