1 0.7121039109375 0.7011582796875 0.639193025 0.6934950359375 0.6350053531250001 0.7333380703125 0.707916240625 0.7410013125 0.7121039109375 0.7011582796875
1 1 0.4172065140625 0.9300520578125001 0.40985468750000004 0.9238543921875 0.46882155000000003 1 0.476824775 1 0.4172065140625
1 1 0.476824775 0.89037474375 0.465302696875 0.8816640390625 0.5481795203125001 0.992832940625 0.55986384375 1 0.4916738234375 1 0.476824775
1 0.9264053875 0.042073346875 0.8259897546875001 0.031519239062499996 0.8174467312499999 0.1128006828125 0.9178623640625 0.1233547921875 0.9264053875 0.042073346875
1 0.3748992296875 0 0.367506346875 0.0703385796875 0.4392206984375 0.0778760609375 0.44740580156250004 0 0.3748992296875 0
1 0.5622120578125 0.19554341875 0.48690810312500005 0.1876286546875 0.48104579843749995 0.24340475781249998 0.556349753125 0.251319521875 0.5622120578125 0.19554341875
1 0.49164543906249997 0.16557595 0.4342739578125 0.159545965625 0.428243971875 0.216917446875 0.48561545468749995 0.22294743281249998 0.49164543906249997 0.16557595
1 0.34592354687500004 0.45962134375 0.23714771406250001 0.44818854375 0.22977627968749997 0.5183230546875001 0.3385521125 0.52975585625 0.34592354687500004 0.45962134375
1 0.4262346703125 0.15546452187499998 0.3688631875 0.1494345359375 0.361994796875 0.21478291249999998 0.41936627812499994 0.22081289843750002 0.4262346703125 0.15546452187499998
1 0.41770812656249995 0.32859459687500003 0.3675003109375 0.32331754375 0.362641915625 0.369542090625 0.41284973125 0.3748191453125 0.41770812656249995 0.32859459687500003
1 0.21012725 0.084402528125 0.1515592328125 0.07824678125 0.14686851875 0.1228759515625 0.20543653437499998 0.129031696875 0.21012725 0.084402528125
1 0.15946395468750002 0.198335071875 0.1200249453125 0.1941898640625 0.11566959218749999 0.23562827656250002 0.1551086015625 0.23977348437499998 0.15946395468750002 0.198335071875
1 0.127071859375 0.5526400953125 0.07089691249999999 0.5467358703125 0.0655354734375 0.59774655625 0.12171042031249998 0.60365078125 0.127071859375 0.5526400953125
1 0.6989028859374999 0.8383424046875 0.6534812062500001 0.83356839375 0.649628896875 0.87022066875 0.6950505765625 0.8749946796874999 0.6989028859374999 0.8383424046875
1 0.842186428125 0.6938824125 0.788389009375 0.6882280765625 0.7845366984375 0.7248803515625 0.83833411875 0.7305346890625 0.842186428125 0.6938824125
1 0.5874704875 0.7025548546875 0.54683494375 0.6982838874999999 0.5438188625 0.7269799890625 0.58445440625 0.73125095625 0.5874704875 0.7025548546875
0 0.5604509171875 0.7641827296875 0.420596275 0.7494834140625 0.4103786171875 0.8466979296874999 0.550233259375 0.8613972437499999 0.5604509171875 0.7641827296875
0 0.6391782781249999 0.8546261875000001 0.5387626453125 0.8440720796875001 0.5327326593749999 0.9014435609375001 0.6331482921875 0.9119976703124999 0.6391782781249999 0.8546261875000001
0 0.6306092671875 0.5910784062500001 0.5254230375 0.5800228875 0.518722328125 0.6437758859375 0.6239085578125 0.654831403125 0.6306092671875 0.5910784062500001
0 0.8008969390624999 0.6266984453125 0.66223883125 0.612124890625 0.655202759375 0.6790686453125 0.7938608671875 0.6936422 0.8008969390624999 0.6266984453125
0 1 0.227050234375 0.8661402218750001 0.21298100468749998 0.8560902453124999 0.30860014062499996 1 0.323725665625 1 0.227050234375
0 0.7382817546875 0.0496903828125 0.5314833578125 0.027954995312499998 0.511213546875 0.2208093671875 0.71801194375 0.242544753125 0.7382817546875 0.0496903828125
1 0.393951703125 0.0602140734375 0.28278280312500004 0.0485297515625 0.2737367359375 0.13459733437500002 0.3849056359375 0.14628165625 0.393951703125 0.0602140734375
1 0.7552673875 0.42853077500000003 0.6787668984375 0.42049025 0.6708945984375 0.4953901796875 0.7473950874999999 0.5034307046875 0.7552673875 0.42853077500000003
1 0.9269191265625001 0.5545385515625 0.8719407125 0.5487600875 0.8674176796875 0.5917938796875 0.9223960921875 0.59757234375 0.9269191265625001 0.5545385515625