1 0.1502421875 0.5753229171875 0.015632812500000003 0.5753229171875 0.015632812500000003 0.65384375 0.1502421875 0.65384375 0.1502421875 0.5753229171875
1 0.2511953125 0.5064062500000001 0.14542968750000002 0.5064062500000001 0.14542968750000002 0.5705104171875 0.2511953125 0.5705104171875 0.2511953125 0.5064062500000001
1 0.8557656250000001 0.7099270828125 0.701921875 0.7099270828125 0.701921875 0.7916562500000001 0.8557656250000001 0.7916562500000001 0.8557656250000001 0.7099270828125
1 0.7560078125 0.5961458328125 0.6814921875 0.5961458328125 0.6814921875 0.6618541671875 0.7560078125 0.6618541671875 0.7560078125 0.5961458328125
1 0.7007265625 0.5865416671875 0.6418359375 0.5865416671875 0.6418359375 0.6458333328125 0.7007265625 0.6458333328125 0.7007265625 0.5865416671875
1 0.6334140625 0.5833229171875 0.5805234375 0.5833229171875 0.5805234375 0.6298020828124999 0.6334140625 0.6298020828124999 0.6334140625 0.5833229171875
1 0.8317343749999999 0.3974479171875 0.7716406250000001 0.3974479171875 0.7716406250000001 0.45513541718750006 0.8317343749999999 0.45513541718750006 0.8317343749999999 0.3974479171875
1 0.998796875 0.4246666671875 0.969953125 0.4246666671875 0.969953125 0.45512499999999995 0.998796875 0.45512499999999995 0.998796875 0.4246666671875
1 0.71634375 0.4102604171875 0.67428125 0.4102604171875 0.67428125 0.45032291718749995 0.71634375 0.45032291718749995 0.71634375 0.4102604171875
1 0.621390625 0.330125 0.551671875 0.330125 0.551671875 0.3862083328125 0.621390625 0.3862083328125 0.621390625 0.330125
1 0.570921875 0.1826979171875 0.5216406250000001 0.1826979171875 0.5216406250000001 0.2403854171875 0.570921875 0.2403854171875 0.570921875 0.1826979171875
1 0.65384375 0.1858958328125 0.59134375 0.1858958328125 0.59134375 0.2243541671875 0.65384375 0.2243541671875 0.65384375 0.1858958328125
1 0.5264375 0.080125 0.47474999999999995 0.080125 0.47474999999999995 0.11216666718749999 0.5264375 0.11216666718749999 0.5264375 0.080125
0 0.52525 0.10096875000000001 0.43990625000000005 0.10096875000000001 0.43990625000000005 0.1650729171875 0.52525 0.1650729171875 0.52525 0.10096875000000001
0 0.4411015625 0.12659375 0.3413359375 0.12659375 0.3413359375 0.21153125 0.4411015625 0.21153125 0.4411015625 0.12659375
0 0.412265625 0.3557708328125 0.33654687499999997 0.3557708328125 0.33654687499999997 0.4182708328125 0.412265625 0.4182708328125 0.412265625 0.3557708328125
0 0.9999921875 0.5945416671875 0.8497578125 0.5945416671875 0.8497578125 0.7916666671875 0.9999921875 0.7916666671875 0.9999921875 0.5945416671875