0 0.63821875 0.4326875 0.25240625 0.4326875 0.25240625 0.6891041671875 0.63821875 0.6891041671875 0.63821875 0.4326875
0 0.594953125 0.2243541671875 0.391828125 0.2243541671875 0.391828125 0.3381458328125 0.594953125 0.3381458328125 0.594953125 0.2243541671875
1 0.9242812499999999 0.6730729171875 0.83534375 0.6730729171875 0.83534375 0.7900520828125 0.9242812499999999 0.7900520828125 0.9242812499999999 0.6730729171875
1 0.5865390625 0.83334375 0.3557734375 0.83334375 0.3557734375 0.9326979171875 0.5865390625 0.9326979171875 0.5865390625 0.83334375
1 0.907453125 0.8910208328125 0.7872656250000001 0.8910208328125 0.7872656250000001 0.9887708328124999 0.907453125 0.9887708328124999 0.907453125 0.8910208328125
1 0.183890625 0.8798125000000001 0.11417187499999999 0.8798125000000001 0.11417187499999999 0.9455208328125 0.183890625 0.9455208328125 0.183890625 0.8798125000000001
1 0 0.9342916671875001 0.046875 0.9342916671875001 0.046875 0.8477499999999999 0 0.8477499999999999 0 0.9342916671875001
1 0.735578125 0.6330208328125 0.683890625 0.6330208328125 0.683890625 0.6955208328125 0.735578125 0.6955208328125 0.735578125 0.6330208328125
1 0.277640625 0.2628125 0.228359375 0.2628125 0.228359375 0.3012708328125 0.277640625 0.3012708328125 0.277640625 0.2628125
1 0.084140625 0.7035312499999999 0.014421875 0.7035312499999999 0.014421875 0.8205104171875 0.084140625 0.8205104171875 0.084140625 0.7035312499999999
1 0.6778828125 0.40865625000000005 0.6298046875 0.40865625000000005 0.6298046875 0.4455104171875 0.6778828125 0.4455104171875 0.6778828125 0.40865625000000005
1 0.730765625 0.41507291718749995 0.699515625 0.41507291718749995 0.699515625 0.4727604171875 0.730765625 0.4727604171875 0.730765625 0.41507291718749995
1 1 0.65865625 0.9483124999999999 0.65865625 0.9483124999999999 0.78846875 1 0.78846875 1 0.65865625
1 0.633421875 0.9214687500000001 0.5841406250000001 0.9214687500000001 0.5841406250000001 0.9999895828125 0.633421875 0.9999895828125 0.633421875 0.9214687500000001
1 0.4375078125 0.1330104171875 0.40024218749999996 0.1330104171875 0.40024218749999996 0.1618645828125 0.4375078125 0.1618645828125 0.4375078125 0.1330104171875