0 0.4155514953125 0.310986965625 0.5693718140625 0.313671909375 0.5715253687499999 0.1902948703125 0.41770505 0.1876099265625 0.4155514953125 0.310986965625
0 0.069377434375 0.58384111875 0.29531176875 0.5877848171875 0.29794090156249997 0.4371619296875 0.07200656718750001 0.43321823125 0.069377434375 0.58384111875
0 0.26826309843749996 0.6225680515625001 0.44251780468749996 0.625609678125 0.44455937187499994 0.5086483281249999 0.270304665625 0.5056067 0.26826309843749996 0.6225680515625001
0 0.29954215624999997 0.207998721875 0.4233201765625 0.210159275 0.42460656406249997 0.13646216718749998 0.30082854531250003 0.13430161406250002 0.29954215624999997 0.207998721875
1 0.62984980625 0.7747455359375001 0.7632357375 0.777073796875 0.76457811875 0.70016884375 0.6311921875000001 0.697840584375 0.62984980625 0.7747455359375001
1 0.617716215625 0.7120138046875 0.7414942359375 0.7141743578125 0.7426130078125001 0.65007995625 0.6188349875 0.647919403125 0.617716215625 0.7120138046875
1 0.2938361328125 0.397021678125 0.3370951671875 0.3977767671875 0.3377943546875 0.35772036875 0.29453531875 0.35696527968749997 0.2938361328125 0.397021678125
1 0.9363707703124999 0.568511571875 0.9964553671875 0.569560353125 0.9984969343750001 0.4525990015625 0.9384123375 0.451550221875 0.9363707703124999 0.568511571875
1 0.7144224859375 0.130290046875 0.769695315625 0.1312548375 0.7705344859375 0.0831788265625 0.71526165625 0.0822140359375 0.7144224859375 0.130290046875
1 0.8207728421875 0.37256843281249996 0.8724524703125001 0.37347050312499996 0.8731516578124999 0.3334141046875 0.8214720296875001 0.332512034375 0.8207728421875 0.37256843281249996
1 0.030448223437499998 0.9550203265625001 0.11217015 0.9564467875 0.11435169999999999 0.8314658265625001 0.032629773437499995 0.8300393640625 0.030448223437499998 0.9550203265625001
1 0.1349878859375 0.40708425937500003 0.22150595625 0.4085944375 0.2223171296875 0.3621223484375 0.13579905781249998 0.3606121703125 0.1349878859375 0.40708425937500003
1 0.23309944374999997 0.2260710546875 0.28477907187499996 0.2269731265625 0.2856182421875 0.1788971171875 0.2339386140625 0.17799504531250002 0.23309944374999997 0.2260710546875