0 0.2642996203125 0.639794075 0.23331428125000003 0.49401951562499996 0.1235783484375 0.5173446078125 0.1545636875 0.66311916875 0.2642996203125 0.639794075
0 0.1909886796875 0.7573792328125 0.1669976203125 0.64451016875 0.10900161718750001 0.6568376 0.13299267812499999 0.7697066625 0.1909886796875 0.7573792328125
0 0.4962354140625 0.8522377531249999 0.4310128671875 0.5453897953125 0.3322607171875 0.5663802125 0.3974832640625 0.873228171875 0.4962354140625 0.8522377531249999
0 1 0.555366296875 0.9671282375000001 0.40071681562499994 0.757071040625 0.44536585000000006 0.8018012921875 0.6558051359375 1 0.6136767015625 1 0.555366296875
1 0.75130808125 0.9577451281249999 0.7363156984375 0.8872115171875 0.6485269515625001 0.9058715906250001 0.663519334375 0.9764052031249999 0.75130808125 0.9577451281249999
1 0.5661031125 0.8803811296875 0.5898440296875 0.9920733593750001 0.6792018875 0.9730797609374999 0.6554609703125001 0.8613875312499999 0.5661031125 0.8803811296875
1 0.9190196390625 0.9220969359375 0.8900322015625 0.7857217640624999 0.8116581249999999 0.8023806875 0.8406455625 0.9387558609375001 0.9190196390625 0.9220969359375
1 0.79671841875 0.500826840625 0.7789744562500001 0.41734805625 0.7178402312500001 0.4303425359375 0.7355841937500001 0.5138213203124999 0.79671841875 0.500826840625
1 0.8077000015625 0.413710246875 0.795956240625 0.358460190625 0.731683790625 0.37212172187500003 0.743427553125 0.42737177812500005 0.8077000015625 0.413710246875
1 0.8243483296875 0.361019315625 0.8073547984375 0.2810710328125 0.707033534375 0.3023949765625 0.7240270671875 0.382343259375 0.8243483296875 0.361019315625
1 0.8864674921875 0.267937134375 0.8684766343750001 0.18329679999999998 0.7760009296875 0.2029531171875 0.7939917890625 0.287593453125 0.8864674921875 0.267937134375
1 0.87782583125 0.3582463734375 0.9765779828125 0.33725595468749997 0.9610853140625 0.264368675 0.8623331625 0.28535909375 0.87782583125 0.3582463734375
1 0.8047615499999999 0.1378556 0.7897691671875 0.0673219875 0.7380496125 0.07831531875 0.7530419953124999 0.14884892968750002 0.8047615499999999 0.1378556
1 0.670607965625 0.12336063593749999 0.6618626812499999 0.0822173015625 0.6179683078125 0.0915473390625 0.6267135921875 0.132690671875 0.670607965625 0.12336063593749999
1 0.49352828593750003 0.3539189484375 0.47028765781250004 0.24458038750000002 0.354295653125 0.2692352484375 0.3775362828125 0.378573809375 0.49352828593750003 0.3539189484375
1 0.2291981296875 0.7984097828125 0.21820155 0.74667494375 0.1790145109375 0.75500440625 0.190011090625 0.8067392437500001 0.2291981296875 0.7984097828125
1 0.361269515625 0.756815090625 0.347274459375 0.6909735296874999 0.308087421875 0.6993029921875 0.322082478125 0.7651445531250001 0.361269515625 0.756815090625
1 0.32842538125 0.6409237671875 0.321427853125 0.6080029859375 0.283809928125 0.6159989234375 0.29080745625 0.648919703125 0.32842538125 0.6409237671875
1 0.34087973125 0.167640421875 0.3113936296875 0.028919223437500002 0.2189179265625 0.0485755421875 0.248404028125 0.18729674062499999 0.34087973125 0.167640421875