0 1 0.5897395828125 0.8113046875000001 0.5897395828125 0.8113046875000001 0.7435937499999999 1 0.7435937499999999 1 0.5897395828125
0 0.6490390625 0.1987083328125 0.4242734375 0.1987083328125 0.4242734375 0.3541666671875 0.6490390625 0.3541666671875 0.6490390625 0.1987083328125
0 0.412265625 0.34775 0.30289062499999997 0.34775 0.30289062499999997 0.41987500000000005 0.412265625 0.41987500000000005 0.412265625 0.34775
0 0.4555234375 0.12498958281250001 0.3341328125 0.12498958281250001 0.3341328125 0.2131354171875 0.4555234375 0.2131354171875 0.4555234375 0.12498958281250001
0 0.530046875 0.1105729171875 0.42307812499999997 0.1105729171875 0.42307812499999997 0.1506354171875 0.530046875 0.1506354171875 0.530046875 0.1105729171875
1 0.5216406250000001 0.0897395828125 0.490390625 0.0897395828125 0.490390625 0.11859375000000001 0.5216406250000001 0.11859375000000001 0.5216406250000001 0.0897395828125
1 0.269234375 0.5 0.13582812500000002 0.5 0.13582812500000002 0.5929583328125 0.269234375 0.5929583328125 0.269234375 0.5
1 0.18389843749999998 0.5769166671875 0.0240390625 0.5769166671875 0.0240390625 0.6538333328125 0.18389843749999998 0.6538333328125 0.18389843749999998 0.5769166671875
1 0.7476015625 0.5753229171875 0.6730859375 0.5753229171875 0.6730859375 0.6426354171875001 0.7476015625 0.6426354171875001 0.7476015625 0.5753229171875
1 0.70071875 0.580125 0.631 0.580125 0.631 0.6458333328125 0.70071875 0.6458333328125 0.70071875 0.580125
1 0.74278125 0.4070520828125 0.65384375 0.4070520828125 0.65384375 0.4567395828125 0.74278125 0.4567395828125 0.74278125 0.4070520828125
1 0.8281328125 0.3717916671875 0.7596171875 0.3717916671875 0.7596171875 0.4407083328125 0.8281328125 0.4407083328125 0.8281328125 0.3717916671875
1 0.8485546875000001 0.71153125 0.7043203124999999 0.71153125 0.7043203124999999 0.77884375 0.8485546875000001 0.77884375 0.8485546875000001 0.71153125
1 0.42066406250000005 0.6570416671875 0.3930234375 0.6570416671875 0.3930234375 0.6987083328125 0.42066406250000005 0.6987083328125 0.42066406250000005 0.6570416671875
1 0.79928125 0.2980833328125 0.71875 0.2980833328125 0.71875 0.3365416671875 0.79928125 0.3365416671875 0.79928125 0.2980833328125