0 0.14209387812500002 0.74030163125 0.3135502 0.7283122375 0.3043830359375 0.5972156953125001 0.1329267140625 0.6092050890625 0.14209387812500002 0.74030163125
0 0.36444071562499997 0.21549225781249998 0.47474947656250005 0.20777871874999998 0.46670132343750004 0.092684765625 0.3563925625 0.10039830624999999 0.36444071562499997 0.21549225781249998
0 0.257688871875 0.13620408125 0.359596275 0.129078021875 0.35546029687499997 0.06993078593749999 0.25355289375 0.0770568453125 0.257688871875 0.13620408125
0 0.106676415625 0.371676359375 0.284133709375 0.3592673359375 0.27653170625 0.2505536390625 0.0990744140625 0.2629626609375 0.106676415625 0.371676359375
0 0.2858548984375 0.3494984765625 0.3841773046875 0.342623103125 0.378476165625 0.2610930265625 0.280153759375 0.2679683984375 0.2858548984375 0.3494984765625
1 0.045169440625 0.922172434375 0.16266378125 0.9139564296874999 0.1551736796875 0.8068429890625 0.0376793390625 0.8150589937499999 0.045169440625 0.922172434375
1 0.2542405171875 1 0.2514965328125 0.9607591953125001 0.1699612578125 0.966460696875 0.1723065546875 1 0.2542405171875 1
1 0.42534075781249997 0.7590368828125 0.49488967656250005 0.75417355 0.48963614218749996 0.67904450625 0.4200872234375 0.683907840625 0.42534075781249997 0.7590368828125
1 0.40999439843749996 0.64283474375 0.44955404843749996 0.6400684640625001 0.445865675 0.587322265625 0.406306025 0.5900885453125 0.40999439843749996 0.64283474375
1 0.355176446875 0.6515026828125 0.3983366796875 0.6484846265625 0.3938649984375 0.5845366125 0.3507047671875 0.5875546703125 0.355176446875 0.6515026828125
1 0.2930139859375 0.6413767515625 0.3481605734375 0.6375205265624999 0.3439126953125 0.5767730328125 0.2887661078125 0.5806292578125001 0.2930139859375 0.6413767515625
1 0.47208717343749995 0.6866831015625 0.54642128125 0.681485153125 0.5426210078125 0.6271386953125 0.46828689843750004 0.6323366421875 0.47208717343749995 0.6866831015625
1 0.525891078125 0.405025075 0.621813096875 0.3983175546875 0.617229515625 0.332769284375 0.521307496875 0.33947680468749997 0.525891078125 0.405025075
1 0.7249952703125 0.3059365609375 0.8029299625 0.3004868375 0.798793984375 0.2413396015625 0.72085929375 0.2467893265625 0.7249952703125 0.3059365609375
1 1 0.5325134640625 0.9183416515625 0.5382235718749999 0.9246022937499999 0.6277549453125 1 0.622482625 1 0.5325134640625
1 0.6119078765625 0.7219009078124999 0.65028291875 0.7192174640625 0.64670499375 0.668050740625 0.6083299515625 0.670734184375 0.6119078765625 0.7219009078124999
1 0.5819587687500001 0.5520972515625 0.62631919375 0.5489952687499999 0.62408408125 0.517031653125 0.5797236546875 0.5201336359375001 0.5819587687500001 0.5520972515625
1 0.17280958125 0.47308099375 0.2267715609375 0.46930760468750005 0.22352933749999998 0.4229416578125 0.1695673578125 0.42671504687499995 0.17280958125 0.47308099375
1 0 0.5092653890625 0.0689786578125 0.5044419328124999 0.064283175 0.43729340156249996 0 0.44178851874999997 0 0.5092653890625
1 0.0044106531249999996 0.4254201421875 0.052371662500000006 0.42206638124999996 0.0493532421875 0.3789009546875 0.0013922328125 0.382254715625 0.0044106531249999996 0.4254201421875
1 0.205188671875 0.16076990156249998 0.25314968125 0.157416140625 0.24968365625 0.1078496765625 0.20172264687500002 0.11120343749999999 0.205188671875 0.16076990156249998
1 0.58606706875 0.9727102625 0.6316276890625 0.9695243546875 0.6253670453125 0.87999298125 0.579806425 0.8831788890625001 0.58606706875 0.9727102625
1 0.7259104296875 0.9565095687499999 0.7279224671875 0.9852830578124999 0.8298298703125001 0.9781569984375 0.82781783125 0.949383509375 0.7259104296875 0.9565095687499999