1 0.6863850671875 0.615488090625 0.6132511515625 0.6206021125000001 0.6211888578125 0.7341165890625 0.694322771875 0.7290025671875 0.6863850671875 0.615488090625
1 0.8162182390625 0.5421485703125 0.734682965625 0.547850071875 0.7426206703125 0.661364546875 0.8241559453124999 0.65566304375 0.8162182390625 0.5421485703125
1 0.1405431171875 0.7870027359375 0.019448193750000002 0.7954705171875001 0.027943951562500003 0.9169655046875 0.149038875 0.9084977234375 0.1405431171875 0.7870027359375
1 0.222017225 0.8150335046875 0.146482921875 0.8203153765625 0.1498370453125 0.86828158125 0.2253713484375 0.8629997078124999 0.222017225 0.8150335046875
1 0.7369364421875 0.838452853125 0.6697879125 0.8431483359374999 0.6790669765625 0.9758451375 0.7462155078125 0.9711496546875 0.7369364421875 0.838452853125
1 1 0.551529621875 0.99901098125 0.537385990625 0.936663228125 0.5417457703124999 0.9416944125000001 0.613695078125 1 0.6096179546875 1 0.551529621875
1 0.7326421265625 0.3809086875 0.65830801875 0.3861066359375 0.6630035015625 0.453255165625 0.737337609375 0.44805721875 0.7326421265625 0.3809086875
1 0.656320090625 0.3059354296875 0.6131598578124999 0.3089534875 0.6162901796875 0.353719175 0.6594504125 0.35070111718749997 0.656320090625 0.3059354296875
1 0.5885827921875 0.2849636265625 0.5538083328125001 0.28739529375 0.55649105 0.32575994375 0.591265509375 0.32332827656249996 0.5885827921875 0.2849636265625
1 0.5591464203125 0.22597748125 0.4848123125 0.2311754296875 0.4881664359375 0.279141634375 0.5625005437499999 0.2739436875 0.5591464203125 0.22597748125
1 0.48900945625 0.2565903953125 0.439848253125 0.26002808125 0.442530971875 0.29839273125 0.491692175 0.2949550453125 0.48900945625 0.2565903953125
1 0.4026979796875 0.0907279796875 0.35593716406250003 0.09399781406249999 0.35962553750000004 0.14674401406249998 0.406386353125 0.1434741796875 0.4026979796875 0.0907279796875
1 0.41371190625 0.2827294765625 0.37415225625000004 0.28549575625 0.37761828125 0.3350622203125 0.41717793125 0.3322959390625 0.41371190625 0.2827294765625
0 0.47518195468749996 0.145085415625 0.319312571875 0.1559848640625 0.32423185625 0.22633391249999998 0.4801012390625 0.21543446249999998 0.47518195468749996 0.145085415625
0 0.3201999859375 0.16878748125 0.170331575 0.17926730156249998 0.18016869062500002 0.319944615625 0.330037103125 0.3094647953125 0.3201999859375 0.16878748125
0 0.56340281875 0.286734821875 0.24686327656249998 0.3088694234375 0.261283975 0.515095009375 0.5778235171875 0.4929604078125 0.56340281875 0.286734821875
0 0.35321705937500003 0.5375806046875 0.1841611265625 0.549402146875 0.19411014375 0.6916797203125 0.3631660765625 0.679858178125 0.35321705937500003 0.5375806046875
1 0.29925124531249997 0.7823162328125 0.259691596875 0.7850825140625 0.2630457203125 0.8330487171875 0.3026053703125 0.8302824375 0.29925124531249997 0.7823162328125
1 0.48885164843749995 0.73692773125 0.416917928125 0.7419578265625 0.420718203125 0.796304284375 0.49265192343750003 0.7912741875 0.48885164843749995 0.73692773125