0 0.558890625 0.21795833281250002 0.373796875 0.21795833281250002 0.373796875 0.2980833328125 0.558890625 0.2980833328125 0.558890625 0.21795833281250002
0 0.5564843749999999 0.3557708328125 0.24879687499999997 0.3557708328125 0.24879687499999997 0.5753125 0.5564843749999999 0.5753125 0.5564843749999999 0.3557708328125
0 0.6081640625 0.41988541718750005 0.3617734375 0.41988541718750005 0.3617734375 0.6618645828124999 0.6081640625 0.6618645828124999 0.6081640625 0.41988541718750005
1 0.28605468749999996 0.2436041671875 0.2091328125 0.2436041671875 0.2091328125 0.2964791671875 0.28605468749999996 0.2964791671875 0.28605468749999996 0.2436041671875
1 0.532453125 0.7419791671875 0.389421875 0.7419791671875 0.389421875 0.8525625 0.532453125 0.8525625 0.532453125 0.7419791671875
1 0.3822109375 1 0.3822109375 0.9230833328125 0.2295703125 0.9230833328125 0.2295703125 1 0.3822109375 1
1 0 0.8798125000000001 0.055281250000000004 0.8798125000000001 0.055281250000000004 0.7932708328125 0 0.7932708328125 0 0.8798125000000001
1 0.1105703125 0.66346875 0.0072109375 0.66346875 0.0072109375 0.7692395828125 0.1105703125 0.7692395828125 0.1105703125 0.66346875
1 0.8581796875000001 0.8317395828124999 0.7812578125 0.8317395828124999 0.7812578125 0.8926354171875 0.8581796875000001 0.8926354171875 0.8581796875000001 0.8317395828124999
1 0.88340625 1 0.88340625 0.9022500000000001 0.80528125 0.9022500000000001 0.80528125 1 0.88340625 1
0 0.70071875 1 0.70071875 0.8269166671875 0.47115625000000005 0.8269166671875 0.47115625000000005 1 0.70071875 1
1 0.88340625 0.6153854171875001 0.8125 0.6153854171875001 0.8125 0.73878125 0.88340625 0.73878125 0.88340625 0.6153854171875001
1 0.698328125 0.5945416671875 0.675484375 0.5945416671875 0.675484375 0.6394166671875 0.698328125 0.6394166671875 0.698328125 0.5945416671875
1 0.6730859375 0.38140625 0.6201953125 0.38140625 0.6201953125 0.43109374999999994 0.6730859375 0.43109374999999994 0.6730859375 0.38140625
1 1 0.6233958328125 0.9170624999999999 0.6233958328125 0.9170624999999999 0.7483958328125 1 0.7483958328125 1 0.6233958328125
1 0.43870312499999997 0.11058333281249999 0.376203125 0.11058333281249999 0.376203125 0.1762916671875 0.43870312499999997 0.1762916671875 0.43870312499999997 0.11058333281249999