1 0.9054145203124999 0.418752071875 0.8937185265625001 0.35858139375000003 0.7521392546875 0.386101615625 0.76383525 0.44627229375 0.9054145203124999 0.418752071875
1 0.9736389515624999 0.5009793578124999 0.9568984437499999 0.4148569109375 0.8404938203125001 0.437483678125 0.8572343296874999 0.5236061249999999 0.9736389515624999 0.5009793578124999
1 0.895008125 0.524843146875 0.8812490078125 0.45405862499999994 0.78372025625 0.47301629375000004 0.7974793734375 0.5438008171875001 0.895008125 0.524843146875
1 0.66084456875 0.6891279734375 0.64043396875 0.584124540625 0.5806569640625 0.5957440125 0.6010675640625001 0.7007474453125 0.66084456875 0.6891279734375
1 0.7207534515625 0.711761090625 0.7065352 0.638614528125 0.6357353390625 0.6523766265625001 0.649953590625 0.7255231890625 0.7207534515625 0.711761090625
1 0.8164501359375 0.6833782671875 0.803147171875 0.614940446875 0.7307930687499999 0.6290046609375 0.7440960328124999 0.69744248125 0.8164501359375 0.6833782671875
1 0.8990882015624999 0.7726089765624999 0.8782184687499999 0.6652435031249999 0.8042896703125001 0.6796138046875 0.8251594046875 0.786979278125 0.8990882015624999 0.7726089765624999
1 0.9963181249999999 0.8528910140624999 0.9554969249999999 0.6428841484375 0.878418740625 0.6578666296875 0.919239940625 0.8678734953125 0.9963181249999999 0.8528910140624999
1 0.7751050937499999 0.7563024078125 0.7579054515625 0.6678179203125 0.693404365625 0.6803556609375 0.7106040078125 0.7688401484375 0.7751050937499999 0.7563024078125
1 0.8127400781249999 0.773475903125 0.804255040625 0.72982416875 0.7633539078125 0.73777454375 0.7718389453125 0.7814262765625 0.8127400781249999 0.773475903125
1 0.5137697890624999 0.45324800937500004 0.49083693281249996 0.3352686921875 0.382285328125 0.3563689875 0.40521818437499996 0.4743483046875 0.5137697890624999 0.45324800937500004
0 0.66912400625 0.1438740828125 0.643209759375 0.010556840625 0.48747869687499995 0.0408278921875 0.51339294375 0.174145134375 0.66912400625 0.1438740828125
1 0.4186737421875 0.28316675625 0.4108774046875 0.24305808281250002 0.3589738671875 0.253147109375 0.3667702046875 0.29325578281250003 0.4186737421875 0.28316675625
1 0.26044098125000004 0.3090294734375 0.2510376765625 0.260653659375 0.2258630296875 0.265547115625 0.23526633593750002 0.3139229296875 0.26044098125000004 0.3090294734375
1 0.32152997499999997 0.3461409234375 0.3084565765625 0.2788841234375 0.27855784843750003 0.2846958484375 0.2916312453125 0.3519526484375 0.32152997499999997 0.3461409234375
1 0.13702492500000002 0.2620113890625 0.127162484375 0.2112735328125 0.0957095140625 0.21738737187499999 0.105571953125 0.2681252265625 0.13702492500000002 0.2620113890625
0 0.1447635359375 0.2262130125 0.11563833125 0.07637682500000001 0.05271193749999999 0.08860847656250001 0.0818371421875 0.23844466406249998 0.1447635359375 0.2262130125
0 0.42140246875000004 0.1712062484375 0.390443709375 0.0119372375 0.16863686875 0.055052120312499994 0.199595628125 0.21432113125000002 0.42140246875000004 0.1712062484375
1 0.525910846875 0.5745586421875 0.5043524125000001 0.4636501078125 0.40524896874999994 0.48291386562499994 0.42680740312500004 0.5938224 0.525910846875 0.5745586421875
1 0.582793640625 0.329626678125 0.5671979859375 0.24939399375 0.5247221609375 0.25765045781249996 0.5403178140625 0.33788314218750004 0.582793640625 0.329626678125
1 0.7898279390625 0.3616246265625 0.77400271875 0.280210921875 0.6874763734375 0.297029940625 0.70330159375 0.37844364375 0.7898279390625 0.3616246265625