0 0.5298419859375 0.1967517671875 0.384603803125 0.204363378125 0.3877068890625 0.26357378593749997 0.5329450718750001 0.25596217499999996 0.5298419859375 0.1967517671875
0 0.3807348328125 0.22219446718750002 0.22950487343749998 0.2301200921875 0.237473021875 0.3821614390625 0.38870298281250004 0.3742358125 0.3807348328125 0.22219446718750002
0 0.6264373625 0.3633830515625 0.302366475 0.3803668859375 0.3129339765625 0.582006834375 0.6370048640625 0.5650229984374999 0.6264373625 0.3633830515625
0 0.4601015015625 0.611209284375 0.266851084375 0.621337109375 0.274567365625 0.7685725515625 0.46781778437500005 0.7584447265625001 0.4601015015625 0.611209284375
1 0.23012625 1 0.22326898437499998 0.8691555640624999 0.03362299375 0.8790944890624999 0.0399593828125 1 0.23012625 1
1 0.8765735921875001 0.61186163125 0.7913468015625 0.6163281781250001 0.7973850625 0.7315450593749999 0.882611853125 0.7270785125 0.8765735921875001 0.61186163125
1 0.7601898953124999 0.711026084375 0.6857763921875 0.71492593125 0.691814653125 0.8301428124999999 0.76622815625 0.8262429671874999 0.7601898953124999 0.711026084375
1 0.6650406890625 0.34210437968749996 0.6182299296875 0.344557628125 0.6211651046875 0.4005641015625 0.6679758640625 0.39811085468749996 0.6650406890625 0.34210437968749996
1 0.6189753375 0.28996463281249996 0.5469647859375 0.2937385453125 0.5489775390625 0.3321441734375 0.620988090625 0.32837025937500003 0.6189753375 0.28996463281249996
1 0.54342438125 0.3179883203125 0.48341298750000006 0.321133384375 0.48584551875 0.3675488515625 0.5458569125 0.3644037875 0.54342438125 0.3179883203125
1 0.4487209671875 0.141630103125 0.3887095734375 0.1447751671875 0.3914768375 0.1975777046875 0.45148823125000004 0.19443264062500001 0.4487209671875 0.141630103125