0 0.58529695 0.1296533546875 0.43646994218749996 0.1374530484375 0.44267611562500003 0.2558738671875 0.5915031234375 0.2480741734375 0.58529695 0.1296533546875
0 0.7275952125 0.364496634375 0.564350490625 0.373051928125 0.569886109375 0.4786778046875 0.73313083125 0.4701225125 0.7275952125 0.364496634375
0 0.8856124062499999 0.27918265 0.6911605109375001 0.2893734421875 0.7003869046875 0.46542350624999995 0.8948387984374999 0.4552327140625 0.8856124062499999 0.27918265
1 0.8198737765624999 0.264999540625 0.7346469875 0.2694660875 0.7374142515625 0.32226862343749996 0.822641040625 0.3178020765625 0.8198737765624999 0.264999540625
1 0.39465837812500004 0.48787153281249995 0.2626208296875 0.494791328125 0.268072490625 0.5988152375 0.400110040625 0.59189544375 0.39465837812500004 0.48787153281249995
1 0.140015684375 0.360002428125 0.0367979609375 0.365411840625 0.042249621875 0.46943575 0.14546734687500001 0.4640263375 0.140015684375 0.360002428125
0 0.67666110625 0.081524515625 0.5506309375 0.0881294765625 0.5543217125 0.1585536640625 0.68035188125 0.151948703125 0.67666110625 0.081524515625
1 0.862712896875 0.5772687999999999 0.78950086875 0.5811056812500001 0.7936942874999999 0.661120871875 0.8669063156249999 0.6572839921875 0.862712896875 0.5772687999999999
1 0.513092959375 1 0.6089840140625 0.9949745625 0.60311311875 0.8829512156250001 0.5034842187499999 0.88817254375 0.5093448484375 1 0.513092959375 1
1 0.6913590390625 0.936093109375 0.5785295046875001 0.9420062546875 0.5813807234375 0.9964107578125001 0.6942102578125 0.9904976124999999 0.6913590390625 0.936093109375
1 0.79194913125 0.903534009375 0.6659189640625 0.9101389703124999 0.6701963375 0.9917561296875 0.79622650625 0.9851511687500001 0.79194913125 0.903534009375
1 0.9108917796875 0.9454498093750001 0.7908689921875001 0.9517399375 0.7926298796875 0.985339659375 0.9126526671875 0.9790495312499999 0.9108917796875 0.9454498093750001
1 0.2663920421875 0.061301957812499995 0.2327819171875 0.06306339062500001 0.234542803125 0.0966631140625 0.268152928125 0.0949016828125 0.2663920421875 0.061301957812499995