1 0.7043064343750001 0.11034528437499999 0.6075548046875 0.091538671875 0.5910418765625 0.176490325 0.68779350625 0.1952969375 0.7043064343750001 0.11034528437499999
1 0.78762971875 0.10369484531249999 0.701507271875 0.0869543375 0.690499978125 0.14358195625 0.776622425 0.1603224640625 0.78762971875 0.10369484531249999
1 0.7689474671875 0.2502498140625 0.6710148171875 0.23121363593750002 0.6569506046875 0.303567740625 0.754883253125 0.32260391875 0.7689474671875 0.2502498140625
1 0.9048451421875001 0.24401365468749997 0.7821417453125 0.2201625296875 0.7631840765625 0.31769128125 0.8858874734375 0.34154240625 0.9048451421875001 0.24401365468749997
0 0.82274393125 0.4647790875 0.702402575 0.4413870984375 0.6828327265625 0.5420652359375 0.803174084375 0.5654572265625 0.82274393125 0.4647790875
1 0.8807009828125001 0.588708496875 0.7981062578125 0.572653709375 0.7840420453125 0.6450078125 0.8666367703125 0.6610626 0.8807009828125001 0.588708496875
1 0.7233318421875 0.4470895265625 0.6454611984375 0.4319530078125 0.6378169125 0.471279446875 0.71568755625 0.486415965625 0.7233318421875 0.4470895265625
1 0.6199955703125 0.44332368125 0.5775248578125 0.4350682109375 0.5686562140625 0.48069342343750004 0.611126928125 0.4889488953125 0.6199955703125 0.44332368125
1 0.5808418546875 0.4683649609375 0.5312850203124999 0.45873208906249996 0.5227224671874999 0.5027826078125 0.5722793015625001 0.5124154812499999 0.5808418546875 0.4683649609375
1 0.6334942859375 0.49982282187499993 0.5815754109375 0.48973081562500004 0.57087420625 0.5447837390625 0.62279308125 0.554875746875 0.6334942859375 0.49982282187499993
1 0.4524127765625 0.59360853125 0.3769041734375 0.578931146875 0.3625338703125 0.65285994375 0.43804247343749997 0.6675373296875 0.4524127765625 0.59360853125
1 0.22565551875 0.361769165625 0.150146915625 0.3470917796875 0.1379152625 0.4100181734375 0.2134238671875 0.4246955578125 0.22565551875 0.361769165625
1 0 0.4615770640625 0.0630662046875 0.47383589375 0.0749917671875 0.41248419375 0.010104676562500001 0.399871421875 0 0.451855475 0 0.4615770640625
1 0.1378566296875 0.7757048453125 0.06707210625 0.7619457265625 0.0468900796875 0.865773253125 0.117674603125 0.8795323703125 0.1378566296875 0.7757048453125
1 0.49188495000000004 0.831468671875 0.406943521875 0.8149577296875 0.39257322031249997 0.888886528125 0.477514646875 0.90539746875 0.49188495000000004 0.831468671875
1 1 0.43557499687499995 0.940859628125 0.424079271875 0.9322970749999999 0.4681297921875 1 0.4812899078125 1 0.43557499687499995
1 1 0.3914730515625 0.909003725 0.37378516875 0.8992168140624999 0.4241344625 1 0.44372472968750004 1 0.3914730515625
1 1 0.5204574421875 0.9308582984375 0.5070176562500001 0.9186266468750001 0.5699440484375 0.9929542296875 0.5843918671874999 1 0.5481445218750001 1 0.5204574421875
1 0.9137778843750001 0.7208327796875 0.9645157390625 0.7306952203125 0.9807225781250001 0.6473182609375 0.9299847234374999 0.6374558203125 0.9137778843750001 0.7208327796875
1 0.853385803125 0.6976650203125 0.7943961453124999 0.6861985921875 0.7812462250000001 0.7538490640625 0.840235884375 0.7653154921875001 0.853385803125 0.6976650203125
1 0.9490037796875 0.7978865578125001 0.8947382015625 0.7873383984375 0.8825065499999999 0.850264790625 0.9367721281250001 0.8608129515625 0.9490037796875 0.7978865578125001
1 0.547965 0.2595468515625 0.47836149843750003 0.2460173015625 0.4664359359375 0.307369 0.5360394390625001 0.32089855156249997 0.547965 0.2595468515625
1 0.3827802125 0.1833574625 0.319066471875 0.170972765625 0.309891740625 0.21817267187499997 0.3736054796875 0.23055736875 0.3827802125 0.1833574625
1 0.464228915625 0.0163510625 0.4170341203125 0.007177323437499999 0.409695925 0.04492906875 0.45689071875 0.05410280625 0.464228915625 0.0163510625