1 0.1201875 0.1714791671875 0.015625 0.1714791671875 0.015625 0.2548125 0.1201875 0.2548125 0.1201875 0.1714791671875
1 0 0.8205208328125 0.109375 0.8205208328125 0.109375 0.6442291671875 0 0.6442291671875 0 0.8205208328125
1 0.2728359375 0.5929479171875001 0.1418203125 0.5929479171875001 0.1418203125 0.6602604171875 0.2728359375 0.6602604171875 0.2728359375 0.5929479171875001
0 0.39784375 0.6554479171875001 0.22115625 0.6554479171875001 0.22115625 0.7548020828124999 0.39784375 0.7548020828124999 0.39784375 0.6554479171875001
1 0.355765625 0.5945520828124999 0.295671875 0.5945520828124999 0.295671875 0.6794895828125 0.355765625 0.6794895828125 0.355765625 0.5945520828124999
1 0.6923125 0.7884583328125 0.64303125 0.7884583328125 0.64303125 0.8958333328125001 0.6923125 0.8958333328125001 0.6923125 0.7884583328125
1 0.8293203124999999 0.8397500000000001 0.7523984375 0.8397500000000001 0.7523984375 0.9230833328125 0.8293203124999999 0.9230833328125 0.8293203124999999 0.8397500000000001
1 0.8028906250000001 0.9006354171875 0.722359375 0.9006354171875 0.722359375 0.9823645828125 0.8028906250000001 0.9823645828125 0.8028906250000001 0.9006354171875
1 0.5552890625 0.6041770828125 0.48917968749999996 0.6041770828125 0.48917968749999996 0.6442395828125 0.5552890625 0.6442395828125 0.5552890625 0.6041770828125
1 0.45912499999999995 0.4214791671875 0.4170625 0.4214791671875 0.4170625 0.4775625 0.45912499999999995 0.4775625 0.45912499999999995 0.4214791671875
1 0.4423125 0.2724270828125 0.40865625000000005 0.2724270828125 0.40865625000000005 0.3156979171875 0.4423125 0.3156979171875 0.4423125 0.2724270828125
1 0.48557812499999997 0.34775 0.44592187499999997 0.34775 0.44592187499999997 0.383 0.48557812499999997 0.383 0.48557812499999997 0.34775
1 0.8870234375000001 0.6185833328125 0.7944765625 0.6185833328125 0.7944765625 0.677875 0.8870234375000001 0.677875 0.8870234375000001 0.6185833328125
1 0.948328125 0.75 0.8942343749999999 0.75 0.8942343749999999 0.8541666671874999 0.948328125 0.8541666671874999 0.948328125 0.75
1 1 0.8445520828124999 0.9639374999999999 0.8445520828124999 0.9639374999999999 0.9679479171875001 1 0.9679479171875001 1 0.8445520828124999
1 0.9447109375 0.6458437499999999 0.8786015624999999 0.6458437499999999 0.8786015624999999 0.7243645828124999 0.9447109375 0.7243645828124999 0.9447109375 0.6458437499999999
1 0.629796875 0.4583333328125 0.543265625 0.4583333328125 0.543265625 0.552875 0.629796875 0.552875 0.629796875 0.4583333328125
1 0.2512109375 0.0576875 0.2007265625 0.0576875 0.2007265625 0.1089791671875 0.2512109375 0.1089791671875 0.2512109375 0.0576875
0 0.3761953125 0.1330104171875 0.1898984375 0.1330104171875 0.1898984375 0.23878125 0.3761953125 0.23878125 0.3761953125 0.1330104171875
0 0.35457031250000004 0.2580104171875 0.0300546875 0.2580104171875 0.0300546875 0.4951979171875 0.35457031250000004 0.4951979171875 0.35457031250000004 0.2580104171875