0 0.5889453125 0.142625 0.4447109375 0.142625 0.4447109375 0.24679166718749998 0.5889453125 0.24679166718749998 0.5889453125 0.142625
0 0.6778906250000001 0.11539583281250002 0.579328125 0.11539583281250002 0.579328125 0.1746875 0.6778906250000001 0.1746875 0.6778906250000001 0.11539583281250002
0 0.8149062499999999 0.2564166671875 0.65865625 0.2564166671875 0.65865625 0.45512499999999995 0.8149062499999999 0.45512499999999995 0.8149062499999999 0.2564166671875
0 0.66346875 0.3381354171875 0.53365625 0.3381354171875 0.53365625 0.44711458281249994 0.66346875 0.44711458281249994 0.66346875 0.3381354171875
0 0.7439921875 0.8012812500000001 0.4687578125 0.8012812500000001 0.4687578125 0.9807604171875001 0.7439921875 0.9807604171875001 0.7439921875 0.8012812500000001
1 0.8978359375 1 0.8978359375 0.9118645828125 0.7824453124999999 0.9118645828125 0.7824453124999999 1 0.8978359375 1
1 0.9999921875 0.5769166671875 0.9230703124999999 0.5769166671875 0.9230703124999999 0.642625 0.9999921875 0.642625 0.9999921875 0.5769166671875
1 1 0.5000104171875 0.8738046875000001 0.5000104171875 0.8738046875000001 0.5753229171875 1 0.5753229171875 1 0.5000104171875
1 1 0.7275520828125 0.8377421875 0.7275520828125 0.8377421875 0.83653125 1 0.83653125 1 0.7275520828125
1 0.35696875 0.42787499999999995 0.22715625 0.42787499999999995 0.22715625 0.5320416671875 0.35696875 0.5320416671875 0.35696875 0.42787499999999995
1 0.1634609375 0.3188958328125 0.032445312500000004 0.3188958328125 0.032445312500000004 0.4326875 0.1634609375 0.4326875 0.1634609375 0.3188958328125
1 0.39782812500000003 0.7532083328125 0.33773437500000003 0.7532083328125 0.33773437500000003 0.8397500000000001 0.39782812500000003 0.8397500000000001 0.39782812500000003 0.7532083328125
1 0.4603359375 0.759625 0.40144531250000004 0.759625 0.40144531250000004 0.8365416671875 0.4603359375 0.8365416671875 0.4603359375 0.759625
1 0.55528125 0.72275 0.453125 0.72275 0.453125 0.8060833328125 0.55528125 0.8060833328125 0.55528125 0.72275
1 0.3353359375 0.8269166671875 0.22716406249999999 0.8269166671875 0.22716406249999999 0.9246666671874999 0.3353359375 0.9246666671874999 0.3353359375 0.8269166671875
1 0.4110625 0.8974270828125 0.3329375 0.8974270828125 0.3329375 0.9999895828125 0.4110625 0.9999895828125 0.4110625 0.8974270828125
1 0.188703125 0.8269166671875 0.126203125 0.8269166671875 0.126203125 0.875 0.188703125 0.875 0.188703125 0.8269166671875
1 0.14542968750000002 0.7115416671875 0.10216406250000001 0.7115416671875 0.10216406250000001 0.767625 0.14542968750000002 0.767625 0.14542968750000002 0.7115416671875
1 0.4206796875 0.6089687500000001 0.35457031250000004 0.6089687500000001 0.35457031250000004 0.67628125 0.4206796875 0.67628125 0.4206796875 0.6089687500000001
1 0.7451953125 0.5256354171875001 0.6706796875000001 0.5256354171875001 0.6706796875000001 0.6169895828125 0.7451953125 0.6169895828125 0.7451953125 0.5256354171875001
1 0.8653828125 0.3060833328125 0.8040859375 0.3060833328125 0.8040859375 0.34775 0.8653828125 0.34775 0.8653828125 0.3060833328125
1 0.7247578125 0.27082291718749996 0.6634609375 0.27082291718749996 0.6634609375 0.3205104171875 0.7247578125 0.3205104171875 0.7247578125 0.27082291718749996
1 0.75240625 0.13140625 0.6826875 0.13140625 0.6826875 0.19871875 0.75240625 0.19871875 0.75240625 0.13140625
1 0.9411093749999999 0.43911458281250004 0.8713906250000001 0.43911458281250004 0.8713906250000001 0.4968020828125 0.9411093749999999 0.4968020828125 0.9411093749999999 0.43911458281250004
1 0.9795703124999999 0.40063541718750006 0.9495234375000001 0.40063541718750006 0.9495234375000001 0.45032291718749995 0.9795703124999999 0.45032291718749995 0.9795703124999999 0.40063541718750006
1 0.29207031250000004 0.0400520828125 0.23077343749999998 0.0400520828125 0.23077343749999998 0.08653125 0.29207031250000004 0.08653125 0.29207031250000004 0.0400520828125
1 0.324515625 0.12498958281250001 0.25960937500000003 0.12498958281250001 0.25960937500000003 0.1682604171875 0.324515625 0.1682604171875 0.324515625 0.12498958281250001