1 0.1766875 0.5384479171875001 0.0673125 0.5384479171875001 0.0673125 0.5881354171875001 0.1766875 0.5881354171875001 0.1766875 0.5384479171875001
1 0.36178125 0.23396875 0.28365625 0.23396875 0.28365625 0.2948645828125 0.36178125 0.2948645828125 0.36178125 0.23396875
1 0.563703125 0.3157083328125 0.465140625 0.3157083328125 0.465140625 0.375 0.563703125 0.375 0.563703125 0.3157083328125
1 0.5204375 0.8365416671875 0.41946874999999995 0.8365416671875 0.41946874999999995 0.9166666671874999 0.5204375 0.9166666671874999 0.5204375 0.8365416671875
1 0.7343828125 0.6410208328125 0.6502421875 0.6410208328125 0.6502421875 0.7067291671875 0.7343828125 0.7067291671875 0.7343828125 0.6410208328125
1 1 0.7003229171875 0.94471875 0.7003229171875 0.94471875 0.77884375 1 0.77884375 1 0.7003229171875
1 0.7920625 0.5272395828125 0.71153125 0.5272395828125 0.71153125 0.5705104171875 0.7920625 0.5705104171875 0.7920625 0.5272395828125
1 0.7259609375 0.5464687500000001 0.6778828125 0.5464687500000001 0.6778828125 0.5929479171875001 0.7259609375 0.5929479171875001 0.7259609375 0.5464687500000001
1 0.676671875 0.5448854171875 0.621390625 0.5448854171875 0.621390625 0.5993645828124999 0.676671875 0.5993645828124999 0.676671875 0.5448854171875
1 0.6454296875 0.6057604171875 0.5889453125 0.6057604171875 0.5889453125 0.6666562500000001 0.6454296875 0.6666562500000001 0.6454296875 0.6057604171875
1 0.9050390625 0.392625 0.8461484374999999 0.392625 0.8461484374999999 0.4375 0.9050390625 0.4375 0.9050390625 0.392625
0 0.706734375 0.10096875000000001 0.581734375 0.10096875000000001 0.581734375 0.1794895828125 0.706734375 0.1794895828125 0.706734375 0.10096875000000001
0 0.7812578125 0.0673020828125 0.6863046875000001 0.0673020828125 0.6863046875000001 0.1346145828125 0.7812578125 0.1346145828125 0.7812578125 0.0673020828125
0 0.798078125 0.24840625 0.686296875 0.24840625 0.686296875 0.3301354171875 0.798078125 0.3301354171875 0.798078125 0.24840625
0 0.9398984374999999 0.21475 0.7800390625 0.21475 0.7800390625 0.3157083328125 0.9398984374999999 0.3157083328125 0.9398984374999999 0.21475
0 0.9194687500000001 0.5256458328125 0.73196875 0.5256458328125 0.73196875 0.6714791671875 0.9194687500000001 0.6714791671875 0.9194687500000001 0.5256458328125