0 0 0.5 0.34375 0.5 0.34375 0.24358333281250003 0 0.24358333281250003 0 0.5
0 0.3221171875 0.1394375 0.1778828125 0.1394375 0.1778828125 0.2339791671875 0.3221171875 0.2339791671875 0.3221171875 0.1394375
1 0.2548125 0.5689166671875 0.12259374999999999 0.5689166671875 0.12259374999999999 0.6490416671875 0.2548125 0.6490416671875 0.2548125 0.5689166671875
1 0 0.7916770828125 0.0949453125 0.7916770828125 0.0949453125 0.6650729171875 0 0.6650729171875 0 0.7916770828125
1 0.3738046875 0.6442395828125 0.2139453125 0.6442395828125 0.2139453125 0.7019270828125 0.3738046875 0.7019270828125 0.3738046875 0.6442395828125
1 0.586546875 0.4407083328125 0.5216406250000001 0.4407083328125 0.5216406250000001 0.5144166671875 0.586546875 0.5144166671875 0.586546875 0.4407083328125
1 0.6983125 0.7884583328125 0.6201875 0.7884583328125 0.6201875 0.8862083328124999 0.6983125 0.8862083328124999 0.6983125 0.7884583328125
1 0.798078125 0.8269270828125 0.719953125 0.8269270828125 0.719953125 0.8910312499999999 0.798078125 0.8910312499999999 0.798078125 0.8269270828125
1 0.8834140625 1 0.8834140625 0.8701979171875 0.6995234375 0.8701979171875 0.6995234375 1 0.8834140625 1
1 0.8701953124999999 0.5849375 0.7860546875 0.5849375 0.7860546875 0.6538541671875 0.8701953124999999 0.6538541671875 0.8701953124999999 0.5849375
1 1 0.7964687500000001 0.94471875 0.7964687500000001 0.94471875 0.8846145828124999 1 0.8846145828124999 1 0.7964687500000001
1 1 0.8878125000000001 0.9483124999999999 0.8878125000000001 0.9483124999999999 0.9567291671874999 1 0.9567291671874999 1 0.8878125000000001