1 0.9069488890624999 0.5818555421875 0.907703978125 0.625114578125 0.9701944593749999 0.6240238015624999 0.9694393703124999 0.5807647671875 0.9069488890624999 0.5818555421875
1 0.7024490265625001 0 0.664383346875 0.0006644390624999999 0.6655581109375001 0.0679666875 0.750482675 0.0664843234375 0.7493221859375 0 0.7024490265625001 0
1 0.5633780890625 0.0913707265625 0.5642591625 0.1418474125 0.5947128562499999 0.141315840625 0.5938317828125 0.0908391546875 0.5633780890625 0.0913707265625
1 0.422536959375 0.19481324687499998 0.4230193546875 0.2224496625 0.450265203125 0.221974084375 0.4497828078125 0.19433766875 0.422536959375 0.19481324687499998
1 0.396464909375 0.1700223046875 0.3971990015625 0.2120783984375 0.42604877343750003 0.21157482343749998 0.42531468125 0.16951872968749998 0.396464909375 0.1700223046875
1 0.5558777921875 0.762291309375 0.5566748765625 0.807956228125 0.5983351953125 0.8072290437499999 0.5975381125 0.761564125 0.5558777921875 0.762291309375
1 0.46600506093750005 0.75664019375 0.46753623749999995 0.84436120625 0.5043847921875 0.8437180124999999 0.5028536156250001 0.755997 0.46600506093750005 0.75664019375
1 0.40682727500000004 0.7636818734374999 0.4083167296875 0.849012625 0.45478881718749997 0.8482014515625 0.45329936406250004 0.7628707 0.40682727500000004 0.7636818734374999
1 0.4464343171875 0.920475453125 0.44723140156249996 0.966140371875 0.4744772515625 0.96566479375 0.4736801671875 0.919999875 0.4464343171875 0.920475453125
1 0.93111955 0.130646234375 0.99361003125 0.129555459375 0.9924142687499999 0.061050268750000004 0.9299237874999999 0.0621410453125 0.93111955 0.130646234375
0 0.41364748437500004 0.23584182656250002 0.4170038015625 0.4281250359375 0.5772293937499999 0.4253282890625 0.573873078125 0.23304507812500003 0.41364748437500004 0.23584182656250002
1 0.24576273906249999 0.7184156296875 0.2466858078125 0.7712982 0.28674220625 0.7705990125 0.2858191375 0.71771644375 0.24576273906249999 0.7184156296875
1 0.227543425 0.77643775 0.2280468171875 0.8052771078125 0.2648953703125 0.8046339140625 0.2643919765625 0.7757945562499999 0.227543425 0.77643775
1 0.2392697 0.2545129828125 0.2400457875 0.298974959375 0.268895559375 0.298471384375 0.2681194734375 0.25400940781250003 0.2392697 0.2545129828125
1 0.2742836328125 0.2406810484375 0.2749757296875 0.2803312578125 0.3086164375 0.2797440578125 0.30792434062499996 0.24009384687500002 0.2742836328125 0.2406810484375
1 0.2646863296875 0.8839777718749999 0.26554640625000003 0.9332515156250001 0.3039988828125 0.932580325 0.30313880625 0.88330658125 0.2646863296875 0.8839777718749999
1 0.5504361234374999 0.63496845 0.5508555265624999 0.6589960390625 0.576497453125 0.6585484578125 0.57607805 0.63452086875 0.5504361234374999 0.63496845
1 0.5715927390625 0.8365439796875 0.573438603125 0.9422934953125001 0.6391369296875 0.9411467265625 0.637291065625 0.8353972109375001 0.5715927390625 0.8365439796875
1 0.41123168125 0.923496534375 0.41198677031250003 0.96675556875 0.4360247734375 0.9663359843749999 0.435269684375 0.9230769484374999 0.41123168125 0.923496534375