0 0.046018737500000004 0.7906251125 0.01984959375 0.8955838203125 0.144249590625 0.9266002234374999 0.1704187359375 0.8216415156249999 0.046018737500000004 0.7906251125
0 0.1634451359375 0.869460825 0.1489071421875 0.9277695343750001 0.31529264375 0.9692540984375 0.3298306375 0.9109453890625 0.1634451359375 0.869460825
0 0.659409615625 1 0.6659691921875 0.973690978125 0.48559525781249996 0.9287187046875 0.46782283593749996 1 0.659409615625 1
1 0.3912629484375 0.6314422734375 0.372944925 0.704911853125 0.45068987031249996 0.7242958453125 0.46900789375 0.650826265625 0.3912629484375 0.6314422734375
1 0.7490531875 0.6537641859375001 0.7304441015625 0.7284011515625 0.83462960625 0.754377515625 0.8532386921875 0.6797405484375 0.7490531875 0.6537641859375001
1 0.8417077265625 0.5802374765625 0.8178633 0.6758722500000001 0.93448071875 0.7049482375 0.9583251453124999 0.609313465625 0.8417077265625 0.5802374765625
1 0.9057357046875 0.2704309171875 0.8641553796875 0.4372004953125 0.9558887546875001 0.46007219531250004 0.9974690796875001 0.2933026171875 0.9057357046875 0.2704309171875
1 0.8191795859375001 0.3194551390625 0.7973725953125 0.40691820156249997 0.8782305734375001 0.4270783609375 0.9000375640625 0.33961529687500003 0.8191795859375001 0.3194551390625
1 0.5941828296875 0.387232075 0.5726669015625 0.47352774999999997 0.633310384375 0.48864786875000005 0.6548263125 0.4023521921875 0.5941828296875 0.387232075
1 0.566031725 0.7518138421875 0.546549453125 0.8299529703124999 0.6149755171875 0.8470135046875 0.6344577890624999 0.7688743765625 0.566031725 0.7518138421875
1 0.74082664375 0.3952996265625 0.72338180625 0.4652670453125 0.8166716968750001 0.48852682812500003 0.8341165343749999 0.41855940937499997 0.74082664375 0.3952996265625
1 0.1943643671875 0.7322317625 0.18011743593750001 0.7893730828125001 0.21743339218750002 0.798676996875 0.2316803234375 0.741535675 0.1943643671875 0.7322317625
1 0.721927921875 0.33856581406249997 0.7111699578125 0.38171365156250003 0.7531554625 0.3921818140625 0.7639134265624999 0.349033975 0.721927921875 0.33856581406249997
1 0.7697044546875 0.30587159375 0.758364365625 0.35135420625 0.8081324484374999 0.363762784375 0.8194725375 0.318280171875 0.7697044546875 0.30587159375