1 0.15985156250000002 0.1971145828125 0.0564921875 0.1971145828125 0.0564921875 0.2756354171875 0.15985156250000002 0.2756354171875 0.15985156250000002 0.1971145828125
1 0.2295703125 0.6826875 0.032460937499999995 0.6826875 0.032460937499999995 0.8701874999999999 0.2295703125 0.8701874999999999 0.2295703125 0.6826875
1 0.3641875 0.6009583328125 0.18509375 0.6009583328125 0.18509375 0.7115416671875 0.3641875 0.7115416671875 0.3641875 0.6009583328125
0 0.48196874999999995 0.7003229171875 0.3016875 0.7003229171875 0.3016875 0.8445520828124999 0.48196874999999995 0.8445520828124999 0.48196874999999995 0.7003229171875
1 0.8065 0.8669895828125 0.7391875 0.8669895828125 0.7391875 0.9903854171875001 0.8065 0.9903854171875001 0.8065 0.8669895828125
1 0.9158671875 0.9214687500000001 0.8473515624999999 0.9214687500000001 0.8473515624999999 0.9999895828125 0.9158671875 0.9999895828125 0.9158671875 0.9214687500000001
1 0.9891796875000001 0.6554375 0.9014453124999999 0.6554375 0.9014453124999999 0.7451875 0.9891796875000001 0.7451875 0.9891796875000001 0.6554375
1 0.68990625 0.5080104171875 0.6141875 0.5080104171875 0.6141875 0.5833229171875 0.68990625 0.5833229171875 0.68990625 0.5080104171875
1 0.30648437500000003 0.09294791718749999 0.25720312500000003 0.09294791718749999 0.25720312500000003 0.12659375 0.30648437500000003 0.12659375 0.30648437500000003 0.09294791718749999
1 0.43629687500000003 0.21956250000000002 0.40504687500000003 0.21956250000000002 0.40504687500000003 0.2548125 0.43629687500000003 0.2548125 0.43629687500000003 0.21956250000000002
0 0.4098515625 0.1666666671875 0.2439921875 0.1666666671875 0.2439921875 0.2532083328125 0.4098515625 0.2532083328125 0.4098515625 0.1666666671875
0 0.4266875 0.2996875 0.06971875 0.2996875 0.06971875 0.5528958328125 0.4266875 0.5528958328125 0.4266875 0.2996875
1 0.5108125 0.3189166671875 0.46634374999999995 0.3189166671875 0.46634374999999995 0.3461666671875 0.5108125 0.3461666671875 0.5108125 0.3189166671875
1 0.527640625 0.47275 0.478359375 0.47275 0.478359375 0.5240416671875 0.527640625 0.5240416671875 0.527640625 0.47275
1 0.6358203125 0.6378229171875 0.5564921875 0.6378229171875 0.5564921875 0.6875104171875 0.6358203125 0.6875104171875 0.6358203125 0.6378229171875