1 0.1970472109375 0.8307526031249999 0.1515645984375 0.8194125140624999 0.1395441046875 0.8676240828124999 0.1850267171875 0.878964171875 0.1970472109375 0.8307526031249999
1 0.15336699843749999 0.613417109375 0.10671699999999999 0.601785959375 0.0985773359375 0.6344323671875001 0.145227334375 0.6460635171875 0.15336699843749999 0.613417109375
1 0.1097238921875 0.43077745937499995 0.035086926562499995 0.4121683734375 0.009886728124999999 0.5132408453124999 0.08452369531250001 0.53184993125 0.1097238921875 0.43077745937499995
1 0.3786270875 0.3458714578125 0.2713336046875 0.3191201890625 0.2538849890625 0.38910276875 0.3611784703125 0.41585403750000005 0.3786270875 0.3458714578125
1 0.377115596875 0.3966924796875 0.28965253281250003 0.3748854890625 0.272592 0.44331155312500004 0.36005506249999997 0.46511854374999995 0.377115596875 0.3966924796875
1 0.38466653281249996 0.048413424999999996 0.3415186953125 0.0376554609375 0.32911011874999996 0.08742354531249999 0.37225795625 0.098181509375 0.38466653281249996 0.048413424999999996
1 0.6043687859375 0.20065948437499997 0.5600535609375 0.18961045781250002 0.5453215250000001 0.2486974265625 0.58963675 0.259746453125 0.6043687859375 0.20065948437499997
1 0.8897588046875 0.382477346875 0.8209587734375001 0.365323571875 0.8011866984375 0.444625034375 0.8699867296875 0.46177880781249997 0.8897588046875 0.382477346875
1 0.90877926875 0.32114231718749997 0.8539727203125 0.3074775109375 0.84156414375 0.357245596875 0.896370690625 0.370910403125 0.90877926875 0.32114231718749997
1 0.7675446125 0.7236172890625 0.6929076453125 0.705008203125 0.6836037328125 0.7423241593750001 0.7582407 0.7609332453125 0.7675446125 0.7236172890625
1 0.63771423125 0.7028091359374999 0.5875620703125 0.6903047984375 0.57942240625 0.72295120625 0.6295745671875 0.73545554375 0.63771423125 0.7028091359374999
1 0.6727932796875 0.850269478125 0.62614328125 0.8386383265624999 0.613734703125 0.8884064125 0.660384703125 0.9000375640625 0.6727932796875 0.850269478125
0 0.6102257578125 0.8528449437500001 0.4912735671875 0.8231868312499999 0.47150149218750004 0.9024882921874999 0.590453684375 0.9321464046875001 0.6102257578125 0.8528449437500001
0 0.5289217890625 0.7466891171875 0.3866370171875 0.711213540625 0.3602725703125 0.8169555609374999 0.5025573421875 0.8524311375 0.5289217890625 0.7466891171875
0 0.8576478125 0.6056936390625001 0.6885434609375001 0.5635311890625 0.654427434375 0.7003631 0.8235317859375 0.7425255515625 0.8576478125 0.6056936390625001
0 0.7176758703125 0.5361081249999999 0.56723455 0.498598890625 0.5393228109375 0.6105467609375 0.68976413125 0.64805599375 0.7176758703125 0.5361081249999999
1 0.86198125625 0.702567478125 0.8164986453124999 0.691227390625 0.806418565625 0.7316563781250001 0.8519011781250001 0.7429964671875 0.86198125625 0.702567478125
1 0.6750202375 0.0613532109375 0.6827718171875 0.0302633171875 0.6174587859375 0.01397895 0.60970720625 0.0450688421875 0.6750202375 0.0613532109375
1 0.2020527734375 0.7560358171875 0.1565701609375 0.744695728125 0.14765433125 0.78045516875 0.19313694374999998 0.79179525625 0.2020527734375 0.7560358171875