0 0.8653145437499999 0.849815271875 0.8805424609375001 0.9459605578125 0.94702623125 0.9354305640625 0.9317983140624999 0.8392852765625 0.8653145437499999 0.849815271875
0 0.664996903125 0.91682055 0.67477405625 0.978551071875 0.8203963562500001 0.955486765625 0.810619203125 0.8937562437500001 0.664996903125 0.91682055
1 0.1406561703125 0.6591259890625001 0.1515625859375 0.7279863859375 0.26868596093749997 0.7094358656249999 0.25777954531249997 0.64057546875 0.1406561703125 0.6591259890625001
1 0.36518466875 0.77567914375 0.37515003281250003 0.838597978125 0.4416338046875 0.8280679828125 0.43166844062500004 0.76514915 0.36518466875 0.77567914375
1 0.4145310453125 0.7593603203125 0.42882035625 0.849579478125 0.5063744671875 0.8372961140624999 0.49208515625000004 0.74707695625 0.4145310453125 0.7593603203125
1 0.11638841874999999 0.55711165 0.12879807031249998 0.6354631140625 0.19845067656249998 0.624431225 0.1860410234375 0.5460797609375 0.11638841874999999 0.55711165
1 0.043695809375 0.5795802171875 0.0576087 0.6674227484374999 0.1589084859375 0.6513784390625 0.1449955953125 0.56353590625 0.043695809375 0.5795802171875
1 0.5052531859375 0.656155440625 0.5176628375 0.7345069046875 0.6189626234375 0.7184625953125 0.6065529703125 0.6401111312500001 0.5052531859375 0.656155440625
1 0.762011628125 0.7712424203125 0.768029465625 0.8092375562499999 0.7996766453124999 0.8042251359374999 0.7936588078125 0.76623 0.762011628125 0.7712424203125
1 0.3653798953125 0.4081471125 0.37835417968749996 0.4900635140625 0.4385002828125 0.48053730781250004 0.42552599999999996 0.39862090625 0.3653798953125 0.4081471125
1 0.11573009375000001 0.296790903125 0.1309604546875 0.3929516234375 0.219605484375 0.37891162968750003 0.204375121875 0.28275091093750004 0.11573009375000001 0.296790903125
1 0.028228625 0.2668448375 0.050791853124999994 0.4093034484375 0.141021296875 0.3950125078125 0.1184580703125 0.2525538984375 0.028228625 0.2668448375
1 0.2136999078125 0.3007402328125 0.23400705781250003 0.4289545265625 0.3922841140625 0.40388590312500006 0.371976965625 0.27567161093750003 0.2136999078125 0.3007402328125
1 0.181420915625 0.3837334390625 0.19477161875 0.46802646562500005 0.2992402375 0.45148026249999995 0.285889534375 0.3671872359375 0.181420915625 0.3837334390625
0 0.43154105625000005 1 0.420831090625 0.9323799359375 0.2657228671875 0.9569466640625001 0.27254184531250003 1 0.43154105625000005 1