1 0.7725801296875 0 0.7920944703125 0.10039258437500001 0.9265927328125001 0.0742487703125 0.912160234375 0 0.7725801296875 0
1 0.2944508234375 0.45668523437499997 0.37704554843750004 0.440630446875 0.3580878796875 0.3431016953125 0.2754931546875 0.3591564828125 0.2944508234375 0.45668523437499997
1 0.0389753734375 0.099855446875 0.13808904375 0.0805897 0.1344199453125 0.061713828125 0.0353062765625 0.080979575 0.0389753734375 0.099855446875
1 0.23919198437500003 0.1409171515625 0.2205404046875 0.0449630953125 0.1639127875 0.0559703890625 0.1825643671875 0.1519244453125 0.23919198437500003 0.1409171515625
1 0.3702321703125 0.34891204062500003 0.43748897031249995 0.33583864375 0.4139439359375 0.21470993906250002 0.3466871359375 0.22778333750000002 0.3702321703125 0.34891204062500003
1 0.5965672125 0.6755069984375 0.6437620078124999 0.666333259375 0.637035990625 0.6317309015625 0.5898411953125 0.6409046390625 0.5965672125 0.6755069984375
1 0.49736220781249996 0.637636246875 0.5752328515625 0.6224997265625001 0.56391946875 0.564297415625 0.486048825 0.579433934375 0.49736220781249996 0.637636246875
1 0 0.3735181703125 0.040446140625 0.3656562375 0.025157568749999998 0.287003359375 0 0.2918934953125 0 0.3735181703125
1 0.18127459375 0.49175799531250003 0.2343744890625 0.48143642187499996 0.2221428375 0.41851002812500004 0.169042940625 0.428831603125 0.18127459375 0.49175799531250003
0 0.6681793 0.7415881140625 0.8251016078125 0.71108550625 0.8116455984375 0.641860340625 0.654723290625 0.672362946875 0.6681793 0.7415881140625
0 0.8358935171875 0.6910222796875 0.9774779 0.6635010640625 0.94842723125 0.514048325 0.806842846875 0.5415695406250001 0.8358935171875 0.6910222796875
0 0.583144884375 0.6128014375 0.8521414093749999 0.5605138109375 0.8139199828124999 0.363881615625 0.5449234578125 0.41616924375000003 0.583144884375 0.6128014375
0 0.6140661484375001 0.3309097390625 0.8052073671875 0.29375565 0.7764627859375001 0.1458776046875 0.58532156875 0.18303169375 0.6140661484375001 0.3309097390625
1 0.7206054125 0.09795734687499999 0.7866811921875 0.085113515625 0.7768942812499999 0.034764221875 0.7108185015624999 0.047608051562499996 0.7206054125 0.09795734687499999
1 0.075973075 0.4224415171875 0.13496273281249999 0.4109750890625 0.119061984375 0.3291728234375 0.060072325 0.34063925156249997 0.075973075 0.4224415171875