0 0.24159375 0.1410208328125 0.08534375 0.1410208328125 0.08534375 0.2483958328125 0.24159375 0.2483958328125 0.24159375 0.1410208328125
0 0 0.5016041671875 0.24518749999999997 0.5016041671875 0.24518749999999997 0.2483958328125 0 0.2483958328125 0 0.5016041671875
0 0.25960937500000003 0.6330208328125 0.100953125 0.6330208328125 0.100953125 0.7163541671875 0.25960937500000003 0.7163541671875 0.25960937500000003 0.6330208328125
0 0.1394140625 0.5769166671875 0.0023984375 0.5769166671875 0.0023984375 0.6634583328125 0.1394140625 0.6634583328125 0.1394140625 0.5769166671875
1 0.5829296875 0.7740416671875 0.5144140625 0.7740416671875 0.5144140625 0.8814166671875 0.5829296875 0.8814166671875 0.5829296875 0.7740416671875
1 0.5 0.43109374999999994 0.4266875 0.43109374999999994 0.4266875 0.5096145828124999 0.5 0.5096145828124999 0.5 0.43109374999999994
1 0.9170703124999999 0.78365625 0.8293359375 0.78365625 0.8293359375 0.8589687500000001 0.9170703124999999 0.8589687500000001 0.9170703124999999 0.78365625
1 0.9807656250000001 0.8621770828124999 0.826921875 0.8621770828124999 0.826921875 0.9439062500000001 0.9807656250000001 0.9439062500000001 0.9807656250000001 0.8621770828124999
1 0.77884375 0.5817291671875 0.6935 0.5817291671875 0.6935 0.6346041671875 0.77884375 0.6346041671875 0.77884375 0.5817291671875
1 0.3437578125 0.2676354171875 0.2956796875 0.2676354171875 0.2956796875 0.30128125 0.3437578125 0.30128125 0.3437578125 0.2676354171875
1 0.42787499999999995 0.5625 0.35696875 0.5625 0.35696875 0.615375 0.42787499999999995 0.615375 0.42787499999999995 0.5625
1 0.43269531250000004 0.6169791671875 0.3738046875 0.6169791671875 0.3738046875 0.6826875 0.43269531250000004 0.6826875 0.43269531250000004 0.6169791671875