1 0.046583653125 0.47964353125 0.0680494578125 0.5597550046875 0.1206722921875 0.5456547578125 0.0992064875 0.465543284375 0.046583653125 0.47964353125
1 0.140899890625 0.354831384375 0.160185953125 0.42680795156249995 0.1942348390625 0.4176845796875 0.17494877656250002 0.3457080125 0.140899890625 0.354831384375
1 0.3040713859375 0.0659676375 0.3277128875 0.15419892500000001 0.4283301625 0.12723860781250002 0.404688659375 0.039007320312499996 0.3040713859375 0.0659676375
1 0.760886209375 0 0.7800618625 0.0715645078125 0.8652041984375 0.0487506875 0.852141490625 0 0.760886209375 0
1 0.607943865625 0.122665653125 0.6297210625 0.20393925624999998 0.7318878421874999 0.17656375 0.710110646875 0.09529014687500001 0.607943865625 0.122665653125
1 0.6331348734375 0.2104817515625 0.64962245625 0.27201424531249996 0.7115423265625 0.255422865625 0.6950547453125 0.193890371875 0.6331348734375 0.2104817515625
1 0.6372364687500001 0.2753330609375 0.6531012671875 0.3345412953125 0.7165706453125 0.31753472656250004 0.700705846875 0.25832649218750003 0.6372364687500001 0.2753330609375
1 0.6520093250000001 0.720579403125 0.6871601875 0.851764203125 0.7459810453125 0.8360032015625001 0.710830184375 0.7048184 0.6520093250000001 0.720579403125
1 0.7471853546875 0.8095478734375 0.7826476078125 0.9418948031250001 0.8662404390624999 0.9194961718749999 0.8307781859375 0.7871492421874999 0.7471853546875 0.8095478734375
1 0.34698345937499997 0.219959896875 0.37218191875 0.3140018328125 0.46815067499999996 0.28828708125 0.4429522140625 0.194245146875 0.34698345937499997 0.219959896875
1 0.167484053125 0.3116110109375 0.1774404984375 0.3487689703125 0.2130388875 0.339230409375 0.20308244375 0.3020724515625 0.167484053125 0.3116110109375
1 0.1636072171875 0.4395762828125 0.18289328124999998 0.51155285 0.23243722656250002 0.49827758906249997 0.21315116406249998 0.42630102187499996 0.1636072171875 0.4395762828125
0 0.16197440000000002 0.3653445015625 0.22419207187499998 0.5975440140625 0.36350674843749997 0.560214759375 0.3012890765625 0.3280152453125 0.16197440000000002 0.3653445015625
0 0.12011770625 0.5868504421875 0.15215869531249998 0.706429040625 0.23265251562499997 0.6848607875 0.2006115265625 0.5652821875 0.12011770625 0.5868504421875
0 0.0763656328125 0.5164553453125 0.10280561562499999 0.6151307046875 0.14925054843750002 0.602685821875 0.12281056562499999 0.5040104624999999 0.0763656328125 0.5164553453125
0 0.37683856875 0.5852581890625 0.4048355109375 0.689744196875 0.4806808109375 0.669421509375 0.45268386875 0.5649355015624999 0.37683856875 0.5852581890625
1 0.45438255781250003 1 0.5042924328125 0.9866266890625001 0.4887390265625 0.9285805843749999 0.42681915625 0.9451719625000001 0.44151028437499995 1 0.45438255781250003 1