1 0.748851325 0.7332195375 0.8099988828125 0.7289436828125 0.8065328578125 0.6793772203125 0.7453852999999999 0.6836530734374999 0.748851325 0.7332195375
1 0.580701159375 0 0.5867079546875 0.0859011671875 0.777351796875 0.0725700515625 0.7722772046874999 0 0.580701159375 0
1 0.4524675046875 0.25110523749999997 0.5831639828124999 0.2419660484375 0.577127140625 0.15563519374999998 0.4464306640625 0.1647743828125 0.4524675046875 0.25110523749999997
1 0.3039735453125 0.10887760937499999 0.48861641718750004 0.095966121875 0.481909621875 0.0000544953125 0.2972667515625 0.012965982812499999 0.3039735453125 0.10887760937499999
1 0.13247752343750002 0.223672284375 0.21401279843749998 0.2179707828125 0.20887116562500002 0.14444200000000001 0.127335890625 0.1501435015625 0.13247752343750002 0.223672284375
1 0.9107661359374999 0.1885356078125 0.9791070671875 0.1837567453125 0.97385353125 0.108627703125 0.9055126015624999 0.113406565625 0.9107661359374999 0.1885356078125
1 0.118953621875 0.40938054062499996 0.189687146875 0.40443437031249996 0.18264465000000002 0.3037219671875 0.11191112343750001 0.3086681359375 0.118953621875 0.40938054062499996
1 0 0.393587771875 0.03214776875 0.39133978125 0.025775225000000002 0.3002081484375 0 0.302010528125 0 0.393587771875
1 0.336621821875 0.6447597296875001 0.40136996406250003 0.6402320984375 0.39835154375 0.5970666703124999 0.3336034015625 0.6015943015625 0.336621821875 0.6447597296875001
1 0.44752595937499995 0.73179796875 0.48350061406249994 0.7292823765625001 0.481935453125 0.7068995328125001 0.44596079843750003 0.7094151265625 0.44752595937499995 0.73179796875
1 0.36482166875 0.68617474375 0.38400918906250003 0.6848330203125 0.382332128125 0.66084991875 0.36314460625 0.662191640625 0.36482166875 0.68617474375
1 0.6042338078125 0.8878926546875 0.6461938453125 0.884958521875 0.643623028125 0.8481941296875 0.6016629906250001 0.8511282625 0.6042338078125 0.8878926546875
1 0.305079015625 0.43491762968750003 0.34105366875 0.4324020375 0.33736529531250004 0.3796558390625 0.3013906421875 0.38217143125 0.305079015625 0.43491762968750003
1 0.3663642359375 0.19125737812500002 0.42511140625 0.1871493765625 0.41784510625 0.083236453125 0.3590979359375 0.08734445625000001 0.3663642359375 0.19125737812500002
0 0.4883611078125 0.643787146875 0.7713263859375 0.6240002859375 0.758247046875 0.43695702656249996 0.47528176875000006 0.45674388749999995 0.4883611078125 0.643787146875
0 0.4269090234375 0.5918535687500001 0.646326353125 0.5765104156249999 0.6309 0.3559032828125 0.41148266875 0.3712464375 0.4269090234375 0.5918535687500001
0 0.49157215 0.7929682203125 0.6546426984375 0.7815652171874999 0.649501065625 0.70803643125 0.4864305171875 0.7194394359375 0.49157215 0.7929682203125