1 0.7644296875000001 0.71153125 0.6718828125 0.71153125 0.6718828125 0.7724270828125 0.7644296875000001 0.7724270828125 0.7644296875000001 0.71153125
1 0.8185078125 0.7323854171875 0.7656171875 0.7323854171875 0.7656171875 0.8285312499999999 0.8185078125 0.8285312499999999 0.8185078125 0.7323854171875
1 0.6165859375 1 0.6165859375 0.927875 0.49519531250000004 0.927875 0.49519531250000004 1 0.6165859375 1
1 0.4615390625 0.5592916671875 0.4050546875 0.5592916671875 0.4050546875 0.6394166671875 0.4615390625 0.6394166671875 0.4615390625 0.5592916671875
1 0.8713984375000001 0.8349375 0.8209140625 0.8349375 0.8209140625 0.9070625 0.8713984375000001 0.9070625 0.8713984375000001 0.8349375
1 0.3389375 0.357375 0.265625 0.357375 0.265625 0.384625 0.3389375 0.384625 0.3389375 0.357375
1 0.36898437500000003 0.65225 0.324515625 0.65225 0.324515625 0.7003333328125 0.36898437500000003 0.7003333328125 0.36898437500000003 0.65225
1 0.3798125 0.6923020828124999 0.3125 0.6923020828124999 0.3125 0.7708229171875 0.3798125 0.7708229171875 0.3798125 0.6923020828124999
0 0.22717187499999997 0.20031249999999998 0.066109375 0.20031249999999998 0.066109375 0.2692291671875 0.22717187499999997 0.2692291671875 0.22717187499999997 0.20031249999999998
0 0.0588984375 0.22596875 0.0000078125 0.22596875 0.0000078125 0.36378125 0.0588984375 0.36378125 0.0588984375 0.22596875
0 0 0.56409375 0.24159375 0.56409375 0.24159375 0.35415625 0 0.35415625 0 0.56409375
0 0 0.7275625 0.14784375 0.7275625 0.14784375 0.6346041671875 0 0.6346041671875 0 0.7275625
1 0.4879765625 0.8525520828125 0.4398984375 0.8525520828125 0.4398984375 0.9439062500000001 0.4879765625 0.9439062500000001 0.4879765625 0.8525520828125