0 0.8052036375 0.47084693125 0.6270909828125 0.45212653593749996 0.6103402953125 0.6114986703125 0.7884529515625001 0.6302190640625 0.8052036375 0.47084693125
1 0.30929953125 0.49767865625 0.22801290624999998 0.48913508749999995 0.2233221921875 0.5337642578125 0.3046088171875 0.5423078265625 0.30929953125 0.49767865625
1 0.29284278124999996 0.550738709375 0.212752690625 0.5423209015625 0.20856501875000003 0.582163934375 0.2886551109375 0.5905817421874999 0.29284278124999996 0.550738709375
1 0.1083869 0.350883828125 0.013961707812499998 0.340959340625 0.0060894078125 0.4158592703125 0.10051460000000001 0.4257837578125 0.1083869 0.350883828125
1 0.5320829125000001 0.0682907109375 0.46753222499999997 0.0615061609375 0.4615022390625 0.11887764218750001 0.5260529265625 0.12566219375 0.5320829125000001 0.0682907109375
1 0.5054267718750001 0 0.49828344218750004 0.0679642515625 0.5592445265625 0.07437151875 0.5666148718749999 0.004247365625 0.526203890625 0 0.5054267718750001 0
1 0.2226197140625 0 0.2128706765625 0.0927558875 0.257095821875 0.0974041375 0.267333409375 0 0.2226197140625 0
1 1 0.049797978124999996 0.9754099890625 0.0472134640625 0.9685415984375 0.11256183906249999 1 0.11586825 1 0.049797978124999996
1 1 0.3156815984375 0.9860200765625 0.31421225 0.9774770531250001 0.3954936953125 1 0.397860953125 1 0.3156815984375
1 0.9576388640625 0.4578554140625 0.8990708484375001 0.45169966875 0.8953862203125 0.486756565625 0.9539542359375 0.49291231093750004 0.9576388640625 0.4578554140625
1 0.842474771875 0.5875487953125 0.8161820984375 0.584785325 0.8129983359375 0.6150768046875 0.839291009375 0.6178402765625 0.842474771875 0.5875487953125
1 0.8724114390625 0.6132668328124999 0.8245966906250001 0.6082413 0.8207443812499999 0.6448935765625 0.868559128125 0.6499191093750001 0.8724114390625 0.6132668328124999
1 0.3138937359375 0.4079276328125 0.26368592031250004 0.4026505796875 0.2594982484375 0.4424936125 0.3097060640625 0.44777066718749997 0.3138937359375 0.4079276328125
1 0.2432954921875 0.36667629375 0.15484520156249998 0.35737979375 0.148479853125 0.41794203437500005 0.23693014531249998 0.427238534375 0.2432954921875 0.36667629375
1 0.1001158359375 0.4756925640625 0.0224188140625 0.46752627812499997 0.017057375 0.5185369640624999 0.09475439687500001 0.52670325 0.1001158359375 0.4756925640625
1 0.26998059531249996 0.73365306875 0.2448844578125 0.7310153578125 0.24153519218750003 0.7628814953124999 0.2666313296875 0.76551920625 0.26998059531249996 0.73365306875
1 0.32424220625 0.71194561875 0.26926379218749996 0.7061671546875 0.26440539687500003 0.752391703125 0.319383809375 0.7581701671875 0.32424220625 0.71194561875
1 0.4305594390625 0.4362987734375 0.4018736984375 0.43328377968750004 0.39835675 0.466745296875 0.42704249218749996 0.469760290625 0.4305594390625 0.4362987734375
1 0.77146301875 0.757337415625 0.7379911406249999 0.7538193796875 0.734975059375 0.78251548125 0.7684469359375 0.7860335171874999 0.77146301875 0.757337415625
1 0.7905260515625 0.7255203328125 0.742711303125 0.7204948 0.7398629015625 0.747595521875 0.78767765 0.7526210546875001 0.7905260515625 0.7255203328125
1 0.7875978156250001 0.37392358125 0.7254401968749999 0.3673905515625 0.7202464390625 0.41680585781249996 0.7824040578125 0.42333888750000004 0.7875978156250001 0.37392358125
1 0.506110659375 0.6488918828125 0.46188551406249995 0.6442436328125 0.4578655234375 0.6824912875 0.5020906703125 0.6871395375 0.506110659375 0.6488918828125