0 0.7262908796875001 0.43820407968749997 0.2680652203125 0.51077989375 0.339513403125 0.9618859671875001 0.7977390625 0.8893101531250001 0.7262908796875001 0.43820407968749997
0 0.6070368015625001 0.2461512890625 0.39454491406250003 0.2798066984375 0.415103009375 0.40960540781250004 0.627594896875 0.3759499984375 0.6070368015625001 0.2461512890625
1 0.9102780953125 0.7546514656250001 0.8414176984375 0.7655578796875 0.85420295625 0.846280825 0.923063353125 0.8353744093750001 0.9102780953125 0.7546514656250001
1 0.7724690390625 0.44549709843749996 0.7131151421874999 0.45489783125 0.7218885078125 0.5102906859375 0.7812424046875 0.5008899515625 0.7724690390625 0.44549709843749996
1 0.4341029015625 0.145369571875 0.387805009375 0.1527024375 0.394574059375 0.1954405359375 0.44087195 0.1881076703125 0.4341029015625 0.145369571875
1 0.2884120625 0.3242167125 0.229058165625 0.3336174453125 0.237580584375 0.387425884375 0.29693448125 0.37802515 0.2884120625 0.3242167125
1 0.884432975 0.5608079984375001 0.8274557031249999 0.5698323109375 0.835228540625 0.618908075 0.8922058125 0.6098837625 0.884432975 0.5608079984375001
1 0.7431414328125 0.3754939234375 0.722955553125 0.378691053125 0.7277202859375 0.40877439375 0.747906165625 0.40557726406250005 0.7431414328125 0.3754939234375
1 0.6974415109375001 0.34055657968749997 0.68200888125 0.34300086875 0.6855188796875 0.365162125 0.7009515093750001 0.36271783750000003 0.6974415109375001 0.34055657968749997
1 0.8408357656250001 0.46223745312500003 0.7969144984375001 0.4691938984375 0.806189759375 0.5277555859375 0.850111025 0.520799140625 0.8408357656250001 0.46223745312500003
1 0.1970074234375 0.1082841421875 0.15070953125 0.11561700781249999 0.156223846875 0.15043302187500002 0.2025217375 0.14310015625 0.1970074234375 0.1082841421875