0 0.561296875 0.134625 0.443515625 0.134625 0.443515625 0.23879166718749997 0.561296875 0.23879166718749997 0.561296875 0.134625
0 0.66946875 0.11538541718749999 0.5420625 0.11538541718749999 0.5420625 0.1698645828125 0.66946875 0.1698645828125 0.66946875 0.11538541718749999
0 0.8125078125 0.2836458328125 0.5588984375 0.2836458328125 0.5588984375 0.4326875 0.8125078125 0.4326875 0.8125078125 0.2836458328125
0 0.5084140625 0.42307291718749995 0.3822109375 0.42307291718749995 0.3822109375 0.5400520828125 0.5084140625 0.5400520828125 0.5084140625 0.42307291718749995
1 0.22596093750000001 0.7291666671875 0.0552890625 0.7291666671875 0.0552890625 0.8237083328124999 0.22596093750000001 0.8237083328124999 0.22596093750000001 0.7291666671875
1 0.1189921875 0.33653125 0.0552890625 0.33653125 0.0552890625 0.42146875 0.1189921875 0.42146875 0.1189921875 0.33653125
1 0 0.9375104171875 0.0685078125 0.9375104171875 0.0685078125 0.8285312499999999 0 0.8285312499999999 0 0.9375104171875
1 0.765625 0.9182604171875001 0.66946875 0.9182604171875001 0.66946875 0.9999895828125 0.765625 0.9999895828125 0.765625 0.9182604171875001
1 0.8425546875000001 1 0.8425546875000001 0.9487083328124999 0.7740390625 0.9487083328124999 0.7740390625 1 0.8425546875000001 1
1 0.9603359375 1 0.9603359375 0.9647500000000001 0.8473515624999999 0.9647500000000001 0.8473515624999999 1 0.9603359375 1
1 0.9471171875 0.5656979171875001 0.8593828125 0.5656979171875001 0.8593828125 0.6650520828125 0.9471171875 0.6650520828125 0.9471171875 0.5656979171875001
1 0.563703125 0.7019166671875 0.501203125 0.7019166671875 0.501203125 0.7740416671875 0.563703125 0.7740416671875 0.563703125 0.7019166671875
1 0.9999921875 0.5064166671875 0.9747578125 0.5064166671875 0.9747578125 0.5657083328125 0.9999921875 0.5657083328125 0.9999921875 0.5064166671875
1 0.8786015624999999 0.24679166718749998 0.7944609375 0.24679166718749998 0.7944609375 0.3237083328125 0.8786015624999999 0.3237083328125 0.8786015624999999 0.24679166718749998
1 0.6983203125 0.2532083328125 0.6502421875 0.2532083328125 0.6502421875 0.2836666671875 0.6983203125 0.2836666671875 0.6983203125 0.2532083328125
1 0.9483203124999999 0.3028958328125 0.9134609375 0.3028958328125 0.9134609375 0.3381458328125 0.9483203124999999 0.3381458328125 0.9483203124999999 0.3028958328125
1 0.347359375 0.767625 0.300484375 0.767625 0.300484375 0.865375 0.347359375 0.865375 0.347359375 0.767625
1 0.2019296875 0.8237187499999999 0.15144531249999998 0.8237187499999999 0.15144531249999998 0.8814062500000001 0.2019296875 0.8814062500000001 0.2019296875 0.8237187499999999