0 0.733171875 0.41025 0.597359375 0.41025 0.597359375 0.517625 0.733171875 0.517625 0.733171875 0.41025
0 0.5612890625 0.0817395828125 0.45792968749999996 0.0817395828125 0.45792968749999996 0.1666770828125 0.5612890625 0.1666770828125 0.5612890625 0.0817395828125
0 0.6478359375 0.0624895828125 0.5661015625 0.0624895828125 0.5661015625 0.10896874999999999 0.6478359375 0.10896874999999999 0.6478359375 0.0624895828125
0 0.769234375 0.20353125 0.6466406250000001 0.20353125 0.6466406250000001 0.26121875 0.769234375 0.26121875 0.769234375 0.20353125
0 0.6406171875 0.2067291671875 0.5685078125 0.2067291671875 0.5685078125 0.2756458328125 0.6406171875 0.2756458328125 0.6406171875 0.2067291671875
1 0.373796875 0.6330208328125 0.30407812500000003 0.6330208328125 0.30407812500000003 0.6778958328125 0.373796875 0.6778958328125 0.373796875 0.6330208328125
1 0.13821875 0.42789583281250004 0.055281250000000004 0.42789583281250004 0.055281250000000004 0.4839791671875 0.13821875 0.4839791671875 0.13821875 0.42789583281250004
1 0.07571875 0.8237187499999999 0.026437500000000003 0.8237187499999999 0.026437500000000003 0.9086562499999999 0.07571875 0.9086562499999999 0.07571875 0.8237187499999999
1 0.427890625 0.8830104171875 0.373796875 0.8830104171875 0.373796875 0.96153125 0.427890625 0.96153125 0.427890625 0.8830104171875
1 0.7403906250000001 0.6266041671875 0.7091406250000001 0.6266041671875 0.7091406250000001 0.6714791671875 0.7403906250000001 0.6714791671875 0.7403906250000001 0.6266041671875
1 0.8076874999999999 0.5320416671875 0.72475 0.5320416671875 0.72475 0.580125 0.8076874999999999 0.580125 0.8076874999999999 0.5320416671875
1 0.9098515624999999 0.4503125 0.8437421875 0.4503125 0.8437421875 0.5160208328125 0.9098515624999999 0.5160208328125 0.9098515624999999 0.4503125
1 0.9483124999999999 0.4871875 0.91225 0.4871875 0.91225 0.5320625 0.9483124999999999 0.5320625 0.9483124999999999 0.4871875
1 0.9338906250000001 0.3557708328125 0.860578125 0.3557708328125 0.860578125 0.3910208328125 0.9338906250000001 0.3910208328125 0.9338906250000001 0.3557708328125
1 1 0.58653125 0.8882187500000001 0.58653125 0.8882187500000001 0.6570520828124999 1 0.6570520828124999 1 0.58653125
1 0.44230468749999996 0.25640625 0.3521640625 0.25640625 0.3521640625 0.3205104171875 0.44230468749999996 0.3205104171875 0.44230468749999996 0.25640625
1 0.54928125 0.47757291718749995 0.49159375 0.47757291718749995 0.49159375 0.53846875 0.54928125 0.53846875 0.54928125 0.47757291718749995
1 0.5781171875 0.42788541718750006 0.5372578125 0.42788541718750006 0.5372578125 0.46153125 0.5781171875 0.46153125 0.5781171875 0.42788541718750006
1 0.6213984375 0.4134583328125 0.5733203125 0.4134583328125 0.5733203125 0.4455 0.6213984375 0.4455 0.6213984375 0.4134583328125
1 0.49399218749999996 0.4583333328125 0.4507265625 0.4583333328125 0.4507265625 0.4967916671875 0.49399218749999996 0.4967916671875 0.49399218749999996 0.4583333328125
1 0.5360546875 0.4230833328125 0.49519531250000004 0.4230833328125 0.49519531250000004 0.46475 0.5360546875 0.46475 0.5360546875 0.4230833328125
1 0.25601562499999997 0.2147395828125 0.195921875 0.2147395828125 0.195921875 0.2548020828125 0.25601562499999997 0.2548020828125 0.25601562499999997 0.2147395828125
1 0.7175546875000001 0.3093020828125 0.6718828125 0.3093020828125 0.6718828125 0.3493645828125 0.7175546875000001 0.3493645828125 0.7175546875000001 0.3093020828125
1 0.9122578125 0.3044895828125 0.7968671875 0.3044895828125 0.7968671875 0.3445520828125 0.9122578125 0.3445520828125 0.9122578125 0.3044895828125
1 0.6995234375 0.09134375 0.6622578125 0.09134375 0.6622578125 0.12498958281250001 0.6995234375 0.12498958281250001 0.6995234375 0.09134375
1 0.8545703124999999 0.6987083328125 0.8064921875 0.6987083328125 0.8064921875 0.740375 0.8545703124999999 0.740375 0.8545703124999999 0.6987083328125