1 0.8092142203125 0.17021065625 0.9106707671875001 0.1449146984375 0.8905106093749999 0.064056721875 0.7890540625 0.0893526796875 0.8092142203125 0.17021065625
1 1 0.52398054375 0.9139139609375 0.5454442046875 0.9565627750000001 0.7164992531250001 1 0.7056691374999999 1 0.52398054375
1 0.7591868234375 0.6005440375 0.8863107234375001 0.5688484890625001 0.87002635625 0.5035354578125 0.7429024546874999 0.53523100625 0.7591868234375 0.6005440375
0 0.660763975 0.7225195390625 0.8322031015625001 0.6797749640624999 0.8081671531250001 0.583372040625 0.6367280281250001 0.626116615625 0.660763975 0.7225195390625
1 0.6833724578125 0.639264521875 0.7416811671875 0.624726528125 0.721132925 0.542312034375 0.6628242171875 0.5568500281250001 0.6833724578125 0.639264521875
1 0.409160753125 0.9305999953124999 0.45697813906249996 0.9186777828125001 0.4310017765625 0.8144922781249999 0.3831843890625 0.8264144921875 0.409160753125 0.9305999953124999
1 0.2828150296875 0.99018574375 0.357451996875 0.9715766578125 0.33729183906250004 0.8907186812500001 0.26265487187500003 0.9093277671875001 0.2828150296875 0.99018574375
1 0.3954973984375 1 0.381168128125 0.942528434375 0.303029 0.9620107078125001 0.31250079531249997 1 0.3954973984375 1
1 0.48124797187499996 0.6533306859375 0.545393615625 0.6373373796874999 0.5357016203125 0.5984649078125 0.4715559765625 0.6144582125 0.48124797187499996 0.6533306859375
1 0.534232715625 0.46834043281250004 0.5750457796874999 0.45816459218750005 0.56147799375 0.403747175 0.5206649296875 0.4139230140625 0.534232715625 0.46834043281250004
1 0.511387225 0.3072166078125 0.544043740625 0.2990744234375 0.533575578125 0.25708891718750004 0.5009190625 0.2652311015625 0.511387225 0.3072166078125
1 0.48568862187499995 0.3829864328125 0.5241669124999999 0.3733927171875 0.515639165625 0.33918979375 0.47716087500000004 0.3487835078125 0.48568862187499995 0.3829864328125
1 0.1675046703125 0.7662207953125 0.2573025078125 0.74383168125 0.2429585546875 0.6863012296875 0.1531607171875 0.7086903453125 0.1675046703125 0.7662207953125
1 0.1506698078125 0.95210679375 0.20315674218750002 0.9390203312500001 0.1779565453125 0.8379478593749999 0.1254696109375 0.851034321875 0.1506698078125 0.95210679375
1 0.14652369062499998 1 0.13319811875 0.946554053125 0.0982068296875 0.9552783609375 0.10935718750000001 1 0.14652369062499998 1
1 0.1227775828125 0.825285309375 0.1869232265625 0.8092920031249999 0.16792731875 0.733103575 0.10378167499999999 0.7490968796875 0.1227775828125 0.825285309375
1 0.3868502671875 0.5827050921875 0.47081116874999995 0.5617712890625 0.44793947031250003 0.47003791250000004 0.3639785671875 0.4909717171875 0.3868502671875 0.5827050921875
1 0.67706278125 0 0.6343938859375 0.01063855 0.6468024625 0.060406635937499994 0.6957872359375 0.048193359375 0.6837712828125 0 0.67706278125 0
0 0.5569326234374999 0.2165894984375 0.7376956859375 0.1715202046875 0.7121074046875 0.06889121875000001 0.5313443437500001 0.1139605109375 0.5569326234374999 0.2165894984375
0 0.6399480750000001 0.460157934375 0.9548242 0.3816504984375 0.89744335 0.15150848125 0.582567225 0.23001591562499998 0.6399480750000001 0.460157934375