0 0.773993075 0.5326933781250001 0.802480225 0.6667148828125 0.8871307484375001 0.6487218578125 0.8586435984375 0.5147003531250001 0.773993075 0.5326933781250001
0 0.466212028125 0.5723081453125001 0.5301838562500001 0.8732719359375001 0.7778589796875 0.8206269624999999 0.7138871515625 0.5196631734375 0.466212028125 0.5723081453125001
1 0 0.31997499218750003 0.062426925 0.3067057390625 0.04793158125 0.2385105109375 0 0.248698684375 0 0.31997499218750003
1 0.3039489765625 1 0.39255669375 0.9811658484375 0.356821871875 0.813046728125 0.21574445937500003 0.8430336578125001 0.24910868437499997 1 0.3039489765625 1
1 0.336138134375 0.6540124640625 0.36912462343749997 0.8092016953125001 0.45848248125 0.7902080953125 0.4254959921875 0.635018865625 0.336138134375 0.6540124640625
0 0.21501515312500002 0.55442538125 0.25175055 0.7272518359375 0.38186455937499997 0.6995952484375 0.34512916250000003 0.5267687953125 0.21501515312500002 0.55442538125
1 0.26693095625 0.382427603125 0.28242362656250003 0.4553148828125 0.3451269625 0.4419868765625 0.32963429375 0.369099596875 0.26693095625 0.382427603125
1 0.1975427609375 0.3873524640625 0.20978681093749998 0.4449561875 0.26935192343750003 0.4322952328125 0.25710787343749997 0.374691509375 0.1975427609375 0.3873524640625
1 0.24777198125000002 0.1149327609375 0.23302974375000002 0.0455759828125 0.164049959375 0.0602380875 0.1787921984375 0.129594865625 0.24777198125000002 0.1149327609375
1 0.3634627890625 0.32012894375 0.374209225 0.370686946875 0.47453048750000004 0.3493630046875 0.4637840515625 0.298805 0.3634627890625 0.32012894375
1 0.5698559484375 0.3893072296875 0.5843512921875 0.45750245625 0.6235383296875 0.4491729953125 0.6090429875 0.3809777671875 0.5698559484375 0.3893072296875
1 0.6471126890625001 0.43678208906249993 0.6563582625 0.480279090625 0.6971144109375 0.471616103125 0.6878688390625001 0.4281191015625 0.6471126890625001 0.43678208906249993
1 0.6237041796875 0.40365955937500003 0.6302014203125 0.43422667343750004 0.67252668125 0.42523016093750005 0.666029440625 0.3946630484375 0.6237041796875 0.40365955937500003
1 0.8947730515625001 0.584423165625 0.9045189125 0.630273834375 0.957807578125 0.6189469796875 0.94806171875 0.5730963109375 0.8947730515625001 0.584423165625
1 0.827938565625 0.76329000625 0.844181665625 0.8397077875000001 0.866128853125 0.8350427703125 0.8498857515625 0.7586249875 0.827938565625 0.76329000625