1 0.0898901828125 0.32791091875 0.0879608953125 0.27266334531249997 0.0351181046875 0.27450865625 0.0370473921875 0.32975622968749996 0.0898901828125 0.32791091875
1 0.20365539375 0.73885496875 0.2020614671875 0.693210915625 0.149218678125 0.6950562265625 0.150812603125 0.7407002796875 0.20365539375 0.73885496875
1 0.32871535 0.7380915375 0.3262407578125 0.66722848125 0.2797899046875 0.66885058125 0.282264496875 0.7397136359375 0.32871535 0.7380915375
1 0.3666295578125 0.8594360203125 0.3653709953125 0.8233954890625 0.3141105734375 0.8251855421875 0.3153691359375 0.8612260734375001 0.3666295578125 0.8594360203125
1 0.5126175921875 0.9529527671875 0.5101010125000001 0.8808873187499999 0.452448653125 0.8829005828125001 0.454965234375 0.95496603125 0.5126175921875 0.9529527671875
1 0.5943192875000001 0.997003253125 0.5896214875 0.8624758781249999 0.5271595609374999 0.864657096875 0.5318573609375 0.999184471875 0.5943192875000001 0.997003253125
1 0.6519820546874999 0.994989625 0.6492975203125 0.9181146078125 0.5916451625 0.9201278734375 0.594329696875 0.9970028890625 0.6519820546874999 0.994989625
1 0.7589314046875 0.8433288203125 0.7640910765625 0.9910825078125001 0.8714006671875 0.9873351749999999 0.86624099375 0.8395814875 0.7589314046875 0.8433288203125
1 0.3277272453125 0.6178652828125 0.32546205 0.552998571875 0.2646033125 0.55512380625 0.26686850781250004 0.6199905171875 0.3277272453125 0.6178652828125
1 0.6242809765625 0.7530199140625 0.621093125 0.6617318078125 0.52660905 0.6650312656249999 0.5297969015625 0.7563193703125 0.6242809765625 0.7530199140625
1 1 0.78559923125 0.9478036718749999 0.7874219671875 0.951872734375 0.9039446906249999 1 0.90226405 1 0.78559923125
1 0.8147321 0.5587627421875 0.8109569546875001 0.4506567625 0.753304596875 0.452670028125 0.7570797406249999 0.5607760078124999 0.8147321 0.5587627421875
1 0.5417947703125 0.36504511093750003 0.53739034375 0.2389188640625 0.418879246875 0.2430573640625 0.42328367343749995 0.369183609375 0.5417947703125 0.36504511093750003
1 0.412443303125 0.1506866421875 0.4083742390625 0.03416391875 0.3459123125 0.0363451375 0.349981375 0.1528678609375 0.412443303125 0.1506866421875
1 0.3632141296875 0.1187133640625 0.36019423281249996 0.0322348265625 0.3089338109375 0.034024879687499995 0.3119537078125 0.12050341718749999 0.3632141296875 0.1187133640625
1 0.21866909843750001 0.2957485703125 0.2168232421875 0.2428901640625 0.1671660109375 0.24462423281249998 0.1690118671875 0.2974826390625 0.21866909843750001 0.2957485703125
1 0.6735626234375001 0.419370196875 0.671591346875 0.36292023125 0.5947215359375 0.36560458281249997 0.5966928125 0.42205455000000003 0.6735626234375001 0.419370196875
1 0.896114046875 0.4091986296875 0.997010878125 0.40567523593750004 0.9945362859375001 0.3348121796875 0.8936394546875001 0.338335575 0.896114046875 0.4091986296875
1 0.84169038125 0.45800271875 0.8401384453125 0.4135610578125 0.7760733281250001 0.4157982609375 0.777625265625 0.46023992187499996 0.84169038125 0.45800271875
1 0.8346998671874999 0.3957165546875 0.832392684375 0.32964745156249997 0.7683275671875001 0.3318846546875 0.7706347515624999 0.3979537578125 0.8346998671874999 0.3957165546875
1 0.946660334375 0.34129166093749996 0.942885190625 0.23318568125 0.82277090625 0.2373801640625 0.8265460499999999 0.34548614375 0.946660334375 0.34129166093749996
1 0.9013788640625 0.1925391578125 0.8993655984375 0.1348868 0.8240989765625001 0.1375151671875 0.8261122421874999 0.1951675265625 0.9013788640625 0.1925391578125
1 0.7509493468749999 0.155696315625 0.749523375 0.11486183125 0.7078820890624999 0.11631597656249999 0.7093080609375 0.1571504625 0.7509493468749999 0.155696315625
0 1 0.6751337953125 0.9929470203124999 0.4731628609375 0.7815342203125 0.480545559375 0.78992373125 0.7207897437499999 1 0.7134537203125 1 0.6751337953125
0 0.272589175 0.600544646875 0.26722010625000003 0.446794615625 0.1471058203125 0.45098909843749996 0.152474890625 0.60473913125 0.272589175 0.600544646875
0 0.176629896875 0.6988988046875 0.1724774015625 0.5799869125 0.1019995265625 0.582448053125 0.10615202187499999 0.701359946875 0.176629896875 0.6988988046875