0 0.7391796875 0.4919895828125 0.2800390625 0.4919895828125 0.2800390625 0.95834375 0.7391796875 0.95834375 0.7391796875 0.4919895828125
0 0.6406328125 0.2644166671875 0.4519296875 0.2644166671875 0.4519296875 0.3685833328125 0.6406328125 0.3685833328125 0.6406328125 0.2644166671875
1 0.503609375 0.1666666671875 0.456734375 0.1666666671875 0.456734375 0.21154166718749998 0.503609375 0.21154166718749998 0.503609375 0.1666666671875
1 0.7920703125 0.5096145828124999 0.7512109375 0.5096145828124999 0.7512109375 0.5593020828124999 0.7920703125 0.5593020828124999 0.7920703125 0.5096145828124999
1 0.8569765625000001 0.5320416671875 0.8221171875 0.5320416671875 0.8221171875 0.5945416671875 0.8569765625000001 0.5945416671875 0.8569765625000001 0.5320416671875
1 0.911046875 0.6474479171875 0.8401406250000001 0.6474479171875 0.8401406250000001 0.7051354171875001 0.911046875 0.7051354171875001 0.911046875 0.6474479171875
1 0.8798125000000001 0.8798125000000001 0.8329375000000001 0.8798125000000001 0.8329375000000001 0.9455208328125 0.8798125000000001 0.9455208328125 0.8798125000000001 0.8798125000000001
1 0.7908593749999999 0.4294895828125 0.764421875 0.4294895828125 0.764421875 0.46634374999999995 0.7908593749999999 0.46634374999999995 0.7908593749999999 0.4294895828125
1 0.668265625 0.3493645828125 0.644234375 0.3493645828125 0.644234375 0.3830104171875 0.668265625 0.3830104171875 0.668265625 0.3493645828125
1 0.744 0.3878125 0.7235625 0.3878125 0.7235625 0.4150625 0.744 0.4150625 0.744 0.3878125
1 0.0853359375 0.5000104171875 0.026445312500000002 0.5000104171875 0.026445312500000002 0.5576979171875001 0.0853359375 0.5576979171875001 0.0853359375 0.5000104171875
1 0.10577343749999998 0.4150625 0.07572656250000001 0.4150625 0.07572656250000001 0.4535208328125 0.10577343749999998 0.4535208328125 0.10577343749999998 0.4150625
1 0.32090625 0.3221145828125 0.27403125 0.3221145828125 0.27403125 0.3718020828125 0.32090625 0.3718020828125 0.32090625 0.3221145828125