0 0.51803125 0.4695520828125 0.26321875 0.4695520828125 0.26321875 0.6730729171875 0.51803125 0.6730729171875 0.51803125 0.4695520828125
1 0.8028906250000001 0.7948645828124999 0.706734375 0.7948645828124999 0.706734375 0.93909375 0.8028906250000001 0.93909375 0.8028906250000001 0.7948645828124999
1 0.6959140625 0.6426145828125 0.6298046875 0.6426145828125 0.6298046875 0.6923020828124999 0.6959140625 0.6923020828124999 0.6959140625 0.6426145828125
1 0.8894296875000001 0.7628229171875 0.8365390625 0.7628229171875 0.8365390625 0.8301354171875 0.8894296875000001 0.8301354171875 0.8894296875000001 0.7628229171875
1 0.944703125 0.8349375 0.8846093749999999 0.8349375 0.8846093749999999 0.9070625 0.944703125 0.9070625 0.944703125 0.8349375
1 0.889421875 0.8333333328125001 0.8088906250000001 0.8333333328125001 0.8088906250000001 0.9134583328125 0.889421875 0.9134583328125 0.889421875 0.8333333328125001
1 0.967546875 0.9439062500000001 0.9314843749999999 0.9439062500000001 0.9314843749999999 0.9839687500000001 0.967546875 0.9839687500000001 0.967546875 0.9439062500000001
1 0.9963984375000001 0.8846041671875 0.9615390625 0.8846041671875 0.9615390625 0.9535208328125 0.9963984375000001 0.9535208328125 0.9963984375000001 0.8846041671875
1 0.576921875 0.4455208328125 0.543265625 0.4455208328125 0.543265625 0.49039583281250004 0.576921875 0.49039583281250004 0.576921875 0.4455208328125
1 0.6141796875 0.42467708281250005 0.5661015625 0.42467708281250005 0.5661015625 0.45353125 0.6141796875 0.45353125 0.6141796875 0.42467708281250005
1 0.5312421875 0.21795833281250002 0.49038281250000004 0.21795833281250002 0.49038281250000004 0.259625 0.5312421875 0.259625 0.5312421875 0.21795833281250002
1 0.5360546875 0.2724270828125 0.5036015625 0.2724270828125 0.5036015625 0.2948645828125 0.5360546875 0.2948645828125 0.5360546875 0.2724270828125