0 0.6299007671875 0.368031765625 0.42846498125 0.41453688125 0.46776111875000004 0.5847471515625 0.6691969046875 0.5382420359375 0.6299007671875 0.368031765625
1 0.828868121875 0.1132222640625 0.751573171875 0.131067209375 0.7739229953125 0.2278749359375 0.8512179468750001 0.210029990625 0.828868121875 0.1132222640625
1 0.0813666203125 0.5621075828125 0.005243959375 0.579681884375 0.0164212140625 0.628095896875 0.092543875 0.610521596875 0.0813666203125 0.5621075828125
1 0.0935320546875 0.620150253125 0.0197539703125 0.6371832656249999 0.033452553125 0.6965183421875001 0.1072306359375 0.6794853296875 0.0935320546875 0.620150253125
1 0 0.5397655484375 0.079385909375 0.5214378671875 0.056675224999999996 0.42306709062500003 0 0.436151596875 0 0.5397655484375
1 0.7849286890625 0.3075666875 0.7275474281250001 0.3208141953125 0.7372812468750001 0.362976 0.7946625093749999 0.3497284921875 0.7849286890625 0.3075666875
1 0.7120707484375 0.48886319375 0.676932528125 0.496975490625 0.68702720625 0.540700346875 0.7221654265625 0.53258805 0.7120707484375 0.48886319375
1 0.74711658125 0.5070926484375 0.6967538281250001 0.51871980625 0.7093698328125 0.5733657265625001 0.7597325859375 0.56173856875 0.74711658125 0.5070926484375
1 0.6973127781249999 0.7028123500000001 0.6575006265625001 0.712003709375 0.6647084328124999 0.74322415 0.704520584375 0.7340327906249999 0.6973127781249999 0.7028123500000001
1 0.9205883078125 0.1792186953125 0.8772592890625001 0.18922198750000002 0.886271390625 0.22825768750000003 0.929600409375 0.21825439531250002 0.9205883078125 0.1792186953125
1 0.8651957015624999 0.21174205937499999 0.9424830406250001 0.193898871875 0.9140032984375001 0.0705395609375 0.8367159609374999 0.0883827484375 0.8651957015624999 0.21174205937499999
1 0.734556478125 0.21228935 0.684193725 0.2239165078125 0.6946492640625 0.2692044171875 0.745012015625 0.257577259375 0.734556478125 0.21228935
1 0.15103156874999998 0.837152428125 0.12175479375 0.8439115046874999 0.1300451765625 0.8798211 0.1593219515625 0.873062025 0.15103156874999998 0.837152428125
1 0.2058947625 0.7915696953125 0.1426520546875 0.806170425 0.15419017031249999 0.856147490625 0.2174328765625 0.8415467609375 0.2058947625 0.7915696953125
1 0.1492493625 0.9148681015625 0.112938853125 0.9232510421875 0.120868378125 0.9575975874999999 0.1571788875 0.9492146453125001 0.1492493625 0.9148681015625