1 0.716051246875 0.3709281765625 0.891770834375 0.35245930312499996 0.8770301437500001 0.21221099687499997 0.7013105562499999 0.2306798703125 0.716051246875 0.3709281765625
1 0.5510612187499999 0.49140724375 0.6873262578125 0.4770852125 0.677609465625 0.3846361125 0.5413444265625 0.3989581453125 0.5510612187499999 0.49140724375
1 0 0.384967403125 0.066588728125 0.377968646875 0.055029621875000004 0.2679911015625 0 0.27377494687500004 0 0.384967403125
1 0 0.294733509375 0.044062051562499996 0.2901024015625 0.0358543890625 0.21201171406250002 0 0.21578016249999998 0 0.294733509375
1 0 0.252826859375 0.0648095171875 0.24601510312500002 0.053921135937499996 0.142419071875 0 0.14808641250000001 0 0.252826859375
1 0.14722689687499999 0.6965976453125 0.2141706515625 0.6895615734375 0.20177531875 0.5716278531250001 0.1348315625 0.5786639250000001 0.14722689687499999 0.6965976453125
1 0.18831079374999998 0.558546953125 0.28513682500000004 0.5483701265625001 0.2720707671875 0.424054890625 0.1752447359375 0.434231715625 0.18831079374999998 0.558546953125
1 0.467666103125 0.95135236875 0.5178739203125 0.9460753140625 0.5123469765625 0.89348996875 0.4621391609375 0.8987670234375 0.467666103125 0.95135236875
0 0.3835965046875 0.91024819375 0.5270407500000001 0.8951715968749999 0.51833004375 0.812294771875 0.3748858 0.8273713703125001 0.3835965046875 0.91024819375
0 0.5110631875 0.8581807343750001 0.6616710968749999 0.8423512046875 0.6457566375 0.6909352453125 0.49514872812500005 0.706764775 0.5110631875 0.8581807343750001
0 0.37236608125 0.80347258125 0.60545715 0.7789737234375 0.5850196578125 0.5845239734375001 0.3519285890625 0.6090228328125 0.37236608125 0.80347258125
0 0.3914391640625 0.571028465625 0.5312938046875 0.5563291515625 0.518227746875 0.4320139140625 0.37837310625 0.44671322968749994 0.3914391640625 0.571028465625
1 0.9376883296875 0.363763209375 0.9878806062500001 0.3584877890625 0.97431150625 0.22938641406250002 0.9241192296875 0.23466183593749998 0.9376883296875 0.363763209375