0 0.5261678265625 0.37139046875 0.4673754625 0.59080655625 0.6639614921875 0.643481625 0.72275385625 0.4240655359375 0.5261678265625 0.37139046875
1 1 0.1760590015625 0.9178802265625 0.1540550734375 0.893615940625 0.24461062031249997 1 0.2731161421875 1 0.1760590015625
1 0.742177959375 0.240130103125 0.727558728125 0.2946898203125 0.7709046484375001 0.30630432500000004 0.78552388125 0.25174460781249997 0.742177959375 0.240130103125
1 0.5191255953125 0.3047825703125 0.510414715625 0.3372920109375 0.56303755 0.3513922578125 0.571748428125 0.318882815625 0.5191255953125 0.3047825703125
1 0.4999654875 0.264805121875 0.48721056249999994 0.312407153125 0.5352050015625001 0.325267225 0.5479599281249999 0.2776651921875 0.4999654875 0.264805121875
1 0.9547505359375 0.140292940625 0.9637707843750001 0.1066289171875 0.9080489375 0.09169829375 0.899028690625 0.1253623171875 0.9547505359375 0.140292940625
1 0.560192409375 0.9255074437499999 0.547748875 0.971947346875 0.6081192390625 0.9881235374999999 0.6205627734375 0.9416836343749999 0.560192409375 0.9255074437499999
1 0.395786915625 0.8889285250000001 0.38521173124999997 0.92839565 0.436285059375 0.9420807078125 0.44686024375000005 0.90261358125 0.395786915625 0.8889285250000001
1 0.3668158578125 0.7679243328124999 0.35281536562500004 0.8201748828125 0.3884137546875 0.8297134421875001 0.4024142484375 0.7774628921875 0.3668158578125 0.7679243328124999
1 0.4718257828125 0.7475411750000001 0.4593822484375 0.7939810765625 0.490332121875 0.8022740703125001 0.50277565625 0.75583416875 0.4718257828125 0.7475411750000001
1 0.28283755625 0.307427796875 0.272262371875 0.3468949234375 0.3094102703125 0.356848671875 0.3199854546875 0.317381546875 0.28283755625 0.307427796875
1 0.338600659375 0.2912545734375 0.3236700359375 0.3469764203125 0.3623674390625 0.3573453578125 0.37729806250000003 0.3016235125 0.338600659375 0.2912545734375