0 0 0.19390625 0.09734374999999999 0.19390625 0.09734374999999999 0.12659375 0 0.12659375 0 0.19390625
0 0 0.4022395828125 0.0625 0.4022395828125 0.0625 0.2548020828125 0 0.2548020828125 0 0.4022395828125
1 0.39904687499999997 0.7612291671875 0.329328125 0.7612291671875 0.329328125 0.8798125000000001 0.39904687499999997 0.8798125000000001 0.39904687499999997 0.7612291671875
1 0.2488046875 0.6089687500000001 0.1851015625 0.6089687500000001 0.1851015625 0.67628125 0.2488046875 0.67628125 0.2488046875 0.6089687500000001
1 0.25720312500000003 0.5464687500000001 0.165859375 0.5464687500000001 0.165859375 0.6249895828125 0.25720312500000003 0.6249895828125 0.25720312500000003 0.5464687500000001
1 0.5036015625 0.8173020828125 0.4242734375 0.8173020828125 0.4242734375 0.8878229171875001 0.5036015625 0.8878229171875001 0.5036015625 0.8173020828125
1 0.49278125 0.8605729171875 0.40384374999999995 0.8605729171875 0.40384374999999995 0.9631354171875 0.49278125 0.9631354171875 0.49278125 0.8605729171875
1 0.3449453125 0.41667708281250004 0.2656171875 0.41667708281250004 0.2656171875 0.5192395828125 0.3449453125 0.5192395828125 0.3449453125 0.41667708281250004
1 0.191109375 0.2516041671875 0.152640625 0.2516041671875 0.152640625 0.2836458328125 0.191109375 0.2836458328125 0.191109375 0.2516041671875
1 0.61178125 0.5576979171875001 0.52884375 0.5576979171875001 0.52884375 0.6185937499999999 0.61178125 0.6185937499999999 0.61178125 0.5576979171875001
1 0.7608203125 0.758 0.6634609375 0.758 0.6634609375 0.8477499999999999 0.7608203125 0.8477499999999999 0.7608203125 0.758
1 0.8040859375 0.8381354171875 0.6598515625 0.8381354171875 0.6598515625 0.9294895828125 0.8040859375 0.9294895828125 0.8040859375 0.8381354171875
1 0.9903828125 1 0.9903828125 0.9695416671875 0.9338984375000001 0.9695416671875 0.9338984375000001 1 0.9903828125 1
1 0.74159375 0.5913541671875 0.61178125 0.5913541671875 0.61178125 0.7516041671875 0.74159375 0.7516041671875 0.74159375 0.5913541671875
1 0.664671875 0.6906979171875001 0.579328125 0.6906979171875001 0.579328125 0.7964687500000001 0.664671875 0.7964687500000001 0.664671875 0.6906979171875001
0 0.085328125 0.6458333328125 0.001203125 0.6458333328125 0.001203125 0.802875 0.085328125 0.802875 0.085328125 0.6458333328125