0 0.42634416249999996 0.1992151953125 0.5499659015625 0.23003755781250002 0.574778015625 0.13052160156249998 0.4511562765625 0.09969924062499999 0.42634416249999996 0.1992151953125
0 0.3504846015625 0.10102991718750001 0.458945471875 0.12807225 0.4760060046875 0.0596461875 0.3675451359375 0.0326038546875 0.3504846015625 0.10102991718750001
0 0.1205230984375 0.2930703671875 0.259305709375 0.3276727578125 0.285282071875 0.22348725468750003 0.1464994625 0.1888848640625 0.1205230984375 0.2930703671875
0 0.2593132 0.347503203125 0.379432778125 0.377452378125 0.4007571859375 0.29192485156250003 0.2806376078125 0.2619756765625 0.2593132 0.347503203125
0 0 0.8510071312499999 0.123603840625 0.8818250296875 0.1716757375 0.6890191828125001 0 0.6462156140624999 0 0.8510071312499999
1 0.5205990046875 0.5018293578125 0.6255577125 0.5279985015624999 0.64804636875 0.43780142812499995 0.5430876609374999 0.41163228281249997 0.5205990046875 0.5018293578125
1 0.11962468906249998 0.714002334375 0.214092075 0.7375556999999999 0.23192373437499997 0.6660368171875 0.13745635 0.642483453125 0.11962468906249998 0.714002334375
1 0.21137863124999998 0.753411921875 0.2661851796875 0.7670767281249999 0.2813052984375 0.7064332453125 0.22649875000000003 0.6927684390625 0.21137863124999998 0.753411921875
1 0.27122765000000004 0.7666806828125 0.33537329374999997 0.7826739875000001 0.35282191093750004 0.712691409375 0.2886762671875 0.6966981031249999 0.27122765000000004 0.7666806828125
1 0.30625341562499997 0.8299072828125 0.43337731718750006 0.8616028312499999 0.45198514218749997 0.7869709171875 0.3248612421875 0.75527536875 0.30625341562499997 0.8299072828125
1 0.2557865890625 0.9230375343749999 0.32575400625 0.9404823703125 0.35134228749999996 0.837853384375 0.28137486875 0.820408546875 0.2557865890625 0.9230375343749999
1 0.30983708125 0.95962749375 0.361156628125 0.9724228953124999 0.37550058124999997 0.91489244375 0.324181034375 0.9020970437500001 0.30983708125 0.95962749375
1 0.5343329375 0.7100665984375001 0.5588177437499999 0.7161713453125 0.56618628125 0.68661775625 0.541701475 0.6805130078125 0.5343329375 0.7100665984375001
1 0.48473569375 0.9437703562499999 0.5383748546875 0.9571441015625 0.5515545578125 0.9042831984375 0.497915396875 0.890909453125 0.48473569375 0.9437703562499999
1 0.6013462390625001 0.9579866171875 0.6561527859375 0.9716514234375 0.66429245 0.939005015625 0.6094859015625 0.925340209375 0.6013462390625001 0.9579866171875
1 0.8733829359374999 0.9102124890625 0.910709 0.9195189218750001 0.930481075 0.8402174609375 0.8931550109374999 0.8309110265624999 0.8733829359374999 0.9102124890625
1 0.257999090625 0.1192596484375 0.323312121875 0.13554401562500001 0.339596490625 0.070230984375 0.274283459375 0.053946617187500004 0.257999090625 0.1192596484375
1 0.772030421875 0.44230464999999997 0.8536717109374999 0.46266010937499996 0.8680156625000001 0.405129659375 0.7863743750000001 0.3847742 0.772030421875 0.44230464999999997
1 0.10196535 0.466836178125 0.175434928125 0.4851542015625 0.191719296875 0.4198411703125 0.11824971718749999 0.40152314687499996 0.10196535 0.466836178125
1 0.7360793171875 0.1343879328125 0.7827293156249999 0.1460190828125 0.7924213124999999 0.1071466109375 0.7457713125 0.095515459375 0.7360793171875 0.1343879328125
1 0.341487371875 0.5992032515625 0.38580259687499996 0.610252278125 0.40363425625 0.538733396875 0.35931903125 0.5276843703125 0.341487371875 0.5992032515625