1 0.509625 0.580125 0.4423125 0.580125 0.4423125 0.6634583328125 0.509625 0.6634583328125 0.509625 0.580125
1 0.6911015625 1 0.6911015625 0.9326979171875 0.5721171875 0.9326979171875 0.5721171875 1 0.6911015625 1
1 0.558890625 0.8942291671874999 0.49157812500000003 0.8942291671874999 0.49157812500000003 0.9631458328125 0.558890625 0.9631458328125 0.558890625 0.8942291671874999
1 0.427890625 0.7195520828124999 0.373796875 0.7195520828124999 0.373796875 0.7628229171875 0.427890625 0.7628229171875 0.427890625 0.7195520828124999
1 0.427890625 0.6682604171875 0.389421875 0.6682604171875 0.389421875 0.71153125 0.427890625 0.71153125 0.427890625 0.6682604171875
1 0 0.9150625 0.0576875 0.9150625 0.0576875 0.8349375 0 0.8349375 0 0.9150625
1 0.168265625 0.21154166718749998 0.123796875 0.21154166718749998 0.123796875 0.24679166718749998 0.168265625 0.24679166718749998 0.168265625 0.21154166718749998
1 0.34615625 0.39903125 0.3065 0.39903125 0.3065 0.42788541718750006 0.34615625 0.42788541718750006 0.34615625 0.39903125
1 0.8305234374999999 0.705125 0.7247578125 0.705125 0.7247578125 0.7788333328125 0.8305234374999999 0.7788333328125 0.8305234374999999 0.705125
1 0.8762109375 0.7436041671875 0.8101015625000001 0.7436041671875 0.8101015625000001 0.8173125000000001 0.8762109375 0.8173125000000001 0.8762109375 0.7436041671875
1 0.9182656250000001 0.8157083328124999 0.8689843749999999 0.8157083328124999 0.8689843749999999 0.857375 0.9182656250000001 0.857375 0.9182656250000001 0.8157083328124999
1 0.9254843749999999 0.8493541671875 0.876203125 0.8493541671875 0.876203125 0.9006458328125 0.9254843749999999 0.9006458328125 0.9254843749999999 0.8493541671875
1 0.913453125 1 0.913453125 0.9102499999999999 0.842546875 0.9102499999999999 0.842546875 1 0.913453125 1
1 1 0.9583333328125001 0.9242812499999999 0.9583333328125001 0.9242812499999999 1 1 1 1 0.9583333328125001
1 0.328125 0.5608958328125 0.26803125 0.5608958328125 0.26803125 0.6121875 0.328125 0.6121875 0.328125 0.5608958328125
0 0.243984375 0.2644166671875 0.090140625 0.2644166671875 0.090140625 0.3205 0.243984375 0.3205 0.243984375 0.2644166671875
0 0 0.4439166671875 0.08534375 0.4439166671875 0.08534375 0.27725 0 0.27725 0 0.4439166671875
0 0.30409375 0.3910208328125 0.0204375 0.3910208328125 0.0204375 0.6169791671875 0.30409375 0.6169791671875 0.30409375 0.3910208328125