0 0.1495824359375 0.471109784375 0.1825693984375 0.61399201875 0.301239553125 0.5865948546875 0.268252590625 0.4437126203125 0.1495824359375 0.471109784375
0 0.090361225 0.37129529375 0.1182094625 0.4919192625 0.18535980000000002 0.4764163859375 0.1575115625 0.3557924171875 0.090361225 0.37129529375
0 0.2977728609375 0.1013840828125 0.3445486203125 0.3039921578125 0.47259708749999996 0.274429840625 0.4258213265625 0.071821765625 0.2977728609375 0.1013840828125
0 0.40562003750000003 0.24794253125000001 0.441851215625 0.404877009375 0.5417850453125 0.3818054671875 0.5055538671875001 0.22487098749999998 0.40562003750000003 0.24794253125000001
1 0.5558391312500001 0.884304246875 0.5709811499999999 0.9498915312499999 0.6225009671875 0.9379972437499999 0.6073589484374999 0.8724099593749999 0.5558391312500001 0.884304246875
1 0.5150812124999999 0.907296446875 0.5310316484375 0.9763853750000001 0.57631955625 0.9659298375 0.5603691203125 0.8968409093749999 0.5150812124999999 0.907296446875
1 0.639580390625 0.541781475 0.6712141328125 0.678802265625 0.7383644687500001 0.6632993890625001 0.7067307265625 0.5262785984375 0.639580390625 0.541781475
1 0.5877246031250001 0.609269965625 0.5993517609375 0.65963271875 0.6711709546875 0.64305195 0.659543796875 0.5926891984375 0.5877246031250001 0.609269965625
1 0.534234709375 0.762246796875 0.5439673578125 0.8044035265625 0.5892552671875 0.7939479890625 0.57952261875 0.751791259375 0.534234709375 0.762246796875
1 0.8541805468750001 0.2245641859375 0.8652664171875 0.27258235937499997 0.937085609375 0.25600159218749996 0.9259997406249999 0.20798341874999998 0.8541805468750001 0.2245641859375
1 0.6575948687500001 0 0.66755411875 0.04313825 0.7737401562499999 0.018623271875 0.7694406359375 0 0.6575948687500001 0
1 0.49529008125 0.1803673375 0.5134056703125001 0.25883457656250003 0.5633827359375 0.2472964609375 0.5452671453125 0.168829221875 0.49529008125 0.1803673375
1 0.28386871406249997 0.311819340625 0.29522522812499996 0.36100980312500003 0.334260928125 0.3519977015625 0.32290441406250003 0.3028072390625 0.28386871406249997 0.311819340625
1 0.1214414140625 0.7909340874999999 0.12982435625 0.8272445968750001 0.1751122640625 0.816789059375 0.166729321875 0.78047855 0.1214414140625 0.7909340874999999
1 0.2595477015625 0.17804134375 0.27414843125 0.24128405000000003 0.316310234375 0.23155023125000002 0.3017095046875 0.1683075234375 0.2595477015625 0.17804134375
1 0.10311386250000001 0.30544188125 0.1139290875 0.35228776562499997 0.159216996875 0.341832228125 0.148401771875 0.2949863421875 0.10311386250000001 0.30544188125