0 0.9279569640625001 0.20783002499999997 0.9552884687500001 0.09820935 0.7842334171875 0.0555605359375 0.7569019140625 0.1651812109375 0.9279569640625001 0.20783002499999997
0 0.35231902656249997 0.5028093124999999 0.320914540625 0.6287658265625 0.434418925 0.6570656484375 0.4658234109375 0.5311091343750001 0.35231902656249997 0.5028093124999999
0 0.1025408578125 0.438068809375 0.0749164015625 0.548864453125 0.183771453125 0.576005065625 0.21139591093750001 0.46520942343750005 0.1025408578125 0.438068809375
0 0.131141596875 0.32998844374999997 0.103226078125 0.4419514734375 0.168539109375 0.4582358421875 0.196454628125 0.3462728109375 0.131141596875 0.32998844374999997
0 0.28401524375 0.24671716250000003 0.22266158281249998 0.49279325625 0.3719456234375 0.530013946875 0.433299284375 0.2839378546875 0.28401524375 0.24671716250000003
1 0.4790608859375 0.7363213109375 0.4473653390625 0.8634452109374999 0.5313363468750001 0.8843815359375 0.5630318953125 0.7572576343749999 0.4790608859375 0.7363213109375
1 0.5933537234374999 1 0.617156825 0.9045309749999999 0.5300727843749999 0.882818484375 0.5008561515625 1 0.5933537234374999 1
1 0.6777370234375 0.38327338593750004 0.665523746875 0.432258159375 0.733949809375 0.4493186921875 0.7461630859375 0.40033391875 0.6777370234375 0.38327338593750004
1 0.6983049984374999 0.314084653125 0.68289381875 0.3758955234375 0.75752573125 0.39450335000000003 0.7729369125 0.33269247968750004 0.6983049984374999 0.314084653125
1 0.727892578125 0.248376665625 0.7101566781249999 0.319511471875 0.8081161171875 0.343935503125 0.825852015625 0.27280069687499997 0.727892578125 0.248376665625
1 0.5167576859375 0.101586659375 0.497566475 0.1785584 0.581537484375 0.199494725 0.6007286953125 0.122522984375 0.5167576859375 0.101586659375
1 0.49935796093749996 0.25085816250000004 0.48714468593750004 0.2998429359375 0.5446751359374999 0.3141868875 0.5568884109375001 0.2652021140625 0.49935796093749996 0.25085816250000004
1 0.10626566875000001 0.3436013359375 0.09376133125 0.39375349531250003 0.1341903203125 0.403833575 0.1466946578125 0.35368141406250003 0.10626566875000001 0.3436013359375
1 0.25106955625 0.2397347859375 0.2295536265625 0.3260304625 0.2793217125 0.3384390390625 0.300837640625 0.25214336406250004 0.25106955625 0.2397347859375
1 0.5539053234375 0.00555693125 0.5457631390625 0.038213446875 0.57685303125 0.0459650265625 0.584995215625 0.0133085109375 0.5539053234375 0.00555693125
1 1 0.18491404843749998 0.9002163984375 0.160035203125 0.8568896984375 0.333809103125 0.9610752031249999 0.359785465625 1 0.203666628125 1 0.18491404843749998