0 0.1581869515625 0.2705036046875 0.1721196140625 0.429754665625 0.312603821875 0.417463890625 0.298671159375 0.25821282968750003 0.1581869515625 0.2705036046875
0 0.114157209375 0.1718092375 0.1265183453125 0.3130976640625 0.1951727609375 0.30709118125 0.1828116265625 0.1658027546875 0.114157209375 0.1718092375
0 0.49326106875000003 0 0.5111638375 0.20462959687499999 0.67879435 0.1899638265625 0.66217466875 0 0.49326106875000003 0
1 0.7120040234375 0.3306359625 0.724365159375 0.4719243890625 0.8041852593750001 0.46494103593749997 0.7918241234375001 0.323652609375 0.7120040234375 0.3306359625
1 0.5145430156249999 0.75813665625 0.5209326203125 0.8311701796875001 0.5879889765625 0.8253035078125001 0.5815993703125 0.752269984375 0.5145430156249999 0.75813665625
1 0.48002773125 0.786479275 0.48421801562500005 0.8343744484375 0.524128065625 0.830882771875 0.51993778125 0.7829875984375 0.48002773125 0.786479275
1 0.41211702343749995 0.8008668953125 0.41641216718749996 0.8499606156249999 0.44833190468749995 0.8471679999999999 0.44403676093750005 0.7980742796875 0.41211702343749995 0.8008668953125
1 0.48686398906250006 0.846212321875 0.4903202578125 0.8857176671874999 0.509476253125 0.884041734375 0.5060199828124999 0.8445363890625 0.48686398906250006 0.846212321875
1 0.71204080625 0.8458197500000001 0.71612623125 0.8925163765624999 0.7496440328125 0.8895839484374999 0.74555860625 0.842887321875 0.71204080625 0.8458197500000001
1 0.514001890625 0.604944625 0.5174581609375 0.6444499718750001 0.5637604609375 0.6403990453125 0.5603041906249999 0.6008937000000001 0.514001890625 0.604944625
1 0.337449884375 0.076257834375 0.34174502812499996 0.1253515546875 0.380057015625 0.1219996890625 0.375761871875 0.0729059703125 0.337449884375 0.076257834375
1 0.134362396875 0.10850265156250001 0.138447821875 0.155199278125 0.179955934375 0.15156778906249999 0.17587050937499998 0.10487116249999999 0.134362396875 0.10850265156250001
1 0.3243953234375 0.66255634375 0.32837588906250004 0.708054425 0.3587183203125 0.70539980625 0.3547377546875 0.659901725 0.3243953234375 0.66255634375
1 0.06701718749999999 0.6259505937500001 0.07089289374999999 0.6702501265625 0.1060087578125 0.6671778875000001 0.10213304999999999 0.6228783531250001 0.06701718749999999 0.6259505937500001