0 0.7259609375 0.27725 0.5576953125 0.27725 0.5576953125 0.4086666671875 0.7259609375 0.4086666671875 0.7259609375 0.27725
1 0.9086562499999999 0.4679583328125 0.8485625000000001 0.4679583328125 0.8485625000000001 0.5304583328125 0.9086562499999999 0.5304583328125 0.9086562499999999 0.4679583328125
1 0.790875 0.8557708328125001 0.70553125 0.8557708328125001 0.70553125 0.9567291671874999 0.790875 0.9567291671874999 0.790875 0.8557708328125001
1 0.8641875000000001 0.857375 0.78125 0.857375 0.78125 0.9295 0.8641875000000001 0.9295 0.8641875000000001 0.857375
1 0.8148984374999999 0.7532083328125 0.7740390625 0.7532083328125 0.7740390625 0.7980833328125 0.8148984374999999 0.7980833328125 0.8148984374999999 0.7532083328125
1 0.5444765625 0.7323645828124999 0.49399218749999996 0.7323645828124999 0.49399218749999996 0.7964687500000001 0.5444765625 0.7964687500000001 0.5444765625 0.7323645828124999
1 1 0.9070416671875 0.9423125000000001 0.9070416671875 0.9423125000000001 1 1 1 1 0.9070416671875
1 0.8713906250000001 1 0.8713906250000001 0.9567395828124999 0.795671875 0.9567395828124999 0.795671875 1 0.8713906250000001 1
1 0.125 0.44071875 0.0108125 0.44071875 0.0108125 0.4951979171875 0.125 0.4951979171875 0.125 0.44071875
1 0.2331796875 0.4214791671875 0.1538515625 0.4214791671875 0.1538515625 0.4775625 0.2331796875 0.4775625 0.2331796875 0.4214791671875
1 0.842546875 0.3990416671875 0.795671875 0.3990416671875 0.795671875 0.4295 0.842546875 0.4295 0.842546875 0.3990416671875
1 0.7872656250000001 0.2804479171875 0.748796875 0.2804479171875 0.748796875 0.30609375 0.7872656250000001 0.30609375 0.7872656250000001 0.2804479171875
1 0.29085937500000003 0.1554479171875 0.246390625 0.1554479171875 0.246390625 0.1955104171875 0.29085937500000003 0.1955104171875 0.29085937500000003 0.1554479171875
1 0.31009375 0.41186458281249994 0.2548125 0.41186458281249994 0.2548125 0.4343020828125 0.31009375 0.4343020828125 0.31009375 0.41186458281249994
1 0.1502421875 0.17146875 0.11297656250000002 0.17146875 0.11297656250000002 0.21153125 0.1502421875 0.21153125 0.1502421875 0.17146875
1 0.209140625 0.08333333281250001 0.173078125 0.08333333281250001 0.173078125 0.1137916671875 0.209140625 0.1137916671875 0.209140625 0.08333333281250001
1 0.7127343749999999 0.1490416671875 0.673078125 0.1490416671875 0.673078125 0.1810833328125 0.7127343749999999 0.1810833328125 0.7127343749999999 0.1490416671875
1 1 0.4503333328125 0.9338984375000001 0.4503333328125 0.9338984375000001 0.5032083328125 1 0.5032083328125 1 0.4503333328125
1 0.9375078125 0.705125 0.8689921875 0.705125 0.8689921875 0.7564166671875 0.9375078125 0.7564166671875 0.9375078125 0.705125
1 0.9555234374999999 0.6282083328125 0.9050390625 0.6282083328125 0.9050390625 0.6634583328125 0.9555234374999999 0.6634583328125 0.9555234374999999 0.6282083328125
1 0.8161093749999999 0.46153125 0.777640625 0.46153125 0.777640625 0.48396875 0.8161093749999999 0.48396875 0.8161093749999999 0.46153125
1 0.516828125 0.6714687500000001 0.46754687500000003 0.6714687500000001 0.46754687500000003 0.7323645828124999 0.516828125 0.7323645828124999 0.516828125 0.6714687500000001
1 0.12980468750000002 0.3269375 0.0973515625 0.3269375 0.0973515625 0.3589791671875 0.12980468750000002 0.3589791671875 0.12980468750000002 0.3269375
1 0.4375 0.1426145828125 0.38340625 0.1426145828125 0.38340625 0.17146875 0.4375 0.17146875 0.4375 0.1426145828125
1 0.78965625 0.55128125 0.7295625 0.55128125 0.7295625 0.60096875 0.78965625 0.60096875 0.78965625 0.55128125
1 0.7584140625 0.2868645828125 0.7367734375 0.2868645828125 0.7367734375 0.32371875 0.7584140625 0.32371875 0.7584140625 0.2868645828125
1 0.7235546875 0.18590625 0.6886953124999999 0.18590625 0.6886953124999999 0.20834375 0.7235546875 0.20834375 0.7235546875 0.18590625
1 0.155046875 0.2323645828125 0.108171875 0.2323645828125 0.108171875 0.2580104171875 0.155046875 0.2580104171875 0.155046875 0.2323645828125
1 0.265625 0.2964791671875 0.1875 0.2964791671875 0.1875 0.3349375 0.265625 0.3349375 0.265625 0.2964791671875
1 0.2860625 0.3381354171875 0.20553125 0.3381354171875 0.20553125 0.3749895828125 0.2860625 0.3749895828125 0.2860625 0.3381354171875
1 0.26803125 0.7516145828125 0.21275 0.7516145828125 0.21275 0.7644270828125 0.26803125 0.7644270828125 0.26803125 0.7516145828125
1 0.42307812499999997 0.7035208328125 0.38101562499999997 0.7035208328125 0.38101562499999997 0.7451875 0.42307812499999997 0.7451875 0.42307812499999997 0.7035208328125
1 0.2848515625 0.8669895828125 0.1850859375 0.8669895828125 0.1850859375 0.91346875 0.2848515625 0.91346875 0.2848515625 0.8669895828125