1 0.71875 0.5657083328125 0.62259375 0.5657083328125 0.62259375 0.7083333328125 0.71875 0.7083333328125 0.71875 0.5657083328125
1 0.938703125 0.7676354171875001 0.8221093749999999 0.7676354171875001 0.8221093749999999 0.8846145828124999 0.938703125 0.8846145828124999 0.938703125 0.7676354171875001
1 0.9158671875 0.8830208328125 0.8497578125 0.8830208328125 0.8497578125 0.9807708328125001 0.9158671875 0.9807708328125001 0.9158671875 0.8830208328125
1 0.9098515624999999 1 0.9098515624999999 0.9407083328124999 0.8124921875 0.9407083328124999 0.8124921875 1 0.9098515624999999 1
1 0.2836640625 0.6378125 0.13702343749999998 0.6378125 0.13702343749999998 0.7628125 0.2836640625 0.7628125 0.2836640625 0.6378125
1 0 0.9150625 0.0636953125 0.9150625 0.0636953125 0.7900625 0 0.7900625 0 0.9150625
0 0.46996093749999995 0.5192395828125 0.3101015625 0.5192395828125 0.3101015625 0.6394270828125 0.46996093749999995 0.6394270828125 0.46996093749999995 0.5192395828125
0 0.5276484375 0.26603125 0.2500078125 0.26603125 0.2500078125 0.5144270828125 0.5276484375 0.5144270828125 0.5276484375 0.26603125
0 0.40144531250000004 0.1971145828125 0.24158593750000001 0.1971145828125 0.24158593750000001 0.34134375 0.40144531250000004 0.34134375 0.40144531250000004 0.1971145828125
0 0.51803125 0.1410208328125 0.375 0.1410208328125 0.375 0.20993750000000003 0.51803125 0.20993750000000003 0.51803125 0.1410208328125
1 0.7680234375 0.45512499999999995 0.7043203124999999 0.45512499999999995 0.7043203124999999 0.52725 0.7680234375 0.52725 0.7680234375 0.45512499999999995
1 0.60215625 0.43910416718749995 0.51321875 0.43910416718749995 0.51321875 0.49039583281250004 0.60215625 0.49039583281250004 0.60215625 0.43910416718749995
1 0.668265625 0.2692291671875 0.558890625 0.2692291671875 0.558890625 0.3349375 0.668265625 0.3349375 0.668265625 0.2692291671875
1 0.8545703124999999 0.740375 0.7512109375 0.740375 0.7512109375 0.830125 0.8545703124999999 0.830125 0.8545703124999999 0.740375