1 0.460756228125 0.79963805625 0.4572744578125 0.69993320625 0.3275410359375 0.7044635968749999 0.33102280624999997 0.8041684484375 0.460756228125 0.79963805625
1 0.1659407171875 0.255501746875 0.1578031359375 0.0224719140625 0.013661831250000001 0.027505439062499998 0.0217994125 0.260535271875 0.1659407171875 0.255501746875
1 0.45453548593750004 0.9429580890624999 0.4530255375 0.8997188203125001 0.40497149375 0.9013969046874999 0.4064814421875 0.9446361734375 0.45453548593750004 0.9429580890624999
1 0.40552940625 1 0.440443834375 0.9987807609375 0.43922725937499996 0.963942621875 0.39277640625 0.965564721875 0.3939789125 1 0.40552940625 1
1 0.8787413031250001 0.41702845 0.8768534593749999 0.362967653125 0.8271962265624999 0.364701721875 0.8290840718749999 0.41876251875000003 0.8787413031250001 0.41702845
1 0.676868321875 0.605665190625 0.6751064437500001 0.55521156875 0.617454084375 0.557224834375 0.6192159640625 0.6076784546875 0.676868321875 0.605665190625
1 0.7384269953125 0.53135436875 0.7364137296875 0.473702009375 0.6675390453125 0.4761071671875 0.669552309375 0.533759525 0.7384269953125 0.53135436875
0 0.803414165625 0.5098545015625 0.797415815625 0.338084203125 0.7365570765625 0.3402094375 0.742555428125 0.5119797359375 0.803414165625 0.5098545015625
0 0.7632254984375 0.3693433453125 0.7565138890625 0.177147996875 0.58353599375 0.1831885171875 0.590247603125 0.37538386562500003 0.7632254984375 0.3693433453125
0 0.6612534 0.5256379546875001 0.6509765890625 0.2313485875 0.393112934375 0.240353384375 0.40338974531250005 0.534642753125 0.6612534 0.5256379546875001
0 0.31985410000000003 0.48463701718749996 0.312471765625 0.27323462656249997 0.1763464078125 0.2779882296875 0.183728740625 0.48939062031249997 0.31985410000000003 0.48463701718749996
1 0.3276670015625 0.7080707734375 0.3248145140625 0.6263861890625 0.22872724843749997 0.6297416296875 0.2315797375 0.7114262140625 0.3276670015625 0.7080707734375
1 0.2214164421875 0.7418463140625 0.218186603125 0.6493558171875 0.14610553906249998 0.6518729421875 0.149335378125 0.744363440625 0.2214164421875 0.7418463140625