0 0.6562421875 0.3333333328125 0.4879765625 0.3333333328125 0.4879765625 0.4583333328125 0.6562421875 0.4583333328125 0.6562421875 0.3333333328125
1 0.8449453124999999 0.52884375 0.7884609375 0.52884375 0.7884609375 0.5929479171875001 0.8449453124999999 0.5929479171875001 0.8449453124999999 0.52884375
1 0.389421875 0.7980833328125 0.340140625 0.7980833328125 0.340140625 0.875 0.389421875 0.875 0.389421875 0.7980833328125
1 0.7139453125 0.9214687500000001 0.6346171875 0.9214687500000001 0.6346171875 0.9999895828125 0.7139453125 0.9999895828125 0.7139453125 0.9214687500000001
1 0.6802890625 0.81409375 0.6394296875000001 0.81409375 0.6394296875000001 0.8749895828125 0.6802890625 0.8749895828125 0.6802890625 0.81409375
1 0.8185078125 0.767625 0.7499921875 0.767625 0.7499921875 0.8237083328124999 0.8185078125 0.8237083328124999 0.8185078125 0.767625
1 0.890625 0.7019270828125 0.8257187500000001 0.7019270828125 0.8257187500000001 0.7419895828125 0.890625 0.7419895828125 0.890625 0.7019270828125
1 0.6334140625 0.9214687500000001 0.5432734375 0.9214687500000001 0.5432734375 0.9999895828125 0.6334140625 0.9999895828125 0.6334140625 0.9214687500000001
1 0.12139843749999998 0.7564062500000001 0.07813281250000001 0.7564062500000001 0.07813281250000001 0.8413437500000001 0.12139843749999998 0.8413437500000001 0.12139843749999998 0.7564062500000001
1 0.2644296875 0.78846875 0.2163515625 0.78846875 0.2163515625 0.8285312499999999 0.2644296875 0.8285312499999999 0.2644296875 0.78846875
1 0.11658593749999999 0.48237500000000005 0.0288515625 0.48237500000000005 0.0288515625 0.5336666671875 0.11658593749999999 0.5336666671875 0.11658593749999999 0.48237500000000005
1 0.1959140625 0.46475 0.1478359375 0.46475 0.1478359375 0.5032083328125 0.1959140625 0.5032083328125 0.1959140625 0.46475
1 0.1959140625 0.384625 0.11658593749999999 0.384625 0.11658593749999999 0.4230833328125 0.1959140625 0.4230833328125 0.1959140625 0.384625
1 0.177890625 0.33975 0.097359375 0.33975 0.097359375 0.375 0.177890625 0.375 0.177890625 0.33975
1 0.1766875 0.1746770828125 0.14784375 0.1746770828125 0.14784375 0.20832291718749998 0.1766875 0.20832291718749998 0.1766875 0.1746770828125
1 0.228359375 0.1907083328125 0.173078125 0.1907083328125 0.173078125 0.23558333281250002 0.228359375 0.23558333281250002 0.228359375 0.1907083328125
1 0.70553125 0.3429375 0.67909375 0.3429375 0.67909375 0.3733958328125 0.70553125 0.3733958328125 0.70553125 0.3429375
1 0.7343671875 0.3221041671875 0.6911015625 0.3221041671875 0.6911015625 0.3493541671875 0.7343671875 0.3493541671875 0.7343671875 0.3221041671875
1 1 0.5256354171875001 0.8713984375000001 0.5256354171875001 0.8713984375000001 0.7147395828125 1 0.7147395828125 1 0.5256354171875001
1 0.311296875 0.4503125 0.27282812500000003 0.4503125 0.27282812500000003 0.4807708328125 0.311296875 0.4807708328125 0.311296875 0.4503125
1 0.8701953124999999 1 0.8701953124999999 0.9583333328125001 0.7908671875 0.9583333328125001 0.7908671875 1 0.8701953124999999 1
1 0 0.40064583281250005 0.032445312500000004 0.40064583281250005 0.032445312500000004 0.3653958328125 0 0.3653958328125 0 0.40064583281250005
1 0.3665859375 0.7435937499999999 0.3293203125 0.7435937499999999 0.3293203125 0.7980729171875 0.3665859375 0.7980729171875 0.3665859375 0.7435937499999999
1 0.6694609375 0.1858958328125 0.6286015625 0.1858958328125 0.6286015625 0.21793749999999998 0.6694609375 0.21793749999999998 0.6694609375 0.1858958328125