0 0.6113726546875 0.24753773906249998 0.74786689375 0.2594794375 0.755409496875 0.1732670875 0.6189152578125 0.1613253890625 0.6113726546875 0.24753773906249998
0 0.5592699765625 0.5534524546874999 0.8657866328124999 0.5802691875 0.8878551937499999 0.3280243890625 0.5813385375 0.30120765625 0.5592699765625 0.5534524546874999
1 0.11776434375 0.8558630515625 0.1079874671875 0.9676132656249999 0.1774409171875 0.97368965625 0.18721779375 0.861939440625 0.11776434375 0.8558630515625
1 0.7449364421875 0.8721282609375001 0.91615740625 0.8871081546875 0.9287278062500001 0.7434278234375 0.7575068421875 0.7284479312500001 0.7449364421875 0.8721282609375001
1 0.5993742796875 0.70173076875 0.75742679375 0.715558571875 0.765388834375 0.6245520359375 0.60733631875 0.6107242328125 0.5993742796875 0.70173076875
0 0.46872574531250005 0.78844480625 0.6447408968749999 0.8038441359374999 0.6563344265625 0.6713294859375 0.480319275 0.65593015625 0.46872574531250005 0.78844480625
1 0.3194221640625 0.6885101921875 0.39365423437499997 0.6950046578125 0.3992412796875 0.6311444265625 0.325009209375 0.6246499609375 0.3194221640625 0.6885101921875
1 0.3038446875 0.75630634375 0.362511215625 0.761439 0.3678186375 0.70077489375 0.309152109375 0.6956422375 0.3038446875 0.75630634375
1 0 0.9581655859374999 0.0684743390625 0.9641563156249999 0.07545769218750001 0.8843362156250001 0.0036227156250000004 0.8780514687500001 0 0.9194592937499999 0 0.9581655859374999
1 0 0.6943387296875 0.051867735937500006 0.6988765671875 0.05801403125 0.6286240875 0 0.6235485187500001 0 0.6943387296875
1 0.2880688359375 0.5779819765624999 0.33955965 0.5824868390625 0.34849855937499996 0.48031462031250005 0.297007746875 0.47580975781249996 0.2880688359375 0.5779819765624999
1 0.4145678796875 0.40083298906250003 0.484021328125 0.4069093796875 0.48751300625000005 0.3669993296875 0.41805955624999996 0.3609229390625 0.4145678796875 0.40083298906250003
1 0.4825559984375 0.34083230625 0.5268555312500001 0.34470801406249996 0.5304870203125 0.303199903125 0.48618748749999996 0.2993241953125 0.4825559984375 0.34083230625
1 0.44403678125 0.3535338859375 0.475167865625 0.35625750312500004 0.4789391671875 0.31315132968750004 0.4478080828125 0.3104277125 0.44403678125 0.3535338859375
1 0.6961547453125 0.14715959843749998 0.7428513718749999 0.1512450234375 0.74759954375 0.096973165625 0.7009029171875001 0.092887740625 0.6961547453125 0.14715959843749998
1 0.8476654437500001 0.2633693390625 0.9254931531249999 0.27017838125 0.9274487109375 0.2478262625 0.849621 0.2410172203125 0.8476654437500001 0.2633693390625