1 0.72715625 0.1795 0.6826875 0.1795 0.6826875 0.23558333281250002 0.72715625 0.23558333281250002 0.72715625 0.1795
1 0.793265625 0.3301354171875 0.717546875 0.3301354171875 0.717546875 0.3974479171875 0.793265625 0.3974479171875 0.793265625 0.3301354171875
1 0.6562578125 0.3381458328125 0.6033671875 0.3381458328125 0.6033671875 0.3798125 0.6562578125 0.3798125 0.6562578125 0.3381458328125
1 0.8245234375000001 0.6955208328125 0.7560078125 0.6955208328125 0.7560078125 0.7788541671875 0.8245234375000001 0.7788541671875 0.8245234375000001 0.6955208328125
1 0.237984375 0.9391041671875 0.177890625 0.9391041671875 0.177890625 0.9951874999999999 0.237984375 0.9951874999999999 0.237984375 0.9391041671875
1 0.4976015625 0.8093020828125 0.45433593749999995 0.8093020828125 0.45433593749999995 0.8942395828124999 0.4976015625 0.8942395828124999 0.4976015625 0.8093020828125
0 0.3185078125 0.6089791671875 0.19952343749999998 0.6089791671875 0.19952343749999998 0.6746875 0.3185078125 0.6746875 0.3185078125 0.6089791671875
0 0.8725937500000001 0.4070625 0.66225 0.4070625 0.66225 0.5224375 0.8725937500000001 0.5224375 0.8725937500000001 0.4070625
0 0.5673046875 0.1891041671875 0.41225781250000004 0.1891041671875 0.41225781250000004 0.2996875 0.5673046875 0.2996875 0.5673046875 0.1891041671875
0 0.6863046875000001 0.1266041671875 0.5420703125 0.1266041671875 0.5420703125 0.20031249999999998 0.6863046875000001 0.20031249999999998 0.6863046875000001 0.1266041671875
0 0.679078125 0.4583333328125 0.5408593749999999 0.4583333328125 0.5408593749999999 0.5592916671875 0.679078125 0.5592916671875 0.679078125 0.4583333328125
1 0.0877421875 0.4150625 0.0000078125 0.4150625 0.0000078125 0.5128125 0.0877421875 0.5128125 0.0877421875 0.4150625
1 0.2656328125 0.0801354171875 0.2127421875 0.0801354171875 0.2127421875 0.12340625000000001 0.2656328125 0.12340625000000001 0.2656328125 0.0801354171875