0 0.7956796875000001 0.1971145828125 0.6201953125 0.1971145828125 0.6201953125 0.3349270828125 0.7956796875000001 0.3349270828125 0.7956796875000001 0.1971145828125
0 0.8966328125 0.1554375 0.7499921875 0.1554375 0.7499921875 0.24518749999999997 0.8966328125 0.24518749999999997 0.8966328125 0.1554375
0 0.7163515625 0.7323645828124999 0.5456796875000001 0.7323645828124999 0.5456796875000001 0.8205104171875 0.7163515625 0.8205104171875 0.7163515625 0.7323645828124999
0 1 0.5576875 0.828125 0.5576875 0.828125 0.6923125 1 0.6923125 1 0.5576875
1 0 0.41346875 0.0625 0.41346875 0.0625 0.3701979171875 0 0.3701979171875 0 0.41346875
1 0.295671875 0.5032083328125 0.21032812500000003 0.5032083328125 0.21032812500000003 0.5865416671875 0.295671875 0.5865416671875 0.295671875 0.5032083328125
1 0.4483125 0.0656979171875 0.41465625 0.0656979171875 0.41465625 0.11217708281250001 0.4483125 0.11217708281250001 0.4483125 0.0656979171875
1 0.960328125 0.1955104171875 0.905046875 0.1955104171875 0.905046875 0.23878125 0.960328125 0.23878125 0.960328125 0.1955104171875
1 0.9687421875 0.40063541718750006 0.9254765624999999 0.40063541718750006 0.9254765624999999 0.45032291718749995 0.9687421875 0.45032291718749995 0.9687421875 0.40063541718750006
1 0.266828125 0.4583333328125 0.224765625 0.4583333328125 0.224765625 0.5032083328125 0.266828125 0.5032083328125 0.266828125 0.4583333328125
1 0.21154687499999997 0.4567395828125 0.162265625 0.4567395828125 0.162265625 0.5000104171875 0.21154687499999997 0.5000104171875 0.21154687499999997 0.4567395828125
1 0.1959140625 0.6875 0.1394296875 0.6875 0.1394296875 0.7259583328125 0.1959140625 0.7259583328125 0.1959140625 0.6875
1 0.8557656250000001 0.4054479171875 0.813703125 0.4054479171875 0.813703125 0.44871875 0.8557656250000001 0.44871875 0.8557656250000001 0.4054479171875
1 0.625 0.40385416718749995 0.58534375 0.40385416718749995 0.58534375 0.4487291671875 0.625 0.4487291671875 0.625 0.40385416718749995
1 0.44230468749999996 0.5224479171875 0.3918203125 0.5224479171875 0.3918203125 0.5593020828124999 0.44230468749999996 0.5593020828124999 0.44230468749999996 0.5224479171875