0 0.82826330625 0.372505378125 0.8414461421875 0.47987095625 0.9273427390625001 0.46932418125 0.914159903125 0.361958603125 0.82826330625 0.372505378125
0 0.8661439 0.27339230937500003 0.8800598562499999 0.386728671875 0.9436861999999999 0.3789163390625 0.9297702453125 0.2655799765625 0.8661439 0.27339230937500003
0 0.7170442515625 0.1899803078125 0.73110683125 0.304510828125 0.802694221875 0.2957210015625 0.7886316421874999 0.18119048124999998 0.7170442515625 0.1899803078125
0 0.721846821875 0.30807213437500003 0.732538953125 0.3951525515625 0.8184355515625 0.384605775 0.8077434218749999 0.2975253578125 0.721846821875 0.30807213437500003
0 0.491939203125 0.25032444531250003 0.504682165625 0.35410755156249996 0.5858021359375 0.344147271875 0.5730591734375 0.24036416562500001 0.491939203125 0.25032444531250003
1 0.1114548578125 0.544078734375 0.12405119687499999 0.646667684375 0.19563858750000002 0.637877859375 0.1830422484375 0.535288909375 0.1114548578125 0.544078734375
1 0.775507921875 0.67929169375 0.7840045 0.7484907703125 0.8396697968750001 0.74165593125 0.83117321875 0.6724568546875 0.775507921875 0.67929169375
1 0.697422609375 0.5036156234375 0.71060544375 0.6109812015625 0.77104736875 0.6035598671875 0.757864534375 0.4961942890625 0.697422609375 0.5036156234375
1 0.5593396015625001 0.4309489375 0.567103059375 0.49417722968750005 0.6116435671875 0.48870834218750003 0.603880109375 0.4254800515625 0.5593396015625001 0.4309489375
1 0.5528573046874999 0.3518288703125 0.561498603125 0.4222065953125 0.60285469375 0.41712870625000004 0.5942133953125001 0.3467509796875 0.5528573046874999 0.3518288703125
1 0.485428784375 0.4339789859375 0.4907015375 0.47692211562500003 0.541610884375 0.47067123437499997 0.53633813125 0.4277281046875 0.485428784375 0.4339789859375
1 0.5160208765625 0.472609003125 0.5214402546875 0.5167462890625 0.5548352984375 0.51264589375 0.5494159203125 0.4685086078125 0.5160208765625 0.472609003125
1 0.5083302515625 0.554681446875 0.5136030046875 0.5976245765625 0.55495909375 0.5925466875 0.549686340625 0.5496035578125 0.5083302515625 0.554681446875
1 0.36711039687499997 0.6010892984375 0.376631440625 0.6786319656249999 0.430704528125 0.671992625 0.42118348437500003 0.5944499578125 0.36711039687499997 0.6010892984375
1 0.568040975 0.8173861390624999 0.5797594734375 0.9128256546875001 0.6561028140625 0.903451871875 0.644384315625 0.8080123562500001 0.568040975 0.8173861390624999
1 0.1826105328125 0.9131581015625001 0.189494246875 0.96922145 0.26902200781249996 0.95945666875 0.26213829375 0.9033933203125001 0.1826105328125 0.9131581015625001
1 0.40838139843750004 0.17461512968749998 0.41922015312500005 0.26288970312500004 0.476477659375 0.255859365625 0.46563890468749997 0.1675847921875 0.40838139843750004 0.17461512968749998
1 0.47735333593749996 0.0656315921875 0.48628788125 0.1383976328125 0.538768759375 0.13195379062499998 0.5298342125 0.0591877515625 0.47735333593749996 0.0656315921875
1 0.435059321875 0.0369156421875 0.4404787 0.081052928125 0.49932841406249995 0.0738270921875 0.49390903750000004 0.02968980625 0.435059321875 0.0369156421875
1 0.4547109984375 0.0260175984375 0.4517823265625 0.0021654734375 0.3961170296875 0.0090003125 0.399045703125 0.0328524375 0.4547109984375 0.0260175984375
1 0.42128374218750003 0.10883365468749999 0.4088340265625 0.0074388609375 0.3293062671875 0.0172036421875 0.34175598125 0.11859843437499999 0.42128374218750003 0.10883365468749999
1 0.25283383125 0.1307446046875 0.25986416874999996 0.18800211093750002 0.2996280484375 0.18311972031249998 0.29259771093750003 0.1258622140625 0.25283383125 0.1307446046875
1 0.31329043125 0.22866134218749998 0.318563184375 0.27160447187500003 0.38059731874999997 0.2639876390625 0.375324565625 0.22104450937500003 0.31329043125 0.22866134218749998
1 0.56451980625 0.0391865546875 0.5746273453125 0.1215058515625 0.6446225265625001 0.1129115234375 0.6345149875 0.030592228125 0.56451980625 0.0391865546875
1 0.6209247312499999 0.05162398124999999 0.635133934375 0.1673486578125 0.6828588609375 0.161488775 0.6686496578125001 0.045764096875 0.6209247312499999 0.05162398124999999
1 0.6272995625 0.23491644374999998 0.633598684375 0.286218671875 0.690856190625 0.279188334375 0.68455706875 0.22788610625 0.6272995625 0.23491644374999998
1 0.237140325 0.6473201375000001 0.2415352390625 0.6831138328125 0.2685821203125 0.67979289375 0.2641872078125 0.6439991984375 0.237140325 0.6473201375000001