0 0.602171875 0.1810833328125 0.45432812499999997 0.1810833328125 0.45432812499999997 0.3060833328125 0.602171875 0.3060833328125 0.602171875 0.1810833328125
0 0.7127421875 0.1233958328125 0.5889453125 0.1233958328125 0.5889453125 0.20993750000000003 0.7127421875 0.20993750000000003 0.7127421875 0.1233958328125
0 0.9459140625 0.43590625000000005 0.7283671875 0.43590625000000005 0.7283671875 0.5625104171875 0.9459140625 0.5625104171875 0.9459140625 0.43590625000000005
0 0.7548125 0.5016145828125 0.59134375 0.5016145828125 0.59134375 0.6218020828124999 0.7548125 0.6218020828124999 0.7548125 0.5016145828125
0 0.39664062499999997 0.66025 0.264421875 0.66025 0.264421875 0.732375 0.39664062499999997 0.732375 0.39664062499999997 0.66025
1 0.36779687499999997 0.6025729171875 0.28726562499999997 0.6025729171875 0.28726562499999997 0.6666770828125 0.36779687499999997 0.6666770828125 0.36779687499999997 0.6025729171875
1 0.09375 0.45513541718750006 0.01803125 0.45513541718750006 0.01803125 0.55128125 0.09375 0.55128125 0.09375 0.45513541718750006
1 0.96875 0.8092916671875001 0.8798125000000001 0.8092916671875001 0.8798125000000001 0.9375 0.96875 0.9375 0.96875 0.8092916671875001
1 0.7728359375 0.1746875 0.7271640625 0.1746875 0.7271640625 0.2131458328125 0.7728359375 0.2131458328125 0.7728359375 0.1746875
1 0.3148984375 0.0721041671875 0.2560078125 0.0721041671875 0.2560078125 0.11697916718750001 0.3148984375 0.11697916718750001 0.3148984375 0.0721041671875
1 0.8713906250000001 0.3509583328125 0.7908593749999999 0.3509583328125 0.7908593749999999 0.3990416671875 0.8713906250000001 0.3990416671875 0.8713906250000001 0.3509583328125
1 0.7235625 0.3445520828125 0.6766875 0.3445520828125 0.6766875 0.3878229171875 0.7235625 0.3878229171875 0.7235625 0.3445520828125
1 0.2127421875 0.3141041671875 0.1490390625 0.3141041671875 0.1490390625 0.3461458328125 0.2127421875 0.3461458328125 0.2127421875 0.3141041671875
1 0.21754687499999997 0.5000104171875 0.175484375 0.5000104171875 0.175484375 0.5400729171875 0.21754687499999997 0.5400729171875 0.21754687499999997 0.5000104171875
1 0.664671875 1 0.664671875 0.947125 0.612984375 0.947125 0.612984375 1 0.664671875 1
1 0.9951874999999999 0.9519166671875 0.921875 0.9519166671875 0.921875 0.9967916671875001 0.9951874999999999 0.9967916671875001 0.9951874999999999 0.9519166671875
1 0.6478359375 0.3477604171875 0.5949453124999999 0.3477604171875 0.5949453124999999 0.3878229171875 0.6478359375 0.3878229171875 0.6478359375 0.3477604171875