0 0.23687707812499997 0.5528399140625 0.25695062343749997 0.41000921874999996 0.1537976984375 0.3955120203125 0.1337241546875 0.538342715625 0.23687707812499997 0.5528399140625
0 0.1530958296875 0.63088465625 0.16681307812499999 0.533281359375 0.1080984328125 0.5250295546875 0.09438118437500001 0.6226328515625 0.1530958296875 0.63088465625
0 0.411735240625 0.8055962109375001 0.4334810375 0.650866825 0.23670652187500002 0.6232119703125 0.2149607234375 0.77794135625 0.411735240625 0.8055962109375001
0 0.4248788078125 0.65451765625 0.442945215625 0.5259684828125 0.335026628125 0.5108015140625 0.31696021874999997 0.6393506875 0.4248788078125 0.65451765625
0 0.942124540625 0.8085265906249999 0.9804297625 0.535970778125 0.8026972734375001 0.5109921046875 0.7643920515625 0.78354791875 0.942124540625 0.8085265906249999
1 0.8524882843749999 0.9512846968750001 0.9397659734375001 0.9635507765625 0.95582524375 0.849283125 0.8685475546875001 0.8370170453125001 0.8524882843749999 0.9512846968750001
1 0.5737562406250001 1 0.5823569765625 0.9388025843750001 0.5172881125 0.929657753125 0.5074021546874999 1 0.5737562406250001 1
1 0.5057927421875 1 0.5225663218750001 0.8806497703125 0.44798675781249997 0.8701682953125 0.43042376562499995 0.995135484375 0.4650365953125 1 0.5057927421875 1
1 0.7695681171875 1 0.7862515234375 0.8812914015625 0.678332934375 0.8661244328125 0.65951795 1 0.7695681171875 1
1 0.5516359421875 0.3628200578125 0.56970235 0.23427088437500002 0.4665494265625 0.2197736859375 0.44848301875 0.3483228609375 0.5516359421875 0.3628200578125
1 0.480179765625 0.1573680234375 0.498413615625 0.0276274328125 0.3857293625 0.011790693750000001 0.3674955109375 0.141531284375 0.480179765625 0.1573680234375
1 0.850663153125 0.44610651562500003 0.8590265859375 0.38659759375 0.7733271375 0.374553321875 0.7649637031250001 0.43406224375 0.850663153125 0.44610651562500003
1 0.8387866374999999 0.5075594921875 0.846982628125 0.44924198750000005 0.770814509375 0.43853725624999995 0.7626185171875 0.49685476250000005 0.8387866374999999 0.5075594921875
1 0.7954108875 0.5973418234375 0.809628290625 0.49617975156250005 0.7271059515625 0.4845819921875 0.71288855 0.5857440656249999 0.7954108875 0.5973418234375
1 0.9434506484374999 0.3960406140625 0.9585052640624999 0.28892145937499997 0.8617065593750001 0.2753172890625 0.8466519453125001 0.38243644374999997 0.9434506484374999 0.3960406140625
1 1 0.40156609843749996 0.9168099562500001 0.3898745 0.9059370578125 0.46723919374999995 1 0.480458878125 1 0.40156609843749996
1 0.9146746765625 0.2439225578125 0.9233729953125 0.182030803125 0.87575760625 0.17533889687499998 0.8670592875 0.2372306515625 0.9146746765625 0.2439225578125
1 0.8143671421875001 0.1861265421875 0.820388553125 0.143281975 0.7648510187500001 0.135476684375 0.7588296078125001 0.1783212515625 0.8143671421875001 0.1861265421875
1 0.6856049468750001 0.44598523593749995 0.6948055937500001 0.3805192328125 0.6281481734375001 0.37115114375 0.618947528125 0.43661714687500003 0.6856049468750001 0.44598523593749995
1 0.58172645625 0.7590908921875 0.5920970265625 0.685300446875 0.5016319140625 0.6725864046875001 0.49126134375 0.7463768484375 0.58172645625 0.7590908921875
1 0.298380228125 0.840637828125 0.306911103125 0.7799374890624999 0.265649934375 0.7741386109375 0.2571190578125 0.8348389484375 0.298380228125 0.840637828125
1 0.29097695625000003 0.6975903625 0.29950783125 0.636890025 0.2503038875 0.6299748609375 0.24177301093749998 0.6906752 0.29097695625000003 0.6975903625
1 0.16652263750000001 0.708019603125 0.1762256125 0.6389793515625 0.10956819375 0.6296112625 0.09986521875 0.6986515140625 0.16652263750000001 0.708019603125
1 0.4354426453125 0.9363714640625 0.4451456203125 0.8673312125000001 0.38801953125 0.8593026640625 0.37831655625 0.9283429171875 0.4354426453125 0.9363714640625
1 0.38406308437500003 0.967989453125 0.3882448 0.9382349921875001 0.33904085624999997 0.9313198296874999 0.33485913906250003 0.9610742906249999 0.38406308437500003 0.967989453125
1 0.11949331875 0.23655014218749998 0.1280241953125 0.175849803125 0.081997359375 0.16938115468749998 0.073466484375 0.2300814921875 0.11949331875 0.23655014218749998
1 0.1959115890625 0.28005420000000003 0.2049447921875 0.21577961406249999 0.1620950671875 0.209757478125 0.1530618625 0.27403206406249997 0.1959115890625 0.28005420000000003