0 0.6093828125 0.48396875 0.3689921875 0.48396875 0.3689921875 0.68428125 0.6093828125 0.68428125 0.6093828125 0.48396875
1 0.9050546875000001 0.8157083328124999 0.8076953124999999 0.8157083328124999 0.8076953124999999 0.9407083328124999 0.9050546875000001 0.9407083328124999 0.9050546875000001 0.8157083328124999
1 0.1802890625 0.4406979171875 0.12139843749999998 0.4406979171875 0.12139843749999998 0.4695520828125 0.1802890625 0.4695520828125 0.1802890625 0.4406979171875
1 0.665875 0.46314583281250005 0.6298125 0.46314583281250005 0.6298125 0.49839583281250005 0.665875 0.49839583281250005 0.665875 0.46314583281250005
1 0.699515625 0.42787499999999995 0.6502343749999999 0.42787499999999995 0.6502343749999999 0.47275 0.699515625 0.47275 0.699515625 0.42787499999999995
1 0.6057734375 0.22917708281250002 0.5709140625 0.22917708281250002 0.5709140625 0.26603125 0.6057734375 0.26603125 0.6057734375 0.22917708281250002
1 0.9795624999999999 0.7676354171875001 0.9350937500000001 0.7676354171875001 0.9350937500000001 0.8285312499999999 0.9795624999999999 0.8285312499999999 0.9795624999999999 0.7676354171875001
1 0.8040859375 0.6554375 0.7199453124999999 0.6554375 0.7199453124999999 0.7035208328125 0.8040859375 0.7035208328125 0.8040859375 0.6554375
1 0.079328125 0.6730833328125 0.021640625 0.6730833328125 0.021640625 0.7115416671875 0.079328125 0.7115416671875 0.079328125 0.6730833328125
1 1 0.81090625 0.9627421875 0.81090625 0.9627421875 0.85096875 1 0.85096875 1 0.81090625
1 0.9999921875 0.8461562499999999 0.9747578125 0.8461562499999999 0.9747578125 0.8926354171875 0.9999921875 0.8926354171875 0.9999921875 0.8461562499999999