0 0.069168190625 0.21422059531249998 0.021174926562499998 0.6708459999999999 0.48497435624999996 0.7195932843749999 0.5329676203125 0.2629678796875 0.069168190625 0.21422059531249998
0 0.645396884375 0.3738743703125 0.6256720375 0.5615437609375 0.7292680671875 0.5724321421874999 0.7489929140625 0.384762753125 0.645396884375 0.3738743703125
1 0.7872554109375 0.526562503125 0.7823556390624999 0.5731807171875001 0.826984809375 0.5778714328125 0.8318845796875 0.53125321875 0.7872554109375 0.526562503125
1 0.471552440625 0.20333092343749998 0.4672814734375 0.2439664671875 0.5166967796875 0.249160225 0.5209677484374999 0.20852468124999998 0.471552440625 0.20333092343749998
1 0.44329045312500004 0.135096696875 0.43964665625 0.169765109375 0.501804275 0.1762981375 0.505448071875 0.1416297265625 0.44329045312500004 0.135096696875
1 0.338954434375 0.0697623921875 0.3315427125 0.1402802109375 0.38891419531250004 0.146310196875 0.39632591562499997 0.075792378125 0.338954434375 0.0697623921875
1 0.09662099375 0.0756985453125 0.09172122187500001 0.1223167578125 0.15706959843749999 0.12918515 0.1619693703125 0.0825669359375 0.09662099375 0.0756985453125
1 0.5638749609375 0.21425201875000002 0.5611114890625 0.2405446921875 0.597763765625 0.24439700156250002 0.6005272374999999 0.218104328125 0.5638749609375 0.21425201875000002
1 0.6339372484375 0.34488489375000003 0.6314252984375 0.368784496875 0.66488681875 0.3723014453125 0.6673987671875 0.348401840625 0.6339372484375 0.34488489375000003
1 0.6099771484375001 0.26621504375 0.6078408484375 0.286540584375 0.6349415703125 0.2893889859375 0.6370778703125 0.26906344375 0.6099771484375001 0.26621504375
1 0.3992739609375 0.9063614140625 0.39311821406249997 0.9649294312500001 0.45048969687499996 0.9709594171875 0.45664544218750003 0.9123914 0.3992739609375 0.9063614140625
1 0.505016653125 0.8969253437500001 0.5018758984375 0.9268076187500001 0.540123553125 0.9308276093750001 0.54326430625 0.900945334375 0.505016653125 0.8969253437500001
1 0.608775240625 0.6915129875 0.60387546875 0.7381312015625 0.6532907765625 0.743324959375 0.6581905484374999 0.6967067453125 0.608775240625 0.6915129875