0 0.51557636875 0.2402703421875 0.647473040625 0.231047228125 0.6442308171875 0.18468128281250001 0.5123341453125 0.193904396875 0.51557636875 0.2402703421875
0 0.6531729921875 0.3816623453125 0.8054417921875 0.3710146734375 0.794151415625 0.20955477500000003 0.6418826156249999 0.22020244687499999 0.6531729921875 0.3816623453125
0 0.4998432453125 0.5321413125000001 0.768421778125 0.513360471875 0.7537772796875 0.30393436875 0.4851987453125 0.322715209375 0.4998432453125 0.5321413125000001
0 0.5730637609375 0.700516778125 0.7349341140625001 0.6891977 0.726996409375 0.575683225 0.5651260546875 0.5870023015625 0.5730637609375 0.700516778125
1 0.79213713125 0.8008752937500001 0.9528072906249999 0.7896401421875 0.9448695859375 0.6761256671875 0.784199425 0.68736081875 0.79213713125 0.8008752937500001
1 0.12032391406250001 0.9458417453125 0.21984651406250003 0.938882446875 0.21358587187500003 0.8493510734375 0.1140632703125 0.856310371875 0.12032391406250001 0.9458417453125
1 0.2494084328125 1 0.2442290453125 0.925931309375 0.15310780468750002 0.9323031281249999 0.15784163125 1 0.2494084328125 1
1 0.27713221718750003 1 0.274613271875 0.9639774093750001 0.205064353125 0.9688407437500001 0.2072432203125 1 0.27713221718750003 1
1 0.353088378125 0.7078794203125 0.4250220984375 0.7028493250000001 0.42066231875 0.640501571875 0.34872859843750004 0.6455316671875 0.353088378125 0.7078794203125
1 0.3627192 0.6734675328125 0.4298677296875 0.6687720500000001 0.4249484453125 0.598423003125 0.3577999140625 0.603118484375 0.3627192 0.6734675328125
1 0.261639690625 0.5889480140625001 0.3263878328125 0.5844203828125 0.321022396875 0.5076910812500001 0.25627425625 0.5122187125 0.261639690625 0.5889480140625001
1 0.030958871875 0.6500738109374999 0.00937875625 0.6515828390625 0.012844779687499999 0.701149303125 0.034424896875 0.6996402734375 0.030958871875 0.6500738109374999
1 0.41579171875 0.3468551875 0.46855350468749996 0.34316572343749996 0.46587078593750003 0.304801071875 0.41310900000000006 0.308490534375 0.41579171875 0.3468551875
1 0.101693584375 0.5760426046875 0.1748274984375 0.5709285828125 0.16935016249999998 0.492599021875 0.0962162484375 0.49771304218749995 0.101693584375 0.5760426046875