0 0.7415859375 0.1602604171875 0.5793203124999999 0.1602604171875 0.5793203124999999 0.24840625 0.7415859375 0.24840625 0.7415859375 0.1602604171875
0 0.6201953125 0.17628125 0.42667968749999996 0.17628125 0.42667968749999996 0.34134375 0.6201953125 0.34134375 0.6201953125 0.17628125
0 0.8701953124999999 0.3717916671875 0.5408671875 0.3717916671875 0.5408671875 0.5913333328125 0.8701953124999999 0.5913333328125 0.8701953124999999 0.3717916671875
0 0.56971875 0.5560833328125 0.38221875 0.5560833328125 0.38221875 0.6955 0.56971875 0.6955 0.56971875 0.5560833328125
1 0.3125078125 0.8573645828125 0.1081796875 0.8573645828125 0.1081796875 0.9839687500000001 0.3125078125 0.9839687500000001 0.3125078125 0.8573645828125
1 0.3497578125 0.9374895828125 0.2776484375 0.9374895828125 0.2776484375 0.9871770828124999 0.3497578125 0.9871770828124999 0.3497578125 0.9374895828125
1 0.9939843749999999 0.72115625 0.905046875 0.72115625 0.905046875 0.83334375 0.9939843749999999 0.83334375 0.9939843749999999 0.72115625
1 0.671875 0.8589687500000001 0.5889375 0.8589687500000001 0.5889375 0.9134479171875001 0.671875 0.9134479171875001 0.671875 0.8589687500000001
1 0.47717187499999997 0.8894270828125 0.412265625 0.8894270828125 0.412265625 0.9535312499999999 0.47717187499999997 0.9535312499999999 0.47717187499999997 0.8894270828125
1 0.8377343749999999 0.28846875 0.764421875 0.28846875 0.764421875 0.35578125 0.8377343749999999 0.35578125 0.8377343749999999 0.28846875
1 0.7548125 0.3189166671875 0.6875 0.3189166671875 0.6875 0.3637916671875 0.7548125 0.3637916671875 0.7548125 0.3189166671875
1 0.665875 0.1186041671875 0.5985625 0.1186041671875 0.5985625 0.1714791671875 0.665875 0.1714791671875 0.665875 0.1186041671875