0 0.45678442343750003 0.722121428125 0.4342014140625 0.5614349609375 0.3104179046875 0.5788315984375 0.333000915625 0.739518065625 0.45678442343750003 0.722121428125
1 0.6077284859375001 0.8866054484375001 0.5995324937500001 0.8282879421875 0.537640740625 0.8369862609375 0.54583673125 0.8953037671875 0.6077284859375001 0.8866054484375001
1 1 0.8496837359375 0.9498586359375001 0.85673064375 0.9615676609375001 0.9400446812500001 1 0.93464336875 1 0.8496837359375
1 0.9852400156250001 0.693980446875 0.9733624609374999 0.60946725625 0.8733866484374999 0.623517940625 0.8852642015625 0.7080311312500001 0.9852400156250001 0.693980446875
1 0.9753138 0.7730454265625 0.9639385734375001 0.692106484375 0.8782391234375 0.70415075625 0.8896143500000001 0.7850896984375 0.9753138 0.7730454265625
1 1 0.6991878687499999 0.9814779187499999 0.701790978125 0.9918484890625001 0.775581421875 1 0.7744358015625 1 0.6991878687499999
1 0.8239853328125 0.8707840265625 0.8152870140624999 0.808892271875 0.7676716234375001 0.8155841781250001 0.7763699421875 0.8774759328125 0.8239853328125 0.8707840265625
1 0.7438887125 0.9111680859375 0.7373649734375001 0.8647492703124999 0.7072030578125 0.8689882515624999 0.713726796875 0.9154070671874999 0.7438887125 0.9111680859375
1 0.3759261453125 0.7686872765625 0.3735841234375 0.752022921875 0.35454209531249997 0.7546991046875 0.3568841171875 0.7713634593750001 0.3759261453125 0.7686872765625
1 0.727020178125 0.457175634375 0.723005903125 0.4286125890625 0.6753905140625001 0.4353044953125 0.6794047890625 0.463867540625 0.727020178125 0.457175634375
1 0.8088851390625 0.48693118750000003 0.8005217046875 0.427422265625 0.7338642859375 0.43679035468749994 0.7422277203125 0.49629927656249995 0.8088851390625 0.48693118750000003
1 0.7418483921875 0.19413801875 0.7366620187499999 0.1572350609375 0.7128543234375 0.1605810140625 0.7180406968749999 0.197483971875 0.7418483921875 0.19413801875
1 0.4493418546875 0.231610175 0.43813407031249996 0.15186265000000002 0.39051868125 0.15855455624999998 0.40172646562500003 0.23830208125 0.4493418546875 0.231610175
1 0.43172296406250005 0.3020445890625 0.4258689953125 0.2603914375 0.39413915624999996 0.2648507765625 0.3999931234375 0.3065039265625 0.43172296406250005 0.3020445890625
1 0.4978109984375 0.8413690171875 0.49111981718750003 0.7937587859375 0.46254645625 0.797774509375 0.46923763906250004 0.845384740625 0.4978109984375 0.8413690171875
1 0.45439377812500004 0.1180124953125 0.43866939218749995 0.0061276765625 0.3863089671875 0.0134864546875 0.40203335312500005 0.1253712734375 0.45439377812500004 0.1180124953125
1 0.8493454453125 0.7519180984375 0.8419844937500001 0.6995422015625 0.7848584046875 0.70757075 0.7922193562500001 0.759946646875 0.8493454453125 0.7519180984375
1 0.18222327968750002 0.3346874734375 0.1748623265625 0.2823115765625 0.14154393125 0.286994171875 0.148904884375 0.33937006875 0.18222327968750002 0.3346874734375
1 0.1818604453125 0.1939385234375 0.17533670625 0.14751970781249998 0.14201831250000002 0.152202303125 0.1485420515625 0.19862111875 0.1818604453125 0.1939385234375
1 0.0980244859375 0.265198165625 0.092337959375 0.22473643124999998 0.055842456250000005 0.229865540625 0.06152898125 0.270327275 0.0980244859375 0.265198165625
1 0.23235641718750003 0.748810821875 0.22700260156250002 0.710716446875 0.1968406875 0.714955428125 0.202194503125 0.7530498031249999 0.23235641718750003 0.748810821875
1 0.2624139578125 0.7555052703125 0.2573950265625 0.719793728125 0.23358733125 0.7231396828125 0.2386062609375 0.758851225 0.2624139578125 0.7555052703125
1 0.3621623765625 0.7973189640625 0.356976003125 0.76041600625 0.33634541875 0.7633154453125 0.34153179218749996 0.8002184046874999 0.3621623765625 0.7973189640625
1 0.7407063171875 0.37028465 0.7356873875 0.3345731078125 0.6944262171875 0.3403719859375 0.699445146875 0.376083528125 0.7407063171875 0.37028465
1 0.321350709375 0.1500591375 0.317503878125 0.12268750937499999 0.2857740375 0.127146846875 0.2896208703125 0.1545184765625 0.321350709375 0.1500591375
1 0.2814145625 0.09620242031250001 0.27505826718750004 0.050975020312499994 0.2496620171875 0.05454423125 0.2560183140625 0.0997716296875 0.2814145625 0.09620242031250001
1 0.3660691625 0.2955009625 0.3572034 0.2324177921875 0.3302185953125 0.2362102578125 0.33908435625 0.2992934296875 0.3660691625 0.2955009625
1 0.873806221875 0.21200157343749998 0.8604238593750001 0.116781109375 0.8191626890625001 0.1225799890625 0.8325450515625 0.2178004515625 0.873806221875 0.21200157343749998