0 0.3343138921875 0.67550688125 0.5052611375 0.648431496875 0.48219683125 0.5028091984375 0.3112495859375 0.5298845812499999 0.3343138921875 0.67550688125
1 0.1112212234375 0.48856300937499997 0.1705751203125 0.479162275 0.15954323125 0.40950966875 0.100189334375 0.41891040312500005 0.1112212234375 0.48856300937499997
1 0.808159965625 0.593981478125 0.8888880546875001 0.5811954046875 0.8826208984375 0.541626140625 0.8018928093750001 0.5544122140625001 0.808159965625 0.593981478125
1 0.7913808921875 0.5495699421875 0.87210898125 0.53678386875 0.865590878125 0.49563018750000004 0.7848627890625 0.508416259375 0.7913808921875 0.5495699421875
1 0.783105653125 0.466508515625 0.82940354375 0.45917565 0.8233873359375 0.421190803125 0.77708944375 0.42852366875000003 0.783105653125 0.466508515625
1 0.567827559375 0.1907170625 0.6058226953125 0.184699225 0.59679838125 0.127721953125 0.5588032453125 0.1337397921875 0.567827559375 0.1907170625
1 0.2345945109375 0.1688583296875 0.2797040890625 0.1617136734375 0.268923146875 0.0936454859375 0.22381356874999997 0.100790140625 0.2345945109375 0.1688583296875
1 0.0980384640625 0.24402077656249999 0.16807174062500002 0.2329285953125 0.1572907984375 0.16486040625 0.087257521875 0.1759525875 0.0980384640625 0.24402077656249999
1 0.0315189515625 0.3081116171875 0.102740540625 0.2968312265625 0.09521865 0.24933987968750002 0.023997060937500002 0.2606202703125 0.0315189515625 0.3081116171875
1 0.20275056249999998 0.4902867203125 0.247860140625 0.48314206562499995 0.242094878125 0.44674163437500003 0.1969853 0.45388628906250006 0.20275056249999998 0.4902867203125
1 0.187929103125 0.56565825625 0.24252975000000002 0.5570103625 0.23626259374999997 0.5174410984375 0.1816619484375 0.5260889921875 0.187929103125 0.56565825625
1 0.286005596875 0.6701965015625 0.3144942328125 0.6656843453125 0.3107332875 0.6419386703125001 0.2822446515625 0.6464508265625 0.286005596875 0.6701965015625
1 0.3470161875 0.8325153390625 0.38737251562499997 0.8261235250000001 0.380603465625 0.783385428125 0.3402471375 0.7897772421875 0.3470161875 0.8325153390625
1 0.34142001718750004 0.7895914765625001 0.375850215625 0.78413826875 0.3718383234375 0.758808178125 0.337408125 0.7642613859375 0.34142001718750004 0.7895914765625001
1 0.8464158078124999 0.766400965625 0.8677900015625 0.7630156265625 0.8617737921874999 0.7250307796875 0.8403995999999999 0.72841611875 0.8464158078124999 0.766400965625
1 0.7914329999999999 0.7572541421875 0.8412958296875 0.749356646875 0.8345267796875 0.70661855 0.7846639515625 0.7145160453125 0.7914329999999999 0.7572541421875
1 0.8587015890625 0.43670114531250004 0.940617990625 0.42372686093749995 0.931593678125 0.366749590625 0.8496772765625 0.3797238734375 0.8587015890625 0.43670114531250004
1 0.8140106062499999 0.1468424640625 0.8579318718750001 0.13988601875 0.842640403125 0.0433394828125 0.7987191375 0.050295928125 0.8140106062499999 0.1468424640625
1 0.6679124125 0.1310444234375 0.707080428125 0.12484081875 0.6995585375 0.0773494703125 0.6603905218749999 0.083553075 0.6679124125 0.1310444234375
1 0.26221364375 0.696671415625 0.306134909375 0.6897149703125 0.300871540625 0.6564833734375 0.256950275 0.66343981875 0.26221364375 0.696671415625
1 0.6112577171875 0.7030431734375 0.6492528531249999 0.6970253359374999 0.6452409609374999 0.67169524375 0.607245825 0.6777130828125 0.6112577171875 0.7030431734375
1 0.047679134375 0.5099751328125001 0.0737911453125 0.505839396875 0.0685277765625 0.4726078 0.042415765625000004 0.47674353593749996 0.047679134375 0.5099751328125001
1 0 0.48507515 0.0996423546875 0.46929335156249996 0.081091834375 0.35216997499999997 0 0.365013659375 0 0.48507515
1 0.9517876890625001 0.5403950828124999 0.9957089546875 0.5334386375 0.99119516875 0.5049397124999999 0.947273903125 0.5118961578125 0.9517876890625001 0.5403950828124999
1 0.5346291296875 0.142419990625 0.5809270203125 0.135087125 0.5666360796875 0.0448576796875 0.5203381890625 0.0521905453125 0.5346291296875 0.142419990625