0 0.5877343749999999 0.1281979171875 0.43870312499999997 0.1281979171875 0.43870312499999997 0.2403854171875 0.5877343749999999 0.2403854171875 0.5877343749999999 0.1281979171875
0 0.6875078125 0.0849375 0.5721171875 0.0849375 0.5721171875 0.1442291671875 0.6875078125 0.1442291671875 0.6875078125 0.0849375
0 0.8437578125 0.322125 0.5300546875000001 0.322125 0.5300546875000001 0.4230833328125 0.8437578125 0.4230833328125 0.8437578125 0.322125
0 0.7151484375 0.7628125 0.5000078125 0.7628125 0.5000078125 0.9775625 0.7151484375 0.9775625 0.7151484375 0.7628125
1 0.9999921875 0.5608958328125 0.9278828125 0.5608958328125 0.9278828125 0.6506458328125 0.9999921875 0.6506458328125 0.9999921875 0.5608958328125
1 1 0.48557291718749995 0.8858124999999999 0.48557291718749995 0.8858124999999999 0.5769270828125 1 0.5769270828125 1 0.48557291718749995
1 0.9999921875 0.7419791671875 0.8605703124999999 0.7419791671875 0.8605703124999999 0.8221041671875 0.9999921875 0.8221041671875 0.9999921875 0.7419791671875
1 0.9254765624999999 0.9246770828124999 0.7884609375 0.9246770828124999 0.7884609375 0.9999895828125 0.9254765624999999 0.9999895828125 0.9254765624999999 0.9246770828124999
1 0.5625 0.7275625 0.47715625 0.7275625 0.47715625 0.7900625 0.5625 0.7900625 0.5625 0.7275625
1 0.47957031250000004 0.7532083328125 0.42308593749999995 0.7532083328125 0.42308593749999995 0.8189166671875 0.47957031250000004 0.8189166671875 0.47957031250000004 0.7532083328125
1 0.43149218749999996 0.7435937499999999 0.3497578125 0.7435937499999999 0.3497578125 0.8461562499999999 0.43149218749999996 0.8461562499999999 0.43149218749999996 0.7435937499999999
1 0.35335937500000003 0.8317291671874999 0.266828125 0.8317291671874999 0.266828125 0.9262708328124999 0.35335937500000003 0.9262708328124999 0.35335937500000003 0.8317291671874999
1 0.4398984375 1 0.4398984375 0.8990416671875 0.3653828125 0.8990416671875 0.3653828125 1 0.4398984375 1
1 0.2091328125 0.8205208328125 0.13702343749999998 0.8205208328125 0.13702343749999998 0.8733958328125 0.2091328125 0.8733958328125 0.2091328125 0.8205208328125
1 0.1670625 0.7003125 0.125 0.7003125 0.125 0.7451875 0.1670625 0.7451875 0.1670625 0.7003125
1 0.355765625 0.4054583328125 0.243984375 0.4054583328125 0.243984375 0.5240416671875 0.355765625 0.5240416671875 0.355765625 0.4054583328125
1 0.7355859375 0.1330104171875 0.6826953125 0.1330104171875 0.6826953125 0.1730729171875 0.7355859375 0.1730729171875 0.7355859375 0.1330104171875
1 0.722359375 0.27084375 0.655046875 0.27084375 0.655046875 0.31090625 0.722359375 0.31090625 0.722359375 0.27084375
1 0.602171875 0.2644166671875 0.5685156250000001 0.2644166671875 0.5685156250000001 0.302875 0.602171875 0.302875 0.602171875 0.2644166671875
1 0 0.4134583328125 0.1418203125 0.4134583328125 0.1418203125 0.3189166671875 0 0.3189166671875 0 0.4134583328125