0 0.9338984375000001 0.5480729171875 0.7656328125 0.5480729171875 0.7656328125 0.7131354171875001 0.9338984375000001 0.7131354171875001 0.9338984375000001 0.5480729171875
0 0.3689921875 0.3125 0.2848515625 0.3125 0.2848515625 0.375 0.3689921875 0.375 0.3689921875 0.3125
0 0.6201953125 0.1906979171875 0.3738046875 0.1906979171875 0.3738046875 0.3381354171875 0.6201953125 0.3381354171875 0.6201953125 0.1906979171875
0 0.42307812499999997 0.10415624999999999 0.30648437500000003 0.10415624999999999 0.30648437500000003 0.2307604171875 0.42307812499999997 0.2307604171875 0.42307812499999997 0.10415624999999999
0 0.4879765625 0.09134375 0.4134609375 0.09134375 0.4134609375 0.14103125 0.4879765625 0.14103125 0.4879765625 0.09134375
1 0.5144140625 0.0881458328125 0.4711484375 0.0881458328125 0.4711484375 0.11539583281250002 0.5144140625 0.11539583281250002 0.5144140625 0.0881458328125
1 0.21033593750000001 0.4583333328125 0.1105703125 0.4583333328125 0.1105703125 0.5416666671875 0.21033593750000001 0.5416666671875 0.21033593750000001 0.4583333328125
1 0.6069609375 0.5288333328125 0.5817265625 0.5288333328125 0.5817265625 0.59775 0.6069609375 0.59775 0.6069609375 0.5288333328125
1 0.66946875 0.56090625 0.615375 0.56090625 0.615375 0.6250104171875 0.66946875 0.6250104171875 0.66946875 0.56090625
1 0.7752421875 0.6682812499999999 0.6754765625 0.6682812499999999 0.6754765625 0.72596875 0.7752421875 0.72596875 0.7752421875 0.6682812499999999
1 0.798078125 0.3766041671875 0.727171875 0.3766041671875 0.727171875 0.43589583281250005 0.798078125 0.43589583281250005 0.798078125 0.3766041671875
1 0.9447109375 0.3974375 0.8918203124999999 0.3974375 0.8918203124999999 0.4487291671875 0.9447109375 0.4487291671875 0.9447109375 0.3974375
1 0.67428125 0.3766041671875 0.5985625 0.3766041671875 0.5985625 0.4294791671875 0.67428125 0.4294791671875 0.67428125 0.3766041671875
1 0.10577343749999998 0.5400625 0.0000078125 0.5400625 0.0000078125 0.6089791671875 0.10577343749999998 0.6089791671875 0.10577343749999998 0.5400625
1 0.890625 0.3814166671875 0.8641875000000001 0.3814166671875 0.8641875000000001 0.4262916671875 0.890625 0.4262916671875 0.890625 0.3814166671875