0 0.20264895625 0.4334237890625 0.19250375 0.578507009375 0.251650984375 0.5826429875 0.26179619062500004 0.437559765625 0.20264895625 0.4334237890625
0 0.20973041874999998 0.5845202046875 0.1991666734375 0.7355888109375 0.35104579999999996 0.7462092328125001 0.3616095453125 0.595140628125 0.20973041874999998 0.5845202046875
0 0.3798102109375 0.357855665625 0.3571731453125 0.6815807859375 0.5585979546875001 0.69566578125 0.5812350203125 0.371940659375 0.3798102109375 0.357855665625
0 0.60551794375 0.553154103125 0.5920189765625 0.7461983328125 0.739097325 0.756483053125 0.75259629375 0.5634388234375 0.60551794375 0.553154103125
1 0.955021840625 1 0.9669759671874999 0.829048015625 0.8326789078125 0.8196570515625 0.8200681 1 0.955021840625 1
1 0.6569206078125001 0.139865834375 0.650967328125 0.2250016921875 0.7660612812500001 0.2330498453125 0.772014559375 0.1479139875 0.6569206078125001 0.139865834375
1 0.7411622999999999 0.26746713125 0.7359643515625 0.3418012390625 0.8510583046875 0.3498493921875 0.8562562515625001 0.275515284375 0.7411622999999999 0.26746713125
1 0.36339471093750003 0.3169468640625 0.3601248765625 0.363707678125 0.41607159375 0.36761985468749997 0.41934142812499997 0.3208590390625 0.36339471093750003 0.3169468640625
1 0.3060296515625 0.3563146140625 0.3009995546875 0.428248334375 0.33936420625 0.430931053125 0.3443943015625 0.3589973328125 0.3060296515625 0.3563146140625
1 0.3246371078125 0.434717653125 0.32044517968749997 0.49466501875 0.366811125 0.497907240625 0.37100305312500004 0.4379598765625 0.3246371078125 0.434717653125
1 0.138051996875 0.5072225015625 0.13386006875 0.5671698671875001 0.1866062671875 0.570858240625 0.1907981953125 0.5109108765625 0.138051996875 0.5072225015625