1 0.9735546875000001 0.6314166671875 0.8918203124999999 0.6314166671875 0.8918203124999999 0.732375 0.9735546875000001 0.732375 0.9735546875000001 0.6314166671875
1 0.8894296875000001 0.6987291671875 0.8052890625 0.6987291671875 0.8052890625 0.8205208328125 0.8894296875000001 0.8205208328125 0.8894296875000001 0.6987291671875
1 0.7463984375 0.8317291671874999 0.6959140625 0.8317291671874999 0.6959140625 0.9054375 0.7463984375 0.9054375 0.7463984375 0.8317291671874999
1 0.4363046875 0.830125 0.3906328125 0.830125 0.3906328125 0.8685833328125 0.4363046875 0.8685833328125 0.4363046875 0.830125
1 0.384625 0.8076874999999999 0.20793750000000003 0.8076874999999999 0.20793750000000003 0.9358958328125 0.384625 0.9358958328125 0.384625 0.8076874999999999
1 0.7235546875 0.5416562500000001 0.6670703125 0.5416562500000001 0.6670703125 0.6089687500000001 0.7235546875 0.6089687500000001 0.7235546875 0.5416562500000001
1 0.869 0.44390625000000006 0.79928125 0.44390625000000006 0.79928125 0.50159375 0.869 0.50159375 0.869 0.44390625000000006
1 0.6081640625 0.28525 0.5673046875 0.28525 0.5673046875 0.3157083328125 0.6081640625 0.3157083328125 0.6081640625 0.28525
1 0.667078125 0.2724479171875 0.612984375 0.2724479171875 0.612984375 0.30609375 0.667078125 0.30609375 0.667078125 0.2724479171875
1 0.49879687500000003 0.13140625 0.462734375 0.13140625 0.462734375 0.1650520828125 0.49879687500000003 0.1650520828125 0.49879687500000003 0.13140625
0 0.5889453125 0.1826979171875 0.4290859375 0.1826979171875 0.4290859375 0.2644270828125 0.5889453125 0.2644270828125 0.5889453125 0.1826979171875
0 0.44230468749999996 0.1907083328125 0.29207031250000004 0.1907083328125 0.29207031250000004 0.3541666671875 0.44230468749999996 0.3541666671875 0.44230468749999996 0.1907083328125
0 0.6826875 0.3461458328125 0.40384374999999995 0.3461458328125 0.40384374999999995 0.5400625 0.6826875 0.5400625 0.6826875 0.3461458328125
0 0.5841328125 0.5929375 0.3713984375 0.5929375 0.3713984375 0.7419791671875 0.5841328125 0.7419791671875 0.5841328125 0.5929375
1 0.748796875 0.3269166671875 0.683890625 0.3269166671875 0.683890625 0.3862083328125 0.748796875 0.3862083328125 0.748796875 0.3269166671875