0 0.5504044859375 0.6043195359375 0.498764159375 0.3806407078125 0.309817565625 0.42426246562500003 0.3614578921875 0.64794129375 0.5504044859375 0.6043195359375
1 0.29551276406250004 0.9678499578125 0.2768558859375 0.8870381406250001 0.1472443671875 0.91696131875 0.1659012453125 0.9977731359374999 0.29551276406250004 0.9678499578125
1 0.58237816875 0.6573775203125 0.5758897375 0.6292730328125 0.539980140625 0.6375634171875 0.5464685734375 0.665667903125 0.58237816875 0.6573775203125
1 0.418705146875 0.8246872 0.40572828281250006 0.7684782265625001 0.362003425 0.7785729046875 0.37498028906249997 0.834781878125 0.418705146875 0.8246872
1 0.23795555156249998 0.1201250671875 0.231196475 0.0908482921875 0.190597721875 0.100221253125 0.1973567984375 0.129498028125 0.23795555156249998 0.1201250671875
1 0.4011607375 0.0861424796875 0.3925071515625 0.048659681249999996 0.36282946250000003 0.055511315625 0.3714830484375 0.0929941140625 0.4011607375 0.0861424796875
1 0.49840779218750003 0.179655575 0.48705127968750006 0.1304651109375 0.4511416828125 0.13875549375000001 0.4624981953125 0.1879459578125 0.49840779218750003 0.179655575
1 0.58029065 0 0.5901090890625 0.042528334375 0.6400861546875001 0.03099021875 0.6329314984375001 0 0.58029065 0
1 0.70023953125 0.21323905468749998 0.685909446875 0.15116863593750002 0.66404701875 0.156215975 0.678377103125 0.21828639375 0.70023953125 0.21323905468749998
1 0.7981836265625 0.552046284375 0.7873684015625 0.5052003984375 0.75302185625 0.5131299234375 0.7638370812499999 0.559975809375 0.7981836265625 0.552046284375
1 0.75404574375 0.574568003125 0.7456628015625 0.53825749375 0.7128793078125 0.545826159375 0.72126225 0.58213666875 0.75404574375 0.574568003125