0 0.6638846109375 0.6735243718749999 0.7179607359375 0.43929494375000006 0.5196561296875 0.3935127171875 0.4655800046875 0.627742146875 0.6638846109375 0.6735243718749999
1 0.861530046875 1 0.8776648093749999 0.93011266875 0.7480532921874999 0.9001894921875 0.7256109093750001 0.99739813125 0.736880840625 1 0.861530046875 1
1 0.6386089171875 0.8613558109375001 0.654829996875 0.79109459375 0.6126681921875 0.781360775 0.5964471125 0.8516219906250001 0.6386089171875 0.8613558109375001
1 0.48200003437500005 0.6919726984375 0.48984168749999996 0.6580067671875 0.43519576562499995 0.6453907625 0.42735411250000005 0.67935669375 0.48200003437500005 0.6919726984375
1 0.8215303015625001 0.147432934375 0.8296425984375 0.1122947140625 0.77812278125 0.10040042656249999 0.770010484375 0.135538646875 0.8215303015625001 0.147432934375
1 0.64157501875 0.12191496718749999 0.6529315312499999 0.07272450312499999 0.626379946875 0.0665945875 0.6150234343750001 0.1157850515625 0.64157501875 0.12191496718749999
1 0.547775375 0.20758055468749997 0.561293528125 0.149027003125 0.5300730875 0.141819196875 0.5165549359375 0.20037274843750003 0.547775375 0.20758055468749997
1 0.45409560156250006 0.27846456875 0.4662640484375 0.2257572375 0.43504360625 0.21854943124999998 0.4228751609375 0.2712567625 0.45409560156250006 0.27846456875
1 0.26204670937499996 0.583214309375 0.274482284375 0.5293499140625 0.226068271875 0.5181726578125 0.21363269687500003 0.5720370531250001 0.26204670937499996 0.583214309375
1 0.294490353125 0.5993399015625 0.305846865625 0.5501494375 0.2683742171875 0.5414981937500001 0.257017703125 0.5906886578125 0.294490353125 0.5993399015625
1 0.4249914921875 0.7108912609375 0.43661865000000005 0.660528509375 0.4069409609375 0.653676875 0.395313803125 0.7040396265625 0.4249914921875 0.7108912609375
1 0.4923636578125 0.8251309062500001 0.49885209062499997 0.79702641875 0.47386355625 0.7912573625 0.46737512499999995 0.8193618484374999 0.4923636578125 0.8251309062500001