0 0.28206775781250004 0.20407087031249999 0.1258415546875 0.20679780937499997 0.1274639015625 0.299741984375 0.2836901046875 0.2970150453125 0.28206775781250004 0.20407087031249999
0 0 0.378905678125 0.1239868859375 0.376741478125 0.12152573281250001 0.235742121875 0 0.2378633625 0 0.378905678125
0 0.350081025 0.38240061875000003 0.0556571234375 0.38753980781249997 0.0587894671875 0.5669916390624999 0.3532133671875 0.5618524500000001 0.350081025 0.38240061875000003
0 0.23662518437500002 0.6312310937500001 0.046747859375 0.634545415625 0.0488454203125 0.7547146109375 0.238722746875 0.7514002890625 0.23662518437500002 0.6312310937500001
1 0.4642854953125 0.7266161515625 0.4054038390625 0.727643934375 0.40618701562500004 0.7725120999999999 0.465068671875 0.7714843171875 0.4642854953125 0.7266161515625
1 0.48020826406249995 0.6750491578125 0.40690693125 0.6763286359375 0.40822131562499997 0.751629665625 0.4815226484375 0.7503501859374999 0.48020826406249995 0.6750491578125
1 0.556679015625 0.57914786875 0.49298559375 0.5802596421875 0.4946079390625 0.6732038171875 0.5583013625000001 0.67209204375 0.556679015625 0.57914786875
1 0.8681159203125001 0.7227760890625 0.7815978484375 0.7242862671875 0.783108209375 0.8108147515624999 0.8696262796875001 0.8093045734375 0.8681159203125001 0.7227760890625
1 0.9230964125 0.7731054625 0.8762285515625001 0.7739235437499999 0.8775429359375 0.8492245734375 0.924410796875 0.8484064921875 0.9230964125 0.7731054625
1 0.5970987640625001 0.96633475 0.59765796875 0.9983715375 0.723841871875 0.9961689890625 0.72328266875 0.964132203125 0.5970987640625001 0.96633475
1 0.592231184375 0.894283728125 0.5357554125 0.895269515625 0.53709779375 0.9721744687499999 0.5935735656250001 0.9711886796875 0.592231184375 0.894283728125
1 0.09541313125 0.8051908296875 0.0209088546875 0.8064913062500001 0.0216360390625 0.848151628125 0.096140315625 0.84685115 0.09541313125 0.8051908296875
1 0.2043667921875 0.1605557296875 0.1587018734375 0.1613528125 0.1593450671875 0.198201365625 0.2050099859375 0.19740428125 0.2043667921875 0.1605557296875
1 0.3473679046875 0.29590354531249996 0.28728330625 0.2969523265625 0.28795449687499997 0.335404803125 0.3480390953125 0.334356021875 0.3473679046875 0.29590354531249996
1 0.3869493859375 0.3593161609375 0.34729917499999996 0.3600082578125 0.3481663421875 0.409688190625 0.3878165515625 0.40899609375 0.3869493859375 0.3593161609375
1 0.5014827234375 0.447070228125 0.4317745921875 0.44828698906250003 0.4329773546875 0.5171931578125 0.5026854859375 0.5159763984375 0.5014827234375 0.447070228125
1 0.9887195984374999 0.8825497640625001 0.9286350015625 0.88359854375 0.9297817687500001 0.9492968718749999 0.9898663671874999 0.948248090625 0.9887195984374999 0.8825497640625001
1 0.9863211640625 0.9515083750000001 0.9045992375 0.9529348359375 0.905298425 0.992991234375 0.9870203515625 0.9915647734374999 0.9863211640625 0.9515083750000001