0 0.5583910921874999 0.5241240265625 0.591055884375 0.258090640625 0.39858464374999997 0.23445814375000001 0.3659198515625 0.5004915296875 0.5583910921874999 0.5241240265625
0 0.655737940625 0.6123641 0.6837145718750001 0.384512725 0.421268828125 0.35228843906249996 0.393292196875 0.580139815625 0.655737940625 0.6123641
0 0.29239075 0.5338416734375 0.31392353906250003 0.358471175 0.24076461718750003 0.3494883890625 0.219231828125 0.5248588859375001 0.29239075 0.5338416734375
1 0.345285303125 0.287246690625 0.3586147625 0.1786869546875 0.29498841875 0.170874621875 0.28165895937499996 0.2794343578125 0.345285303125 0.287246690625
1 1 0.057637368749999994 0.7343097375000001 0.02501470625 0.722297990625 0.12284253593750001 1 0.1569400546875 1 0.057637368749999994
1 0.8745885624999999 0.5920164265625 0.8943637671875001 0.4309603046875 0.7957501703125 0.4188520765625 0.775974965625 0.5799081984375001 0.8745885624999999 0.5920164265625
1 0.6996534859375 0.9253301109375001 0.7085880312499999 0.8525640703124999 0.6115666453124999 0.8406513421874999 0.6026320984375 0.91341738125 0.6996534859375 0.9253301109375001
1 0.6337143140625 0.7259171281250001 0.638109228125 0.6901234328125 0.58244393125 0.6832885937500001 0.57804901875 0.7190822890625 0.6337143140625 0.7259171281250001
1 0.40907825156250005 0.6620098359375 0.4149375 0.614290078125 0.3847062 0.610578140625 0.37884695 0.6582978984375 0.40907825156250005 0.6620098359375
1 0.4318280296875 0.71323446875 0.43592969375 0.6798290875 0.3786721875 0.67279875 0.37457052343749997 0.70620413125 0.4318280296875 0.71323446875
1 0.33620126250000004 0.6373114546875 0.33839871875 0.61941460625 0.3193128828125 0.6170711609375 0.31711542656249997 0.6349680078125 0.33620126250000004 0.6373114546875
0 0.83351009375 0.68989605 0.9782564078125 0.7076686624999999 0.9996425734375001 0.5334923218750001 0.854896259375 0.515719709375 0.83351009375 0.68989605
1 1 0.261075640625 0.940334225 0.25374960468749996 0.916459259375 0.4481956 1 0.4584531125 1 0.261075640625
1 0.8813203484375001 0.918575634375 0.8930388484374999 0.8231361187499999 0.794425253125 0.8110278921875 0.7827067546875 0.9064674078125 0.8813203484375001 0.918575634375
1 0.1757614515625 0.392378378125 0.1810342046875 0.34943524843749996 0.146046953125 0.3451393546875 0.14077420000000002 0.38808248437500004 0.1757614515625 0.392378378125
1 0.9022625765625 0.9453744796875 0.9483746156249999 0.9510363265624999 0.957602409375 0.875881971875 0.9114903703125 0.8702201265625 0.9022625765625 0.9453744796875