0 0.035319881250000004 0.5087085765625 0.231804415625 0.4740630515625 0.2014702484375 0.302029446875 0.0049857140624999996 0.336674971875 0.035319881250000004 0.5087085765625
0 0.5755585640625 0.8869877734375 0.6560512093749999 0.8727947484374999 0.6471445046875 0.8222823171875 0.5666518593750001 0.8364753421875 0.5755585640625 0.8869877734375
0 0.6550741 0.85344123125 0.7604177546875001 0.834866303125 0.74650419375 0.75595858125 0.6411605390624999 0.7745335109375 0.6550741 0.85344123125
0 0.4271895578125 0.8138912812499999 0.6485404875 0.774861140625 0.6243310375 0.6375625265625 0.4029801078125 0.6765926671875 0.4271895578125 0.8138912812499999
0 0.6471658125 0.65629861875 0.7430460796875 0.6393923406249999 0.7285753984375 0.557325028125 0.63269513125 0.57423130625 0.6471658125 0.65629861875
1 0.8771784359374999 0.3895654859375 0.984891784375 0.3705727171875 0.9701425421875 0.2869256078125 0.86242919375 0.305918378125 0.8771784359374999 0.3895654859375
1 0.7891501421875 0.47178808437499997 0.9016028781250001 0.451959634375 0.8874107578125001 0.3714721171875 0.7749580218750001 0.39130056875 0.7891501421875 0.47178808437499997
1 0.2891002203125 0.47372315781249996 0.4133860359375 0.451808215625 0.3994724765625 0.37290049375 0.275186659375 0.39481543750000003 0.2891002203125 0.47372315781249996
1 0.35961418125 0.6451664796875 0.4223495125 0.6341045484375 0.41205362343749996 0.57571365625 0.34931829062499997 0.5867755875 0.35961418125 0.6451664796875
1 0.2262747859375 0.6573071500000001 0.3043977390625 0.6435319671874999 0.292151925 0.5740825015625 0.214028971875 0.5878576859375 0.2262747859375 0.6573071500000001
1 0.09419491875 0.6626889234375 0.10958254062499999 0.6599756703125 0.1034614421875 0.625261196875 0.0880738203125 0.62797445 0.09419491875 0.6626889234375
1 0.054790162499999996 0.6745132078125 0.0772868640625 0.67054643125 0.0692158421875 0.6247733890625 0.046719140625 0.6287401640625 0.054790162499999996 0.6745132078125
1 0.5194505640625 0.8041282531249999 0.565613428125 0.7959884953125 0.5586566484375 0.756534634375 0.5124937843749999 0.76467439375 0.5194505640625 0.8041282531249999
1 0.2903965625 0.764784509375 0.34839250625 0.754558259375 0.3389322984375 0.7009067546875001 0.2809363546875 0.7111330046875 0.2903965625 0.764784509375
1 0.33662277500000004 0.805458678125 0.3780462515625 0.7981546015625 0.36997522968749996 0.7523815578125 0.328551753125 0.759685634375 0.33662277500000004 0.805458678125
1 0.187752621875 0.36955188906249997 0.3451833734375 0.3417925984375 0.33238405625 0.2692040609375 0.174953303125 0.29696335 0.187752621875 0.36955188906249997
1 0.1352717171875 0.687971359375 0.1838042734375 0.679413759375 0.174344065625 0.625762253125 0.12581150937500002 0.6343198531249999 0.1352717171875 0.687971359375