0 0.319730990625 0.6169031703125001 0.53315056875 0.670114646875 0.5785109234375 0.4881841984375 0.365091346875 0.434972721875 0.319730990625 0.6169031703125001
1 0 0.7832979625000001 0.05903128437500001 0.7980161140625001 0.086171896875 0.6891610625 0.00920015625 0.6699698515625 0 0.7068696640625001 0 0.7832979625000001
1 0.3032955484375 0.43939387500000004 0.332449903125 0.446662871875 0.3413657328125 0.41090343125000006 0.312211378125 0.40363443437499996 0.3032955484375 0.43939387500000004
1 0.28150215156249997 0.40256939843749995 0.3246499890625 0.4133273625 0.33356581875 0.377567921875 0.29041798124999996 0.36680995781250003 0.28150215156249997 0.40256939843749995
1 0.1262377015625 0.7321731687499999 0.185713796875 0.747002225 0.201222 0.684802225 0.141745903125 0.66997316875 0.1262377015625 0.7321731687499999
1 0.135098415625 0.59730004375 0.199244059375 0.61329335 0.2128118453125 0.55887593125 0.14866620156250002 0.5428826265625 0.135098415625 0.59730004375
1 0.804118975 0.770718709375 0.842597265625 0.7803124234375 0.853453509375 0.736770403125 0.8149752203125 0.7271766875 0.804118975 0.770718709375
1 0.8456041578125 0.6093039234375001 0.8910867703124999 0.6206440125 0.8972910593750001 0.59575996875 0.851808446875 0.5844198796875 0.8456041578125 0.6093039234375001
1 0.7654876875000001 0.5232512796875 0.8121376874999999 0.53488243125 0.8198892671875001 0.5037925390625 0.77323926875 0.4921613890625 0.7654876875000001 0.5232512796875
1 0.42054241093750006 0.23740433906249997 0.45902070000000006 0.246998053125 0.46716036406250006 0.2143516453125 0.42868207343750003 0.20475793125 0.42054241093750006 0.23740433906249997
1 0.391418796875 0.2747385171875 0.4310644734375 0.28462329531249997 0.43804492812499995 0.2566262203125 0.3983992515625 0.2467414421875 0.391418796875 0.2747385171875
1 0.9189301328124999 0.404597853125 0.9842431640625 0.4208822203125 0.997034784375 0.36957783437499997 0.9317217531249999 0.3532934671875 0.9189301328124999 0.404597853125
1 1 0.35049930625000003 0.9970247734375001 0.3497574984375 0.9869446953125 0.3901864859375 1 0.3934415390625 1 0.35049930625000003
1 0.7001320703125 0.4276634578125 0.743279909375 0.4384214234375 0.7510314890625 0.40733153125 0.7078836515625 0.39657356718750003 0.7001320703125 0.4276634578125