0 0.424819825 0.3345009859375 0.41073446718750006 0.5359309890625 0.5769951421874999 0.54755706875 0.5910805015625 0.346127065625 0.424819825 0.3345009859375
1 0.2440346546875 0.07124878125 0.23866885624999998 0.147983278125 0.33938125937499997 0.155025775 0.3447470578125 0.078291278125 0.2440346546875 0.07124878125
1 0.48270463281250003 1 0.48832140625 0.919676403125 0.4467562359375 0.9167698828124999 0.4411386609375 0.9971049624999999 0.4825396171875 1 0.48270463281250003 1
1 0.5501815015625 1 0.5558890187500001 0.9183787078125001 0.51432385 0.9154721875 0.508454496875 0.9994078515625 0.5169226171875 1 0.5501815015625 1
1 0.41350373749999997 0.174673846875 0.40964751250000003 0.2298204359375 0.45761371874999995 0.233174559375 0.46146994374999994 0.178027971875 0.41350373749999997 0.174673846875
1 0.5622825578125 0.29832208437499996 0.5606890578125 0.32111018750000003 0.5910731953125 0.3232348546875 0.5926666953125 0.30044675 0.5622825578125 0.29832208437499996
1 0.5950978171875 0.265680084375 0.59174405625 0.31364109375 0.615727159375 0.3153181546875 0.6190809203125001 0.267357146875 0.5950978171875 0.265680084375
1 0.325753321875 0.9010878203124999 0.32063929999999996 0.9742217359374999 0.39098834843749997 0.9791410203125 0.39610236875 0.90600710625 0.325753321875 0.9010878203124999
1 0 0.7987792609375 0.00517759375 0.7991413140625 0.008699206249999999 0.7487799171875 0 0.748171609375 0 0.7987792609375
1 0.0337529 0 0.0294830078125 0.0610622890625 0.06304688124999999 0.06340930312500001 0.0674808921875 0 0.0337529 0
1 0.3318599296875 0.009921084375 0.328925796875 0.051881121875000005 0.36729045 0.054563839062499994 0.37022458125 0.0126038015625 0.3318599296875 0.009921084375
1 0.27690629843750003 0.014505129687500002 0.2733007609375 0.06606672031250001 0.3244674828125 0.06964464687500001 0.328073021875 0.0180830546875 0.27690629843750003 0.014505129687500002
1 0.276322953125 0 0.2756521328125 0.009593178125 0.325218596875 0.013059203124999998 0.32613178593750003 0 0.276322953125 0
1 0.7033749312500001 0.8539943437499999 0.699266928125 0.9127415140625 0.7360313203125 0.9153123296875 0.740139321875 0.8565651593749999 0.7033749312500001 0.8539943437499999
1 0.7950920875 0.94353219375 0.79249256875 0.980707040625 0.83085721875 0.9833897578125 0.8334567375 0.9462149109375 0.7950920875 0.94353219375
1 0.714913578125 0.918652053125 0.7138236328125 0.9342389921875001 0.7537885421875 0.9370336109374999 0.7548784875 0.921446671875 0.714913578125 0.918652053125
1 0.7521317062499999 0.36341134531249997 0.7486940203125 0.41257254843749996 0.7854584124999999 0.415143365625 0.7888960984375 0.36598216250000004 0.7521317062499999 0.36341134531249997
1 0.71653079375 0.34405267031250003 0.7134288109375 0.38841309687500003 0.74061243125 0.390313959375 0.7437144140624999 0.345953534375 0.71653079375 0.34405267031250003
1 0.3791551875 0.7807150375 0.3770592234375 0.81068871875 0.4170241328125 0.8134833374999999 0.41912009687499996 0.78350965625 0.3791551875 0.7807150375
1 0.5111707359375 0.7995871359375 0.508068753125 0.8439475625 0.538452890625 0.8460722281249999 0.541554875 0.8017118015625 0.5111707359375 0.7995871359375
1 0.6756620718749999 0.44602051249999997 0.673733959375 0.47359380624999997 0.696116803125 0.4751589671875 0.6980449156249999 0.4475856734375 0.6756620718749999 0.44602051249999997
1 0.3110310734375 0.19280425625 0.3071748484375 0.24795084374999998 0.351940534375 0.251081165625 0.355796759375 0.19593457812499998 0.3110310734375 0.19280425625
1 0 0.957822934375 0.026073909375 0.9596462000000001 0.0278341703125 0.93447329375 0 0.932526940625 0 0.957822934375