0 0.28726562499999997 0.20031249999999998 0.131015625 0.20031249999999998 0.131015625 0.2932708328125 0.28726562499999997 0.2932708328125 0.28726562499999997 0.20031249999999998
0 0 0.3701979171875 0.1261953125 0.3701979171875 0.1261953125 0.22917708281250002 0 0.22917708281250002 0 0.3701979171875
0 0.35215625 0.3798020828125 0.0576875 0.3798020828125 0.0576875 0.55928125 0.35215625 0.55928125 0.35215625 0.3798020828125
0 0.234375 0.6266145828125 0.04446875 0.6266145828125 0.04446875 0.7468020828124999 0.234375 0.7468020828124999 0.234375 0.6266145828125
1 0.4603359375 0.7259583328125 0.40144531250000004 0.7259583328125 0.40144531250000004 0.7708333328125 0.4603359375 0.7708333328125 0.4603359375 0.7259583328125
1 0.47715625 0.6746770828125 0.40384374999999995 0.6746770828125 0.40384374999999995 0.7499895828125 0.47715625 0.7499895828125 0.47715625 0.6746770828125
1 0.5552890625 0.580125 0.4915859375 0.580125 0.4915859375 0.6730833328125 0.5552890625 0.6730833328125 0.5552890625 0.580125
1 0.864171875 0.7291666671875 0.777640625 0.7291666671875 0.777640625 0.8157083328124999 0.864171875 0.8157083328124999 0.864171875 0.7291666671875
1 0.9182656250000001 0.7804479171875001 0.8713906250000001 0.7804479171875001 0.8713906250000001 0.8557604171875001 0.9182656250000001 0.8557604171875001 0.9182656250000001 0.7804479171875001
1 0.7151484375 1 0.7151484375 0.9679583328125 0.5889453125 0.9679583328125 0.5889453125 1 0.7151484375 1
1 0.5853359375 0.8958333328125001 0.5288515625 0.8958333328125001 0.5288515625 0.9727499999999999 0.5853359375 0.9727499999999999 0.5853359375 0.8958333328125001
1 0.0901484375 0.7980833328125 0.015632812500000003 0.7980833328125 0.015632812500000003 0.8397500000000001 0.0901484375 0.8397500000000001 0.0901484375 0.7980833328125
1 0.21033593750000001 0.1554479171875 0.1646640625 0.1554479171875 0.1646640625 0.1923020828125 0.21033593750000001 0.1923020828125 0.21033593750000001 0.1554479171875
1 0.35095312500000003 0.2932708328125 0.29085937500000003 0.2932708328125 0.29085937500000003 0.3317291671875 0.35095312500000003 0.3317291671875 0.35095312500000003 0.2932708328125
1 0.389421875 0.3573645828125 0.34976562499999997 0.3573645828125 0.34976562499999997 0.4070520828125 0.389421875 0.4070520828125 0.389421875 0.3573645828125
1 0.50240625 0.44710416718749996 0.4326875 0.44710416718749996 0.4326875 0.5160208328125 0.50240625 0.5160208328125 0.50240625 0.44710416718749996
1 0.9819687500000001 0.8910208328125 0.921875 0.8910208328125 0.921875 0.9567291671874999 0.9819687500000001 0.9567291671874999 0.9819687500000001 0.8910208328125
1 0.9783671875 0.9599270828125 0.8966328125 0.9599270828125 0.8966328125 0.9999895828125 0.9783671875 0.9999895828125 0.9783671875 0.9599270828125