0 0.696629178125 0.2650439640625 0.8355228515625001 0.28704256093749997 0.8432956890625001 0.23796679687500003 0.704402015625 0.2159682 0.696629178125 0.2650439640625
0 0.832013453125 0.42441400781249994 0.9744720640625 0.4469772359375 0.9975363703125 0.30135493593749996 0.8550777593750001 0.2787917078125 0.832013453125 0.42441400781249994
0 0.6279534921875001 0.5527174578125 0.8986109624999999 0.5955853906249999 0.9319543171875001 0.3850637359375 0.661296846875 0.3421958046875 0.6279534921875001 0.5527174578125
0 0.694100096875 0.7189449375 0.85791746875 0.7448910609375 0.872957990625 0.649928940625 0.7091406203124999 0.62398281875 0.694100096875 0.7189449375
1 0.8966073390625 0.869477353125 0.9464624515625 0.8773736281250001 0.9592477109375 0.7966506828125001 0.9093925984375 0.7887544078125 0.8966073390625 0.869477353125
1 0.2552708015625 0.8620061484375 0.34192502187499996 0.8757308281249999 0.359224065625 0.7665089593750001 0.272569846875 0.7527842796875001 0.2552708015625 0.8620061484375
1 0.27922971093750004 0.9258316109375 0.3670722421875 0.9397445015624999 0.3796065546875 0.8606059734375 0.291764021875 0.8466930828124999 0.27922971093750004 0.9258316109375
1 0.3061027859375 0.89439849375 0.293568475 0.9735370218750001 0.40159688750000005 0.990647040625 0.4141311984375 0.9115085125 0.3061027859375 0.89439849375
1 0 0.831299109375 0.025828429687499998 0.8353899312499999 0.0411198984375 0.7388433953125 0 0.73233064375 0 0.831299109375
1 0 0.9254267265625 0.014849850000000001 0.9277787109375 0.028137003124999997 0.8438869328124999 0 0.83943046875 0 0.9254267265625
1 0.0054168875 0.8029537687499999 0.0766384765625 0.8142341609375 0.0959418375 0.6923575359374999 0.0247202484375 0.68107714375 0.0054168875 0.8029537687499999
1 0.12686966093750002 0.57394620625 0.20165618749999997 0.585791228125 0.20892713125 0.5398842968750001 0.1341406046875 0.5280392734375 0.12686966093750002 0.57394620625
1 0 0.6820343296875 0.10349946875 0.6984270343750001 0.1255599875 0.5591424015625 0.0044755703125 0.5399645125 0 0.5682221515625 0 0.6820343296875
1 0.4066146078125 0.55174715 0.483777759375 0.5639685921875001 0.4980687 0.473739146875 0.4209055484375 0.461517703125 0.4066146078125 0.55174715
1 0.4891564953125 0.69136809375 0.5568285796875 0.7020862984375 0.5748772062499999 0.5881317562499999 0.507205121875 0.5774135515625 0.4891564953125 0.69136809375