0 0.5673046875 0.0881354171875 0.45913281250000004 0.0881354171875 0.45913281250000004 0.1730729171875 0.5673046875 0.1730729171875 0.5673046875 0.0881354171875
0 0.63821875 0.0480729171875 0.5576875 0.0480729171875 0.5576875 0.11538541718749999 0.63821875 0.11538541718749999 0.63821875 0.0480729171875
0 0.6502421875 0.21633333281249997 0.5576953125 0.21633333281249997 0.5576953125 0.2884583328125 0.6502421875 0.2884583328125 0.6502421875 0.21633333281249997
0 0.76803125 0.1875104171875 0.6358125 0.1875104171875 0.6358125 0.2628229171875 0.76803125 0.2628229171875 0.76803125 0.1875104171875
0 0.7511953124999999 0.4326979171875 0.5829296875 0.4326979171875 0.5829296875 0.5496770828125 0.7511953124999999 0.5496770828125 0.7511953124999999 0.4326979171875
1 0.11177343749999999 0.4647291671875 0.0084140625 0.4647291671875 0.0084140625 0.5160208328125 0.11177343749999999 0.5160208328125 0.11177343749999999 0.4647291671875
1 0.3413515625 0.69871875 0.2488046875 0.69871875 0.2488046875 0.7531979171875001 0.3413515625 0.7531979171875001 0.3413515625 0.69871875
1 0.4254765625 0.2756458328125 0.3509609375 0.2756458328125 0.3509609375 0.3381458328125 0.4254765625 0.3381458328125 0.4254765625 0.2756458328125
1 0.24159375 0.22595833281250002 0.1766875 0.22595833281250002 0.1766875 0.2788333328125 0.24159375 0.2788333328125 0.24159375 0.22595833281250002
1 0.699515625 0.08653125 0.6502343749999999 0.08653125 0.6502343749999999 0.1298020828125 0.699515625 0.1298020828125 0.699515625 0.08653125
1 0.954328125 0.3685833328125 0.8689843749999999 0.3685833328125 0.8689843749999999 0.4134583328125 0.954328125 0.4134583328125 0.954328125 0.3685833328125
1 0.8257109375 0.57371875 0.7379765625 0.57371875 0.7379765625 0.6314062500000001 0.8257109375 0.6314062500000001 0.8257109375 0.57371875
1 0.9266875000000001 0.47114583281250005 0.8461562499999999 0.47114583281250005 0.8461562499999999 0.5576875 0.9266875000000001 0.5576875 0.9266875000000001 0.47114583281250005
1 1 0.6362083328125 0.89903125 0.6362083328125 0.89903125 0.7259583328125 1 0.7259583328125 1 0.6362083328125
1 0.734375 0.6778958328125 0.69590625 0.6778958328125 0.69590625 0.7339791671875 0.734375 0.7339791671875 0.734375 0.6778958328125
1 0.97715625 0.5224270828125 0.93028125 0.5224270828125 0.93028125 0.5833229171875 0.97715625 0.5833229171875 0.97715625 0.5224270828125
1 0.48557812499999997 0.49037499999999995 0.43029687499999997 0.49037499999999995 0.43029687499999997 0.5416666671875 0.48557812499999997 0.5416666671875 0.48557812499999997 0.49037499999999995
1 0.53125 0.4535208328125 0.484375 0.4535208328125 0.484375 0.4951875 0.53125 0.4951875 0.53125 0.4535208328125
1 0.57571875 0.4567395828125 0.53965625 0.4567395828125 0.53965625 0.4968020828125 0.57571875 0.4968020828125 0.57571875 0.4567395828125
1 0.53965625 0.5160208328125 0.46153125 0.5160208328125 0.46153125 0.5753125 0.53965625 0.5753125 0.53965625 0.5160208328125
1 0.7235546875 0.3317395828125 0.6802890625 0.3317395828125 0.6802890625 0.36859375 0.7235546875 0.36859375 0.7235546875 0.3317395828125
1 0.9326874999999999 0.3205104171875 0.802875 0.3205104171875 0.802875 0.3701979171875 0.9326874999999999 0.3701979171875 0.9326874999999999 0.3205104171875