0 0.3634121546875 0.642184753125 0.571708853125 0.6129105609375001 0.5460604109375 0.43041240781249995 0.33776371250000004 0.45968660000000006 0.3634121546875 0.642184753125
1 0.135615778125 0.8781109828125 0.2141718875 0.8670706406249999 0.199897946875 0.765506271875 0.12134183750000001 0.7765466140624999 0.135615778125 0.8781109828125
1 0.9243949453125 0.41932762500000004 0.99223604375 0.40979317968749995 0.9862139078125001 0.36694345625 0.918372809375 0.3764779 0.9243949453125 0.41932762500000004
1 1 0.46503659218750004 0.9951325843750001 0.430403134375 0.940389328125 0.438096796875 0.9473044906249999 0.487300740625 1 0.4798948703125 1 0.46503659218750004
1 1 0.5187311578125 0.93718391875 0.52755938125 0.9505648328125 0.6227695296875 1 0.6158218703125 1 0.5187311578125
1 0.324160634375 0.285204653125 0.362255009375 0.2798508375 0.3571259 0.2433553328125 0.319031525 0.2487091484375 0.324160634375 0.285204653125
1 0.2974421640625 0.5009498453125001 0.326005209375 0.49693557187500004 0.3202063296875 0.4556744015625 0.291643284375 0.4596886765625 0.2974421640625 0.5009498453125001
1 0.208746575 0.6817303124999999 0.261122471875 0.674369359375 0.25510033593750003 0.6315196359375 0.20272443906249998 0.6388805875 0.208746575 0.6817303124999999
1 0.24609620312499997 0.78329146875 0.30322229218749996 0.7752629203125 0.29720015625 0.7324131953124999 0.2400740671875 0.74044174375 0.24609620312499997 0.78329146875
1 0.3746963625 0.9383717671875 0.4520610546875 0.9274988687500001 0.44180283749999993 0.8545078578125 0.36443814375 0.8653807578125001 0.3746963625 0.9383717671875
1 0.1078791015625 0.7412118046875 0.030514407812499998 0.752084703125 0.053709925000000006 0.91712938125 0.13107461874999998 0.9062564828124999 0.1078791015625 0.7412118046875
1 0.2597993421875 0.48358219374999994 0.3062181578125 0.47705845468749997 0.2999727640625 0.432620175 0.2535539484375 0.4391439140625 0.2597993421875 0.48358219374999994
1 0.41127737187499996 0.35225369687499997 0.45054768906250003 0.34673461250000004 0.44697847968750004 0.3213383640625 0.4077081609375 0.32685744687499996 0.41127737187499996 0.35225369687499997
1 0.81957430625 0.44214834375 0.8576686812500001 0.4367945296875 0.8534297000000001 0.40663261562499997 0.815335325 0.4119864296875 0.81957430625 0.44214834375