0 0.7053457812499999 0.18014868281250002 0.554484546875 0.1669500359375 0.53465116875 0.3936465921875 0.685512403125 0.4068452390625 0.7053457812499999 0.18014868281250002
0 0.8131594859375 0.2716120625 0.652709878125 0.25757454062499996 0.6363681765625 0.444361046875 0.7968177843750001 0.45839856875 0.8131594859375 0.2716120625
0 0.8107447859375 0.1475440734375 0.639523821875 0.13256418125 0.6308645359375 0.23154027500000002 0.8020854999999999 0.24652016875 0.8107447859375 0.1475440734375
0 0.8374347546875001 0.5182601124999999 0.672206525 0.503804515625 0.6608926203125 0.6331230390625 0.82612085 0.6475786359375 0.8374347546875001 0.5182601124999999
1 0.6760294671875 0.5427546734375001 0.539535228125 0.530812975 0.531992625 0.617025325 0.6684868640625 0.6289670234375 0.6760294671875 0.5427546734375001
1 0.490281071875 0.59728355 0.36335964062500004 0.5861793640624999 0.351068865625 0.7266635703125 0.47799029531250004 0.73776775625 0.490281071875 0.59728355
1 0.27352561249999996 0.5236117234375001 0.205270709375 0.5176401937499999 0.1991244140625 0.5878926734375 0.267379315625 0.593864203125 0.27352561249999996 0.5236117234375001
1 1 0.4874363125 0.9455182593749999 0.482669778125 0.93839509375 0.564087940625 0.9958630749999999 0.5691157375 1 0.521830475 1 0.4874363125
1 0.9143464937499999 0.71481553125 0.9825936140625 0.72078638125 0.99306864375 0.6010562312500001 0.9248215249999999 0.59508538125 0.9143464937499999 0.71481553125
1 0.8805097843749999 0.301637953125 0.8350117046875001 0.2976573859375 0.831100590625 0.3423616234375 0.8765986703124999 0.34634218906249997 0.8805097843749999 0.301637953125
1 0.9581655874999999 1 0.9634583890625 0.9395030015625 0.9275331171874999 0.9363599484374999 0.9219653343750001 1 0.9581655874999999 1
1 0.535464084375 0.1636652109375 0.45763637343749997 0.15685616875 0.45162989062500003 0.225510584375 0.5294576015625 0.2323196265625 0.535464084375 0.1636652109375
1 0.6835882703125 0.0978036265625 0.638090190625 0.09382305937499999 0.6344587015625 0.1353311734375 0.67995678125 0.1393117390625 0.6835882703125 0.0978036265625