0 0.1920162 0.63470189375 0.1779536203125 0.5201713734375 0.088872603125 0.531109146875 0.1029351828125 0.6456396671875 0.1920162 0.63470189375
0 0.1384748125 0.724820553125 0.12822065 0.6413071 0.075739771875 0.647750940625 0.085993934375 0.7312643953125 0.1384748125 0.724820553125
0 0.6822740296875 0.800943634375 0.6624988234375 0.6398875125 0.536838346875 0.6553166796875 0.5566135515624999 0.8163728015625 0.6822740296875 0.800943634375
0 0.46941868906249995 0 0.459743371875 0.0011879796874999999 0.47014415937500004 0.08589559062499999 0.53217829375 0.07827875625 0.522566871875 0 0.46941868906249995 0
0 0.349812425 0.8417647859375 0.3322346765625 0.6986055125 0.2161274546875 0.7128616875 0.23370520312499998 0.8560209609375 0.349812425 0.8417647859375
0 0.33156164062500004 0.7192791328125 0.3174990609375 0.6047486125 0.2570571359375 0.612169946875 0.271119715625 0.72670046875 0.33156164062500004 0.7192791328125
1 0.36471030937500004 0.46333153281249995 0.35372492968749997 0.37386280156249996 0.2916907953125 0.3814796359375 0.302676175 0.470948365625 0.36471030937500004 0.46333153281249995
1 0.681441159375 0.5443198 0.6736777015625 0.481091509375 0.6020903109375 0.48988133593749994 0.6098537687500001 0.5531096265625 0.681441159375 0.5443198
1 0.8960735203124999 0.2673088359375 0.8824508124999999 0.1563607859375 0.8204166781250001 0.16397762031250002 0.8340393859375 0.27492566875 0.8960735203124999 0.2673088359375
1 0.9407656859375001 0.736515878125 0.934173315625 0.6828253359375 0.8498689265625 0.6931766125000001 0.8564612968749999 0.74686715625 0.9407656859375001 0.736515878125
1 0.8419016312500001 0.8782143250000001 0.8282789234375001 0.767266275 0.7232964890625 0.780156496875 0.736919196875 0.8911045468750001 0.8419016312500001 0.8782143250000001
1 0.530581309375 1 0.5450229156249999 0.99822679375 0.538578121875 0.9457381609375 0.471767359375 0.9539414921875 0.47742263281249997 1 0.530581309375 1
1 0.581856228125 0.6800617 0.5727750578124999 0.606101503125 0.529826759375 0.6113748921875 0.5389079296875 0.6853350890625001 0.581856228125 0.6800617
1 0.58058009375 0.6039388765625 0.5757472124999999 0.56457821875 0.5407599609375 0.5688741125 0.5455928421875 0.6082347703125001 0.58058009375 0.6039388765625
1 0.5996077734374999 0.5616327671875 0.5919909390625 0.49959863281250005 0.5235879671875 0.5079974625 0.5312048 0.570031596875 0.5996077734374999 0.5616327671875
1 0.618010478125 0.5012446046875 0.60922255625 0.429672721875 0.5742353046875001 0.4339686171875 0.5830232265624999 0.5055405000000001 0.618010478125 0.5012446046875
1 0.2691304171875 0.28979565625000003 0.2581450390625 0.200326925 0.20407195156250002 0.20696626562499998 0.21505732968750002 0.2964349953125 0.2691304171875 0.28979565625000003
1 0.6454272640625 0.9217250375000001 0.65318976875 0.9849455734375001 0.7374941578125 0.9745942968750001 0.7297316515625 0.9113737593750001 0.6454272640625 0.9217250375000001
1 0.6405499421874999 0.3822356609375 0.6352771890625 0.33929253125000003 0.5875522609375 0.345152415625 0.5928250140625 0.3880955453125 0.6405499421874999 0.3822356609375
1 0.84868655625 0.394217309375 0.8442916437499999 0.3584236140625 0.7886263453125 0.365258453125 0.793021259375 0.40105215000000005 0.84868655625 0.394217309375
1 0 0.3727107421875 0.001437884375 0.3844213703125 0.0412017640625 0.3795389796875 0.03343830625 0.3163106875 0 0.3204163953125 0 0.3727107421875
1 0.4605199953125 0.7833610328125 0.45480736874999994 0.7368354312500001 0.39754986406250004 0.74386576875 0.40326248906249995 0.7903913703125001 0.4605199953125 0.7833610328125
1 0.4806550609375 1 0.46645615156250003 0.884359171875 0.4091986453125 0.8913895093749999 0.42253433749999997 1 0.4806550609375 1