0 0.460433634375 0.539755321875 0.7044264015625 0.57404626875 0.7325277703124999 0.3740946421875 0.488535003125 0.33980369375 0.460433634375 0.539755321875
1 0.22012627031249998 0.1596640625 0.3177295671875 0.1733813109375 0.3369093609375 0.036909992187500004 0.2393060640625 0.02319274375 0.22012627031249998 0.1596640625
1 0.3065030359375 0.348186740625 0.377910646875 0.3582224265625 0.386385709375 0.297919228125 0.314978096875 0.2878835421875 0.3065030359375 0.348186740625
1 0.39808783124999997 0.5601098859375 0.43022512500000004 0.5646264875 0.438030415625 0.509088953125 0.405893121875 0.5045723515625 0.39808783124999997 0.5601098859375
1 0.34981141718750003 0.5840932624999999 0.41051175625 0.5926241375 0.41742691875000004 0.5434201937500001 0.35672658125 0.5348893171875 0.34981141718750003 0.5840932624999999
1 0.41530031875000006 0.8004380078125 0.4545706375 0.805957090625 0.46059277343750005 0.7631073671874999 0.42132245468749996 0.7575882843749999 0.41530031875000006 0.8004380078125
1 0.40926286562499997 0.739715140625 0.456873096875 0.746406321875 0.46044230781250006 0.7210100703125 0.41283207656250004 0.7143188890625 0.40926286562499997 0.739715140625
1 0.1299700625 0.1793499921875 0.1799631265625 0.18637605937499999 0.1864317765625 0.1403492234375 0.1364387125 0.13332315781249998 0.1299700625 0.1793499921875
1 0.1254303515625 0.1511941765625 0.14922773125 0.15453867968749999 0.15680976562499999 0.1005897 0.1330123859375 0.097245196875 0.1254303515625 0.1511941765625
1 0.0874123578125 0.1280634046875 0.15526119375 0.1375989359375 0.1664124375 0.0582537078125 0.0985636015625 0.048718175 0.0874123578125 0.1280634046875
1 0.8851880765625 0.6350470875 0.954228328125 0.6447500625 0.9575742828125 0.6209423671875001 0.8885340296875001 0.6112393921875 0.8851880765625 0.6350470875
1 0.306076721875 0.584405440625 0.3334483515625 0.5882522734375 0.3394704875 0.545402546875 0.312098859375 0.541555715625 0.306076721875 0.584405440625
1 0.5247961734375 0.7122456875000001 0.5640664921874999 0.717764771875 0.5689723437499999 0.682857821875 0.5297020265625 0.6773387390625001 0.5247961734375 0.7122456875000001