0 0.6574453124999999 0.3397395828125 0.4915859375 0.3397395828125 0.4915859375 0.4807604171875 0.6574453124999999 0.4807604171875 0.6574453124999999 0.3397395828125
1 0.8473515624999999 0.5480729171875 0.7908671875 0.5480729171875 0.7908671875 0.6153854171875001 0.8473515624999999 0.6153854171875001 0.8473515624999999 0.5480729171875
1 0.39542968749999996 0.8253229171875001 0.3365390625 0.8253229171875001 0.3365390625 0.9070520828124999 0.39542968749999996 0.9070520828124999 0.39542968749999996 0.8253229171875001
1 0.6826953125 0.8397500000000001 0.6370234375 0.8397500000000001 0.6370234375 0.8958333328125001 0.6826953125 0.8958333328125001 0.6826953125 0.8397500000000001
1 0.6261953124999999 1 0.6261953124999999 0.9439166671875 0.5468671875 0.9439166671875 0.5468671875 1 0.6261953124999999 1
1 0.6995234375 1 0.6995234375 0.947125 0.6358203125 0.947125 0.6358203125 1 0.6995234375 1
1 0.8930234374999999 0.7323645828124999 0.8293203124999999 0.7323645828124999 0.8293203124999999 0.7724270828125 0.8930234374999999 0.7724270828125 0.8930234374999999 0.7323645828124999
1 1 0.642625 0.9350937500000001 0.642625 0.9350937500000001 0.7163333328125 1 0.7163333328125 1 0.642625
1 0.365375 0.7596145828124999 0.32571875 0.7596145828124999 0.32571875 0.8301354171875 0.365375 0.8301354171875 0.365375 0.7596145828124999
1 0.8209140625 0.7916666671875 0.7572109375 0.7916666671875 0.7572109375 0.8477499999999999 0.8209140625 0.8477499999999999 0.8209140625 0.7916666671875
1 0.11778906250000001 0.4887916671875 0.0300546875 0.4887916671875 0.0300546875 0.5512916671875 0.11778906250000001 0.5512916671875 0.11778906250000001 0.4887916671875
1 0.19230468750000002 0.3974375 0.11297656250000002 0.3974375 0.11297656250000002 0.4326875 0.19230468750000002 0.4326875 0.19230468750000002 0.3974375
1 0.18389843749999998 0.34615625 0.1093828125 0.34615625 0.1093828125 0.38621875 0.18389843749999998 0.38621875 0.18389843749999998 0.34615625
1 0.228359375 0.2067291671875 0.181484375 0.2067291671875 0.181484375 0.2387708328125 0.228359375 0.2387708328125 0.228359375 0.2067291671875
1 0.162265625 0.125 0.115390625 0.125 0.115390625 0.15545833281250002 0.162265625 0.15545833281250002 0.162265625 0.125
1 0.6730703124999999 0.19710416718749998 0.6322109375 0.19710416718749998 0.6322109375 0.22756249999999997 0.6730703124999999 0.22756249999999997 0.6730703124999999 0.19710416718749998
1 0.67909375 0.2323645828125 0.6454375 0.2323645828125 0.6454375 0.2580104171875 0.67909375 0.2580104171875 0.67909375 0.2323645828125
1 0 0.4102604171875 0.04446875 0.4102604171875 0.04446875 0.3766145828125 0 0.3766145828125 0 0.4102604171875
1 0.078125 0.2227604171875 0.03365625 0.2227604171875 0.03365625 0.2596145828125 0.078125 0.2596145828125 0.078125 0.2227604171875
1 0.2043359375 0.47596875 0.15144531249999998 0.47596875 0.15144531249999998 0.5160312499999999 0.2043359375 0.5160312499999999 0.2043359375 0.47596875
1 0.7860625 0.4647291671875 0.74159375 0.4647291671875 0.74159375 0.4951875 0.7860625 0.4951875 0.7860625 0.4647291671875
1 0.706734375 0.35896875 0.683890625 0.35896875 0.683890625 0.38140625 0.706734375 0.38140625 0.706734375 0.35896875
1 0.73678125 0.33653125 0.697125 0.33653125 0.697125 0.35896875 0.73678125 0.35896875 0.73678125 0.33653125
1 0.112984375 0.7788541671875 0.074515625 0.7788541671875 0.074515625 0.8621874999999999 0.112984375 0.8621874999999999 0.112984375 0.7788541671875
1 0.25960937500000003 0.8076874999999999 0.21995312500000003 0.8076874999999999 0.21995312500000003 0.8557708328125001 0.25960937500000003 0.8557708328125001 0.25960937500000003 0.8076874999999999
1 0.31009375 0.4615520828125 0.28125 0.4615520828125 0.28125 0.4951979171875 0.31009375 0.4951979171875 0.31009375 0.4615520828125
1 0.340140625 0.3253229171875 0.311296875 0.3253229171875 0.311296875 0.35096875 0.340140625 0.35096875 0.340140625 0.3253229171875
1 0.75840625 0.5352708328125 0.7139375 0.5352708328125 0.7139375 0.5673125 0.75840625 0.5673125 0.75840625 0.5352708328125
1 0 0.3766041671875 0.0192265625 0.3766041671875 0.0192265625 0.3413541671875 0 0.3413541671875 0 0.3766041671875