0 0.5911618578125 0.4887822984375 0.361634321875 0.492788715625 0.3649066484375 0.6802601578125 0.5944341843750001 0.676253740625 0.5911618578125 0.4887822984375
1 0.8984530812499999 0.8071865703125001 0.8095291265625001 0.80873874375 0.8117386734375 0.9353236296875 0.900662628125 0.93377145625 0.8984530812499999 0.8071865703125001
1 0.59621105625 0.22744604218750003 0.5565608453124999 0.2281381390625 0.5572320359375 0.2665906140625 0.596882246875 0.2658985171875 0.59621105625 0.22744604218750003
1 0.6163093046875 0.27676945625 0.5694414437499999 0.2775875375 0.5699730140625 0.3080412328125 0.6168408750000001 0.3072231515625 0.6163093046875 0.27676945625
1 0.6524859296875001 0.3514828015625 0.620037746875 0.3520491859375 0.62045733125 0.37608719062499996 0.6529055140625 0.3755208046875 0.6524859296875001 0.3514828015625
1 0.691044821875 0.4261441421875 0.638162253125 0.4270672109375 0.6388614390625 0.467123609375 0.691744009375 0.46620054062499994 0.691044821875 0.4261441421875
1 0.6568497546875001 0.46361121875 0.6195898046874999 0.46426159375 0.6201490093750001 0.4962983796875 0.657408959375 0.4956480046875 0.6568497546875001 0.46361121875
1 0.7828849609375 0.66014986875 0.7228003625 0.6611986484375 0.7235835390625 0.7060668140625 0.7836681375000001 0.705018034375 0.7828849609375 0.66014986875
1 0.9770344921874999 0.76416275 0.92655780625 0.765043825 0.9275645921875 0.8227225390624999 0.978041278125 0.8218414640624999 0.9770344921874999 0.76416275
1 1 0.810237715625 0.9574267203125 0.810980834375 0.9588810875 0.894301475 1 0.8935837421875 1 0.810237715625
1 0.17212095 0.44801644375 0.12284720468749999 0.4488765203125 0.1233507796875 0.47772629218749996 0.1726245234375 0.47686621718750005 0.17212095 0.44801644375
1 0.2619964203125 0.363101634375 0.20431770624999998 0.3641084203125 0.20496089999999997 0.400956975 0.26263961406249997 0.3999501890625 0.2619964203125 0.363101634375
1 0.7341716859375 0.41736930625 0.7161431828125 0.41768399375 0.7166467562500001 0.4465337671875 0.7346752609375 0.44621907812500006 0.7341716859375 0.41736930625