0 0.29682460312500003 0.576523075 0.6161565890625 0.6271002921875 0.6517552078125 0.4023394640625 0.3324232203125 0.351762246875 0.29682460312500003 0.576523075
0 0.5931508921875001 0.3882060578125 0.7498538203125 0.4130253640625 0.7766790718750001 0.2436573890625 0.61997614375 0.21883808437500002 0.5931508921875001 0.3882060578125
0 0.46448434531249994 0.801046340625 0.6449226593749999 0.8296249609374999 0.66873980625 0.6792494125 0.48830149218749996 0.650670790625 0.46448434531249994 0.801046340625
0 0.45425661875 0.250997271875 0.605017984375 0.27487552656249997 0.61730135 0.197321415625 0.46653998437500005 0.1734431609375 0.45425661875 0.250997271875
1 0.5515133421875 0.190139396875 0.587131853125 0.1957808140625 0.595403325 0.14355679375 0.5597848140624999 0.137915375 0.5515133421875 0.190139396875
1 0 0.790747771875 0.042773335937500004 0.797522403125 0.07135195625 0.6170840890625 0 0.60578305 0 0.790747771875
1 0.049056525000000004 0.873165771875 0.1333495515625 0.886516475 0.1574176453125 0.734556509375 0.07312461875000001 0.72120580625 0.049056525000000004 0.873165771875
1 0.2525350734375 0.963779096875 0.29764465156250003 0.9709237515625 0.306167071875 0.9171153140625 0.26105749375 0.909970659375 0.2525350734375 0.963779096875
1 0.45746770000000003 0.9913752953125 0.503765590625 0.9987081609375 0.51028369375 0.9575544796875001 0.46398580312500004 0.9502216140625 0.45746770000000003 0.9913752953125
1 0.813865725 1 0.815750265625 0.9881014796875001 0.6459913328125 0.9612143062499999 0.6398482828125001 1 0.813865725 1
1 0.654449928125 1 0.6557234937499999 0.9919590203125 0.5833135921875 0.98049041875 0.580223578125 1 0.654449928125 1
1 0.269608871875 0.648474353125 0.3467720234375 0.6606957953125 0.358804440625 0.5847260999999999 0.2816412890625 0.5725046578125 0.269608871875 0.648474353125
1 0.1234694484375 0.495532221875 0.19350272500000001 0.506624403125 0.20302893281249998 0.4464782984375 0.13299565625 0.4353861171875 0.1234694484375 0.495532221875
1 0.2611269859375 0.3794077546875 0.3465928921875 0.3929442234375 0.3533619421875 0.35020612500000003 0.267896034375 0.33666965625 0.2611269859375 0.3794077546875
1 0.34694214218749997 0.3216207484375 0.40629603750000004 0.33102148124999997 0.41256319374999995 0.2914522171875 0.35320929687499997 0.282051484375 0.34694214218749997 0.3216207484375
1 0.4060312875 0.33259316562499996 0.474891684375 0.34349958125 0.4799041046875 0.3118524 0.411043709375 0.30094598437500003 0.4060312875 0.33259316562499996