1 0.5185240921875 0.497754115625 0.45424950468749997 0.48872091093750003 0.44376803125000003 0.5633004749999999 0.5080426171875 0.5723336796875 0.5185240921875 0.497754115625
1 0.6675723984374999 0.136776284375 0.6009149796875 0.1274081953125 0.5866410390625 0.2289725640625 0.6532984578125001 0.238340653125 0.6675723984374999 0.136776284375
1 0.1981937140625 0.3070775078125 0.058937265625 0.287506290625 0.0493459203125 0.355752265625 0.1886023671875 0.3753234828125 0.1981937140625 0.3070775078125
1 0.1442979625 0.854592546875 0.0800233765625 0.84555934375 0.074224496875 0.8868205140625 0.1384990828125 0.8958537171875 0.1442979625 0.854592546875
1 0.26435421406250004 0.7517166343749999 0.234599753125 0.7475349171875 0.23014041562499998 0.7792647578125 0.2598948765625 0.7834464734375 0.26435421406250004 0.7517166343749999
1 0.3611951046875 0.50315025 0.33857366875 0.499971015625 0.3294288359375 0.565039878125 0.3520502734375 0.5682191140625 0.3611951046875 0.50315025
0 0.3279254734375 0.247627028125 0.18747761093749998 0.22788836875000001 0.167404790625 0.3707139078125 0.307852653125 0.3904525671875 0.3279254734375 0.247627028125
1 0.4816177 0.36308843125 0.4054444234375 0.352382975 0.39719261875 0.41109761875000006 0.47336589531250006 0.42180307499999997 0.4816177 0.36308843125
1 0.35547120312499997 0.65609205625 0.2900052 0.646891409375 0.28175339374999997 0.7056060546875 0.34721939687500003 0.7148067015625 0.35547120312499997 0.65609205625
1 0.992947925 0.2051628390625 0.9036845421875 0.1926176890625 0.8938699390625 0.26245221875 0.983133321875 0.2749973703125 0.992947925 0.2051628390625
1 1 0.126850921875 0.9158131328125 0.1150192296875 0.9042153734375 0.1975415703125 1 0.2110032203125 1 0.126850921875
1 0.7610735140625 0.145046696875 0.7003731765625 0.1365158203125 0.6874358765624999 0.2285694890625 0.7481362140625001 0.237100365625 0.7610735140625 0.145046696875
1 0.7711147609375 0.07365564531249999 0.6711286328125 0.05960351093750001 0.6573012046875 0.15799076875 0.7572873343750001 0.17204290312499998 0.7711147609375 0.07365564531249999
1 0.8290850781250001 0.403843165625 0.736247446875 0.3907956875 0.730002053125 0.43523396718749996 0.8228396859375 0.4482814453125 0.8290850781250001 0.403843165625
1 0.6676740640625 0.507386775 0.5938836203125 0.497016203125 0.5847387875 0.5620850671875 0.6585292328125 0.5724556375 0.6676740640625 0.507386775
1 0.7403408453125 0.44800547343749997 0.67012465 0.43813723125 0.6629862296875 0.48892973125 0.733202425 0.4987979734375 0.7403408453125 0.44800547343749997
0 0.236306528125 0.7526240640624999 0.08157714375 0.7308782671875 0.07176254062500001 0.8007127984375 0.226491925 0.8224585953125001 0.236306528125 0.7526240640624999
0 0 0.670846953125 0.2537148953125 0.70650425625 0.2851622171875 0.482744934375 0.0030828109375 0.443101259375 0 0.4650365984375 0 0.670846953125
1 0.8810029343749999 0.3625943875 0.8143455156250001 0.3532262984375 0.8054239390625 0.4167066078125 0.872081359375 0.4260746984375 0.8810029343749999 0.3625943875
1 0.923621903125 0.31840828593750004 0.8807773375 0.312386875 0.8731953015625 0.3663358546875 0.9160398687500001 0.372357265625 0.923621903125 0.31840828593750004
1 0.9575542359375 0.284330359375 0.9230341109375001 0.279478871875 0.915895690625 0.3302713734375 0.950415815625 0.335122859375 0.9575542359375 0.284330359375
1 0.900715009375 0.23103663437500002 0.8328661734375 0.221501103125 0.82059864375 0.30878910625 0.8884474796875 0.3183246375 0.900715009375 0.23103663437500002