0 0.7050855046875 0.4359039125 0.6919917156250001 0.5855666 0.8292797984375 0.59757775 0.8423735859375 0.4479150625 0.7050855046875 0.4359039125
0 0.8101890953125 0.3377140890625 0.7997140640625 0.45744423906250004 0.8875244765625 0.46512665468750003 0.8979995078125 0.3453965046875 0.8101890953125 0.3377140890625
0 0.439978553125 0.2667170109375 0.425836171875 0.4283651671875 0.561526190625 0.44023650468750003 0.575668571875 0.27858835000000004 0.439978553125 0.2667170109375
0 0.5058076203125 0.08426793125000001 0.48852354687500005 0.2818257921875 0.652957934375 0.29621193749999997 0.6702420078125 0.0986540765625 0.5058076203125 0.08426793125000001
1 0.32440835625000003 0.576330390625 0.3130944515625 0.7056489140625 0.37216049375 0.7108165234375 0.38347439843750003 0.5814979984375 0.32440835625000003 0.576330390625
1 0.3694271703125 0.5766458640625001 0.3610466015625 0.6724362109375 0.4408667015625 0.6794195640625 0.449247271875 0.5836292171874999 0.3694271703125 0.5766458640625001
1 0.45465771093749996 0.8712577828124999 0.4453347703125 0.9778194843750001 0.5459089265625 0.9866185828124999 0.5552318671875 0.88005688125 0.45465771093749996 0.8712577828124999
1 0.86268696875 0.748901146875 0.8586015437500001 0.7955977734374999 0.9096980312499999 0.8000681359374999 0.91378345625 0.753371509375 0.86268696875 0.748901146875
1 0.8029767624999999 0.27314447343750003 0.798786478125 0.321039646875 0.862646709375 0.32662669375000003 0.86683699375 0.2787315203125 0.8029767624999999 0.27314447343750003
1 0.6631029093749999 0.1619681046875 0.6561890078125 0.2409943625 0.7008932453125001 0.2449054765625 0.707807146875 0.16587921875 0.6631029093749999 0.1619681046875
1 0.652435 0.3021891046875 0.6479301375000001 0.35367991875000004 0.6814479390625 0.356612346875 0.6859528015625 0.3051215328125 0.652435 0.3021891046875
1 0.1983842234375 0.012717571875 0.190213371875 0.1061108234375 0.31154158593750003 0.11672566718749999 0.3197124359375 0.0233324140625 0.1983842234375 0.012717571875
1 0.0548644765625 0.274039346875 0.0502547546875 0.32672870625 0.1588192234375 0.3362268671875 0.16342894531250002 0.2835375078125 0.0548644765625 0.274039346875
1 0 0.61310251875 0.114406965625 0.6231118296875 0.12058685312499999 0.5524754 0.0024547640625 0.54214018125 0 0.5701982609375 0 0.61310251875
1 0.04069935625 0.0314990234375 0.0370333671875 0.0734014625 0.0945013484375 0.078429259375 0.0981673375 0.0365268203125 0.04069935625 0.0314990234375
1 0.14157855156250002 0 0.1353537703125 0.07114958125000001 0.189625628125 0.0758977546875 0.196265821875 0 0.14157855156250002 0
1 0.6413263375 0.8152043499999999 0.6372409125 0.8619009765625 0.6835432109374999 0.8659519015624999 0.6876286359375 0.8192552765625001 0.6413263375 0.8152043499999999
1 0.7875289796875 0.7254411109375 0.7821866046875 0.7865047328125 0.82049859375 0.789856596875 0.82584096875 0.728792975 0.7875289796875 0.7254411109375
1 0.7510519890625 0.7379266296875 0.7465471265625 0.78941744375 0.778466865625 0.792210059375 0.7829717281249999 0.7407192453125 0.7510519890625 0.7379266296875