0 0.8397085453124999 0.21598300781250002 0.684979159375 0.1942372109375 0.6649063390625 0.33706274999999997 0.819635725 0.358808546875 0.8397085453124999 0.21598300781250002
0 0.9590975687500001 0.1955456875 0.8079424328125 0.1743022171875 0.7961214171875 0.25841311093749997 0.9472765546874999 0.27965658125 0.9590975687500001 0.1955456875
0 0.7909473 0.6752075625 0.9766225625 0.70130251875 0.9966953828125 0.55847698125 0.8110201203124999 0.5323820234375 0.7909473 0.6752075625
0 0.675793109375 0.6913907734375 0.5293881640625 0.6708149015625 0.51779040625 0.7533372390624999 0.66419535 0.7739131125 0.675793109375 0.6913907734375
1 0.6627784921875 0.6199677375 0.5627923625 0.6059156046874999 0.5498550625 0.697969275 0.6498411921875 0.7120214078125 0.6627784921875 0.6199677375
1 0.336928359375 0.42528603593750003 0.2345748703125 0.410901190625 0.22163757187500002 0.5029548609375001 0.323991059375 0.51733970625 0.336928359375 0.42528603593750003
1 0.11034843750000001 0.42259055781250005 0.0079949484375 0.40820571250000004 0.00041291406250000003 0.462154690625 0.102766403125 0.4765395359375 0.11034843750000001 0.42259055781250005
1 0.12038250625 0.2993817203125 0.0251620421875 0.28599935625 0.0207027046875 0.3177291953125 0.11592316875 0.3311115578125 0.12038250625 0.2993817203125
1 0.11933667343750001 0.2118425765625 0.065769359375 0.20431418125 0.06041699375 0.24239824062499998 0.11398430781249999 0.249926634375 0.11933667343750001 0.2118425765625
1 0.194610434375 0.2030139890625 0.15057445 0.1968251359375 0.14589185625 0.2301435296875 0.1899278390625 0.2363323828125 0.194610434375 0.2030139890625
1 0.5157374140625001 0.06850132656249999 0.47170143124999997 0.062312471875 0.46567929531249996 0.10516219687499999 0.5097152781250001 0.11135105000000001 0.5157374140625001 0.06850132656249999
1 0.45692713749999997 0.469668565625 0.42598126093750005 0.46531940625 0.418842840625 0.51611190625 0.4497887171875 0.5204610656249999 0.45692713749999997 0.469668565625
1 1 0.23528115781249997 0.9627379656249999 0.2300443203125 0.9555995453125 0.2808368203125 1 0.28707689687500004 1 0.23528115781249997