1 0.2247578125 0.1538333328125 0.1790859375 0.1538333328125 0.1790859375 0.20191666718749998 0.2247578125 0.20191666718749998 0.2247578125 0.1538333328125
1 0.644234375 0.8798125000000001 0.532453125 0.8798125000000001 0.532453125 0.9519375 0.644234375 0.9519375 0.644234375 0.8798125000000001
1 0.6141875 0.9631354171875 0.509625 0.9631354171875 0.509625 0.9999895828125 0.6141875 0.9999895828125 0.6141875 0.9631354171875
1 0.5228359375 0.5192291671875 0.44832031250000004 0.5192291671875 0.44832031250000004 0.6169791671875 0.5228359375 0.6169791671875 0.5228359375 0.5192291671875
1 0.9627421875 1 0.9627421875 0.9102499999999999 0.8629765624999999 0.9102499999999999 0.8629765624999999 1 0.9627421875 1
1 0.884625 0.8605729171875 0.8173125000000001 0.8605729171875 0.8173125000000001 0.9663437500000001 0.884625 0.9663437500000001 0.884625 0.8605729171875
1 0.8052890625 0.6746875 0.7307734375 0.6746875 0.7307734375 0.7339791671875 0.8052890625 0.7339791671875 0.8052890625 0.6746875
1 0.8665859375 0.7019270828125 0.8004765624999999 0.7019270828125 0.8004765624999999 0.7868645828124999 0.8665859375 0.7868645828124999 0.8665859375 0.7019270828125
1 0.4134609375 0.3589791671875 0.32332031250000004 0.3589791671875 0.32332031250000004 0.40064583281250005 0.4134609375 0.40064583281250005 0.4134609375 0.3589791671875
1 0.3569765625 0.2852604171875 0.2800546875 0.2852604171875 0.2800546875 0.3141145828125 0.3569765625 0.3141145828125 0.3569765625 0.2852604171875
1 0.0769140625 0.7628229171875 0.0023984375 0.7628229171875 0.0023984375 0.8093020828125 0.0769140625 0.8093020828125 0.0769140625 0.7628229171875
1 0.371390625 0.5240416671875 0.295671875 0.5240416671875 0.295671875 0.5769166671875 0.371390625 0.5769166671875 0.371390625 0.5240416671875
0 0.296875 0.2243541671875 0.1514375 0.2243541671875 0.1514375 0.2836458328125 0.296875 0.2836458328125 0.296875 0.2243541671875
0 0 0.42146875 0.14303125 0.42146875 0.14303125 0.2531979171875 0 0.2531979171875 0 0.42146875
0 0.3113046875 0.3445625 0.0000078125 0.3445625 0.0000078125 0.5673125 0.3113046875 0.5673125 0.3113046875 0.3445625
0 0.22475 0.6089791671875 0.0576875 0.6089791671875 0.0576875 0.7548125 0.22475 0.7548125 0.22475 0.6089791671875
1 0.41946874999999995 0.6298020828124999 0.3798125 0.6298020828124999 0.3798125 0.6698645828124999 0.41946874999999995 0.6698645828124999 0.41946874999999995 0.6298020828124999
1 0.4447109375 0.6746666671875 0.3677890625 0.6746666671875 0.3677890625 0.7467916671875 0.4447109375 0.7467916671875 0.4447109375 0.6746666671875
1 0.9338984375000001 0.7820520828124999 0.8617890625 0.7820520828124999 0.8617890625 0.8781979171875 0.9338984375000001 0.8781979171875 0.9338984375000001 0.7820520828124999