1 0.23335105 0.7883434140625 0.19129495624999998 0.7890775062500001 0.1924977171875 0.857983678125 0.2345538109375 0.8572495859375 0.23335105 0.7883434140625
1 0.4563502796875 0.27156033281249997 0.4046706515625 0.2724624046875 0.40679620937500005 0.394235521875 0.4584758375 0.39333345 0.4563502796875 0.27156033281249997
1 0.6891441390625 0.0415041484375 0.5917995921875 0.043203303124999995 0.5935615578125 0.1441462609375 0.6909061046875 0.1424471046875 0.6891441390625 0.0415041484375
1 0.5826301328125 0 0.5836106015625 0.056171114062500006 0.6461010828125 0.0550803390625 0.6451396515625001 0 0.5826301328125 0
1 0.5888619578125 0.081718771875 0.52757441875 0.08278855 0.52956035625 0.1965628859375 0.5908478953125 0.1954931078125 0.5888619578125 0.081718771875
1 0.56050490625 0.3851557203125 0.4823918046875 0.3865191890625 0.48415377031249995 0.4874621453125 0.562266871875 0.48609867656250005 0.56050490625 0.3851557203125
1 0.9407842203125 0.13328265156250002 0.9936589796874999 0.13235971875000002 0.9920646296875001 0.041019465625 0.9391898703124999 0.0419423984375 0.9407842203125 0.13328265156250002
1 0.9348478390625001 0 0.9355810453125001 0.042005390625 0.9920568171875 0.0410196015625 0.9913408171875 0 0.9348478390625001 0
1 0.9507635343749999 0.0850073859375 0.8834612859375 0.0861821515625 0.8853912312500001 0.1967486421875 0.9526934796875001 0.1955738765625 0.9507635343749999 0.0850073859375
1 0.915852753125 0.289179009375 0.9963717375 0.2877735453125 0.9944697890624999 0.1788109765625 0.9139508046874999 0.180216440625 0.915852753125 0.289179009375
1 0.8573626859375001 0.312640875 0.7528161109375 0.3144657421875 0.7539908765625001 0.381767990625 0.85853745 0.37994312343750003 0.8573626859375001 0.312640875
1 0.9321191109375 0.25684853125 0.8467883593750001 0.258337984375 0.8482147296875 0.3400547046875 0.93354548125 0.33856525 0.9321191109375 0.25684853125
0 0.22884959375 0.254705284375 0.059406654687500005 0.257662921875 0.061560209374999994 0.38103996093750003 0.2310031484375 0.37808232343750003 0.22884959375 0.254705284375
0 0.3222631734375 0.716280709375 0.1636310875 0.7190496421875 0.1646658703125 0.7783322781249999 0.32329795625 0.7755633453125 0.3222631734375 0.716280709375
0 0.17201641406249998 0.5794549546875001 0.0013705328124999998 0.5824335890625 0.003999665625 0.733056478125 0.174645546875 0.7300778421875 0.17201641406249998 0.5794549546875001
0 0.324326734375 0.421324771875 0.0707559859375 0.425750865625 0.0745598828125 0.6436760031250001 0.32813063124999997 0.6392499093749999 0.324326734375 0.421324771875
1 0.40701927812500005 0.6138275734375 0.3625573015625 0.6146036609375 0.3631724984375 0.6498482921875001 0.40763447656249996 0.6490722046874999 0.40701927812500005 0.6138275734375