1 0.6701808234375 0.4267448515625 0.81286365625 0.43672220624999997 0.8239302296875 0.2784628265625 0.681247396875 0.268485471875 0.6701808234375 0.4267448515625
1 0.45271746406249996 0.487055621875 0.6049862640625 0.49770329375 0.6109112046875 0.412972696875 0.4586424046875 0.4023250265625 0.45271746406249996 0.487055621875
1 0.0186477125 0.5948619734375 0.091781628125 0.5999759953125 0.09781846875 0.513645140625 0.0246845546875 0.50853111875 0.0186477125 0.5948619734375
0 0.254036828125 0.8988870625000001 0.3751317515625 0.90735484375 0.3800510375 0.8370057953125001 0.25895611406249996 0.8285380140624999 0.254036828125 0.8988870625000001
0 0.35809109375000003 0.85795205625 0.5211616421875 0.869355059375 0.531110659375 0.7270774859375 0.3680401109375 0.7156744828125 0.35809109375000003 0.85795205625
0 0.23138090625 0.7575352546875 0.487973084375 0.775477928125 0.5000467671875 0.6028162171875 0.2434545890625 0.58487354375 0.23138090625 0.7575352546875
0 0.2781015578125 0.5374979078125001 0.4303703578125 0.5481455796875 0.43752475625000004 0.44583291562499994 0.28525595625 0.43518524375 0.2781015578125 0.5374979078125001
1 0.09620918125 0.5022760203125001 0.1837298390625 0.5083960609375 0.1917779921875 0.393302109375 0.104257334375 0.38718206875 0.09620918125 0.5022760203125001
1 0.7917401265625 0.5493041984375 0.88526175625 0.5558438671875 0.8920804515625 0.45833198125 0.798558821875 0.4517923125 0.7917401265625 0.5493041984375
1 0.8671298953125 0.45339198437499995 0.9474649749999999 0.4590095609375 0.9537256187500001 0.3694781875 0.8733905390625001 0.3638606109375 0.8671298953125 0.45339198437499995
1 1 0.26668489218749997 0.9551028484374999 0.263545378125 0.948618403125 0.35627726875 1 0.35987022031250004 1 0.26668489218749997