0 0.7346774390624999 0.691104834375 0.742163115625 0.833940065625 0.8189743703125 0.8299145578125 0.8114886921875 0.6870793265625 0.7346774390624999 0.691104834375
0 0.6390195125 0.8561889875 0.64619035625 0.9930168374999999 0.8126286125 0.984294178125 0.80545776875 0.8474663281250001 0.6390195125 0.8561889875
0 0.439960996875 0.6403501687500001 0.45575010000000005 0.9416242171875 0.6686038234375 0.9304690250000001 0.6528147203125 0.6291949781249999 0.439960996875 0.6403501687500001
0 0.27192936875 0.771926146875 0.2807357109375 0.9399611703125 0.4071663703125 0.9333352203124999 0.39836002812500004 0.765300196875 0.27192936875 0.771926146875
1 0.238355021875 0.529358675 0.241751953125 0.5941759734375001 0.3409699578125 0.588976178125 0.337573028125 0.5241588796875 0.238355021875 0.529358675
1 0.1848140453125 0.9161048781250001 0.1889657578125 0.9953242859375001 0.2145764453125 0.9939820875000001 0.21042473125 0.9147626796875 0.1848140453125 0.9161048781250001
1 0 0.37696029375 0.039290196875 0.37490118125 0.0345726015625 0.2848840921875 0 0.286695965625 0 0.37696029375
1 0 0.42133801249999997 0.0020208375 0.45989788281250005 0.10123884218750001 0.4546980875 0.09784191249999999 0.3898807890625 0 0.395008465625 0 0.42133801249999997
1 0.1864467046875 0.12046810156250001 0.1909754 0.20688076249999998 0.24537990468749998 0.20402954375000001 0.240851209375 0.11761688125 0.1864467046875 0.12046810156250001
1 0.10138827343750001 0.028629792187500003 0.10579185312499999 0.1126551046875 0.203407890625 0.107539265625 0.199004309375 0.0235139515625 0.10138827343750001 0.028629792187500003
1 0.3313264234375 0.43541887343749996 0.3340945046875 0.48823701406250003 0.41410969687500004 0.48404359531249996 0.41134161562499993 0.43122545624999997 0.3313264234375 0.43541887343749996
1 0.5193391484375 0.5013960296875 0.5212265140625 0.5374091078125 0.5612341109375001 0.5353123984375 0.5593467453125001 0.499299321875 0.5193391484375 0.5013960296875
1 0.6156091781249999 0.56255083125 0.6194460578125 0.635762859375 0.6530457828125 0.6340019734375 0.649208903125 0.5607899453125 0.6156091781249999 0.56255083125
1 0.6702170796875 0.6246842765625 0.6732362109375 0.6822927187500001 0.724457584375 0.6796083203125 0.7214384546875 0.621999878125 0.6702170796875 0.6246842765625
1 0.10129587031250001 0.05751796875 0.09934594687500001 0.020311215625 0.046543409375 0.0230784796875 0.0484933328125 0.06028523125 0.10129587031250001 0.05751796875