1 0.4705287375 0.384964965625 0.47960990781249996 0.31100476875 0.3857729390625 0.2994830375 0.37669176875 0.373443234375 0.4705287375 0.384964965625
1 0.1358737734375 0.46739678125 0.1505209453125 0.34810514062500003 0.048722931250000004 0.33560591562500003 0.034075759375 0.45489755625 0.1358737734375 0.46739678125
1 0.0723202625 0.3142837125 0.019839384374999998 0.3078398703125 0.011051462500000001 0.379411753125 0.06353234062499999 0.3858555953125 0.0723202625 0.3142837125
1 0 0.7534545390625 0.0340457265625 0.7576348296875001 0.0438600171875 0.677703846875 0 0.6723185140625 0 0.7534545390625
1 0.29903625625 0.637588934375 0.30929041874999996 0.5540754812500001 0.2488484953125 0.546654146875 0.23859433124999999 0.6301675999999999 0.29903625625 0.637588934375
1 0.2573213015625 0.68817125625 0.264351640625 0.63091375 0.178455040625 0.6203669734374999 0.171424703125 0.6776244796875 0.2573213015625 0.68817125625
1 0.385331140625 0.28974725156250003 0.39499880625 0.2110104265625 0.3011618390625 0.1994886953125 0.29149417187500004 0.27822552031250003 0.385331140625 0.28974725156250003
1 0.523178128125 0.1928477375 0.5305017140625 0.13320191718750002 0.48755341406249997 0.127928528125 0.480229828125 0.1875743484375 0.523178128125 0.1928477375
1 0.7721662953124999 0.242790590625 0.779929753125 0.1795622984375 0.7353892453124999 0.17409341250000002 0.7276257875 0.23732170312499998 0.7721662953124999 0.242790590625
1 0.6969086984375 0.2771406609375 0.70467215625 0.21391237031250002 0.6553550203125 0.20785698749999998 0.6475915624999999 0.271085278125 0.6969086984375 0.2771406609375
1 0.7492388765625 0.1927563046875 0.7555379984374999 0.1414540765625 0.717366328125 0.136767184375 0.71106720625 0.1880694140625 0.7492388765625 0.1927563046875
1 0.9143781531249999 0.12341958281250001 0.9218483624999999 0.0625796046875 0.8741234359375 0.0567197203125 0.8666532265625 0.1175596984375 0.9143781531249999 0.12341958281250001
1 0.504687209375 0.46182574374999996 0.5086422500000001 0.42961452031249997 0.44979253437500005 0.422388684375 0.44583749375000004 0.4545999078125 0.504687209375 0.46182574374999996
1 0.46528629375 0.5066392640624999 0.47085229531249995 0.4613078203125 0.405633740625 0.45329998906249996 0.40006773906250004 0.4986314328125 0.46528629375 0.5066392640624999
1 0.166805284375 0.754564703125 0.17676619843750002 0.6734395640625 0.08292923125 0.6619178328124999 0.072968315625 0.743042971875 0.166805284375 0.754564703125
0 0.7038017765625 0.2077525703125 0.72635903125 0.02403848125 0.5466254640625 0.0019699749999999997 0.5240682109375 0.1856840640625 0.7038017765625 0.2077525703125
0 0.8432712609375 0.1764459578125 0.859969265625 0.040451626562499995 0.810652128125 0.03439624375 0.7939541234374999 0.17039057500000002 0.8432712609375 0.1764459578125
0 0.3595649734375 0 0.3537559296875 0.0473108671875 0.44442915625 0.0584441390625 0.45160519375 0 0.3595649734375 0