1 0.5144166671875 0.34976562499999997 0.5144166671875 0.240390625 0.4663333328125 0.240390625 0.4663333328125 0.34976562499999997 0.5144166671875 0.34976562499999997
1 0.6410208328125 0.139421875 0.6410208328125 0.103359375 0.5817291671875 0.103359375 0.5817291671875 0.139421875 0.6410208328125 0.139421875
1 0.6121875 0.1093828125 0.6121875 0.0721171875 0.5737291671875 0.0721171875 0.5737291671875 0.1093828125 0.6121875 0.1093828125
1 0.6506354171875001 0.081734375 0.6506354171875001 0.042078125 0.6041562500000001 0.042078125 0.6041562500000001 0.081734375 0.6506354171875001 0.081734375
1 0.23556249999999998 0.197125 0.23556249999999998 0.15865625 0.2035208328125 0.15865625 0.2035208328125 0.197125 0.23556249999999998 0.197125
1 0.0705104171875 0.23077343749999998 0.0705104171875 0.15625781249999998 0.03365625 0.15625781249999998 0.03365625 0.23077343749999998 0.0705104171875 0.23077343749999998
1 0.3509583328125 0.4423125 0.3509583328125 0.3798125 0.2996666671875 0.3798125 0.2996666671875 0.4423125 0.3509583328125 0.4423125
1 0.4246875 0.753609375 0.4246875 0.691109375 0.3830208328125 0.691109375 0.3830208328125 0.753609375 0.4246875 0.753609375
1 0.20993750000000003 0.5853359375 0.20993750000000003 0.49038281250000004 0.1474375 0.49038281250000004 0.1474375 0.5853359375 0.20993750000000003 0.5853359375
1 0.1746875 0.5072109375 0.1746875 0.4351015625 0.11539583281250002 0.4351015625 0.11539583281250002 0.5072109375 0.1746875 0.5072109375
1 0.1618541671875 0.4543203125 0.1618541671875 0.3665859375 0.0897291671875 0.3665859375 0.0897291671875 0.4543203125 0.1618541671875 0.4543203125
1 0 0.48317187500000003 0.0304583328125 0.48317187500000003 0.0304583328125 0.415859375 0 0.415859375 0 0.48317187500000003
1 0.6666666671875 0.842546875 0.6666666671875 0.793265625 0.634625 0.793265625 0.634625 0.842546875 0.6666666671875 0.842546875
1 0.83334375 0.7211484375 0.83334375 0.6754765625 0.8044895828125 0.6754765625 0.8044895828125 0.7211484375 0.83334375 0.7211484375
1 0.69871875 0.722359375 0.69871875 0.652640625 0.65865625 0.652640625 0.65865625 0.722359375 0.69871875 0.722359375
1 0.7099270828125 0.6093828125 0.7099270828125 0.5613046875000001 0.6730729171875 0.5613046875000001 0.6730729171875 0.6093828125 0.7099270828125 0.6093828125
1 0.3766041671875 1 0.3766041671875 0.91346875 0.3044791671875 0.91346875 0.3044791671875 1 0.3766041671875 1
1 0.15225 1 0.15225 0.94471875 0.0689166671875 0.94471875 0.0689166671875 1 0.15225 1
0 0.8413437500000001 0.5769296875000001 0.8413437500000001 0.4375078125 0.7419895828125 0.4375078125 0.7419895828125 0.5769296875000001 0.8413437500000001 0.5769296875000001
0 0.8749895828125 0.671875 0.8749895828125 0.56009375 0.8205104171875 0.56009375 0.8205104171875 0.671875 0.8749895828125 0.671875
0 0 0.7716406250000001 0.1875 0.7716406250000001 0.1875 0.5060156250000001 0 0.5060156250000001 0 0.7716406250000001
0 0.6298020828124999 0.6502421875 0.6298020828124999 0.5288515625 0.5544895828125 0.5288515625 0.5544895828125 0.6502421875 0.6298020828124999 0.6502421875
0 0.6682812499999999 0.8148984374999999 0.6682812499999999 0.6334140625 0.5593020828124999 0.6334140625 0.5593020828124999 0.8148984374999999 0.6682812499999999 0.8148984374999999