1 0.633421875 0.3589791671875 0.563703125 0.3589791671875 0.563703125 0.4070625 0.633421875 0.4070625 0.633421875 0.3589791671875
1 0.7692265625 0.3717916671875 0.6850859375 0.3717916671875 0.6850859375 0.4246666671875 0.7692265625 0.4246666671875 0.7692265625 0.3717916671875
1 0.7187578125 0.1810833328125 0.6526484375 0.1810833328125 0.6526484375 0.2612083328125 0.7187578125 0.2612083328125 0.7187578125 0.1810833328125
1 0.9999921875 0.5368645828124999 0.9411015624999999 0.5368645828124999 0.9411015624999999 0.6073854171875 0.9999921875 0.6073854171875 0.9999921875 0.5368645828124999
1 1 0.6554479171875001 0.9711562499999999 0.6554479171875001 0.9711562499999999 0.71634375 1 0.71634375 1 0.6554479171875001
1 0.8173125000000001 0.7628333328125 0.72596875 0.7628333328125 0.72596875 0.9407083328124999 0.8173125000000001 0.9407083328124999 0.8173125000000001 0.7628333328125
1 1 0.8365416671875 0.9579375000000001 0.8365416671875 0.9579375000000001 0.9086666671874999 1 0.9086666671874999 1 0.8365416671875
0 0.2740390625 0.6955 0.1141796875 0.6955 0.1141796875 0.767625 0.2740390625 0.767625 0.2740390625 0.6955
1 0.2319765625 0.6490416671875 0.1394296875 0.6490416671875 0.1394296875 0.705125 0.2319765625 0.705125 0.2319765625 0.6490416671875
1 0.26803125 0.1666666671875 0.22356250000000003 0.1666666671875 0.22356250000000003 0.21954166718749998 0.26803125 0.21954166718749998 0.26803125 0.1666666671875
1 0.21995312500000003 0.08334375000000001 0.181484375 0.08334375000000001 0.181484375 0.12340625000000001 0.21995312500000003 0.12340625000000001 0.21995312500000003 0.08334375000000001
1 0.2163515625 0.1923020828125 0.1550546875 0.1923020828125 0.1550546875 0.22594791718749999 0.2163515625 0.22594791718749999 0.2163515625 0.1923020828125
1 0.195921875 0.2355729171875 0.144234375 0.2355729171875 0.144234375 0.26121875 0.195921875 0.26121875 0.195921875 0.2355729171875
1 0.0841328125 0.3221145828125 0.0384609375 0.3221145828125 0.0384609375 0.3830104171875 0.0841328125 0.3830104171875 0.0841328125 0.3221145828125
0 0.6201875 0.5000104171875 0.4951875 0.5000104171875 0.4951875 0.6410312499999999 0.6201875 0.6410312499999999 0.6201875 0.5000104171875
0 0.543265625 0.18590625 0.36657812500000003 0.18590625 0.36657812500000003 0.33334375 0.543265625 0.33334375 0.543265625 0.18590625
0 0.64903125 0.1522395828125 0.515625 0.1522395828125 0.515625 0.2099270828125 0.64903125 0.2099270828125 0.64903125 0.1522395828125
0 0.8305234374999999 0.42787499999999995 0.6622578125 0.42787499999999995 0.6622578125 0.6185833328125 0.8305234374999999 0.6185833328125 0.8305234374999999 0.42787499999999995
1 0.8641796875000001 0.42146875 0.8185078125 0.42146875 0.8185078125 0.4647395828125 0.8641796875000001 0.4647395828125 0.8641796875000001 0.42146875