1 0.6471044312500001 0.4320697 0.6593146953125 0.3451891484375 0.5402968515625 0.3284622828125 0.5280865875 0.4153428328125 0.6471044312500001 0.4320697
1 0.9182734390625 0.6097650125 0.9331606109375 0.503837275 0.8538153828124999 0.49268602968749997 0.8389282093749999 0.5986137671875 0.9182734390625 0.6097650125
1 0.9883725859375 0.5601395390625 0.99874315625 0.48634909375 0.9241635921875 0.47586762031249996 0.913793021875 0.5496580640625 0.9883725859375 0.5601395390625
1 0.7623838734375 0.3487558171875 0.769409940625 0.2987627515625 0.6646684625 0.284042296875 0.6576423953125 0.3340353625 0.7623838734375 0.3487558171875
1 0.886656284375 0.9038912328125001 0.8980315109375001 0.8229522921875001 0.8091549515625 0.81046150625 0.797779725 0.8914004468750001 0.886656284375 0.9038912328125001
1 0.8763693609375001 0.942507253125 0.941438225 0.9516520859375 0.9601722296874999 0.8183527203125 0.895103365625 0.8092078875000001 0.8763693609375001 0.942507253125
1 0.86001870625 0.8285444796875 0.8673796578124999 0.7761685828125 0.7721695109375 0.7627876687499999 0.7648085578125 0.815163565625 0.86001870625 0.8285444796875
1 0.6656007296875 0.7150383421875001 0.6766410703125 0.6364822343750001 0.621103534375 0.6286769421875 0.6100631937500001 0.7072330515624999 0.6656007296875 0.7150383421875001
1 0.69598895 0.7751494375 0.7045198265625 0.7144491000000001 0.6362738515624999 0.704857753125 0.627742975 0.7655580921875 0.69598895 0.7751494375
1 0.7403208265625 0.8396343046875 0.7485168171875001 0.7813168 0.69615639375 0.773958021875 0.6879604015624999 0.8322755265625 0.7403208265625 0.8396343046875
1 0.6190952625 0.6199137234375 0.6287982359375001 0.550873471875 0.5843599578124999 0.5446280796875 0.5746569828125 0.61366833125 0.6190952625 0.6199137234375
0 0.308093934375 0 0.2904064328125 0.1258531046875 0.3586524078125 0.13544445 0.377687884375 0 0.308093934375 0
0 0.4391926953125 0 0.4149527359375 0.17247627031249999 0.619670028125 0.201247409375 0.645764984375 0.015572146875000002 0.5349634015625 0 0.4391926953125 0
0 0.805779428125 0.1205904453125 0.8171535671875001 0.039659240624999995 0.7250998984375 0.026721942187499997 0.713725759375 0.10765314687500001 0.805779428125 0.1205904453125
1 0.5655473984375 0.5516958468750001 0.572573465625 0.5017027828125 0.5170359296875 0.4938974921875 0.5100098640625 0.5438905562499999 0.5655473984375 0.5516958468750001
1 0.4348061078125 0.2614410625 0.44400675468750006 0.19597505937499998 0.40751125000000005 0.19084595 0.3983106046875 0.256311953125 0.4348061078125 0.2614410625