1 0.0202975609375 0.0935891765625 0.0177389921875 0.16685701718749998 0.15867391875 0.1717785734375 0.16123248750000002 0.0985107328125 0.0202975609375 0.0935891765625
1 0.14223180468750002 0 0.139658290625 0.0736958125 0.2549630078125 0.0777223421875 0.25767713125 0 0.14223180468750002 0
1 0.2921772796875 0.25221333437500004 0.28903141718750003 0.34229904843750003 0.3466837765625 0.3443123125 0.34982963749999996 0.2542265984375 0.2921772796875 0.25221333437500004
1 0.396160003125 0.0754377171875 0.39267823281249997 0.17514256718750001 0.4711512328125 0.1778829046875 0.474633003125 0.0781780546875 0.396160003125 0.0754377171875
1 0.5347651609375 0.19333897656250001 0.5330452703125 0.24259020625 0.584305690625 0.24438025937500002 0.58602558125 0.1951290296875 0.5347651609375 0.19333897656250001
1 0.562845628125 0.26166528125 0.5610837484375 0.312118903125 0.60112184375 0.3135170640625 0.6028837234375 0.2630634421875 0.562845628125 0.26166528125
1 0.63588904375 0.32795796875 0.633581859375 0.39402707187499997 0.6768263343750001 0.3955372015625 0.6791335187499999 0.32946809843749997 0.63588904375 0.32795796875
1 0.7932181453125 0.506627828125 0.7913303015625 0.5606886249999999 0.8441730906249999 0.5625339359375 0.8460609359375001 0.5084731390624999 0.7932181453125 0.506627828125
0 0.7092037906249999 0.43274451249999996 0.704212071875 0.57568863125 0.7810818828125 0.578372984375 0.7860736015625001 0.4354288640625 0.7092037906249999 0.43274451249999996
0 0.6123685234375 0.588108090625 0.607250840625 0.7346593859375 0.762614471875 0.740084803125 0.76773215625 0.5935335078125 0.6123685234375 0.588108090625
0 0.34347854375 0.29850066875 0.3311464796875 0.6516447875 0.5842005640625 0.6604816312499999 0.5965326281250001 0.3073375125 0.34347854375 0.29850066875
0 0.106891653125 0.461022596875 0.0994253421875 0.674829771875 0.286811121875 0.681373428125 0.294277434375 0.46756625312500005 0.106891653125 0.461022596875