1 0.7451953125 0.1185833328125 0.6766796875 0.1185833328125 0.6766796875 0.1634583328125 0.7451953125 0.1634583328125 0.7451953125 0.1185833328125
1 0.19230468750000002 0.8798020828125 0.0216328125 0.8798020828125 0.0216328125 0.9999895828125 0.19230468750000002 0.9999895828125 0.19230468750000002 0.8798020828125
1 0.12139843749999998 0.41987500000000005 0.0084140625 0.41987500000000005 0.0084140625 0.5336666671875 0.12139843749999998 0.5336666671875 0.12139843749999998 0.41987500000000005
1 0.5877421875 0.8862187499999999 0.5192265625 0.8862187499999999 0.5192265625 0.93590625 0.5877421875 0.93590625 0.5877421875 0.8862187499999999
1 0.9999921875 0.6891041671875 0.9254765624999999 0.6891041671875 0.9254765624999999 0.8028958328125 0.9999921875 0.8028958328125 0.9999921875 0.6891041671875
1 0.8425546875000001 0.5032083328125 0.7500078125 0.5032083328125 0.7500078125 0.5865416671875 0.8425546875000001 0.5865416671875 0.8425546875000001 0.5032083328125
1 0.7488046875000001 0.2900625 0.6802890625 0.2900625 0.6802890625 0.3381458328125 0.7488046875000001 0.3381458328125 0.7488046875000001 0.2900625
1 0.899046875 0.2852604171875 0.8028906250000001 0.2852604171875 0.8028906250000001 0.3349479171875 0.899046875 0.3349479171875 0.899046875 0.2852604171875
1 0.9338984375000001 0.33653125 0.8774140625 0.33653125 0.8774140625 0.38621875 0.9338984375000001 0.38621875 0.9338984375000001 0.33653125
0 0.883421875 0.35096875 0.581734375 0.35096875 0.581734375 0.5016145828125 0.883421875 0.5016145828125 0.883421875 0.35096875
0 0.6153828125 0.1666666671875 0.4603359375 0.1666666671875 0.4603359375 0.294875 0.6153828125 0.294875 0.6153828125 0.1666666671875
0 0.6935156250000001 0.1201875 0.576921875 0.1201875 0.576921875 0.2035208328125 0.6935156250000001 0.2035208328125 0.6935156250000001 0.1201875
0 0.5168203124999999 0.4935833328125 0.3749921875 0.4935833328125 0.3749921875 0.6490416671875 0.5168203124999999 0.6490416671875 0.5168203124999999 0.4935833328125