0 0.6322109375 0.4951979171875 0.3918203125 0.4951979171875 0.3918203125 0.69871875 0.6322109375 0.69871875 0.6322109375 0.4951979171875
1 0.9338984375000001 0.83171875 0.8341328125 0.83171875 0.8341328125 0.9647395828124999 0.9338984375000001 0.9647395828124999 0.9338984375000001 0.83171875
1 0.8209140625 0.6730729171875 0.7488046875000001 0.6730729171875 0.7488046875000001 0.71634375 0.8209140625 0.71634375 0.8209140625 0.6730729171875
1 0.6911015625 0.4695625 0.6562421875 0.4695625 0.6562421875 0.5256458328125 0.6911015625 0.5256458328125 0.6911015625 0.4695625
1 0.9999921875 0.7868541671875 0.9591328125 0.7868541671875 0.9591328125 0.8493541671875 0.9999921875 0.8493541671875 0.9999921875 0.7868541671875
1 0.084140625 0.6811041671875 0.048078125 0.6811041671875 0.048078125 0.7339791671875 0.084140625 0.7339791671875 0.084140625 0.6811041671875
1 0.0997578125 0.5256458328125 0.0492734375 0.5256458328125 0.0492734375 0.5528958328125 0.0997578125 0.5528958328125 0.0997578125 0.5256458328125
1 0.20432812500000003 0.4487291671875 0.144234375 0.4487291671875 0.144234375 0.4807708328125 0.20432812500000003 0.4807708328125 0.20432812500000003 0.4487291671875
1 0.29446875 0.3733958328125 0.240375 0.3733958328125 0.240375 0.4054375 0.29446875 0.4054375 0.29446875 0.3733958328125
1 0.6346093749999999 0.2371770828125 0.579328125 0.2371770828125 0.579328125 0.2868645828125 0.6346093749999999 0.2868645828125 0.6346093749999999 0.2371770828125
1 0.6430234375 0.2836458328125 0.5925390625 0.2836458328125 0.5925390625 0.3221041671875 0.6430234375 0.3221041671875 0.6430234375 0.2836458328125
1 0.722359375 0.44389583281249995 0.670671875 0.44389583281249995 0.670671875 0.47435416718749995 0.722359375 0.47435416718749995 0.722359375 0.44389583281249995
1 0.8185156250000001 0.5400520828125 0.789671875 0.5400520828125 0.789671875 0.5656979171875001 0.8185156250000001 0.5656979171875001 0.8185156250000001 0.5400520828125