0 0.8167937125 0.6594914609375 0.84951003125 0.5177815140625001 0.7464500984375 0.49398825312500005 0.7137337796875001 0.6356982 0.8167937125 0.6594914609375
0 0.8415235984375 0.7589472703125 0.8636953374999999 0.6629109203125 0.7918761437499999 0.646330153125 0.76970440625 0.742366503125 0.8415235984375 0.7589472703125
0 0.641952978125 0.6758616703125 0.664933134375 0.576323678125 0.52908970625 0.5449617515625 0.50610955 0.64449974375 0.641952978125 0.6758616703125
0 0.6063058984375 0.858837159375 0.6452400046875 0.690195015625 0.518754590625 0.6609935578125 0.47982048437499997 0.8296357015625 0.6063058984375 0.858837159375
0 0 0.6386723875 0.1398128796875 0.6709507343750001 0.197674509375 0.42032448437500003 0.014980121874999999 0.3781461609375 0 0.44303219687500006 0 0.6386723875
0 0.2358613609375 0.8818609953125 0.22045045624999998 0.9486129562500001 0.286037740625 0.9637549734374999 0.3014486453125 0.8970030124999999 0.2358613609375 0.8818609953125
1 0.29840623437499997 0.8531316999999999 0.273533325 0.960868103125 0.3594199859375 0.9806965999999999 0.3842928953125 0.8729601984375 0.29840623437499997 0.8531316999999999
1 0.5638759453125 0.372892453125 0.593885821875 0.24290539687499998 0.5017672531249999 0.22163814999999998 0.47175737656249994 0.35162520625 0.5638759453125 0.372892453125
1 0.7227377374999999 0.176421159375 0.7432856109375 0.08741854375 0.6636511578125 0.06903348125 0.6431032859375 0.158036096875 0.7227377374999999 0.176421159375
1 0.22566124843750002 0.377450971875 0.241882328125 0.30718975625 0.16381092656250001 0.28916555312500003 0.147589846875 0.35942676875 0.22566124843750002 0.377450971875
1 0.2101670171875 0.42321662499999996 0.219899665625 0.3810598953125 0.15431238125 0.3659178765625 0.1445797328125 0.40807460625 0.2101670171875 0.42321662499999996
1 0.22451536875000003 0.5178141421875 0.24452195312499997 0.4311561046875 0.16645055312499998 0.4131319015625 0.14644396875000001 0.4997899390625 0.22451536875000003 0.5178141421875
1 0.0901721578125 0.3017671625 0.0355262375 0.2891511578125 0.023628434375 0.3406862 0.07827435625 0.3533022046875 0.0901721578125 0.3017671625
1 0.16255293906249998 0.3160080390625 0.18796889375 0.2059194453125 0.0833459078125 0.1817653265625 0.057929953125 0.29185391875 0.16255293906249998 0.3160080390625
1 0.19815111093749999 0.140421871875 0.20788375937499998 0.0982651421875 0.13760731875 0.0820405484375 0.1278746703125 0.124197278125 0.19815111093749999 0.140421871875
1 0.34219679687500004 0.15764945625 0.3522000890625 0.11432043750000001 0.2741286875 0.096296234375 0.2641253953125 0.13962525312500002 0.34219679687500004 0.15764945625
1 0.3698021671875 0.415659596875 0.3833203203125 0.3571060453125 0.3255482953125 0.343768321875 0.31203014218749997 0.4023218734375 0.3698021671875 0.415659596875
1 0.3939460953125 0.7456660296875001 0.4123323296875 0.6660265015625 0.3326978765625 0.6476414390625 0.31431164375 0.7272809671875 0.3939460953125 0.7456660296875001
1 0.42155534687499996 0.939525040625 0.43561478749999993 0.8786269125 0.40126824375 0.8706973874999999 0.387208803125 0.931595515625 0.42155534687499996 0.939525040625
1 0.7684706890624999 0.7975822796875 0.7790152703125 0.7519086828125 0.73060125625 0.7407314265625 0.7200566765625 0.7864050234375 0.7684706890624999 0.7975822796875
1 0.9698149328125 0.409875478125 0.9890130984375001 0.3267190828125 0.9281149703124999 0.3126596421875 0.9089168031250001 0.3958160375 0.9698149328125 0.409875478125