0 0.6562578125 0.42467708281250005 0.4495234375 0.42467708281250005 0.4495234375 0.5993645828124999 0.6562578125 0.5993645828124999 0.6562578125 0.42467708281250005
1 0.9074453124999999 0.7035312499999999 0.8281171875 0.7035312499999999 0.8281171875 0.8028854171875001 0.9074453124999999 0.8028854171875001 0.9074453124999999 0.7035312499999999
1 0 0.53365625 0.078125 0.53365625 0.078125 0.48396875 0 0.48396875 0 0.53365625
1 0.076921875 0.41346875 0.001203125 0.41346875 0.001203125 0.47436458281249994 0.076921875 0.47436458281249994 0.076921875 0.41346875
1 0 0.6746875 0.08534375 0.6746875 0.08534375 0.5737291671875 0 0.5737291671875 0 0.6746875
1 0.8209140625 0.5801354171875001 0.7620234375 0.5801354171875001 0.7620234375 0.62340625 0.8209140625 0.62340625 0.8209140625 0.5801354171875001
1 0.7091406250000001 0.4182708328125 0.673078125 0.4182708328125 0.673078125 0.46314583281250005 0.7091406250000001 0.46314583281250005 0.7091406250000001 0.4182708328125
1 0.7391875 0.3814166671875 0.6875 0.3814166671875 0.6875 0.4375 0.7391875 0.4375 0.7391875 0.3814166671875
1 0.6466328125 0.22595833281250002 0.6057734375 0.22595833281250002 0.6057734375 0.258 0.6466328125 0.258 0.6466328125 0.22595833281250002
1 0.9819687500000001 0.6778854171875001 0.9375 0.6778854171875001 0.9375 0.7179479171875001 0.9819687500000001 0.7179479171875001 0.9819687500000001 0.6778854171875001
1 1 0.69871875 0.9206796875000001 0.69871875 0.9206796875000001 0.8253229171875001 1 0.8253229171875001 1 0.69871875
1 0.793265625 0.6810937499999999 0.741578125 0.6810937499999999 0.741578125 0.7275729171875 0.793265625 0.7275729171875 0.793265625 0.6810937499999999
1 0.0841328125 0.2131354171875 0.0540859375 0.2131354171875 0.0540859375 0.2499895828125 0.0841328125 0.2499895828125 0.0841328125 0.2131354171875
1 0.14784375 0.2307708328125 0.0829375 0.2307708328125 0.0829375 0.2820625 0.14784375 0.2820625 0.14784375 0.2307708328125
1 0.06491406250000001 0.1394166671875 0.0276484375 0.1394166671875 0.0276484375 0.17466666718749999 0.06491406250000001 0.17466666718749999 0.06491406250000001 0.1394166671875