0 0.5240532375 0.4538132703125 0.2719929015625 0.46702319374999995 0.282644359375 0.6702651078125 0.5347046953125 0.6570551859375 0.5240532375 0.4538132703125
1 0.7243017187499999 0.623044165625 0.6426793578125001 0.6273218125 0.6456984890624999 0.684930253125 0.72732085 0.68065260625 0.7243017187499999 0.623044165625
1 0.58117409375 0.44119191406249997 0.54756396875 0.442953346875 0.5492409 0.4749511015625 0.582851025 0.4731896703125 0.58117409375 0.44119191406249997
1 0.622199215625 0.3973076015625 0.55978486875 0.4005785984375 0.5618815781250001 0.44058619375 0.6242959234375001 0.43731519687500003 0.622199215625 0.3973076015625
1 0.5259089921875 0.1905219828125 0.47789675625 0.19303819687499998 0.480747975 0.24744270156249998 0.5287602109375 0.24492648749999998 0.5259089921875 0.1905219828125
1 0.5370798765625 0.24290496718750001 0.49507502187499997 0.2451063484375 0.49717173125 0.28511394375 0.5391765859375 0.2829125625 0.5370798765625 0.24290496718750001
1 0.824773321875 0.7718335484375001 0.7407480078125 0.7762371296875 0.748212425 0.9186666656250001 0.8322377375000001 0.9142630859375 0.824773321875 0.7718335484375001
1 0.9127776578125 0.7287103265625 0.867168375 0.7311006078125 0.87010355 0.7871070796875 0.9157128328124999 0.7847167984375 0.9127776578125 0.7287103265625
1 0.9286616000000001 0.779219078125 0.90105885625 0.7806656765625 0.9026529218749999 0.8110822687500001 0.9302556671875 0.8096356703125 0.9286616000000001 0.779219078125
1 0.9712619468750001 0.788231065625 0.9088476 0.7915020640625 0.9130410187500001 0.8715172546875 0.975455365625 0.8682462578125 0.9712619468750001 0.788231065625
1 1 0.9038751015625 0.9569752171875001 0.9061299343749999 0.9590719265625 0.94613753125 1 0.9439925812500001 1 0.9038751015625
1 1 0.836470225 0.9438483453125001 0.8394130093750001 0.94829363125 0.9242341046875 1 0.9215242890625 1 0.836470225
1 0.0739220578125 0.4308502625 0.02230539375 0.4335553765625 0.024653968749999998 0.47836887656249993 0.0762706328125 0.4756637625 0.0739220578125 0.4308502625
1 0.424866521875 0.3065524859375 0.39125639687499997 0.30831391875 0.39276650625 0.33712854062500003 0.42637663124999997 0.3353671078125 0.424866521875 0.3065524859375