1 0.8178798828125 0.16266647812499999 0.818739959375 0.2119402234375 0.8892500515625 0.21070946406250002 0.8883899749999999 0.1614357203125 0.8178798828125 0.16266647812499999
1 0.7229018 0.1390861078125 0.7241812796875 0.2123874421875 0.7658416 0.21166025937500002 0.7645621203124999 0.138358925 0.7229018 0.1390861078125
1 0.7361849890625 0.2578567484375 0.7368770859375 0.297506959375 0.76733078125 0.29697538749999997 0.7666386828125 0.257325178125 0.7361849890625 0.2578567484375
1 0.1720496796875 0.07656528124999999 0.1708121953125 0.00566983125 0.0890954765625 0.0070962015625 0.0903329609375 0.0779916515625 0.1720496796875 0.07656528124999999
1 0.3446993203125 0.23463870468749998 0.34602079531249996 0.310345921875 0.39088896093750003 0.3095627453125 0.3895674859375 0.23385552812500002 0.3446993203125 0.23463870468749998
1 0.313858159375 0.30369528749999997 0.314739234375 0.3541719734375 0.380437559375 0.3530252046875 0.3795564859375 0.30254851875 0.313858159375 0.30369528749999997
1 0.3177268265625 0.34209455625 0.3190483 0.41780177343749997 0.3767270140625 0.4167949875 0.375405540625 0.34108777031250004 0.3177268265625 0.34209455625
1 0.23996289843750002 0.3867397734375 0.2409276890625 0.44201260312499996 0.3242483296875 0.4405582359375 0.3232835390625 0.38528540625 0.23996289843750002 0.3867397734375
1 0.1793165203125 0.30964583125 0.1802605859375 0.36373134218750003 0.266789071875 0.3622209828125 0.26584500625 0.308135471875 0.1793165203125 0.30964583125
1 0.1286200171875 0.342996625 0.1295430859375 0.39587919375 0.2096558828125 0.3944808203125 0.2087328140625 0.34159825 0.1286200171875 0.342996625
1 0.0068469 0.3451221828125 0.0086927640625 0.45087169843749997 0.08238987187499999 0.4495853109375 0.08054400625 0.34383579375 0.0068469 0.3451221828125
1 0.051485856249999996 0.5150408796875 0.000202 0.5159360421875 0.0024885390625 0.6469317125 0.05377239375 0.64603655 0.051485856249999996 0.5150408796875
1 0.407753821875 1 0.40597924062499996 0.89833436875 0.316242909375 0.8999007234375 0.31799015 1 0.407753821875 1
1 0.6631833671875 0.6666540015625 0.6647565375 0.7567808984375 0.7368705531249999 0.75552214375 0.73529738125 0.665395246875 0.6631833671875 0.6666540015625
1 0.5732671218750001 0.4734828984375 0.5749452796875001 0.569624503125 0.650246309375 0.56831011875 0.6485681515625 0.47216851406250004 0.5732671218750001 0.4734828984375
1 0.9192873531249999 0.55518301875 0.9206718203124999 0.6344990625 0.9639360625 0.63374388125 0.9625515953124999 0.5544278390625 0.9192873531249999 0.55518301875
1 0.3760152421875 0.558657140625 0.37660262499999997 0.592308265625 0.4310734921875 0.591357471875 0.43048611093750005 0.5577063484375 0.3760152421875 0.558657140625
1 0.2149822859375 0.5157969640625 0.215737375 0.5590559984375 0.299058015625 0.5576016312500001 0.2983029265625 0.514342596875 0.2149822859375 0.5157969640625
1 0.1220906875 0.5210283171875 0.12261507812500001 0.551070615625 0.1931251703125 0.5498398578125 0.1926007796875 0.5197975593749999 0.1220906875 0.5210283171875
1 0.473956415625 0.1097700890625 0.47523589531250005 0.1830714234375 0.5585565375 0.18161705625 0.5572770578124999 0.108315721875 0.473956415625 0.1097700890625
0 0.8505880421875001 0.200570165625 0.8527275984375 0.32314524375000003 0.9232376906249999 0.3219144859375 0.921098134375 0.19933940781249998 0.8505880421875001 0.200570165625
0 0.760778796875 0.2886822234375 0.7636317203125 0.45212607499999996 0.8966322953124999 0.4498045421875 0.8937793718749999 0.2863606890625 0.760778796875 0.2886822234375
0 0.6264464703125 0.21530453125000001 0.628250340625 0.31864816406249996 0.7211945156249999 0.31702581875 0.719390646875 0.2136821859375 0.6264464703125 0.21530453125000001
0 0.62218874375 0.06269934687499999 0.6249366796875 0.220128490625 0.7130690890625 0.218590134375 0.710321153125 0.061160990625 0.62218874375 0.06269934687499999
0 0.21230547031250002 0.0866923875 0.21576650000000003 0.284974684375 0.37278425 0.2822339296875 0.36932321875 0.0839516328125 0.21230547031250002 0.0866923875