0 0.565776809375 0.814625384375 0.5824330890625 0.6242432375 0.42439095 0.6104163421875 0.40773467031250005 0.8007984875 0.565776809375 0.814625384375
1 0.22519153125 0.9380595625 0.22173526093749998 0.977564909375 0.3015553609375 0.9845482625 0.30501163125 0.9450429171874999 0.22519153125 0.9380595625
1 0.5763507984375 0.30760196562500003 0.5828452625 0.2333698953125 0.544533275 0.2300180296875 0.5380388093749999 0.3042501 0.5763507984375 0.30760196562500003
1 0.13342117656250002 0.44258990000000004 0.136669090625 0.40546608281249996 0.0776030453125 0.40029847343749997 0.0743551328125 0.437422290625 0.13342117656250002 0.44258990000000004
1 0.0726146171875 0.4203854515625 0.0055686390625 0.4145196890625 0.0012734953125 0.463613409375 0.0683194734375 0.46947917187500005 0.0726146171875 0.4203854515625
1 0.43274904375 0 0.425674303125 0.0808646515625 0.492730659375 0.0867313234375 0.5003186671875001 0 0.43274904375 0
1 0.4854491203125 0.298441378125 0.48901025000000004 0.2577374859375 0.4538943875 0.2546652453125 0.4503332578125 0.2953691390625 0.4854491203125 0.298441378125
1 0 0.949719384375 0.02451640625 0.9518642921874999 0.030801153125 0.8800293140625 0 0.8773345625 0 0.949719384375
1 0.2258122625 0.8391748765625 0.23167893281250002 0.772118521875 0.16302451406250001 0.7661120375 0.15715784375 0.83316839375 0.2258122625 0.8391748765625
1 0.33147707187500003 0.9183887296875 0.3371340234375 0.8537294671875 0.2892336625 0.849538728125 0.2835767109375 0.9141979906250001 0.33147707187500003 0.9183887296875
1 0.41112368593750004 0.945880315625 0.4164660609375 0.88481669375 0.3765560109375 0.8813250171875 0.3712136359375 0.9423886390625 0.41112368593750004 0.945880315625
1 0.5490221203125001 0.8590058718750001 0.551850596875 0.8266762421875 0.5199308578124999 0.8238836265625 0.51710238125 0.8562132578125 0.5490221203125001 0.8590058718750001
1 0.48403748750000003 0.42501091874999997 0.48739025937499997 0.38668855468749996 0.45547052031249996 0.38389593906249997 0.4521177484375 0.4222183046875 0.48403748750000003 0.42501091874999997
1 0.49216368125 0.221813121875 0.4998102359375 0.134412603125 0.43275388125 0.12854593281249999 0.4251073265625 0.21594645156249997 0.49216368125 0.221813121875
1 0.6260640296875 0.162350784375 0.6304640328125 0.1120585171875 0.587357859375 0.10828721562500002 0.58295785625 0.1585794828125 0.6260640296875 0.162350784375
1 0.1602916609375 0.1722703578125 0.16364443281250002 0.1339479921875 0.0502857796875 0.1240303953125 0.04693300625 0.162352759375 0.1602916609375 0.1722703578125
1 0.10174992499999999 0.3264030671875 0.10531105468749999 0.285699175 0.047843071875 0.280671378125 0.044281943750000004 0.3213752703125 0.10174992499999999 0.3264030671875
1 0.32641859218749997 0.18559685937499998 0.329561646875 0.1496715890625 0.29284772187499997 0.1464595359375 0.28970466875 0.1823848078125 0.32641859218749997 0.18559685937499998
1 0.812189075 0.314973740625 0.8139703203125 0.2946140109375 0.7724622078125 0.290982521875 0.7706809625 0.31134225 0.812189075 0.314973740625
1 0.7912014093749999 0.3710454140625 0.795706271875 0.3195546 0.751002034375 0.3156434859375 0.746497171875 0.36713429999999997 0.7912014093749999 0.3710454140625
1 0.7779780703125 0.2094106671875 0.7815391984375 0.168706775 0.7448252734375 0.165494721875 0.7412641437499999 0.20619861562500003 0.7779780703125 0.2094106671875
1 0.7314681453125 0.8146445328125 0.734296621875 0.7823149015624999 0.705552253125 0.7798000953125 0.7027237765625001 0.8121297265624999 0.7314681453125 0.8146445328125
1 0.07808445 0.063731565625 0.0365763375 0.06010007656250001 0.032386053125 0.10799525000000001 0.073894165625 0.11162673906250001 0.07808445 0.063731565625
1 0.3750013109375 0.75208835625 0.378981878125 0.7065902765625001 0.329483453125 0.702259725 0.3255028875 0.7477578046875 0.3750013109375 0.75208835625
1 0.599072528125 0.415767334375 0.604100325 0.358299353125 0.58015014375 0.3562039828125 0.575122346875 0.41367196406250006 0.599072528125 0.415767334375
1 0.6690536859375 0.0937113859375 0.672614815625 0.05300749375 0.6406950765625 0.050214878124999994 0.6371339468749999 0.0909187703125 0.6690536859375 0.0937113859375
1 0.598523540625 0.10926408750000001 0.6052277234375001 0.032634923437500005 0.56212155 0.028863621875000002 0.555417365625 0.1054927859375 0.598523540625 0.10926408750000001
1 0.7173243390625 0.204104153125 0.7210951875 0.16100316718750002 0.6971450078125 0.1589077984375 0.693374159375 0.20200878437499997 0.7173243390625 0.204104153125
1 0.689358775 0.83629120625 0.693129621875 0.7931902203125001 0.6596118203125 0.7902577921875 0.6558409734375 0.8333587796874999 0.689358775 0.83629120625
1 0.5705743203125 0.8886298109374999 0.5742403078125 0.846727371875 0.5454959406250001 0.8442125656250001 0.5418299531249999 0.8861150046875 0.5705743203125 0.8886298109374999