0 0.58534375 0.22916666718749998 0.4423125 0.22916666718749998 0.4423125 0.330125 0.58534375 0.330125 0.58534375 0.22916666718749998
0 0.4290859375 0.2628333328125 0.2716328125 0.2628333328125 0.2716328125 0.4439166671875 0.4290859375 0.4439166671875 0.4290859375 0.2628333328125
0 0.6995234375 0.4567291671875 0.3750078125 0.4567291671875 0.3750078125 0.6826875 0.6995234375 0.6826875 0.6995234375 0.4567291671875
0 0.5456796875000001 0.7339791671875 0.32332031250000004 0.7339791671875 0.32332031250000004 0.8942291671874999 0.5456796875000001 0.8942291671874999 0.5456796875000001 0.7339791671875
1 1 0.76121875 0.9158671875 0.76121875 0.9158671875 0.9118645828125 1 0.9118645828125 1 0.76121875
1 0.8930312499999999 1 0.8930312499999999 0.8605833328125 0.7764375 0.8605833328125 0.7764375 1 0.8930312499999999 1
1 0.9038359375 0.5769270828125 0.8317265624999999 0.5769270828125 0.8317265624999999 0.6346145828124999 0.9038359375 0.6346145828124999 0.9038359375 0.5769270828125
1 0.8136953124999999 0.4583333328125 0.7656171875 0.4583333328125 0.7656171875 0.5032083328125 0.8136953124999999 0.5032083328125 0.8136953124999999 0.4583333328125
1 0.7548046875 0.42789583281250004 0.6826953125 0.42789583281250004 0.6826953125 0.5048125 0.7548046875 0.5048125 0.7548046875 0.42789583281250004
1 0.7019140625 0.3557604171875 0.6117734375 0.3557604171875 0.6117734375 0.41665625000000006 0.7019140625 0.41665625000000006 0.7019140625 0.3557604171875
1 0.6033593749999999 0.3718020828125 0.563703125 0.3718020828125 0.563703125 0.40865625000000005 0.6033593749999999 0.40865625000000005 0.6033593749999999 0.3718020828125
1 0.5132265625 0.1842916671875 0.46996093749999995 0.1842916671875 0.46996093749999995 0.22595833281250002 0.5132265625 0.22595833281250002 0.5132265625 0.1842916671875