1 0.7041921828125 0.088444434375 0.66337911875 0.07826859375 0.656786746875 0.104709153125 0.6975998109375 0.11488499218749999 0.7041921828125 0.088444434375
1 0.9500650578125001 0.4635692765625 0.857932446875 0.4405980359375 0.8311799171875001 0.5478965734375 0.9233125281250001 0.5708678140625 0.9500650578125001 0.4635692765625
1 0.8626640734375 0.53590714375 0.7612075265625 0.510611184375 0.7294149578125 0.6381242140625 0.8308715046874999 0.663420171875 0.8626640734375 0.53590714375
1 0.5163226 0.4991205890625 0.34488347343750003 0.4563760140625 0.32162369218750003 0.5496659046875 0.4930628171875 0.5924104796874999 0.5163226 0.4991205890625
1 0.29714768125 0.5534722703125 0.107060684375 0.506078259375 0.07255657343750001 0.6444666875 0.26264357031249996 0.6918606984375 0.29714768125 0.5534722703125
1 0.0864233578125 0.4596438375 0.0292820359375 0.44539690624999995 0.0040818390625 0.5464693781250001 0.0612231609375 0.5607163093749999 0.0864233578125 0.4596438375
1 1 0.4661105359375 0.9593877781250001 0.45598477187500003 0.9353518296875001 0.5523876953125 0.9983300859375 0.5680899390625 1 0.5613922796875 1 0.4661105359375
0 0.803740978125 0.161177534375 0.6474627234375 0.1222129890625 0.633506853125 0.178186925 0.789785109375 0.2171514703125 0.803740978125 0.161177534375
0 0.6731292812499999 0.163298971875 0.4982031546875 0.1196849890625 0.462922878125 0.26118644999999996 0.6378490046875 0.30480043125 0.6731292812499999 0.163298971875
0 0.7750247640625 0.2514537078125 0.5382877671874999 0.1924285453125 0.492539328125 0.3759155109375 0.7292763250000001 0.4349406734375 0.7750247640625 0.2514537078125
0 0.6888745046875 0.467809603125 0.5337636359375 0.4291361203125 0.5054638140625001 0.5426405046875 0.6605746828125 0.5813139875 0.6888745046875 0.467809603125