0 0.0682016859375 0.8392852765625 0.052973768750000004 0.9354305640625 0.1194575390625 0.9459605578125 0.13468545625 0.849815271875 0.0682016859375 0.8392852765625
0 0.189380796875 0.8937562437500001 0.17960364374999999 0.955486765625 0.32522594374999997 0.978551071875 0.335003096875 0.91682055 0.189380796875 0.8937562437500001
1 0.7422204546875 0.64057546875 0.7313140390624999 0.7094358656249999 0.8484374140625001 0.7279863859375 0.8593438296875 0.6591259890625001 0.7422204546875 0.64057546875
1 0.568331559375 0.76514915 0.5583661953125 0.8280679828125 0.6248499671875 0.838597978125 0.63481533125 0.77567914375 0.568331559375 0.76514915
1 0.50791484375 0.74707695625 0.4936255328125 0.8372961140624999 0.5711796437500001 0.849579478125 0.5854689546875 0.7593603203125 0.50791484375 0.74707695625
1 0.8139589765625 0.5460797609375 0.8015493234375001 0.624431225 0.8712019296875001 0.6354631140625 0.8836115812499999 0.55711165 0.8139589765625 0.5460797609375
1 0.8550044046874999 0.56353590625 0.8410915140625 0.6513784390625 0.9423913 0.6674227484374999 0.9563041906249999 0.5795802171875 0.8550044046874999 0.56353590625
1 0.3934470296875 0.6401111312500001 0.38103737656250003 0.7184625953125 0.4823371625 0.7345069046875 0.49474681406250004 0.656155440625 0.3934470296875 0.6401111312500001
1 0.20634119218750002 0.76623 0.2003233546875 0.8042251359374999 0.23197053437499998 0.8092375562499999 0.237988371875 0.7712424203125 0.20634119218750002 0.76623
1 0.574474 0.39862090625 0.5614997171875 0.48053730781250004 0.6216458203124999 0.4900635140625 0.6346201046875 0.4081471125 0.574474 0.39862090625
1 0.795624878125 0.28275091093750004 0.7803945156250001 0.37891162968750003 0.8690395453124999 0.3929516234375 0.8842699062499999 0.296790903125 0.795624878125 0.28275091093750004
1 0.8815419296875 0.2525538984375 0.8589787031249999 0.3950125078125 0.949208146875 0.4093034484375 0.971771375 0.2668448375 0.8815419296875 0.2525538984375
1 0.6280230343750001 0.27567161093750003 0.6077158859375 0.40388590312500006 0.7659929421875 0.4289545265625 0.7863000921875 0.3007402328125 0.6280230343750001 0.27567161093750003
1 0.7141104656249999 0.3671872359375 0.7007597624999999 0.45148026249999995 0.8052283812500001 0.46802646562500005 0.818579084375 0.3837334390625 0.7141104656249999 0.3671872359375
0 0.7274581546875 1 0.7342771328125 0.9569466640625001 0.579168909375 0.9323799359375 0.56845894375 1 0.7274581546875 1