0 0.40901275625 0.7825155265625 0.5763950640625 0.8090262796875001 0.6007141046875 0.655481896875 0.433331796875 0.6289711437500001 0.40901275625 0.7825155265625
0 0.29540360625 0.808331815625 0.43429727968750004 0.8303304125000001 0.4440744328125 0.7685998921875 0.3051807609375 0.7466012953125001 0.29540360625 0.808331815625
0 0.131593765625 0.4903328828125 0.3203502671875 0.520228975 0.3556979375 0.2970525640625 0.1669414359375 0.267156471875 0.131593765625 0.4903328828125
0 0.3406414765625 0.42282906562499994 0.5210797890625 0.45140768593749997 0.5438931484375 0.3073698046875 0.3634548359375 0.2787911828125 0.3406414765625 0.42282906562499994
0 0.7716567984375 0.3061304625 0.94141573125 0.3330176359375 0.9572090953125001 0.23330226875 0.7874501609375 0.2064150953125 0.7716567984375 0.3061304625
1 0.793191859375 0.346854840625 0.8751082609375 0.3598291234375 0.8848854156250001 0.29809860312500003 0.8029690140625 0.28512431875 0.793191859375 0.346854840625
1 0.22744106875 0.7764745828125 0.286794965625 0.7858753171874999 0.2998311703125 0.70356795625 0.24047727343749997 0.694167221875 0.22744106875 0.7764745828125
1 0.1620038484375 0.5519317859374999 0.27952332812499997 0.5705450437499999 0.2875471125 0.5198848625 0.1700276328125 0.5012716046875 0.1620038484375 0.5519317859374999
1 0.2250746328125 0 0.2132112109375 0.0749026953125 0.3200513109375 0.0918245046875 0.3345948828125 0 0.2250746328125 0
1 0.7156533296875 0.84405483125 0.79638141875 0.8568409046875001 0.8028995203125 0.8156872249999999 0.7221714312499999 0.8029011515625 0.7156533296875 0.84405483125
1 0.8380512781249999 0.762848134375 0.88078423125 0.7696163687500001 0.890561384375 0.7078858484375 0.84782843125 0.7011176140625001 0.8380512781249999 0.762848134375
1 0.876503221875 0.7121453578125 0.9346688046875 0.72135788125 0.9424416421874999 0.6722821171875 0.8842760593750001 0.66306959375 0.876503221875 0.7121453578125
1 0.33950047968749997 0.5913925375 0.4071725640625 0.6021107421874999 0.4154440359375 0.549886721875 0.3477719515625 0.539168515625 0.33950047968749997 0.5913925375
1 0.6624056281249999 0.61171878125 0.71226845625 0.6196162765625 0.7220456109375 0.5578857562499999 0.67218278125 0.549988259375 0.6624056281249999 0.61171878125
1 0.7799031703125 0.5767839234375 0.8416336921875001 0.5865610765625 0.8521636875 0.5200773062499999 0.790433165625 0.5103001515625001 0.7799031703125 0.5767839234375