0 0.8390367796874999 0.5080730421874999 0.8082149703124999 0.37456911875 0.694233971875 0.40088370624999997 0.72505578125 0.5343876296875 0.8390367796874999 0.5080730421874999
0 0.9219558734375 0.6036592359374999 0.8962692750000001 0.49239835468750004 0.819760925 0.5100616984374999 0.8454475234375 0.6213225796875 0.9219558734375 0.6036592359374999
0 0.6754049109375 0.90357354375 0.6261968671875 0.6904300921875001 0.518447778125 0.7153059296875 0.5676558218750001 0.9284493812499999 0.6754049109375 0.90357354375
0 0.6045927203125 0.7250282796875 0.5691734734375 0.57161066875 0.47859765625 0.59252174375 0.514016903125 0.7459393546875 0.6045927203125 0.7250282796875
0 0.3738646765625 0.445236309375 0.346287084375 0.3257846296875 0.28226285 0.3405657875 0.30984044375 0.46001746875 0.3738646765625 0.445236309375
1 0.4215985328125 0.4453290296875 0.39888550624999997 0.3469481015625 0.3301721171875 0.3628118375 0.35288514375 0.461192765625 0.4215985328125 0.4453290296875
1 0.4564620875 0.1190136171875 0.4399703640625 0.0475801125 0.371256975 0.06344384843749999 0.3877487 0.134877353125 0.4564620875 0.1190136171875
1 0.4838987828125 0.09541660156250001 0.46767770156250005 0.025155385937500004 0.4348942078125 0.0327240515625 0.4511152890625 0.10298526875 0.4838987828125 0.09541660156250001
1 0.8701918875000001 0.20852797343749999 0.8588353734374999 0.159337509375 0.821362725 0.16798875156249998 0.8327192390624999 0.217179215625 0.8701918875000001 0.20852797343749999
1 0.7173038234375 0.6718659390624999 0.7086502390625 0.634383140625 0.672740640625 0.6426735234375001 0.6813942265625 0.680156321875 0.7173038234375 0.6718659390624999
1 0.7460904984375001 0.8107707796874999 0.72986941875 0.7405095640625 0.6830184578125 0.7513259609375 0.6992395375 0.8215871765625 0.7460904984375001 0.8107707796874999
1 0.7285503515625 0.898720603125 0.7131376890625 0.8319610296875 0.661617871875 0.843855315625 0.6770305343749999 0.910614890625 0.7285503515625 0.898720603125
1 0.8936300140625001 0.6805006078125 0.883626721875 0.6371715890625 0.8289808015625001 0.64978759375 0.83898409375 0.6931166125 0.8936300140625001 0.6805006078125
1 0.3835214390625 1 0.3660704546875 0.92441148125 0.2598844171875 0.9489264593750001 0.271675671875 1 0.3835214390625 1
1 0.5285484265625 0.801797425 0.508000553125 0.712794809375 0.4455393734375 0.727215109375 0.4660872453125 0.8162177249999999 0.5285484265625 0.801797425
1 0.1853964421875 0.768768290625 0.172419578125 0.7125593171875 0.077174903125 0.7345482828125001 0.0901517671875 0.79075725625 0.1853964421875 0.768768290625
1 0 0.528443078125 0.0014928749999999998 0.5349094296875 0.08269037968750001 0.516163509375 0.0686309390625 0.4552653796875 0 0.47111007968749996 0 0.528443078125
1 0.15163016406250002 1 0.1461842125 0.9764109921875 0.0993332515625 0.9872273890625 0.10228204062499999 1 0.15163016406250002 1
1 0.253597753125 1 0.24731873124999998 0.9728025671875 0.203593875 0.9828972453124999 0.20754235781250002 1 0.253597753125 1
1 0.781529121875 0.23763277187499998 0.7674696812499999 0.17673464375 0.7331231359375 0.1846641671875 0.7471825765625 0.24556229687500003 0.781529121875 0.23763277187499998
1 0.646662159375 0.1663954296875 0.6366588671875 0.1230664109375 0.583575996875 0.13532155625 0.5935792890625 0.17865057499999998 0.646662159375 0.1663954296875
1 0.47589823593749997 0.23172554843749998 0.46751529375 0.1954150390625 0.42847959375 0.204427140625 0.436862534375 0.24073764999999997 0.47589823593749997 0.23172554843749998
1 0.5125264796875 0 0.478490803125 0.0078577546875 0.4882234515625 0.050014484375 0.5256961 0.041363242187499996 0.5161466421875 0 0.5125264796875 0