0 0.8195224078125 0.1941482984375 0.7977766109375 0.0394189125 0.6914465765625 0.0543626234375 0.7131923734375001 0.209092009375 0.8195224078125 0.1941482984375
0 0.4650365890625 0 0.42882489375 0.005089221875 0.46294839843749996 0.247890575 0.7136925265625 0.21265078593750003 0.6838064078125 0 0.4650365890625 0
0 0.33481780781250003 0.2804617625 0.312737125 0.12334954375 0.23021478593750003 0.1349473015625 0.25229546875 0.2920595203125 0.33481780781250003 0.2804617625
0 0.37364801718749996 0.15362799062500002 0.35457912812500003 0.0179457921875 0.26887967968750004 0.0299900640625 0.28794856874999997 0.1656722625 0.37364801718749996 0.15362799062500002
1 0.24016686874999998 0.62026185 0.23063133750000003 0.5524130140625 0.12430130312500001 0.5673567265624999 0.1338368359375 0.6352055625 0.24016686874999998 0.62026185
1 0.568235659375 0.490410103125 0.5580325312500001 0.41781107500000003 0.48027585781250004 0.42873906406250006 0.49047898593749995 0.501338090625 0.568235659375 0.490410103125
1 0.27714924218750003 0.9524887328125 0.2649389765625 0.8656081828125 0.1903594125 0.8760896562499999 0.202569678125 0.96297020625 0.27714924218750003 0.9524887328125
1 0.2045340125 1 0.18684633125 0.8741456015625 0.105912546875 0.885520103125 0.122001646875 1 0.2045340125 1
1 0.4578737640625 0.7875045640625 0.44599621093749997 0.7029913734375 0.39363578593750004 0.71035015 0.40551334062500005 0.794863340625 0.4578737640625 0.7875045640625
1 0.7083585171875 0.3129394515625 0.7016673359375 0.26532921875 0.6683489406249999 0.27001181406249997 0.6750401234375001 0.3176220453125 0.7083585171875 0.3129394515625
1 0.4280703859375 0.43727523437500004 0.41820214375000003 0.36705903906250004 0.36584171875 0.3744178171875 0.3757099609375 0.4446340125 0.4280703859375 0.43727523437500004
1 0.3747922640625 0.4496306703125 0.3665962734375 0.391313165625 0.301527409375 0.400457996875 0.3097234 0.45877550312500004 0.3747922640625 0.4496306703125