1 0.1450826953125 0.5048350328125 0.20386325312500003 0.5173292265625 0.2168577328125 0.45619500156250004 0.1580771765625 0.44370080781250004 0.1450826953125 0.5048350328125
1 0.030127712499999997 0.83755954375 0.015132081250000002 0.908108440625 0.098610865625 0.925852403125 0.11360649687499999 0.8553035078125 0.030127712499999997 0.83755954375
1 0.2487326015625 0.9479217343749999 0.3310345515625 0.9654155546875 0.3526920203125 0.8635251796875 0.2703900703125 0.846031359375 0.2487326015625 0.9479217343749999
1 0.180508175 0.91049206875 0.262810125 0.9279858875 0.280469625 0.8449044765625 0.1981676734375 0.82741065625 0.180508175 0.91049206875
1 0.239749275 0.7936622234375 0.28206944218749996 0.802657653125 0.2943968734375 0.7446616500000001 0.25207670625 0.7356662218750001 0.239749275 0.7936622234375
1 0.123621528125 0.72146096875 0.184755753125 0.73445545 0.1957490828125 0.6827358953125 0.1346148578125 0.6697414140625 0.123621528125 0.72146096875
1 0.0786576015625 0.6381779265625 0.135084490625 0.65017183125 0.143413953125 0.6109847937499999 0.0869870640625 0.5989908875000001 0.0786576015625 0.6381779265625
1 0.5511695796875 0.779581615625 0.593489746875 0.7885770453125 0.6041538828124999 0.7384062250000001 0.561833715625 0.7294107953125 0.5511695796875 0.779581615625
1 0.5123233609375 0.8466796203125 0.5640582000000001 0.8576761984375001 0.5790538296875 0.787127303125 0.5273189921875 0.7761307234375 0.5123233609375 0.8466796203125
1 0.6469502078125 0.8261378953125 0.6880935421875 0.8348831796875 0.6954224296875 0.8004034765625001 0.6542790953125001 0.7916581921875 0.6469502078125 0.8261378953125
1 0.8517192109374999 0.5911496234375 0.9387132140625001 0.6096407703125 0.9483767750000001 0.564177284375 0.8613827734375 0.5456861375 0.8517192109374999 0.5911496234375
1 0.783470315625 0.5422240734375 0.8328514859375 0.5527203640625 0.8398468484375 0.5198097734375 0.790465678125 0.5093134828125 0.783470315625 0.5422240734375
0 0.351947715625 0.4161142625 0.5165363328125 0.451098653125 0.5445264437499999 0.31941553125 0.3799378265625 0.284431140625 0.351947715625 0.4161142625
1 0.23155782500000002 0.41018335781250004 0.275054825 0.41942892968749995 0.28072041875 0.3927744078125 0.23722341875000003 0.38352883437499996 0.23155782500000002 0.41018335781250004
1 0.3932045234375 0.187295971875 0.4296558046875 0.19504393125 0.4369846921875 0.16056422812499999 0.4005334109375 0.15281626875 0.3932045234375 0.187295971875
1 0.8162794968749999 0.28378335312499997 0.8656606671875 0.29427964375000004 0.8729895546875 0.259799940625 0.8236083843750001 0.24930365000000002 0.8162794968749999 0.28378335312499997
1 0.8758741640625001 0.2751624765625 0.897041890625 0.27966181562500003 0.9030410078125 0.25143818281249997 0.8818732828125 0.24693884375000003 0.8758741640625001 0.2751624765625
1 0.8102244765625001 0.4741851796875 0.8784197046875001 0.4886805234375 0.8864156421875 0.45106259687500005 0.8182204140625 0.43656725312500005 0.8102244765625001 0.4741851796875
1 0.8245855671875001 0.42973083437500004 0.9021801828125 0.44622407812500003 0.9075122500000001 0.42113866875 0.8299176359375 0.404645425 0.8245855671875001 0.42973083437500004
1 0.769744125 0.866977290625 0.8167716265625 0.8769732953125 0.8327635015625001 0.8017374421874999 0.7857359984375 0.7917414375 0.769744125 0.866977290625
1 0.2343490421875 0.477952946875 0.2860838796875 0.48894952500000005 0.2924165234375 0.459156778125 0.2406816859375 0.44816019999999995 0.2343490421875 0.477952946875
1 0.33130617500000004 0.3167023375 0.3559891171875 0.321948859375 0.36132118593749996 0.29686345 0.33663824375 0.291616928125 0.33130617500000004 0.3167023375
1 0.30726364687499996 0.2968318984375 0.33783075937499996 0.30332913906250003 0.343829878125 0.2751055046875 0.313262765625 0.2686082640625 0.30726364687499996 0.2968318984375
1 0.069130215625 0.4690427265625 0.091474775 0.473792209375 0.09747389375 0.4455685765625 0.075129334375 0.44081909374999995 0.069130215625 0.4690427265625
1 0.9143970625 0.2210838390625 0.9484946765625001 0.2283315109375 0.9548273203125 0.198538765625 0.9207297062500001 0.19129109375 0.9143970625 0.2210838390625
1 1 0.30646625156249996 0.9665672859375001 0.2993599078125 0.9595719234375 0.3322705 0.9948463703125 0.339768315625 1 0.31552239531250004 1 0.30646625156249996