0 0.259491953125 0.4007125484375 0.29371268437500003 0.27299904375 0.2488172578125 0.26096935 0.2145965265625 0.38868285625 0.259491953125 0.4007125484375
0 0.437977796875 0.31664511875 0.47748409843750006 0.169205596875 0.321144978125 0.12731465625 0.28163867656249997 0.27475417812499997 0.437977796875 0.31664511875
0 0.5303391734375 0.5106124015625 0.6000221578125 0.25055196562500004 0.3972381046875 0.1962161421875 0.3275551203125 0.4562765796875 0.5303391734375 0.5106124015625
0 0.713379571875 0.49619873437499995 0.75537700625 0.3394621765625 0.645462696875 0.3100107265625 0.6034652625 0.46674728437499996 0.713379571875 0.49619873437499995
1 0.8795937265625 0.32173432968750004 0.9212797687500001 0.1661599015625 0.811365459375 0.1367084515625 0.7696794171875 0.2922828796875 0.8795937265625 0.32173432968750004
1 0.799051234375 1 0.8237624531250001 0.9077764734375 0.7370706109375 0.8845474640625 0.7112493671875 0.9809136578125001 0.782480565625 1 0.799051234375 1
1 0.8840549359375001 0.99238134375 0.9076964375 0.90415005625 0.8194550875 0.8805058578124999 0.7958135859375 0.9687371453125 0.8840549359375001 0.99238134375
1 0.847275978125 0.9315067484374999 0.8983493062499999 0.9451918046875001 0.9163938453125 0.8778486640625 0.8653205171874999 0.86416360625 0.847275978125 0.9315067484374999
1 0.6487241078125 0.7065865859375 0.6673873875 0.636934278125 0.6070170234375001 0.6207580890625 0.58835374375 0.6904103953125 0.6487241078125 0.7065865859375
1 0.6193225171875001 0.6862770515625 0.6367442750000001 0.6212581687500001 0.56862638125 0.603006034375 0.5512046234375 0.6680249171875 0.6193225171875001 0.6862770515625
1 0.506499475 0.754332740625 0.5232984484375 0.6916381171875 0.449002653125 0.6717306187500001 0.43220367968750006 0.7344252421874999 0.506499475 0.754332740625
1 0.3277832 0.5297614203125 0.3414723 0.478673 0.3043244015625 0.46871925000000003 0.2906353015625 0.519807671875 0.3277832 0.5297614203125
1 0.44222381093749996 0.9013631656250001 0.46119848125 0.830548728125 0.3853531796875 0.810226040625 0.36637850781250003 0.881040478125 0.44222381093749996 0.9013631656250001