1 0.88221875 0.40864583281250005 0.8016875000000001 0.40864583281250005 0.8016875000000001 0.5224375 0.88221875 0.5224375 0.88221875 0.40864583281250005
1 0.756 0.6330104171875 0.66946875 0.6330104171875 0.66946875 0.7035312499999999 0.756 0.7035312499999999 0.756 0.6330104171875
1 0.673078125 0.6410208328125 0.6310156250000001 0.6410208328125 0.6310156250000001 0.6938958328125 0.673078125 0.6938958328125 0.673078125 0.6410208328125
1 0.625 0.633 0.5673125 0.633 0.5673125 0.7019166671875 0.625 0.7019166671875 0.625 0.633
1 0.8629843749999999 0.767625 0.777640625 0.767625 0.777640625 0.857375 0.8629843749999999 0.857375 0.8629843749999999 0.767625
1 0.74159375 0.41185416718749995 0.67428125 0.41185416718749995 0.67428125 0.5160208328125 0.74159375 0.5160208328125 0.74159375 0.41185416718749995
1 0.5865390625 0.0625 0.5228359375 0.0625 0.5228359375 0.1137916671875 0.5865390625 0.1137916671875 0.5865390625 0.0625
1 0.6105859375 0.21154166718749998 0.5444765625 0.21154166718749998 0.5444765625 0.2564166671875 0.6105859375 0.2564166671875 0.6105859375 0.21154166718749998
1 0.25480468749999996 0.5144166671875 0.1201953125 0.5144166671875 0.1201953125 0.6009583328125 0.25480468749999996 0.6009583328125 0.25480468749999996 0.5144166671875
1 0.13582031249999998 0.6025625 0.0012109375 0.6025625 0.0012109375 0.6714791671875 0.13582031249999998 0.6714791671875 0.13582031249999998 0.6025625
1 0.228359375 0.6041666671875 0.197109375 0.6041666671875 0.197109375 0.6282083328125 0.228359375 0.6282083328125 0.228359375 0.6041666671875
1 0.4182734375 0.6795 0.3593828125 0.6795 0.3593828125 0.7740416671875 0.4182734375 0.7740416671875 0.4182734375 0.6795
1 0.646625 0.8301354171875 0.5733125 0.8301354171875 0.5733125 0.9086562499999999 0.646625 0.9086562499999999 0.646625 0.8301354171875
1 0.9879843749999999 0.4246875 0.951921875 0.4246875 0.951921875 0.4695625 0.9879843749999999 0.4695625 0.9879843749999999 0.4246875
1 0.9423046875000001 0.4423020828125 0.9122578125 0.4423020828125 0.9122578125 0.47115625000000005 0.9423046875000001 0.47115625000000005 0.9423046875000001 0.4423020828125
1 0.71634375 0.2243541671875 0.6766875 0.2243541671875 0.6766875 0.2628125 0.71634375 0.2628125 0.71634375 0.2243541671875
0 0.671875 0.1987083328125 0.4326875 0.1987083328125 0.4326875 0.3685833328125 0.671875 0.3685833328125 0.671875 0.1987083328125
0 0.5685156250000001 0.11697916718750001 0.459140625 0.11697916718750001 0.459140625 0.1682708328125 0.5685156250000001 0.1682708328125 0.5685156250000001 0.11697916718750001
0 0.4447109375 0.11859375000000001 0.3209140625 0.11859375000000001 0.3209140625 0.2179479171875 0.4447109375 0.2179479171875 0.4447109375 0.11859375000000001
0 0.4134609375 0.35415625 0.3136953125 0.35415625 0.3136953125 0.4455104171875 0.4134609375 0.4455104171875 0.4134609375 0.35415625
0 1 0.6410312499999999 0.8485625000000001 0.6410312499999999 0.8485625000000001 0.8237187499999999 1 0.8237187499999999 1 0.6410312499999999