0 0.8777013468750001 0.8164200125000001 0.9034805218749999 0.6064654843749999 0.7046611203125 0.5820535312499999 0.6788819453125 0.792008059375 0.8777013468750001 0.8164200125000001
0 0.1881039578125 0.5549458671874999 0.20494858593749998 0.41775737812499997 0.11586756875 0.4068196046875 0.099022940625 0.54400809375 0.1881039578125 0.5549458671874999
0 0.13300569843750001 0.635377478125 0.14531069375 0.535161334375 0.06737514375 0.5255920515625 0.0550701484375 0.625808196875 0.13300569843750001 0.635377478125
0 0.3166827546875 0.82260294375 0.34099759375 0.624574478125 0.24238399843749997 0.6124662515625 0.2180691609375 0.8104947171875001 0.3166827546875 0.82260294375
0 0.35036577343749997 0.65358081875 0.36457497656250004 0.537856140625 0.2802705875 0.5275048625000001 0.26606138437500004 0.6432295406249999 0.35036577343749997 0.65358081875
1 0.47111428125000004 0.38019609062500004 0.48356399687499996 0.2788012984375 0.43108311875 0.27235745625 0.418633403125 0.37375225 0.47111428125000004 0.38019609062500004
1 0.40086839531249996 0.16329193749999998 0.4130267671875 0.06426995156250001 0.349400421875 0.05645761875000001 0.3372420515625 0.1554796046875 0.40086839531249996 0.16329193749999998
1 0.9758404374999999 0.5826375796875001 0.9850682328125 0.507483225 0.856223334375 0.4916630609375 0.8469955406249999 0.566817415625 0.9758404374999999 0.5826375796875001
1 0.551637728125 1 0.558033434375 0.9479111578125 0.4785056734375 0.9381463765625 0.470911003125 1 0.551637728125 1
1 0.1258287359375 0.6938291421875 0.13183461093749999 0.6449152265625 0.09207072968749999 0.6400328359375 0.08606485625 0.6889467515625001 0.1258287359375 0.6938291421875
1 0.7342203281249999 0.2756690234375 0.7393464578125 0.2339200515625 0.699582578125 0.2290376609375 0.6944564484375 0.27078663281250004 0.7342203281249999 0.2756690234375
1 0.8936772671875 0.31825530468749996 0.8998297656249999 0.26814723281249997 0.850512628125 0.26209185 0.8443601296875001 0.312199921875 0.8936772671875 0.31825530468749996
1 1 0.275605821875 0.9863119078125001 0.273925134375 0.9814790265625 0.31328579375 1 0.3155598828125 1 0.275605821875
1 0.9423626328125 1 0.9571634890625 0.8794566890625 0.9078566921875 0.8734025765625001 0.8923124828125 1 0.9423626328125 1
1 0.6132535531250001 0.48484542656249996 0.6199906421875 0.42997623437500004 0.5675097640625 0.42353239218749994 0.560772675 0.47840158437499997 0.6132535531250001 0.48484542656249996
1 0.5056244125 0.78284056875 0.5142657093749999 0.71246284375 0.4601926234375 0.705823503125 0.45155132499999995 0.7762012296874999 0.5056244125 0.78284056875
1 0.3908421046875 0.9419049546875 0.3977258171875 0.8858416046875 0.3579619375 0.8809592140625 0.3510782234375 0.9370225640625 0.3908421046875 0.9419049546875