0 0.31279598750000004 0.19738188750000002 0.39861315625 0.1791408859375 0.39028369375 0.1399538484375 0.304466525 0.15819485 0.31279598750000004 0.19738188750000002
0 0.39580625625 0.25837254062500004 0.5451113171874999 0.22663677031249999 0.5231203234375 0.123177284375 0.3738152625 0.1549130546875 0.39580625625 0.25837254062500004
0 0.21883991875 0.466367346875 0.47277620625 0.41239152187499994 0.4401254078125 0.25878159375 0.18618912031249998 0.31275741875 0.21883991875 0.466367346875
0 0.5318778890625 0.5112428984374999 0.64121645 0.48800227031250004 0.6218893249999999 0.3970753 0.5125507640625 0.42031592812499996 0.5318778890625 0.5112428984374999
1 0.032259949999999996 0.7042856734375 0.07458011718749999 0.6952902453124999 0.060585060937500004 0.629448684375 0.01826489375 0.6384441140625 0.032259949999999996 0.7042856734375
1 0.14981889843750001 0.6792870984375 0.23563606718750002 0.6610460953125 0.21630894375 0.570119125 0.130491775 0.5883601281249999 0.14981889843750001 0.6792870984375
1 0.291716859375 1 0.2666746484375 0.882185659375 0.1879031984375 0.898929046875 0.2093864921875 1 0.291716859375 1
1 0.2908836 0.9556855671875001 0.37318555 0.9381917484375 0.356526625 0.859817671875 0.27422467500000003 0.8773114906249999 0.2908836 0.9556855671875001
1 0.363450471875 0.9386103484375001 0.433984084375 0.9236179671875 0.42065607812500005 0.8609146296875 0.350122465625 0.8759070109374999 0.363450471875 0.9386103484375001
1 0.80359481875 0.67957404375 0.934085821875 0.651837325 0.9187609984374999 0.579739696875 0.78826999375 0.607476415625 0.80359481875 0.67957404375
1 1 0.6525762281249999 0.9394390484375 0.66544885625 0.9577655984375 0.751668490625 1 0.7426912921875 1 0.6525762281249999
1 0.8726439203125 0.34541576875 0.9361318125 0.3319210015625 0.9238043828125001 0.27392500000000003 0.8603164890624999 0.28741976875 0.8726439203125 0.34541576875
1 0.16625517812499999 0.3808907953125 0.196822290625 0.3743935546875 0.1894934046875 0.3399138515625 0.1589262921875 0.3464110921875 0.16625517812499999 0.3808907953125
1 0.2738490546875 0.1991002953125 0.3290991109375 0.1873565328125 0.31710520625 0.13092964375 0.26185515000000004 0.1426734046875 0.2738490546875 0.1991002953125
1 0.25077475625 0.5414944265625 0.34482976249999997 0.52150241875 0.33250233125 0.46350641875000004 0.2384473265625 0.48349842656249997 0.25077475625 0.5414944265625