0 0.1238430375 0.4277477375 0.128708790625 0.5670846796875 0.216800928125 0.564008434375 0.21193517499999998 0.4246714921875 0.1238430375 0.4277477375
0 0.078342359375 0.3186833109375 0.08278877343749999 0.4460119484375 0.1436475109375 0.44388671406249997 0.13920109687499999 0.3165580765625 0.078342359375 0.3186833109375
0 0.291270859375 0.170544784375 0.298485784375 0.377153221875 0.3961762390625 0.373741796875 0.3889613125 0.1671333578125 0.291270859375 0.170544784375
0 0.3249011296875 0.353373103125 0.3291376015625 0.47468978125000005 0.4124201703125 0.4717814890625 0.4081836984375 0.3504648125 0.3249011296875 0.353373103125
0 0.7703327140625 0.48093672343750005 0.9993597781249999 0.4729389234375 0.9906768921875001 0.22429360781250002 0.761649828125 0.232291409375 0.7703327140625 0.48093672343750005
1 0.5562928765625 0 0.5588562296874999 0.0734048265625 0.6277309140625 0.0709996703125 0.6252515515625 0 0.5562928765625 0
1 0.7503277453125 0 0.75236139375 0.05823610312500001 0.82923120625 0.05555175 0.8272912953124999 0 0.7503277453125 0
1 0.7712570609375 0.5530734078124999 0.7738576187499999 0.627543640625 0.8555369984375 0.624691334375 0.852936440625 0.5502211015625 0.7712570609375 0.5530734078124999
1 0.7785062046875 0.4854667328125 0.7807294125 0.5491310515625 0.83038664375 0.5473969828125 0.8281634359375 0.48373266406250004 0.7785062046875 0.4854667328125
1 0.7367676203125 0.39190545625 0.740123425 0.4880031296875 0.7929662140625 0.48615781875 0.789610409375 0.3900601453125 0.7367676203125 0.39190545625
1 1 0.4933665234375 0.9151976890625001 0.49632788437500003 0.91888885625 0.60202908125 1 0.5991966171875001 1 0.4933665234375
1 0.4439653 0.6402675921875 0.44782442187499993 0.75077835625 0.519905484375 0.7482612296875 0.5160463640625 0.637750465625 0.4439653 0.6402675921875
1 0.6027846765625 0.550537403125 0.6049658953125 0.6129993296875 0.6770469578125 0.610482203125 0.6748657390624999 0.5480202765625 0.6027846765625 0.550537403125
1 0.7205477499999999 0.8001733515625 0.7221836640625 0.847019796875 0.7670313281250001 0.8454536828125001 0.7653954140625 0.7986072375 0.7205477499999999 0.8001733515625
1 0.8541156859375001 0.767851584375 0.8564648578125 0.8351230781250001 0.923736353125 0.8327739062499999 0.9213871812500001 0.7655024109374999 0.8541156859375001 0.767851584375
1 0.3442477140625 0.8614214703125 0.345631696875 0.9010535624999999 0.39368573906250004 0.8993754781250001 0.39230175625 0.8597433859375 0.3442477140625 0.8614214703125
1 0.3757363859375 0.89039486875 0.3770369375 0.9276377921875 0.4154718421875 0.9262956156250001 0.41417129218750004 0.8890526921875 0.3757363859375 0.89039486875
1 0.336526559375 0.9158100031249999 0.3380365078125 0.9590492718749999 0.3748682234375 0.9577630796875001 0.373358275 0.9145238109375 0.336526559375 0.9158100031249999
1 0.5035871875 0.2352994984375 0.505642440625 0.29415424843750004 0.5761203140625 0.29169310625 0.5740650609375 0.23283835625 0.5035871875 0.2352994984375
1 0.4202887296875 0.054189995312499996 0.42226000625 0.11063996093749999 0.47031405 0.108961878125 0.46834277343749997 0.052511910937499996 0.4202887296875 0.054189995312499996
1 0.2630763296875 0.28216706875 0.265341525 0.3470337796875 0.2877653578125 0.346250721875 0.28550016093749997 0.2813840109375 0.2630763296875 0.28216706875
1 0.257536665625 0.3990253375 0.2589206484375 0.4386574296875 0.2829476703125 0.4378183875 0.2815636875 0.3981862953125 0.257536665625 0.3990253375
1 0.2520598875 0.15026024531249998 0.254744421875 0.2271352625 0.32041272656249997 0.22484207343749998 0.31772819218750004 0.1479670578125 0.2520598875 0.15026024531249998
1 0.1282187984375 0.27726116562500003 0.1298547109375 0.32410761093749996 0.15227854375 0.323324553125 0.1506426296875 0.2764781078125 0.1282187984375 0.27726116562500003