0 0.6360657562500001 1 0.6608558859375 0.8236090703125001 0.4359103046875 0.79199503125 0.4095920921875 0.9792588484375001 0.55717305625 1 0.6360657562500001 1
0 0.8386814625 0.36149576875 0.6994250156249999 0.3419245515625 0.6858208453125 0.43872325468750006 0.8250772921875 0.45829447187500005 0.8386814625 0.36149576875
0 0.6802376421874999 0.3748243640625 0.55168846875 0.35675795625 0.5385308109375 0.45037954999999996 0.667079984375 0.4684459578125 0.6802376421874999 0.3748243640625
0 0.6359646890625 0.1630707375 0.48955974375 0.1424948640625 0.47483928906250006 0.2472363453125 0.621244234375 0.26781221718750003 0.6359646890625 0.1630707375
0 0.727365484375 0.12577203125 0.6333364375 0.11255711093750001 0.62307821875 0.1855481203125 0.7171072671875 0.19876304218750002 0.727365484375 0.12577203125
1 0.8913680578125 0.7119893046875 0.9734984156250001 0.7235319734375001 0.9826432484375 0.658463109375 0.9005128906250001 0.646920440625 0.8913680578125 0.7119893046875
1 0.8527574328125 0.6499074015625 0.9813066062500001 0.6679738093750001 0.99424390625 0.5759201390625 0.8656947328125 0.55785373125 0.8527574328125 0.6499074015625
1 0.7928987796875 0.8858625703125 0.9476281656250001 0.9076083671875 0.9623486203124999 0.8028668874999999 0.8076192359375 0.781121090625 0.7928987796875 0.8858625703125
1 0.822978528125 1 0.8236289812500001 0.995371790625 0.723642853125 0.98131965625 0.7210175015625 1 0.822978528125 1
1 0.2860981421875 0.8906995437499999 0.274500384375 0.97322188125 0.3459079953125 0.9832575671875 0.357505753125 0.9007352281250001 0.2860981421875 0.8906995437499999
1 0.36738665937500004 0.7613265859375 0.312643403125 0.753632921875 0.3021619296875 0.8282124859375 0.3569051859375 0.8359061499999999 0.36738665937500004 0.7613265859375
1 0.4292769640625 0.7700352203125 0.3697680421875 0.7616717859375 0.360176696875 0.8299177609375 0.41968561875 0.8382811953125 0.4292769640625 0.7700352203125
1 0.515274921875 0.7627033015625 0.4272029546875 0.75032559375 0.4185046359375 0.8122173484375 0.506576603125 0.82459505625 0.515274921875 0.7627033015625
1 0.349954659375 0.44492549375 0.2464097546875 0.43037320625 0.237488178125 0.493853515625 0.3410330828125 0.5084058031249999 0.349954659375 0.44492549375
1 0.167547675 0.3092396953125 0.0973314796875 0.299371453125 0.08930293125 0.35649754218749996 0.1595191265625 0.366365784375 0.167547675 0.3092396953125
1 0.1229373 0.6784155937499999 0.08128415 0.6725616249999999 0.07481550000000001 0.718588459375 0.11646864999999999 0.7244424281249999 0.1229373 0.6784155937499999
1 0.13946884843750001 0.79402898125 0.07876850937499999 0.7854981046875 0.071853346875 0.83470205 0.13255368437499998 0.8432329265625 0.13946884843750001 0.79402898125
1 0.73210560625 0.5844055359375 0.6654481859375 0.5750374468749999 0.6578661515625 0.6289864265625 0.7245235703125 0.638354515625 0.73210560625 0.5844055359375
1 0.776180109375 0.18440718125 0.728569878125 0.177716 0.7227709984375 0.21897716875 0.7703812296875 0.22566835 0.776180109375 0.18440718125
1 0.7500736265625 0.31829560468749996 0.6822247906250001 0.308760071875 0.67709568125 0.3452555765625 0.7449445171875 0.3547911078125 0.7500736265625 0.31829560468749996
1 0.391848725 0.6045595687499999 0.34066424375 0.5973660578125 0.3312961546875 0.6640234781250001 0.38248063593750004 0.6712169875 0.391848725 0.6045595687499999
1 0.9321987875 0.52514515625 0.8845885546875 0.518453975 0.8787896749999999 0.5597151453125 0.9263999078125 0.5664063265625 0.9321987875 0.52514515625
1 0.9866398640625 0.47453140312500003 0.9580768203125001 0.47051712968750004 0.9496017578125 0.5308203296875 0.9781648015625001 0.534834603125 0.9866398640625 0.47453140312500003
1 0.3501398546875 0.0290498265625 0.3180025609375 0.024533225 0.3139868375 0.05310658593749999 0.34612413124999997 0.05762318749999999 0.3501398546875 0.0290498265625