1 0.3040859375 0.0224270828125 0.2716328125 0.0224270828125 0.2716328125 0.0656979171875 0.3040859375 0.0656979171875 0.3040859375 0.0224270828125
1 0.2548125 0.2099270828125 0.1875 0.2099270828125 0.1875 0.27082291718749996 0.2548125 0.27082291718749996 0.2548125 0.2099270828125
1 0.42307812499999997 0.267625 0.35335937500000003 0.267625 0.35335937500000003 0.3237083328125 0.42307812499999997 0.3237083328125 0.42307812499999997 0.267625
1 0.1346171875 0.44390625000000006 0.031257812499999996 0.44390625000000006 0.031257812499999996 0.49838541718749996 0.1346171875 0.49838541718749996 0.1346171875 0.44390625000000006
1 0.3617734375 0.6506354171875001 0.2740390625 0.6506354171875001 0.2740390625 0.7051145828125 0.3617734375 0.7051145828125 0.3617734375 0.6506354171875001
1 0 0.9375104171875 0.046875 0.9375104171875 0.046875 0.8493645828125 0 0.8493645828125 0 0.9375104171875
1 0.412265625 0.9214687500000001 0.329328125 0.9214687500000001 0.329328125 0.9999895828125 0.412265625 0.9999895828125 0.412265625 0.9214687500000001
1 0.74759375 0.6330104171875 0.68990625 0.6330104171875 0.68990625 0.6939062500000001 0.74759375 0.6939062500000001 0.74759375 0.6330104171875
1 0.8161093749999999 0.5400729171875 0.7247656250000001 0.5400729171875 0.7247656250000001 0.6041770828125 0.8161093749999999 0.6041770828125 0.8161093749999999 0.5400729171875
1 0.9999921875 0.5977604171875 0.8810078125 0.5977604171875 0.8810078125 0.6794895828125 0.9999921875 0.6794895828125 0.9999921875 0.5977604171875
1 0.9351015625000001 0.3509583328125 0.8533671875 0.3509583328125 0.8533671875 0.3894166671875 0.9351015625000001 0.3894166671875 0.9351015625000001 0.3509583328125
1 0.9146640625 0.3012708328125 0.7992734375 0.3012708328125 0.7992734375 0.3525625 0.9146640625 0.3525625 0.9146640625 0.3012708328125
1 0.72115625 0.3092916671875 0.66946875 0.3092916671875 0.66946875 0.365375 0.72115625 0.365375 0.72115625 0.3092916671875
1 0.9134609375 0.4567291671875 0.8257265625000001 0.4567291671875 0.8257265625000001 0.5224375 0.9134609375 0.5224375 0.9134609375 0.4567291671875
1 0.9579296875000001 0.49039583281250004 0.9098515624999999 0.49039583281250004 0.9098515624999999 0.5496875 0.9579296875000001 0.5496875 0.9579296875000001 0.49039583281250004
1 0.998796875 0.5304479171875001 0.9591406250000001 0.5304479171875001 0.9591406250000001 0.5769270828125 0.998796875 0.5769270828125 0.998796875 0.5304479171875001
0 0.5673125 0.0737083328125 0.45071874999999995 0.0737083328125 0.45071874999999995 0.1666666671875 0.5673125 0.1666666671875 0.5673125 0.0737083328125
0 0.657453125 0.0576875 0.555296875 0.0576875 0.555296875 0.1025625 0.657453125 0.1025625 0.657453125 0.0576875
0 0.6430234375 0.205125 0.5504765625 0.205125 0.5504765625 0.2820416671875 0.6430234375 0.2820416671875 0.6430234375 0.205125
0 0.7740390625 0.1778854171875 0.6322109375 0.1778854171875 0.6322109375 0.2692395828125 0.7740390625 0.2692395828125 0.7740390625 0.1778854171875
0 0.7391875 0.40063541718750006 0.56971875 0.40063541718750006 0.56971875 0.52403125 0.7391875 0.52403125 0.7391875 0.40063541718750006
1 0.5408593749999999 0.4871875 0.46995312499999997 0.4871875 0.46995312499999997 0.5496875 0.5408593749999999 0.5496875 0.5408593749999999 0.4871875
1 0.530046875 0.4246666671875 0.47595312500000003 0.4246666671875 0.47595312500000003 0.4759583328125 0.530046875 0.4759583328125 0.530046875 0.4246666671875
1 0.5733203125 0.42467708281250005 0.5300546875000001 0.42467708281250005 0.5300546875000001 0.4679479171875 0.5733203125 0.4679479171875 0.5733203125 0.42467708281250005