0 0.6983125 0.12498958281250001 0.58053125 0.12498958281250001 0.58053125 0.1923020828125 0.6983125 0.1923020828125 0.6983125 0.12498958281250001
0 0.6201953125 0.15865625 0.48917968749999996 0.15865625 0.48917968749999996 0.2756354171875 0.6201953125 0.2756354171875 0.6201953125 0.15865625
0 0.905046875 0.3429583328125 0.610578125 0.3429583328125 0.610578125 0.52725 0.905046875 0.52725 0.905046875 0.3429583328125
0 0.5372656250000001 0.52403125 0.389421875 0.52403125 0.389421875 0.6506354171875001 0.5372656250000001 0.6506354171875001 0.5372656250000001 0.52403125
1 0.22356250000000003 1 0.22356250000000003 0.9407083328124999 0.013218750000000001 0.9407083328124999 0.013218750000000001 1 0.22356250000000003 1
1 0.16707031249999998 0.3766041671875 0.0588984375 0.3766041671875 0.0588984375 0.5048125 0.16707031249999998 0.5048125 0.16707031249999998 0.3766041671875
1 0.7704375 0.1169895828125 0.71275 0.1169895828125 0.71275 0.1843020828125 0.7704375 0.1843020828125 0.7704375 0.1169895828125
1 0.9110546875000001 0.2932604171875 0.8389453124999999 0.2932604171875 0.8389453124999999 0.3429479171875 0.9110546875000001 0.3429479171875 0.9110546875000001 0.2932604171875
1 0.7740390625 0.3028854171875 0.7259609375 0.3028854171875 0.7259609375 0.33653125 0.7740390625 0.33653125 0.7740390625 0.3028854171875
1 0.9663515625000001 0.3493645828125 0.9230859375 0.3493645828125 0.9230859375 0.41346875 0.9663515625000001 0.41346875 0.9663515625000001 0.3493645828125
1 0.8930234374999999 0.5384583328125 0.8028828125 0.5384583328125 0.8028828125 0.633 0.8930234374999999 0.633 0.8930234374999999 0.5384583328125
1 0.9999921875 0.7644270828125 0.9567265624999999 0.7644270828125 0.9567265624999999 0.85578125 0.9999921875 0.85578125 0.9999921875 0.7644270828125
1 0.8858124999999999 0.91346875 0.8149062499999999 0.91346875 0.8149062499999999 0.9919895828125 0.8858124999999999 0.9919895828125 0.8858124999999999 0.91346875
1 0.6226015625 0.927875 0.5408671875 0.927875 0.5408671875 0.9759583328125 0.6226015625 0.9759583328125 0.6226015625 0.927875