0 0.3834699125 0.197701240625 0.36702403125 0.0097239703125 0.2137553265625 0.023133245312500002 0.23020120624999998 0.211110515625 0.3834699125 0.197701240625
0 0.6322887828125 0.33881786406250003 0.6518783984375001 0.5627281875000001 0.806745165625 0.5491791015625 0.7871555515625 0.32526877656250003 0.6322887828125 0.33881786406250003
0 0.5874666546875 0.580417165625 0.5969993140625001 0.6893759609375001 0.66884985625 0.683089853125 0.659317196875 0.5741310578125 0.5874666546875 0.580417165625
0 0.7896493640625 0.5193054203125 0.8002292546875 0.6402341171875 0.8880396671874999 0.6325517015625 0.8774597765625 0.5116230046875 0.7896493640625 0.5193054203125
0 0.8454163875 0.43961833281249996 0.8547393281250001 0.5461800343750001 0.894649378125 0.5426883578125 0.8853264375000001 0.43612665625 0.8454163875 0.43961833281249996
1 0.8780687796875 0.44519997968749997 0.880792396875 0.4763310640625 0.9095367640625 0.47381625781250003 0.9068131484374999 0.4426851734375 0.8780687796875 0.44519997968749997
1 0.42750795156250004 0.7379893453124999 0.439135071875 0.87088794375 0.5317396703124999 0.862786090625 0.52011255 0.7298874921875 0.42750795156250004 0.7379893453124999
1 0.37430211562500004 0.8283061593750001 0.388234778125 0.9875572203124999 0.46485875312499997 0.9808534921875 0.450926090625 0.8216024296875 0.37430211562500004 0.8283061593750001
1 0.33632745625 0.26577213125 0.3428219203125 0.340004203125 0.4098782765625 0.33413753125 0.4033838109375 0.2599054609375 0.33632745625 0.26577213125
1 0.33722781562500004 0.3127552578125 0.3433042046875 0.38220870625000003 0.408762496875 0.3764818484375 0.4026861078125 0.3070284 0.33722781562500004 0.3127552578125
1 0.5219360187500001 0.2543722125 0.52968743125 0.342971278125 0.57918585625 0.3386407265625 0.5714344421875001 0.2500416609375 0.5219360187500001 0.2543722125
1 0.5304673859375 0.167948221875 0.536438915625 0.23620312499999999 0.6050933328125 0.2301966421875 0.599121803125 0.1619417390625 0.5304673859375 0.167948221875
1 0.1918387921875 0.177074503125 0.2044096453125 0.320760021875 0.2714660015625 0.3148933515625 0.258895146875 0.17120783125 0.1918387921875 0.177074503125
1 0.30896239531249997 0.5963526124999999 0.311371434375 0.62388805625 0.3528795453125 0.6202565671875 0.35047050625 0.5927211234375 0.30896239531249997 0.5963526124999999
1 0.6367522453125 0.1876112734375 0.6437710062499999 0.267836078125 0.6820829953125 0.2644842125 0.675064234375 0.1842594078125 0.6367522453125 0.1876112734375