0 0.5483420421874999 0.183687215625 0.3711283453125 0.19919140468750002 0.3783913234375 0.282207628125 0.555605021875 0.2667034390625 0.5483420421874999 0.183687215625
0 0.4289918484375 0.2262930640625 0.2146698984375 0.2450438046875 0.2297551046875 0.4174685046875 0.44407705468750003 0.39871776406250004 0.4289918484375 0.2262930640625
0 0.70630974375 0.3757753765625 0.3518979140625 0.40678239375 0.37243035468749996 0.6414692609375 0.7268421843749999 0.61046224375 0.70630974375 0.3757753765625
0 0.5314298578125001 0.6661638437499999 0.339849165625 0.6829249828124999 0.3574473625 0.8840732953125 0.5490280546874999 0.8673121578125 0.5314298578125001 0.6661638437499999
1 0.48524934999999997 0.152212165625 0.428979915625 0.157135103125 0.431354909375 0.18428140937499998 0.48762434375 0.179358471875 0.48524934999999997 0.152212165625
1 0.7197097609374999 0.625568440625 0.6670204 0.6301781625 0.6707917015625 0.6732843390625 0.7234810625 0.6686746171875 0.7197097609374999 0.625568440625
1 1 0.6798565359375 0.962440403125 0.6831425765625 0.977525609375 0.855567275 1 0.8536010203125001 1 0.6798565359375
1 0.8555686265625001 0.8131601546875 0.8692557093750001 0.9696042296874999 0.9578547765625001 0.9618528156249999 0.9441676921875001 0.805408740625 0.8555686265625001 0.8131601546875
1 0.9075785749999999 0.4836441140625 0.8069940421874999 0.4924441203125 0.8116024015625 0.545117915625 0.912186934375 0.536317909375 0.9075785749999999 0.4836441140625
1 0.7366019546875 0.36346338437500003 0.6755383328125 0.368805759375 0.6797290703125001 0.4167061203125 0.7407926921875 0.41136374687500005 0.7366019546875 0.36346338437500003
1 0.6639594609375 0.3054802015625 0.6028958390625 0.3108225765625 0.6051310203125 0.33637081874999997 0.6661946421875 0.3310284453125 0.6639594609375 0.3054802015625
1 0.5971008656250001 0.32741160156250004 0.54083143125 0.3323345390625 0.5443231078124999 0.3722445890625 0.6005925421875 0.3673216515625 0.5971008656250001 0.32741160156250004