0 0.536872309375 0.7589668281249999 0.3920370734375 0.73602718125 0.37323560625 0.8547349734375 0.5180708421875 0.8776746203125001 0.536872309375 0.7589668281249999
0 0.6306701171875 0.8581844875 0.5155118296875 0.8399452078125 0.5024756234375001 0.9222525703125 0.6176339109375 0.9404918515625 0.6306701171875 0.8581844875
0 0.8237991499999999 0.6145638171875001 0.6409842109375 0.5856087765625 0.6149118 0.7502234999999999 0.7977267390625 0.7791785421874999 0.8237991499999999 0.6145638171875001
0 0.637870178125 0.58998805 0.525088515625 0.5721251890625 0.507789471875 0.6813470578125 0.620571134375 0.69920991875 0.637870178125 0.58998805
0 0.7949489921875 0.0745690953125 0.5563296625 0.03677550625 0.52524483125 0.233037409375 0.7638641609375 0.2708309984375 0.7949489921875 0.0745690953125
1 0.6141751421875 0.20167766718750002 0.5203910484375001 0.1868237265625 0.5061001078125 0.277053171875 0.5998842015625 0.2919071125 0.6141751421875 0.20167766718750002
1 0.5309567828125 0.173900803125 0.4716028859375 0.16450006875 0.458817628125 0.24522301249999998 0.518171525 0.254623746875 0.5309567828125 0.173900803125
1 0.4739322890625 0.1421518234375 0.4027107 0.1308714328125 0.3824035515625 0.259085725 0.4536251390625 0.2703661171875 0.4739322890625 0.1421518234375
1 0.422418159375 0.0447482046875 0.3191429984375 0.028391024999999997 0.30259679375 0.1328596453125 0.40587195625000005 0.1492168234375 0.422418159375 0.0447482046875
1 0.4331599453125 0 0.4177099953125 0.0975471453125 0.492496521875 0.1093921671875 0.5098225390625 0 0.4331599453125 0
1 0.35843924843749997 0.45648595625 0.2432809609375 0.438246675 0.23124854374999998 0.5142163703125 0.34640683125 0.53245565 0.35843924843749997 0.45648595625
1 1 0.413696359375 0.9410709390625 0.4043629125 0.9262813640625 0.4977406125 1 0.5094164984375 1 0.413696359375
1 1 0.4915718 0.8910511015625 0.47431599062499996 0.8747558453125001 0.5772001921875 0.9910870125000001 0.5956252390625 1 0.5393508546875 1 0.4915718
1 1 0.24333855468749999 0.9044661171874999 0.2282074734375 0.8861665437499999 0.3437464328125 1 0.36177588125 1 0.24333855468749999
1 0.7594190265625 0.406419528125 0.69887681875 0.396830584375 0.6813268265625 0.5076368703125 0.7418690359375 0.5172258140625 0.7594190265625 0.406419528125
1 0.12402628125 0.5150892765624999 0.0444865046875 0.5024914140625001 0.0269365140625 0.6132977000000001 0.106476290625 0.6258955625 0.12402628125 0.5150892765624999
1 0.280189159375 0.0822626359375 0.194723253125 0.068726165625 0.18645178125 0.1209501875 0.2719176875 0.13448665625 0.280189159375 0.0822626359375
1 0.2223871390625 0.2013005453125 0.16540986875000002 0.19227623124999998 0.15864081875 0.23501432812499998 0.21561809062499998 0.2440386421875 0.2223871390625 0.2013005453125
1 0.24451728281250001 0.8684237734375 0.1804101359375 0.8582701984375 0.1706329828125 0.9200007203125 0.23474012812499997 0.93015429375 0.24451728281250001 0.8684237734375