1 0.3557734375 0.42788541718750006 0.2476015625 0.42788541718750006 0.2476015625 0.5096145828124999 0.3557734375 0.5096145828124999 0.3557734375 0.42788541718750006
1 0.1382265625 0.3108958328125 0.0228359375 0.3108958328125 0.0228359375 0.40064583281250005 0.1382265625 0.40064583281250005 0.1382265625 0.3108958328125
1 0.3101015625 0.0352604171875 0.2488046875 0.0352604171875 0.2488046875 0.1105729171875 0.3101015625 0.1105729171875 0.3101015625 0.0352604171875
1 0.7295625 0.11697916718750001 0.68028125 0.11697916718750001 0.68028125 0.1794791671875 0.7295625 0.1794791671875 0.7295625 0.11697916718750001
1 0.72475 0.2596041671875 0.6670625 0.2596041671875 0.6670625 0.3076875 0.72475 0.3076875 0.72475 0.2596041671875
1 0.8593671875 0.28844791718749996 0.8161015624999999 0.28844791718749996 0.8161015624999999 0.3381354171875 0.8593671875 0.3381354171875 0.8593671875 0.28844791718749996
1 1 0.4679479171875 0.88221875 0.4679479171875 0.88221875 0.5849270828125 1 0.5849270828125 1 0.4679479171875
1 1 0.5560833328125 0.93028125 0.5560833328125 0.93028125 0.625 1 0.625 1 0.5560833328125
1 1 0.7275625 0.859375 0.7275625 0.859375 0.8349375 1 0.8349375 1 0.7275625
1 0.9086562499999999 1 0.9086562499999999 0.9230833328125 0.7860625 0.9230833328125 0.7860625 1 0.9086562499999999 1
1 0.5721093749999999 0.7323645828124999 0.480765625 0.7323645828124999 0.480765625 0.7964687500000001 0.5721093749999999 0.7964687500000001 0.5721093749999999 0.7323645828124999
1 0.48317187500000003 0.76121875 0.415859375 0.76121875 0.415859375 0.8221145828124999 0.48317187500000003 0.8221145828124999 0.48317187500000003 0.76121875
1 0.4170625 0.7676354171875001 0.35696875 0.7676354171875001 0.35696875 0.8317395828124999 0.4170625 0.8317395828124999 0.4170625 0.7676354171875001
1 0.387015625 0.8189062500000001 0.262015625 0.8189062500000001 0.262015625 0.9182604171875001 0.387015625 0.9182604171875001 0.387015625 0.8189062500000001
1 0.44350781250000004 0.9006354171875 0.3713984375 0.9006354171875 0.3713984375 0.9999895828125 0.44350781250000004 0.9999895828125 0.44350781250000004 0.9006354171875
0 0.6766875 0.08653125 0.56971875 0.08653125 0.56971875 0.1506354171875 0.6766875 0.1506354171875 0.6766875 0.08653125
0 0.5997578125 0.1378229171875 0.44230468749999996 0.1378229171875 0.44230468749999996 0.24359375 0.5997578125 0.24359375 0.5997578125 0.1378229171875
0 0.657453125 0.3060833328125 0.512015625 0.3060833328125 0.512015625 0.42787499999999995 0.657453125 0.42787499999999995 0.657453125 0.3060833328125
0 0.8389374999999999 0.2932604171875 0.65625 0.2932604171875 0.65625 0.4054479171875 0.8389374999999999 0.4054479171875 0.8389374999999999 0.2932604171875
0 0.75240625 0.48717708281250005 0.67909375 0.48717708281250005 0.67909375 0.5753229171875 0.75240625 0.5753229171875 0.75240625 0.48717708281250005