1 0.66897719375 0.8041684484375 0.6724589640625 0.7044635968749999 0.5427255421875 0.69993320625 0.539243771875 0.79963805625 0.66897719375 0.8041684484375
1 0.9782005874999999 0.260535271875 0.98633816875 0.027505439062499998 0.8421968640624999 0.0224719140625 0.8340592828125001 0.255501746875 0.9782005874999999 0.260535271875
1 0.5935185578125 0.9446361734375 0.59502850625 0.9013969046874999 0.5469744624999999 0.8997188203125001 0.5454645140625 0.9429580890624999 0.5935185578125 0.9446361734375
1 0.6060210875 1 0.60722359375 0.965564721875 0.560772740625 0.963942621875 0.559556165625 0.9987807609375 0.59447059375 1 0.6060210875 1
1 0.170915928125 0.41876251875000003 0.1728037734375 0.364701721875 0.123146540625 0.362967653125 0.12125869687499999 0.41702845 0.170915928125 0.41876251875000003
1 0.3807840359375 0.6076784546875 0.382545915625 0.557224834375 0.32489355625 0.55521156875 0.323131678125 0.605665190625 0.3807840359375 0.6076784546875
1 0.330447690625 0.533759525 0.33246095468750003 0.4761071671875 0.2635862703125 0.473702009375 0.2615730046875 0.53135436875 0.330447690625 0.533759525
0 0.257444571875 0.5119797359375 0.26344292343750003 0.3402094375 0.20258418437499998 0.338084203125 0.196585834375 0.5098545015625 0.257444571875 0.5119797359375
0 0.409752396875 0.37538386562500003 0.41646400625 0.1831885171875 0.2434861109375 0.177147996875 0.23677450156250002 0.3693433453125 0.409752396875 0.37538386562500003
0 0.5966102546875 0.534642753125 0.6068870656249999 0.240353384375 0.3490234109375 0.2313485875 0.3387466 0.5256379546875001 0.5966102546875 0.534642753125
0 0.8162712593749999 0.48939062031249997 0.8236535921874999 0.2779882296875 0.687528234375 0.27323462656249997 0.6801459000000001 0.48463701718749996 0.8162712593749999 0.48939062031249997
1 0.7684202625000001 0.7114262140625 0.7712727515625 0.6297416296875 0.6751854859375 0.6263861890625 0.6723329984374999 0.7080707734375 0.7684202625000001 0.7114262140625
1 0.8506646218749999 0.744363440625 0.8538944609374999 0.6518729421875 0.781813396875 0.6493558171875 0.7785835578125 0.7418463140625 0.8506646218749999 0.744363440625