1 0.512015625 0.1186041671875 0.472359375 0.1186041671875 0.472359375 0.1714791671875 0.512015625 0.1714791671875 0.512015625 0.1186041671875
1 1 0.6330208328125 0.90625 0.6330208328125 0.90625 0.7788541671875 1 0.7788541671875 1 0.6330208328125
1 0.936296875 0.7227604171875 0.8245156250000001 0.7227604171875 0.8245156250000001 0.8525729171875 0.936296875 0.8525729171875 0.936296875 0.7227604171875
1 0.3858125 0.8301354171875 0.21153125 0.8301354171875 0.21153125 0.9567395828124999 0.3858125 0.9567395828124999 0.3858125 0.8301354171875
1 0.44592187499999997 0.8701874999999999 0.376203125 0.8701874999999999 0.376203125 0.9054375 0.44592187499999997 0.9054375 0.44592187499999997 0.8701874999999999
1 0.7644296875000001 0.8717916671875001 0.7115390625 0.8717916671875001 0.7115390625 0.9230833328125 0.7644296875000001 0.9230833328125 0.7644296875000001 0.8717916671875001
1 0.740375 0.5496875 0.65384375 0.5496875 0.65384375 0.6025625 0.740375 0.6025625 0.740375 0.5496875
1 0.8641875000000001 0.46313541718750006 0.8125 0.46313541718750006 0.8125 0.5064062500000001 0.8641875000000001 0.5064062500000001 0.8641875000000001 0.46313541718750006
1 0.62259375 0.30609375 0.5733125 0.30609375 0.5733125 0.34615625 0.62259375 0.34615625 0.62259375 0.30609375
1 0.75240625 0.3605729171875 0.6923125 0.3605729171875 0.6923125 0.3974270828125 0.75240625 0.3974270828125 0.75240625 0.3605729171875
0 0.5769140625 0.5945520828124999 0.39542968749999996 0.5945520828124999 0.39542968749999996 0.7323645828124999 0.5769140625 0.7323645828124999 0.5769140625 0.5945520828124999
0 0.5853359375 0.1762708328125 0.4351015625 0.1762708328125 0.4351015625 0.24518749999999997 0.5853359375 0.24518749999999997 0.5853359375 0.1762708328125
0 0.4423125 0.1987083328125 0.3016875 0.1987083328125 0.3016875 0.34775 0.4423125 0.34775 0.4423125 0.1987083328125
0 0.7055234375 0.3381458328125 0.3918203125 0.3381458328125 0.3918203125 0.5256458328125 0.7055234375 0.5256458328125 0.7055234375 0.3381458328125