0 0.8625562359375 0.77872290625 0.8865576703125001 0.6426040109375 0.79975096875 0.627297646875 0.7757495343749999 0.76341654375 0.8625562359375 0.77872290625
0 0.882641603125 0.8493937171875 0.8985032796875 0.759437684375 0.8369527937499999 0.7485846734375 0.8210911187500001 0.8385407062500001 0.882641603125 0.8493937171875
0 0.403392028125 0.9186786203124999 0.436368903125 0.7316574734375 0.286431921875 0.7052195390625 0.2534550484375 0.8922406859375 0.403392028125 0.9186786203124999
0 0.6938171671875 0.8405008453124999 0.7115564140624999 0.739896578125 0.6468463375 0.7284864468750001 0.629107090625 0.8290907140625 0.6938171671875 0.8405008453124999
0 0.7037936375 0.9777400890625 0.7277950718749999 0.8416211921875 0.6267907265625 0.8238114015625 0.6027892921875 0.9599302984375001 0.7037936375 0.9777400890625
1 0.526415653125 0.211738946875 0.548121675 0.088637978125 0.486571190625 0.0777849671875 0.46486516718750004 0.2008859359375 0.526415653125 0.211738946875
1 0.1824004125 0.48304495000000003 0.20097534062500003 0.37770129531249996 0.12680700625000002 0.3646234171875 0.10823207812499999 0.46996707187500003 0.1824004125 0.48304495000000003
1 0.33661672343750004 0.7067462953125 0.35122758906249996 0.6238839546875 0.2581222234375 0.6074669671875 0.24351135625000003 0.69032930625 0.33661672343750004 0.7067462953125
1 0.1447105453125 0.8999114374999999 0.13698862812499998 0.9437046062500001 0.20643809218750003 0.955950421875 0.21416000937500002 0.9121572515624999 0.1447105453125 0.8999114374999999
1 0.42541080156250005 0.7199597171875001 0.4329237984375 0.67735139375 0.3839911625 0.66872325 0.37647816562499997 0.711331571875 0.42541080156250005 0.7199597171875001
1 0.4355027171875 0.7827599859375 0.4484422203125 0.7093764218749999 0.39321091875 0.699637653125 0.3802714171875 0.7730212187500001 0.4355027171875 0.7827599859375
1 0.42923927187500005 0.6705932859375 0.43758795156249997 0.6232455765625 0.385516240625 0.614063928125 0.3771675625 0.6614116390625 0.42923927187500005 0.6705932859375
1 0.5360232265625 0.9139901203124999 0.5452075875 0.8619030234375 0.5025941359375 0.8543891218749999 0.49340977500000005 0.90647621875 0.5360232265625 0.9139901203124999
1 0.836319746875 0.899803346875 0.8436238234375001 0.858379871875 0.8073295546875 0.8519802125 0.800025478125 0.8934036890625 0.836319746875 0.899803346875
0 0.6690693140625 0.5932756453125 0.6838891015625 0.5092284578124999 0.6270780031250001 0.4992111296875 0.6122582171875 0.583258315625 0.6690693140625 0.5932756453125
1 0.385581315625 0.5213145953125 0.3933032328125 0.47752142500000005 0.34910998437499996 0.4697289640625 0.3413880671875 0.5135221328124999 0.385581315625 0.5213145953125
1 0.5104126484375 0.505493153125 0.5175078046875 0.4652545234375 0.47647414843749997 0.4580191828125 0.4693789921875 0.4982578125 0.5104126484375 0.505493153125
0 0.7842139703125001 0.41097734687500004 0.79673563125 0.339963475 0.7257063734375 0.3274391 0.7131847109375 0.398452971875 0.7842139703125001 0.41097734687500004