0 0.2382864890625 0.6472060046875 0.22628978593750002 0.9907466015624999 0.4825502515625 0.9996954140625001 0.49454695312499997 0.6561548171875 0.2382864890625 0.6472060046875
0 0.133449125 0.6651910015625 0.1284154171875 0.8093375125 0.2228994921875 0.81263696875 0.2279332 0.6684904578124999 0.133449125 0.6651910015625
1 0.5603177640625 0.7474432953125 0.555703396875 0.8795815015624999 0.6357795875 0.8823778234375 0.6403939546874999 0.7502396171875 0.5603177640625 0.7474432953125
1 0.7743944890625001 1 0.777363196875 0.9149873218750001 0.6508361546875 0.9105689015625 0.6477131515625 1 0.7743944890625001 1
1 0.6397475625 0.6311523265625001 0.6341685515625 0.7909143203125 0.691820909375 0.792927584375 0.697399921875 0.633165590625 0.6397475625 0.6311523265625001
1 0.44376489374999994 0.41143659843749997 0.4414996984375 0.47630330781249997 0.51516313125 0.4788756921875 0.5174283265625 0.41400898125 0.44376489374999994 0.41143659843749997
1 0.79520361875 0.31187535781250003 0.7924770953125 0.38995276562500003 0.8901675484375 0.3933641921875 0.892894071875 0.3152867828125 0.79520361875 0.31187535781250003
1 0.8371307046875 0.213513046875 0.83440418125 0.2915904546875 0.8984692984375 0.2938276578125 0.9011958203124999 0.21575025 0.8371307046875 0.213513046875
1 1 0.1338126140625 0.8833533609374999 0.1297392234375 0.8769356703125 0.313517828125 1 0.317815328125 1 0.1338126140625
1 0.5978053890624999 0.13299447656250002 0.5948689234375 0.2170838453125 0.6637436078125 0.2194890015625 0.6666800734375 0.1353996328125 0.5978053890624999 0.13299447656250002
1 0.899900746875 0.068975015625 0.9018300343749999 0.0137274421875 0.813737896875 0.010651196875000001 0.811808609375 0.0658987703125 0.899900746875 0.068975015625
1 0.9720968203125 0.0679002171875 0.9739006890624999 0.0162442046875 0.9050260031249999 0.013839046875 0.9032221359375001 0.0654950609375 0.9720968203125 0.0679002171875