0 0.4664987421875 0.8700016406250001 0.6038024859375 0.8942119953125 0.6324652875 0.7316571656249999 0.4951615453125 0.7074468109375001 0.4664987421875 0.8700016406250001
0 0.30363005468750004 0.859180390625 0.4728938859375 0.8890261718750001 0.4865288859375 0.8116982453125001 0.317265053125 0.7818524640625 0.30363005468750004 0.859180390625
0 0.3061972703125 0.740828146875 0.584359296875 0.7898756171875 0.6130221 0.6273207875 0.334860071875 0.5782733171875 0.3061972703125 0.740828146875
1 0.5616136140625 0.48970942187500005 0.7770403109374999 0.5276949609375 0.7920681125 0.44246805624999996 0.5766414171875 0.4044825171875 0.5616136140625 0.48970942187500005
0 0.42607177656250006 0.5732016796875 0.571669446875 0.5988744765625 0.593096909375 0.47735330468750004 0.44749923750000004 0.45168050624999995 0.42607177656250006 0.5732016796875
1 1 0.31802827968749997 0.8444771843750001 0.2906054109375 0.8152572609375 0.45631983125 0.9785968593750001 0.48512100937499997 1 0.3637377671875 1 0.31802827968749997
1 0.169843225 0.5589392984375 0.238502790625 0.57104583125 0.2513021078125 0.49845729375000003 0.1826425421875 0.48635076093749996 0.169843225 0.5589392984375
1 0.25171599218749996 0.509922090625 0.3274692515625 0.523279434375 0.3477824703125 0.40807744375 0.2720292125 0.3947201 0.25171599218749996 0.509922090625
1 0.08771988750000001 0.28409700781249997 0.17649107343749998 0.2997497640625 0.19430086562499999 0.19874541875 0.105529678125 0.1830926625 0.08771988750000001 0.28409700781249997
1 0.10629272812499999 0.1995057671875 0.16547351875 0.2099409375 0.1782728359375 0.13735239999999999 0.11909204531249999 0.12691722968750002 0.10629272812499999 0.1995057671875
1 0.125439446875 0.1670880625 0.21895002031250002 0.1835765 0.23870973593749997 0.0715135828125 0.1451991625 0.055025146875 0.125439446875 0.1670880625