1 0.13351701093749999 0.387248846875 0.2916237796875 0.35074702343749997 0.274682153125 0.27736477812500004 0.11657538593750001 0.3138666015625 0.13351701093749999 0.387248846875
1 0.2752237859375 0.48281058281250006 0.33260504687500003 0.46956307500000005 0.31854560625 0.4086649453125 0.26116434375 0.42191245312500003 0.2752237859375 0.48281058281250006
1 0.3473965765625 0.46945159687500004 0.38955330625 0.45971894999999996 0.37837605 0.4113049375 0.3362193203125 0.42103758437499994 0.3473965765625 0.46945159687500004
1 0.394511265625 0.46514907499999997 0.4343234171875 0.455957715625 0.42098569531249996 0.398185690625 0.3811735421875 0.40737705 0.394511265625 0.46514907499999997
1 0.7734115859374999 0.4500488640625 0.8776387328125 0.42598613125 0.8621358562499999 0.3588357953125 0.757908709375 0.382898528125 0.7734115859374999 0.4500488640625
1 0.853133628125 0.362560484375 0.9749298859375 0.33444160312500004 0.9608704453125 0.2735434734375 0.8390741875 0.30166235625 0.853133628125 0.362560484375
1 0.7580927375 0.41575122656249996 0.785024934375 0.4095334390625 0.775291115625 0.367371634375 0.7483589171875 0.373589421875 0.7580927375 0.41575122656249996
1 0.34442401718750004 0.6543273828125 0.39595905937500003 0.6424295796874999 0.38334305468749996 0.587783659375 0.33180801249999997 0.5996814609375 0.34442401718750004 0.6543273828125
1 0.20759260624999998 0.6760499171875 0.28371526875 0.658475615625 0.271460121875 0.6053927453125 0.19533746093749998 0.622967046875 0.20759260624999998 0.6760499171875
1 0.11984404687500001 0.7127612046875 0.1690345109375 0.7014046921875 0.15966154999999999 0.6608059390625 0.11047108750000001 0.6721624515625 0.11984404687500001 0.7127612046875
1 0.0734437953125 0.6987994859375 0.09570206249999999 0.6936607593749999 0.0877725375 0.659314215625 0.065514271875 0.664452940625 0.0734437953125 0.6987994859375
1 0.42580733437499996 0.8411414859375 0.4995854171875 0.8241084734375 0.49093417500000003 0.7866358250000001 0.417156090625 0.8036688375000001 0.42580733437499996 0.8411414859375
1 0.559310759375 0.917215778125 0.6272426234374999 0.901532471875 0.6189522390625 0.8656228765625 0.5510203765624999 0.8813061828125001 0.559310759375 0.917215778125
0 0.5558886249999999 0.8916961078125001 0.68587568125 0.86168623125 0.6765027203125 0.821087478125 0.5465156640625 0.8510973546875 0.5558886249999999 0.8916961078125001
0 0.655621265625 0.8587928375 0.75515925625 0.83581268125 0.733892009375 0.7436941109374999 0.6343540171875001 0.7666742656250001 0.655621265625 0.8587928375
0 0.42912494843750004 0.8074803703125 0.6457852671875 0.75746039375 0.6180272437500001 0.6372271875 0.40136692500000004 0.6872471640625 0.42912494843750004 0.8074803703125
0 0.6284781765624999 0.639742796875 0.7479298578125 0.6121652046875 0.7345921343749999 0.554393178125 0.6151404546875 0.581970771875 0.6284781765624999 0.639742796875
0 0 0.5088670625 0.004248832812500001 0.527270778125 0.20099546250000003 0.48184824062500003 0.169272678125 0.34444176249999997 0 0.3835214390625 0 0.5088670625