0 0.139485725 0.301167878125 0.1672450140625 0.45859862968750004 0.306123425 0.43411061875 0.2783641359375 0.27667986718750004 0.139485725 0.301167878125
0 0.0870217484375 0.2066865171875 0.11164994375 0.34635995468749997 0.179519609375 0.3343927015625 0.1548914140625 0.1947192640625 0.0870217484375 0.2066865171875
0 0.4562556703125 0 0.4494804375 0.00119465625 0.4853781296875 0.204780578125 0.6510925515625 0.175560653125 0.620136471875 0 0.4562556703125 0
1 0.6964362359375 0.3128030765625 0.7210644312500001 0.4524765140625 0.7999721531249999 0.43856295312500004 0.7753439578125 0.298889515625 0.6964362359375 0.3128030765625
1 0.5369857671875 0.7558868609375 0.5497163484375001 0.828085578125 0.6160062203125001 0.8163968859375 0.6032756390625 0.7441981671875 0.5369857671875 0.7558868609375
1 0.5050720453124999 0.7871298328125 0.5134207234375 0.8344775437499999 0.552874584375 0.8275207640625 0.54452590625 0.780173053125 0.5050720453124999 0.7871298328125
1 0.43867372343750005 0.8073815124999999 0.44723132187500003 0.85591406875 0.47878620312500003 0.8503500921875 0.470228603125 0.8018175359375 0.43867372343750005 0.8073815124999999
1 0.5170883671875 0.8460397578125001 0.523974603125 0.885093540625 0.5429116359374999 0.8817544296875001 0.5360254 0.8427006484374999 0.5170883671875 0.8460397578125001
1 0.7413741046875 0.8260232265624999 0.7495138625 0.8721860906250001 0.7826485390625 0.866343553125 0.77450878125 0.8201806890625001 0.7413741046875 0.8260232265624999
1 0.5230951359375 0.603324934375 0.529981371875 0.6423787171875001 0.575754415625 0.6343076937500001 0.5688681812499999 0.5952539125 0.5230951359375 0.603324934375
1 0.3011368734375 0.0920374765625 0.3096944734375 0.14057003437499999 0.3475685375 0.1338918140625 0.3390109375 0.0853592578125 0.3011368734375 0.0920374765625
1 0.101632515625 0.141859834375 0.1097722734375 0.188022696875 0.15080593125 0.18078735625 0.142666171875 0.13462449375000002 0.101632515625 0.141859834375
1 0.3392312703125 0.6772427249999999 0.3471621078125 0.722220740625 0.37715771249999996 0.71693170625 0.369226875 0.671953690625 0.3392312703125 0.6772427249999999
1 0.07964213437499999 0.6632082515625 0.087364053125 0.707001421875 0.12207852500000001 0.7008803234375 0.11435660781250001 0.6570871546875 0.07964213437499999 0.6632082515625