0 0.3346391703125 0.770798271875 0.4979065875 0.7300911328125 0.4661140171875 0.6025781015625 0.3028466015625 0.643285240625 0.3346391703125 0.770798271875
1 0.11123416875 0.6299527874999999 0.1695428765625 0.6154147937500001 0.1544227578125 0.5547713109375 0.09611404999999999 0.5693093046875 0.11123416875 0.6299527874999999
1 0.1316964765625 0.22516611250000002 0.2145051515625 0.204519590625 0.1900811203125 0.10656015 0.10727244531249999 0.127206671875 0.1316964765625 0.22516611250000002
1 0.0601735875 0.2413454953125 0.1406474890625 0.2212810984375 0.1231988734375 0.15129851875 0.0427249703125 0.171362915625 0.0601735875 0.2413454953125
1 0.1331987515625 0.33049386406250003 0.1728444296875 0.32060908593750004 0.161988184375 0.277067065625 0.12234250625000001 0.28695184375 0.1331987515625 0.33049386406250003
1 0.4006305015625 0.2852974921875 0.44961527500000004 0.2730842171875 0.4341070734375 0.2108842171875 0.38512230000000003 0.22309749375000001 0.4006305015625 0.2852974921875
1 0.1026155375 0.1283570359375 0.0921498953125 0.0863816375 0.018680315625 0.10469966093750001 0.0291459578125 0.146675059375 0.1026155375 0.1283570359375
1 0.8782023296875 0.4667996328125 0.9889979734375001 0.4391751765625 0.9758182703125 0.3863142734375 0.8650226265625 0.4139387296875 0.8782023296875 0.4667996328125
1 0.7778905171875 0.511638753125 0.8548622578125 0.4924475421875 0.841294471875 0.4380301234375 0.7643227312499999 0.45722133437499995 0.7778905171875 0.511638753125
1 0.19205226250000001 0.680829028125 0.237534875 0.6694889390625 0.23016633749999998 0.6399353484375 0.18468372500000002 0.6512754375 0.19205226250000001 0.680829028125
1 0.2743818484375 0.7825262921875 0.3117079109375 0.7732198593749999 0.30550362343750004 0.7483358171875001 0.268177559375 0.75764225 0.2743818484375 0.7825262921875
1 0.786282946875 0.7837217171875 0.8294307859375 0.772963753125 0.8197387890625001 0.7340912796875 0.7765909515625 0.74484924375 0.786282946875 0.7837217171875
1 0.705587109375 0.5395749390625 0.7592262703125 0.52620119375 0.7537981484375 0.5044301828125 0.7001589874999999 0.517803928125 0.705587109375 0.5395749390625
1 0.9188474140625 0.7341583953125 0.955006090625 0.7251430234375 0.9453140937500001 0.6862705515624999 0.9091554171875 0.6952859218749999 0.9188474140625 0.7341583953125
1 0.8830203984375 0.833924634375 0.9180116875 0.8252003265625 0.91064315 0.795646734375 0.8756518609375 0.80437104375 0.8830203984375 0.833924634375
1 0.37848925 0.8919984734374999 0.41696754062499997 0.8824047578125 0.409215959375 0.8513148671874999 0.3707376703125 0.8609085828125 0.37848925 0.8919984734374999
1 0.07821403437499999 0.6018565015624999 0.0140759703125 0.617847915625 0.026867590625 0.669152303125 0.0910056546875 0.6531608875 0.07821403437499999 0.6018565015624999
1 0.0258638109375 0.4068108078125 0.09234422812500001 0.390235378125 0.0799356515625 0.34046729375 0.0134552328125 0.3570427234375 0.0258638109375 0.4068108078125
1 0.026991153125 0.48580109531250004 0.075975925 0.4735878203125 0.0674481796875 0.43938489531249997 0.01846340625 0.451598171875 0.026991153125 0.48580109531250004
1 0.2025868578125 0.6137998421875 0.23991292031250003 0.6044934093750001 0.23448479843749997 0.5827224 0.197158734375 0.5920288328125001 0.2025868578125 0.6137998421875
1 0.442189696875 0.337695696875 0.4900070828125 0.32577348281249996 0.4752750484375 0.2666865171875 0.4274576625 0.2786087296875 0.442189696875 0.337695696875
1 0.9010665375 0.5783634531249999 0.932555665625 0.57051233125 0.9248040859375 0.5394224375000001 0.89331495625 0.547273559375 0.9010665375 0.5783634531249999
1 0.647102840625 0.8316494249999999 0.699589775 0.8185629625 0.6926093203125 0.7905658875 0.6401223859375 0.8036523499999999 0.647102840625 0.8316494249999999
1 0.206541721875 0.5203162109374999 0.2648504296875 0.5057782171875 0.2528299359375 0.45756664843749995 0.19452122656249998 0.47210464218750003 0.206541721875 0.5203162109374999
1 0.3008240640625 0.7693204046875 0.3218218703125 0.7640850625 0.3129060390625 0.728325621875 0.291908234375 0.7335609640625 0.3008240640625 0.7693204046875
1 0.359071996875 0.8588465968750001 0.39289589999999996 0.8504133515625 0.387467778125 0.828642340625 0.353643875 0.8370755859375001 0.359071996875 0.8588465968750001
1 0.8994534109375 0.6762337875 0.944936021875 0.6648936984375 0.938731734375 0.6400096546875 0.893249121875 0.65134974375 0.8994534109375 0.6762337875
1 0.77664920625 0.6407749500000001 0.852453559375 0.6218748015625 0.8431496468749999 0.5845588453125 0.7673452937499999 0.60345899375 0.77664920625 0.6407749500000001
1 0.746741228125 0.605300346875 0.8248803562499999 0.5858180749999999 0.8159645265625001 0.5500586359375 0.7378253984375001 0.5695409078125 0.746741228125 0.605300346875
1 0.664207209375 0.1997411265625 0.7178463703125 0.18636738125000002 0.7147467468750001 0.1739354671875 0.6611075859375 0.18730921250000002 0.664207209375 0.1997411265625
1 0.5254008203125 0.2839155203125 0.566213884375 0.2737396796875 0.55613380625 0.23331069062499998 0.5153207421875 0.24348653125 0.5254008203125 0.2839155203125
1 0.61997479375 0.09186245781249999 0.716776953125 0.06772696875 0.705532625 0.02262843125 0.608730465625 0.0467639203125 0.61997479375 0.09186245781249999