0 0.741578125 0.30128125 0.576921875 0.30128125 0.576921875 0.43109374999999994 0.741578125 0.43109374999999994 0.741578125 0.30128125
1 0.9338906250000001 0.49840625000000005 0.873796875 0.49840625000000005 0.873796875 0.5593020828124999 0.9338906250000001 0.5593020828124999 0.9338906250000001 0.49840625000000005
1 0.15264843749999998 0.45192708281250005 0.0420703125 0.45192708281250005 0.0420703125 0.5128229171875 0.15264843749999998 0.5128229171875 0.15264843749999998 0.45192708281250005
1 0.8173125000000001 0.8669895828125 0.728375 0.8669895828125 0.728375 0.9727604171875001 0.8173125000000001 0.9727604171875001 0.8173125000000001 0.8669895828125
1 0.8906328125 0.8733958328125 0.8064921875 0.8733958328125 0.8064921875 0.9535208328125 0.8906328125 0.9535208328125 0.8906328125 0.8733958328125
1 0.9999921875 1 0.9999921875 0.919875 0.9543203124999999 0.919875 0.9543203124999999 1 0.9999921875 1
1 0.9591406250000001 0.7339791671875 0.891828125 0.7339791671875 0.891828125 0.7868541671875 0.9591406250000001 0.7868541671875 0.9591406250000001 0.7339791671875
1 0.9879843749999999 0.6554583328125 0.930296875 0.6554583328125 0.930296875 0.6907083328125 0.9879843749999999 0.6907083328125 0.9879843749999999 0.6554583328125
1 0.5372578125 0.6891145828125 0.5023984375 0.6891145828125 0.5023984375 0.7468020828124999 0.5372578125 0.7468020828124999 0.5372578125 0.6891145828125
1 0.574515625 0.7435833328125 0.5252343749999999 0.7435833328125 0.5252343749999999 0.8237083328124999 0.574515625 0.8237083328124999 0.574515625 0.7435833328125
1 0.259625 0.4455104171875 0.1923125 0.4455104171875 0.1923125 0.4951979171875 0.259625 0.4951979171875 0.259625 0.4455104171875
1 0.3257265625 0.43589583281250005 0.2824609375 0.43589583281250005 0.2824609375 0.4599375 0.3257265625 0.4599375 0.3257265625 0.43589583281250005
1 0.298078125 0.3333333328125 0.228359375 0.3333333328125 0.228359375 0.3605833328125 0.298078125 0.3605833328125 0.298078125 0.3333333328125
1 0.3136953125 0.3621875 0.24158593750000001 0.3621875 0.24158593750000001 0.40064583281250005 0.3136953125 0.40064583281250005 0.3136953125 0.3621875
1 0.18269531249999998 0.2035208328125 0.13702343749999998 0.2035208328125 0.13702343749999998 0.23556249999999998 0.18269531249999998 0.23556249999999998 0.18269531249999998 0.2035208328125
1 0.228359375 0.1057604171875 0.199515625 0.1057604171875 0.199515625 0.1281979171875 0.228359375 0.1281979171875 0.228359375 0.1057604171875
1 0.26082031250000004 0.15865625 0.2391796875 0.15865625 0.2391796875 0.19871875 0.26082031250000004 0.19871875 0.26082031250000004 0.15865625
1 0.3088984375 0.1762916671875 0.2656328125 0.1762916671875 0.2656328125 0.21795833281250002 0.3088984375 0.21795833281250002 0.3088984375 0.1762916671875
1 0.867796875 0.4230833328125 0.8161093749999999 0.4230833328125 0.8161093749999999 0.4615416671875 0.867796875 0.4615416671875 0.867796875 0.4230833328125
1 0.78125 0.32371875 0.75721875 0.32371875 0.75721875 0.3493645828125 0.78125 0.3493645828125 0.78125 0.32371875
1 0.842546875 0.7724375 0.798078125 0.7724375 0.798078125 0.8237291671875001 0.842546875 0.8237291671875001 0.842546875 0.7724375
1 0.7319765625 0.1794791671875 0.6971171875 0.1794791671875 0.6971171875 0.2067291671875 0.7319765625 0.2067291671875 0.7319765625 0.1794791671875