1 0.55808410625 0.74105021875 0.5624841093749999 0.791342484375 0.6039922203125 0.7877109953125 0.5995922171875 0.737418728125 0.55808410625 0.74105021875
1 0.521740834375 1 0.583487240625 0.9945978890625 0.5797163921874999 0.951496903125 0.517454225 0.9569441375000001 0.5212211234375 1 0.521740834375 1
1 0.49709807812499995 1 0.49561024375 0.9829939671875 0.45570019375 0.9864856453125 0.456882546875 1 0.49709807812499995 1
1 0.4150462640625 1 0.41271435624999997 0.9733461703125 0.302551825 0.9829841421875001 0.30404051875000004 1 0.4150462640625 1
0 0.33801293593750004 0.3585407453125 0.356763678125 0.5728626953125 0.546746309375 0.5562413687500001 0.52799556875 0.34191941875 0.33801293593750004 0.3585407453125
1 0.0866982875 0.0969880359375 0.0941364859375 0.1820070265625 0.207495140625 0.17208942968750002 0.20005694375 0.0870704375 0.0866982875 0.0969880359375
1 0.30088928125000003 0.191656865625 0.30623165625 0.2527204875 0.35732814375 0.248250125 0.35198576875 0.18718650312500001 0.30088928125000003 0.191656865625
1 0.4979528390625 0.29266287968750004 0.5021431234375 0.3405580515625 0.5452492984374999 0.33678675 0.5410590140625 0.288891578125 0.4979528390625 0.29266287968750004
1 0.5249217421875 0.25168771093750003 0.5300543984375 0.3103542390625 0.566768325 0.3071421875 0.5616356687499999 0.248475659375 0.5249217421875 0.25168771093750003
1 0.716027965625 0.3399378375 0.720113390625 0.3866344640625 0.7664156906249999 0.3825835375 0.762330265625 0.3358869109375 0.716027965625 0.3399378375
1 0.2551838328125 0.0738091 0.2504692515625 0.0199211921875 0.17224721406250001 0.026764734374999998 0.17696179375 0.0806526421875 0.2551838328125 0.0738091