0 0.5448520234374999 0.090436103125 0.43574345625 0.09806571875 0.4411088921875 0.1747950203125 0.550217459375 0.16716540625 0.5448520234374999 0.090436103125
0 0.633632590625 0.050479084375000004 0.534109990625 0.0574383828125 0.5382459671875 0.11658561875 0.63776856875 0.1096263203125 0.633632590625 0.050479084375000004
0 0.644058475 0.21682368593749998 0.5385504906249999 0.22420152187500003 0.5455929875 0.3249139265625 0.6511009734375001 0.31753608906249997 0.644058475 0.21682368593749998
0 0.770446634375 0.18067966562499999 0.6301641890624999 0.19048916875 0.636536734375 0.2816208015625 0.776819178125 0.271811296875 0.770446634375 0.18067966562499999
0 0.7671182062499999 0.46044751093749997 0.6100486296875001 0.47143088593750004 0.618208684375 0.588125096875 0.7752782609375 0.577141721875 0.7671182062499999 0.46044751093749997
1 0.4270844703125 0.3187385359375 0.33596322968750003 0.3251103546875 0.3387578484375 0.3650752640625 0.4298790890625 0.358703446875 0.4270844703125 0.3187385359375
1 0.103327709375 0.5132861578125001 0.0002201125 0.52049614375 0.0041322875 0.5764428609375 0.10723988437500001 0.569232875 0.103327709375 0.5132861578125001
1 0.3509917890625 0.7642463109375 0.2490843875 0.7713723703124999 0.2527727609375 0.8241185703125 0.3546801625 0.8169925093750001 0.3509917890625 0.7642463109375
1 0.766696759375 0.712685096875 0.7163353625 0.716206709375 0.7214769953125 0.7897354937500001 0.77183839375 0.7862138828125 0.766696759375 0.712685096875
1 0.8536890937500001 0.595748634375 0.75656688125 0.60254008125 0.7609266609375 0.664887834375 0.8580488734375 0.6580963875 0.8536890937500001 0.595748634375
1 1 0.5244730453125 0.9525643984375 0.527790065625 0.957595584375 0.5997393734375 1 0.5967741671875 1 0.5244730453125
1 0.9653579078125001 0.3662437 0.8814222453125 0.372113053125 0.8842168640624999 0.4120779625 0.9681525265625 0.406208609375 0.9653579078125001 0.3662437
1 0.736370928125 0.33085999843749997 0.6764235625 0.3350519265625 0.679441984375 0.37821735312500004 0.7393893484375 0.374025425 0.736370928125 0.33085999843749997
1 1 0.667446321875 0.9529196546875 0.6707385 0.958285090625 0.7474678 1 0.744550809375 1 0.667446321875
1 0.973547953125 0.50061429375 0.8740253515624999 0.5075735921875 0.877603278125 0.5587403156249999 0.977125878125 0.5517810171875001 0.973547953125 0.50061429375
1 0.5489147437499999 0.5447802953124999 0.484166603125 0.5493079265625 0.48807877812499995 0.6052546453125001 0.5528269203125 0.6007270140625 0.5489147437499999 0.5447802953124999
1 0.229762371875 0.2538136265625 0.1494272921875 0.259431203125 0.1530052171875 0.310597925 0.23334029687500002 0.30498035 0.229762371875 0.2538136265625