0 0.9027359828125 0.667924371875 0.9107013 0.5540150265625 0.7987870828125 0.5461892234375 0.790821765625 0.6600985671874999 0.9027359828125 0.667924371875
0 0.9274989124999999 0.7732833968749999 0.9354642296875 0.6593740515625 0.8635149234374999 0.654342865625 0.85554960625 0.7682522109375001 0.9274989124999999 0.7732833968749999
0 0.31583430468749996 0.9281023359375 0.329500034375 0.7326733046875 0.160038840625 0.7208234234375 0.1463731125 0.9162524546874999 0.31583430468749996 0.9281023359375
0 0.7318143906250001 0.9294745453125 0.7438877109375001 0.7568180296875 0.6287937578125 0.7487698765624999 0.6167204390625 0.9214263921875 0.7318143906250001 0.9294745453125
0 0.701745453125 0.762313596875 0.7096268453125 0.6496044453125001 0.6280967671875 0.6439033078125 0.620215375 0.7566124578125 0.701745453125 0.762313596875
1 0.63555485625 0.4914036390625 0.64284876875 0.387095846875 0.5805010140625 0.38273606718750003 0.573207103125 0.48704385937500005 0.63555485625 0.4914036390625
1 0.36278709062500003 0.624144984375 0.36723079531249997 0.5605970375 0.292101753125 0.555343503125 0.28765804687499996 0.61889145 0.36278709062500003 0.624144984375
1 0.3416208125 0.674470778125 0.34489064687500004 0.6277099640625 0.27774211718749997 0.62301448125 0.2744722828125 0.6697752953125 0.3416208125 0.674470778125
1 0.3451643796875 0.7614767828125 0.3506141046875 0.683542090625 0.2866660921875 0.6790704109375 0.2812163671875 0.7570051015625 0.3451643796875 0.7614767828125
1 0.250048184375 0.605414778125 0.25692355624999996 0.507092371875 0.161011928125 0.5003855765624999 0.15413655625 0.5987079828125 0.250048184375 0.605414778125
1 0.2914314359375 0.5649294703125001 0.298977125 0.457021096875 0.252611178125 0.4537788734375 0.245065490625 0.5616872468749999 0.2914314359375 0.5649294703125001
1 0.26001401562500004 0.3940560375 0.263199925 0.3484954171875 0.1944511375 0.3436880328125 0.191265228125 0.389248653125 0.26001401562500004 0.3940560375
1 0 0.9662497125 0.0622623015625 0.9706035156249999 0.06653815468749999 0.9094559562500001 0 0.9048031562500001 0 0.9662497125
1 0.5363569265625 0.876045909375 0.541052409375 0.8088973796875001 0.46432310781249997 0.80353194375 0.459627625 0.870680475 0.5363569265625 0.876045909375
1 0.330935153125 0 0.3275663796875 0.0481757046875 0.41229697656250003 0.054100645312499994 0.41608006093750005 0 0.330935153125 0
1 0.760856028125 0.2844917421875 0.76697606875 0.1969710828125 0.6870462500000001 0.1913818453125 0.680926209375 0.2789025046875 0.760856028125 0.2844917421875
1 0.9880497859374999 0.3895490171875 0.9912356953125 0.3439883953125 0.951270784375 0.3411937765625 0.9480848765625 0.38675439843750004 0.9880497859374999 0.3895490171875