0 0.5213737796875 0.672701609375 0.7684831640625001 0.6156519125 0.7248614046874999 0.42670531875 0.47775202187500004 0.483755015625 0.5213737796875 0.672701609375
1 0.3439955359375 0.7432550625000001 0.42129048593749996 0.7254101171875 0.40542675 0.6566967296875 0.32813180000000003 0.6745416750000001 0.3439955359375 0.7432550625000001
1 0.307977684375 0.9933398921875 0.39229114374999996 0.9738745953124999 0.36489397968750004 0.8552044406249999 0.28058052031249997 0.8746697375 0.307977684375 0.9933398921875
1 0.198337815625 0.9084528468749999 0.2393222578125 0.8989908421875 0.22454109843749998 0.8349666093750001 0.1835566578125 0.8444286140624999 0.198337815625 0.9084528468749999
1 0.15977930625 0.9979517250000001 0.2124866375 0.985783278125 0.19734461875 0.9201959937499999 0.1446372875 0.9323644390625001 0.15977930625 0.9979517250000001
1 0.4240996984375 0.8711488749999999 0.49670549218750004 0.85438650625 0.485167378125 0.804409440625 0.412561584375 0.8211718093749999 0.4240996984375 0.8711488749999999
1 0.4237852828125 0.5225239515625 0.4565789265625 0.5149529421875 0.44612338906250004 0.469665034375 0.41332974531250005 0.47723604374999995 0.4237852828125 0.5225239515625
1 0.381078396875 0.49785275625000003 0.433785728125 0.485684309375 0.4208088640625 0.4294753375 0.3681015328125 0.4416437828125 0.381078396875 0.49785275625000003
1 0.4154859375 0.272813759375 0.45764266718749996 0.26308111093750003 0.4482697078125 0.2224823578125 0.4061129765625 0.23221500625 0.4154859375 0.272813759375
1 0.4059333890625 0.3276386046875 0.465659228125 0.3138498078125 0.45880759531250004 0.2841721203125 0.39908175468749996 0.2979609171875 0.4059333890625 0.3276386046875
1 0.32891636874999997 0.48029285 0.3570208546875 0.47380441875 0.3508909390625 0.44725283437499996 0.32278645156249997 0.453741265625 0.32891636874999997 0.48029285