1 0.7896640625 0.5080208328125 0.6995234375 0.5080208328125 0.6995234375 0.6266041671875 0.7896640625 0.6266041671875 0.7896640625 0.5080208328125
1 0.6911015625 0.6618645828124999 0.6225859375 0.6618645828124999 0.6225859375 0.71634375 0.6911015625 0.71634375 0.6911015625 0.6618645828124999
1 0.7091328125 0.7179479171875001 0.6213984375 0.7179479171875001 0.6213984375 0.78846875 0.7091328125 0.78846875 0.7091328125 0.7179479171875001
1 0.24158593750000001 0.77725 0.060101562500000004 0.77725 0.060101562500000004 0.9022500000000001 0.24158593750000001 0.9022500000000001 0.24158593750000001 0.77725
1 0.3088984375 0.7900729171875 0.24278906249999999 0.7900729171875 0.24278906249999999 0.8269270828125 0.3088984375 0.8269270828125 0.3088984375 0.7900729171875
1 0.5276484375 0.2403958328125 0.47957031250000004 0.2403958328125 0.47957031250000004 0.2756458328125 0.5276484375 0.2756458328125 0.5276484375 0.2403958328125
1 0.612984375 0.302875 0.5528906250000001 0.302875 0.5528906250000001 0.365375 0.612984375 0.365375 0.612984375 0.302875
1 0.6887109375 0.3781979171875 0.6358203125 0.3781979171875 0.6358203125 0.44871875 0.6887109375 0.44871875 0.6887109375 0.3781979171875
1 0.8858124999999999 0.884625 0.7920625 0.884625 0.7920625 0.9855833328125 0.8858124999999999 0.9855833328125 0.8858124999999999 0.884625
1 0.9411015624999999 0.5144166671875 0.8906171875 0.5144166671875 0.8906171875 0.5705 0.9411015624999999 0.5705 0.9411015624999999 0.5144166671875
1 0.984375 0.5304479171875001 0.94590625 0.5304479171875001 0.94590625 0.59134375 0.984375 0.59134375 0.984375 0.5304479171875001
1 0.8894296875000001 0.49359374999999994 0.8389453124999999 0.49359374999999994 0.8389453124999999 0.55128125 0.8894296875000001 0.55128125 0.8894296875000001 0.49359374999999994
1 0.9999921875 0.6394166671875 0.9543203124999999 0.6394166671875 0.9543203124999999 0.6810833328125 0.9999921875 0.6810833328125 0.9999921875 0.6394166671875
1 0.42067187500000003 0.0977604171875 0.360578125 0.0977604171875 0.360578125 0.1522395828125 0.42067187500000003 0.1522395828125 0.42067187500000003 0.0977604171875
0 0.5168359375 0.16665625 0.3569765625 0.16665625 0.3569765625 0.2371770828125 0.5168359375 0.2371770828125 0.5168359375 0.16665625
0 0.391828125 0.22275 0.191109375 0.22275 0.191109375 0.3862083328125 0.391828125 0.3862083328125 0.391828125 0.22275
0 0.54446875 0.3076875 0.23678125 0.3076875 0.23678125 0.5464791671875 0.54446875 0.5464791671875 0.54446875 0.3076875
0 0.4687421875 0.6137916671875 0.2848515625 0.6137916671875 0.2848515625 0.7564166671875 0.4687421875 0.7564166671875 0.4687421875 0.6137916671875