0 0.4789224671875 0.8107173187500001 0.6369749828125 0.796889515625 0.625661078125 0.667570990625 0.4676085625 0.68139879375 0.4789224671875 0.8107173187500001
0 0.371535640625 0.8796305984374999 0.5008541656250001 0.86831669375 0.49429024843749997 0.7932907796875 0.364971725 0.8046046859375 0.371535640625 0.8796305984374999
0 0.1681959234375 0.6239423515625 0.3477911484375 0.6082298046875 0.3325661296875 0.43420704375 0.15297090468750002 0.449919590625 0.1681959234375 0.6239423515625
0 0.344683059375 0.531291253125 0.49794138749999994 0.5178828875 0.4871867328125 0.3949566109375 0.3339284046875 0.40836497656250004 0.344683059375 0.531291253125
0 0.6872516171874999 0.33721675625 0.8309371359375 0.324645903125 0.8240935953124999 0.24642386562500002 0.680408075 0.25899471875 0.6872516171874999 0.33721675625
1 0.131974828125 0.265150584375 0.23016226718750002 0.256560296875 0.222200228125 0.165553759375 0.1240127875 0.174144046875 0.131974828125 0.265150584375
1 0.6967889171875 0.3911009890625 0.826107440625 0.37978708437500003 0.8201009578124999 0.311132665625 0.690782434375 0.3224465703125 0.6967889171875 0.3911009890625
1 1 0.4781695265625 0.9955825421875 0.42767776093750004 0.959657271875 0.4308208140625 0.96692025 0.513837040625 1 0.5109429375000001 1 0.4781695265625
1 0.7754325609375 0.8072992546875 0.8700243609375 0.79902354375 0.8649965640625 0.7415555625 0.7704047640625 0.749831271875 0.7754325609375 0.8072992546875
1 0.805576609375 0.8899239390625 0.835509146875 0.88730518125 0.8314582203124999 0.84100288125 0.8015256828125 0.8436216390625001 0.805576609375 0.8899239390625
1 0.314532203125 0.8347509125 0.36122882968750003 0.8306654859375 0.3566204703125 0.7779916921875001 0.30992384375 0.7820771171875001 0.314532203125 0.8347509125
1 0.235346984375 0.6743754140625 0.30838050781250004 0.667985809375 0.3034925234375 0.6121158906249999 0.23045900000000002 0.6185054953125 0.235346984375 0.6743754140625
1 0.0114763671875 0.5427507359375 0.0474016390625 0.5396076828124999 0.0399988484375 0.45499339531249994 0.0040735765625 0.45813645000000003 0.0114763671875 0.5427507359375
1 0 0.41505671875 0.020669785937499997 0.413248346875 0.014523490625 0.3429958671875 0 0.3442665078125 0 0.41505671875
1 0.052697353125 0.3380353375 0.08382843749999999 0.3353117203125 0.08075619687499999 0.3001958578125 0.0496251125 0.3029194734375 0.052697353125 0.3380353375
1 0 0.24132269375 0.019944700000000003 0.23957775781250001 0.013658592187499999 0.16772721562499998 0 0.16892218750000002 0 0.24132269375
1 0.5041607906250001 0.11998295156250001 0.5484603234375001 0.11610724375 0.539661225 0.0155330859375 0.49536169062499996 0.01940879375 0.5041607906250001 0.11998295156250001
1 0.44967580937499996 0.655613615625 0.50594524375 0.6506906781249999 0.5018943171875 0.604388378125 0.4456248828125 0.6093113156250001 0.44967580937499996 0.655613615625
1 0.3755169109375 0.6492297796875001 0.43058779999999997 0.6444117015625 0.427795184375 0.6124919625 0.372724296875 0.6173100421875 0.3755169109375 0.6492297796875001
1 0.8855611546875 0.631950325 0.9550146046875 0.6258739359375001 0.9520821765624999 0.592356134375 0.882628728125 0.598432525 0.8855611546875 0.631950325
1 0.8644187328124999 0.47293791875 0.903924078125 0.4694816484375 0.8988962812500001 0.4120136671875 0.8593909359374999 0.4154699359375 0.8644187328124999 0.47293791875