0 0.5336484375 0.45512499999999995 0.2872578125 0.45512499999999995 0.2872578125 0.6570416671875 0.5336484375 0.6570416671875 0.5336484375 0.45512499999999995
1 0.8245156250000001 0.7980729171875 0.725953125 0.7980729171875 0.725953125 0.9358854171875001 0.8245156250000001 0.9358854171875001 0.8245156250000001 0.7980729171875
1 0.7127421875 0.62340625 0.6406328125 0.62340625 0.6406328125 0.6843020828124999 0.7127421875 0.6843020828124999 0.7127421875 0.62340625
1 0.5925546875000001 0.4262916671875 0.5601015625 0.4262916671875 0.5601015625 0.48237500000000005 0.5925546875000001 0.48237500000000005 0.5925546875000001 0.4262916671875
1 0.6370234375 0.39582291718749996 0.5757265625 0.39582291718749996 0.5757265625 0.4455104171875 0.6370234375 0.4455104171875 0.6370234375 0.39582291718749996
1 0.5420625 0.1906979171875 0.50240625 0.1906979171875 0.50240625 0.23396875 0.5420625 0.23396875 0.5420625 0.1906979171875
1 0.5564921875 0.2499895828125 0.5084140625 0.2499895828125 0.5084140625 0.2756354171875 0.5564921875 0.2756354171875 0.5564921875 0.2499895828125
1 0.9110546875000001 0.7660312499999999 0.8605703124999999 0.7660312499999999 0.8605703124999999 0.8125104171875 0.9110546875000001 0.8125104171875 0.9110546875000001 0.7660312499999999
1 0.9194687500000001 0.7932812499999999 0.8954375000000001 0.7932812499999999 0.8954375000000001 0.8477604171875001 0.9194687500000001 0.8477604171875001 0.9194687500000001 0.7932812499999999
1 0.9603359375 0.8108958328125 0.8918203124999999 0.8108958328125 0.8918203124999999 0.8910208328125 0.9603359375 0.8910208328125 0.9603359375 0.8108958328125
1 0.099765625 0.41987500000000005 0.030046875 0.41987500000000005 0.030046875 0.4439166671875 0.099765625 0.4439166671875 0.099765625 0.41987500000000005
1 0.6802890625 0.3894270828125 0.6526484375 0.3894270828125 0.6526484375 0.4326979171875 0.6802890625 0.4326979171875 0.6802890625 0.3894270828125
1 0.44590625 0.2932708328125 0.40625 0.2932708328125 0.40625 0.3285208328125 0.44590625 0.3285208328125 0.44590625 0.2932708328125