0 0.7598717140625 0.267341725 0.754208725 0.429508503125 0.8423008609375 0.4325847484375 0.84796385 0.2704179703125 0.7598717140625 0.267341725
0 0.66275435625 0.38541493125000004 0.656000759375 0.5788126703125 0.8209627078124999 0.58457326875 0.8277163046875 0.391175528125 0.66275435625 0.38541493125000004
0 0.421641934375 0.1268427125 0.41014855 0.4559702203125 0.6295564765624999 0.46363211406250004 0.6410498625 0.13450460625 0.421641934375 0.1268427125
0 0.3070522421875 0.42350086875 0.3005085875 0.6108866500000001 0.43984032500000003 0.6157522203125 0.44638398125 0.42836644062499996 0.3070522421875 0.42350086875
1 0.0097826875 0.67048770625 0.0026517390625 0.8746913609375 0.1291787828125 0.8791097828125001 0.13630973125 0.6749061281250001 0.0097826875 0.67048770625
1 0.007876315625 0.6331484296875 0.0053597343749999995 0.7052138765625 0.055016965625000004 0.7069479453125 0.057533546874999994 0.6348824984375 0.007876315625 0.6331484296875
1 0.183913446875 0 0.1809952453125 0.0835663390625 0.2931144046875 0.0874816265625 0.2961693296875 0 0.183913446875 0
1 0.0928022953125 0.313800578125 0.08990781875000001 0.3966875546875 0.1443537984375 0.39858885 0.14724827499999998 0.3157018734375 0.0928022953125 0.313800578125
1 0.045948339062499996 0.50698620625 0.04368314375 0.5718529171875 0.10774825937500002 0.5740901203125001 0.11001345625 0.509223409375 0.045948339062499996 0.50698620625
1 0.65591765625 0.167504525 0.6533590859375 0.24077236562499998 0.72063058125 0.24312153749999998 0.72318915 0.1698536984375 0.65591765625 0.167504525
1 0.6450181859375 0.25009632656249997 0.6426690140625 0.317367821875 0.687516678125 0.3189339375 0.68986585 0.2516624421875 0.6450181859375 0.25009632656249997
1 0.8341096609375 0.3456912578125 0.8317604890625001 0.41296275312499997 0.8846032781250001 0.41480806406250004 0.8869524515625 0.34753656875 0.8341096609375 0.3456912578125