0 0.796875 0.17146875 0.640625 0.17146875 0.640625 0.3156979171875 0.796875 0.3156979171875 0.796875 0.17146875
0 0.9122578125 0.1346145828125 0.7596171875 0.1346145828125 0.7596171875 0.2195520828125 0.9122578125 0.2195520828125 0.9122578125 0.1346145828125
0 1 0.48878125 0.8125 0.48878125 0.8125 0.6330104171875 1 0.6330104171875 1 0.48878125
0 0.70071875 0.6650625 0.552875 0.6650625 0.552875 0.7483958328125 0.70071875 0.7483958328125 0.70071875 0.6650625
1 0.6778906250000001 0.5961458328125 0.576921875 0.5961458328125 0.576921875 0.6891041671875 0.6778906250000001 0.6891041671875 0.6778906250000001 0.5961458328125
1 0.3281171875 0.4487083328125 0.2247578125 0.4487083328125 0.2247578125 0.5416666671875 0.3281171875 0.5416666671875 0.3281171875 0.4487083328125
1 0.1033671875 0.47757291718749995 0.0000078125 0.47757291718749995 0.0000078125 0.5320520828124999 0.1033671875 0.5320520828124999 0.1033671875 0.47757291718749995
1 0 0.3862083328125 0.09615625 0.3862083328125 0.09615625 0.3541666671875 0 0.3541666671875 0 0.3862083328125
1 0.0829375 0.267625 0.02884375 0.267625 0.02884375 0.3060833328125 0.0829375 0.3060833328125 0.0829375 0.267625
1 0.15625 0.24840625 0.11178125000000001 0.24840625 0.11178125000000001 0.2820520828125 0.15625 0.2820520828125 0.15625 0.24840625
1 0.45553125000000005 0.0705104171875 0.4110625 0.0705104171875 0.4110625 0.11378124999999999 0.45553125000000005 0.11378124999999999 0.45553125000000005 0.0705104171875
1 0.453125 0.4759583328125 0.421875 0.4759583328125 0.421875 0.52725 0.453125 0.52725 0.453125 0.4759583328125
1 0.9711484374999999 0.1682708328125 0.9206640625 0.1682708328125 0.9206640625 0.21956250000000002 0.9711484374999999 0.21956250000000002 0.9711484374999999 0.1682708328125