1 0.1740058390625 0.22543145781249999 0.20496757968749998 0.38471580625 0.2788963765625 0.3703455046875 0.2479346359375 0.21106115625 0.1740058390625 0.22543145781249999
1 0.3315202640625 0.3135738375 0.342757125 0.3713824765625 0.4041088234375 0.3594569140625 0.3928719625 0.301648275 0.3315202640625 0.3135738375
1 0.361248640625 0.38249581250000003 0.3695041109375 0.424966525 0.4182787125 0.415485703125 0.410023240625 0.373014990625 0.361248640625 0.38249581250000003
1 0.36705365 0.429119778125 0.37484998593749996 0.46922845156250004 0.43305229843750004 0.4579150671875 0.4252559625 0.41780639375 0.36705365 0.429119778125
1 0.49792340468749996 0.7832407890625 0.5183340046875 0.8882442218750001 0.5859844765625 0.8750943015624999 0.5655738765625 0.77009086875 0.49792340468749996 0.7832407890625
1 0.5416913171875 1 0.5180751421875 0.8785053093749999 0.4567234421875 0.890430871875 0.47802152343750004 1 0.5416913171875 1
1 0.48553486250000005 0.778302975 0.49080894218750004 0.8054357640625 0.53328476875 0.7971793 0.5280106890625 0.7700465109375 0.48553486250000005 0.778302975
1 0.5226537015625 0.3058048703125 0.532745709375 0.35772374687499997 0.5877986328125 0.3470225421875 0.5777066265624999 0.2951036671875 0.5226537015625 0.3058048703125
1 0.48841856874999995 0.1716617171875 0.503325521875 0.24835134062500003 0.556803753125 0.2379562265625 0.5418968 0.1612666015625 0.48841856874999995 0.1716617171875
1 0.49884254375000003 0.074122853125 0.5084754171875 0.1236796875 0.5493765500000001 0.1157293125 0.5397436765625 0.066172478125 0.49884254375000003 0.074122853125
1 0.47351397031250003 0.0361884984375 0.4778727640625 0.0586125453125 0.512475121875 0.051886528125 0.5081163281250001 0.02946248125 0.47351397031250003 0.0361884984375
1 0.7437196328125 0.30080507968750003 0.7581674515625 0.3751326625 0.795919196875 0.36779446718750003 0.781471378125 0.293466884375 0.7437196328125 0.30080507968750003
1 0.8690923875 0.39151823750000003 0.8823953515625 0.45995605624999997 0.918572403125 0.45292395 0.9052694390625 0.3844861296875 0.8690923875 0.39151823750000003
0 0.8396630187499999 0.39969001406250004 0.86511813125 0.530645215625 0.9060192640625001 0.522694840625 0.8805641515625 0.3917396390625 0.8396630187499999 0.39969001406250004
0 0.7982657671875 0.51427230625 0.8177580984375 0.6145516578125 0.91056276875 0.5965122578125001 0.8910704375 0.49623290625000005 0.7982657671875 0.51427230625
0 0.6309411109374999 0.3337339203125 0.6733692796875 0.5520079265625 0.7944979828125 0.5284628921875 0.7520698140625 0.310188884375 0.6309411109374999 0.3337339203125
0 0.62171586875 0.571845521875 0.6451078578125 0.6921868796874999 0.7033101703125 0.680873496875 0.6799181796875 0.5605321390625 0.62171586875 0.571845521875
0 0.1848430484375 0.062924790625 0.2233715578125 0.26113679218749997 0.36180144062499997 0.23422874999999999 0.32327293125 0.0360167484375 0.1848430484375 0.062924790625