0 0.157506521875 0.21230136093750002 0.18194940625 0.3666276640625 0.337057628125 0.34206093593750003 0.31261474375 0.1877346328125 0.157506521875 0.21230136093750002
0 0.10365578906249999 0.1283322984375 0.1256543859375 0.26722597187499997 0.22378533906250003 0.2516835546875 0.2017867421875 0.11278988281249999 0.10365578906249999 0.1283322984375
0 0.6906724078125 0.208157321875 0.713800265625 0.35418086875 0.8103468015624999 0.3388894 0.7872189421875 0.1928658515625 0.6906724078125 0.208157321875
0 0.4857110140625 0 0.5018313046875 0.10177951562500001 0.6110531734375 0.08448047187499999 0.59767278125 0 0.4857110140625 0
1 0.6292666453125 0.25074860625 0.6437441671874999 0.342156075 0.7197138609375 0.3301236578125 0.7052363390624999 0.23871618749999998 0.6292666453125 0.25074860625
1 0.47972594218750003 0.6382802703125 0.49476809375 0.7332526781250001 0.6340527265625 0.711192159375 0.619010575 0.6162197515625001 0.47972594218750003 0.6382802703125
1 0.451777090625 0.892176759375 0.467946059375 0.994263609375 0.509099740625 0.9877455062499999 0.49293077187499995 0.8856586562500001 0.451777090625 0.892176759375
1 0.5393508515625001 1 0.581375778125 0.99334390625 0.5753579390625 0.9553487703125001 0.515211834375 0.9648749765625 0.520775090625 1 0.5393508515625001 1
1 0.7214794718750001 0.6997813671875 0.7301273640625 0.7543820140624999 0.7712810453125 0.7478639109375 0.762633153125 0.6932632640625 0.7214794718750001 0.6997813671875
1 0.315461528125 0.8407587953125001 0.322982603125 0.8882450000000001 0.3862975421875 0.8782168984375 0.3787764671875 0.8307306953125 0.315461528125 0.8407587953125001
1 0.1013049359375 0.56435730625 0.11371458906250001 0.6427087703125001 0.158037103125 0.635688775 0.14562745 0.5573373109374999 0.1013049359375 0.56435730625
1 0.1901807703125 0.5210774671875 0.20296684375 0.60180555625 0.2520426078125 0.5940327187500001 0.239256534375 0.5133046296875 0.1901807703125 0.5210774671875
1 0.33268559531249997 0.590997190625 0.339642040625 0.63491845625 0.3997881453125 0.62539225 0.3928317 0.581470984375 0.33268559531249997 0.590997190625
1 0.1811725390625 0.0953705046875 0.173276265625 0.04551539375 0.11471457812500001 0.054790653125 0.1226108515625 0.10464576562500001 0.1811725390625 0.0953705046875
1 0.3792973171875 0.055471678125 0.3727172921875 0.0139270375 0.333148028125 0.02019419375 0.339728053125 0.061738834374999996 0.3792973171875 0.055471678125
1 0.3347722921875 0.112419296875 0.342481578125 0.16109381250000002 0.41054976718749997 0.1503128703125 0.40284048125 0.1016383546875 0.3347722921875 0.112419296875
1 0.43336084374999995 0.089511490625 0.43956444843750003 0.12867950625 0.4981261359375 0.119404246875 0.4919225328125 0.08023623125 0.43336084374999995 0.089511490625