0 0.6153828125 0.0737291671875 0.5096171875 0.0737291671875 0.5096171875 0.1746875 0.6153828125 0.1746875 0.6153828125 0.0737291671875
0 0.6971171875 0.0496875 0.6153828125 0.0496875 0.6153828125 0.1089791671875 0.6971171875 0.1089791671875 0.6971171875 0.0496875
0 0.78965625 0.3766145828125 0.62259375 0.3766145828125 0.62259375 0.4968020828125 0.78965625 0.4968020828125 0.78965625 0.3766145828125
1 0.46154687499999997 0.59134375 0.36539062499999997 0.59134375 0.36539062499999997 0.6826979171875001 0.46154687499999997 0.6826979171875001 0.46154687499999997 0.59134375
1 0.181484375 0.8269270828125 0.123796875 0.8269270828125 0.123796875 0.9150729171875 0.181484375 0.9150729171875 0.181484375 0.8269270828125
1 0.534859375 0.8028958328125 0.46754687500000003 0.8028958328125 0.46754687500000003 0.9006458328125 0.534859375 0.9006458328125 0.534859375 0.8028958328125
1 0.21154687499999997 0.41987500000000005 0.115390625 0.41987500000000005 0.115390625 0.4887916671875 0.21154687499999997 0.4887916671875 0.21154687499999997 0.41987500000000005
1 0 0.552875 0.055281250000000004 0.552875 0.055281250000000004 0.4791666671875 0 0.4791666671875 0 0.552875
1 0.3161015625 0.21153125 0.24758593750000002 0.21153125 0.24758593750000002 0.26121875 0.3161015625 0.26121875 0.3161015625 0.21153125
1 0.49037499999999995 0.2612291671875 0.4170625 0.2612291671875 0.4170625 0.3205208328125 0.49037499999999995 0.3205208328125 0.49037499999999995 0.2612291671875
1 0.9807656250000001 0.3397395828125 0.905046875 0.3397395828125 0.905046875 0.3798020828125 0.9807656250000001 0.3798020828125 0.9807656250000001 0.3397395828125
1 0.8725937500000001 0.5160208328125 0.7860625 0.5160208328125 0.7860625 0.5608958328125 0.8725937500000001 0.5608958328125 0.8725937500000001 0.5160208328125
1 0.977171875 0.4310833328125 0.9098593749999999 0.4310833328125 0.9098593749999999 0.4871666671875 0.977171875 0.4871666671875 0.977171875 0.4310833328125
1 1 0.5512916671875 0.9338984375000001 0.5512916671875 0.9338984375000001 0.6105833328125 1 0.6105833328125 1 0.5512916671875
1 1 0.4695625 0.9639374999999999 0.4695625 0.9639374999999999 0.5256458328125 1 0.5256458328125 1 0.4695625
0 0.81971875 0.18109375 0.68990625 0.18109375 0.68990625 0.2596145828125 0.81971875 0.2596145828125 0.81971875 0.18109375
0 0.7031328125 0.20833333281250002 0.6033671875 0.20833333281250002 0.6033671875 0.25 0.7031328125 0.25 0.7031328125 0.20833333281250002
1 0.59375 0.41987500000000005 0.5516875 0.41987500000000005 0.5516875 0.45512499999999995 0.59375 0.45512499999999995 0.59375 0.41987500000000005
1 0.558890625 0.4519166671875 0.514421875 0.4519166671875 0.514421875 0.49037499999999995 0.558890625 0.49037499999999995 0.558890625 0.4519166671875
1 0.610578125 0.4647395828125 0.558890625 0.4647395828125 0.558890625 0.5224270828125 0.610578125 0.5224270828125 0.610578125 0.4647395828125
1 0.8401406250000001 0.6089687500000001 0.804078125 0.6089687500000001 0.804078125 0.6666562500000001 0.8401406250000001 0.6666562500000001 0.8401406250000001 0.6089687500000001
1 0.7439921875 0.0865416671875 0.7067265625 0.0865416671875 0.7067265625 0.12179166718750001 0.7439921875 0.12179166718750001 0.7439921875 0.0865416671875