1 0.1735915890625 0.1305503328125 0.04356804375 0.1145854484375 0.0265774265625 0.252962925 0.156600971875 0.268927809375 0.1735915890625 0.1305503328125
1 0.356116584375 0.33055618125 0.186716871875 0.3097565125 0.175195140625 0.403593478125 0.344594853125 0.42439314687499996 0.356116584375 0.33055618125
1 0.9131265671875 0.261717171875 0.83677805625 0.252342753125 0.8277952703125001 0.325501678125 0.90414378125 0.3348760953125 0.9131265671875 0.261717171875
1 0.9326336187500001 0.1817589046875 0.8598675796874999 0.1728243578125 0.85068929375 0.247575490625 0.9234553343749999 0.2565100359375 0.9326336187500001 0.1817589046875
1 0.904674690625 0.12342718906250001 0.8116234875 0.1120019390625 0.798928765625 0.21539216093750002 0.8919799671875 0.22681741249999998 0.904674690625 0.12342718906250001
1 0.7765339484375 0.51618624375 0.664391740625 0.5024169109375001 0.64974456875 0.6217085515624999 0.7618867765624999 0.635477884375 0.7765339484375 0.51618624375
1 0.705112771875 0.39764023437499996 0.601329665625 0.384897271875 0.5841435484375 0.52486695625 0.6879266562499999 0.5376099203125 0.705112771875 0.39764023437499996
1 0.4399621859375 0.86075768125 0.3707631078125 0.8522611031249999 0.36470772500000004 0.9015782390625 0.433906803125 0.9100748187500001 0.4399621859375 0.86075768125
0 0.547049934375 0.5606757953125 0.2989133953125 0.530208459375 0.27332845 0.7385811171875 0.5214649890625 0.769048453125 0.547049934375 0.5606757953125
0 0.429588125 0.6592728140624999 0.23990325 0.6359824390625 0.2209576453125 0.790282009375 0.41064252031250004 0.8135723828125 0.429588125 0.6592728140624999
0 0.522495271875 0.42525727968749993 0.3542897171875 0.404604234375 0.3406175 0.51595550625 0.50882305625 0.5366085515625 0.522495271875 0.42525727968749993