0 0.870350071875 0.509849965625 0.853958090625 0.3932149546875 0.750805165625 0.40771215312500003 0.767197146875 0.5243471640624999 0.870350071875 0.509849965625
0 0.90445703125 0.6142914875 0.8867255093749999 0.488125146875 0.8327765312500001 0.49570718124999996 0.850508053125 0.621873521875 0.90445703125 0.6142914875
0 0.7577413046875 0.779355828125 0.7224457015625 0.5282145609375 0.574854496875 0.548957153125 0.6101501 0.80009841875 0.7577413046875 0.779355828125
0 0.5773494453125 0.497625996875 0.5597853640625 0.372651071875 0.4439446328125 0.388931425 0.4615087125 0.51390635 0.5773494453125 0.497625996875
1 0.2349247015625 0.260521703125 0.21117176718750003 0.09151079375 0.117550175 0.1046684515625 0.1413031078125 0.273679359375 0.2349247015625 0.260521703125
1 0.6088518453125 0.0999496765625 0.5999860828125 0.03686650625 0.5158751890625 0.048687521875 0.52474095 0.11177069218749999 0.6088518453125 0.0999496765625
1 0 0.085957225 0.0066952984374999995 0.133596746875 0.11461388749999998 0.118429778125 0.10507944375 0.050588678124999995 0 0.06535663124999999 0 0.085957225
1 0.12277791874999999 0.8212505546875001 0.10939555625 0.726030090625 0.028461773437499997 0.7374045921875 0.0418441359375 0.83262505625 0.12277791874999999 0.8212505546875001
1 0.09379733125 0.8338202640624999 0.04300483125 0.8409586843750001 0.0525403640625 0.90880751875 0.1033328640625 0.9016690984375 0.09379733125 0.8338202640624999
1 0.100953053125 1 0.088114909375 0.908651859375 0.053207959375 0.9135577109374999 0.06535663124999999 1 0.100953053125 1
1 0.49716813593750003 0.9519092562499999 0.48495787031250004 0.8650287062500001 0.3865706125 0.8788561343750001 0.398780878125 0.9657366843749999 0.49716813593750003 0.9519092562499999
1 0.3089141328125 0.5911845390625 0.30021581406250003 0.529292784375 0.2287927296875 0.5393306453125 0.2374910484375 0.6012223984375 0.3089141328125 0.5911845390625
1 0.5349072671874999 1 0.5632312421875 0.996019325 0.559719296875 0.9710305296874999 0.5010046531250001 0.9792823343749999 0.50391633125 1 0.5349072671874999 1
1 0.8034352796875 0.83967725 0.79172516875 0.756355475 0.7155570499999999 0.76706020625 0.7272671625 0.8503819796875 0.8034352796875 0.83967725
1 0.7719907609375001 0.6620435109375 0.7652995781249999 0.6144332796875001 0.7351376625 0.618672259375 0.7418288453125 0.6662824921875 0.7719907609375001 0.6620435109375
1 0.757580090625 0.9165256921875 0.752728603125 0.882005565625 0.7178216546875 0.8869114171874999 0.7226731421875 0.92143154375 0.757580090625 0.9165256921875
1 0.2137360390625 0.3860910640625 0.2072123 0.3396722484375 0.110413596875 0.35327641875000004 0.1169373359375 0.399695234375 0.2137360390625 0.3860910640625
1 0.1379482890625 0.24988342968750002 0.130922221875 0.199890365625 0.0737961328125 0.20791891406250002 0.0808222 0.257911978125 0.1379482890625 0.24988342968750002