1 0.18269531249999998 0.177875 0.1346171875 0.177875 0.1346171875 0.22595833281250002 0.18269531249999998 0.22595833281250002 0.18269531249999998 0.177875
1 0 0.8798125000000001 0.0685078125 0.8798125000000001 0.0685078125 0.8349375 0 0.8349375 0 0.8798125000000001
1 0.69471875 1 0.69471875 0.9342916671875001 0.5625 0.9342916671875001 0.5625 1 0.69471875 1
1 0.5673125 0.8830104171875 0.50240625 0.8830104171875 0.50240625 0.9679479171875001 0.5673125 0.9679479171875001 0.5673125 0.8830104171875
1 0.9711562499999999 1 0.9711562499999999 0.93590625 0.8701874999999999 0.93590625 0.8701874999999999 1 0.9711562499999999 1
1 0.944703125 0.8701874999999999 0.8870156250000001 0.8701874999999999 0.8870156250000001 0.9150625 0.944703125 0.9150625 0.944703125 0.8701874999999999
1 0.9266796875000001 0.75321875 0.8004765624999999 0.75321875 0.8004765624999999 0.8701979171875 0.9266796875000001 0.8701979171875 0.9266796875000001 0.75321875
1 0.8124921875 0.7131354171875001 0.7379765625 0.7131354171875001 0.7379765625 0.7804479171875001 0.8124921875 0.7804479171875001 0.8124921875 0.7131354171875001
1 0.5264375 0.5881458328125 0.45912499999999995 0.5881458328125 0.45912499999999995 0.6682708328125 0.5264375 0.6682708328125 0.5264375 0.5881458328125
1 0.4374921875 0.6778958328125 0.3761953125 0.6778958328125 0.3761953125 0.7307708328125 0.4374921875 0.7307708328125 0.4374921875 0.6778958328125
1 0.4543203125 0.7291770828125 0.3665859375 0.7291770828125 0.3665859375 0.7900729171875 0.4543203125 0.7900729171875 0.4543203125 0.7291770828125
1 0.3653828125 0.5464791671875 0.2680234375 0.5464791671875 0.2680234375 0.5945625 0.3653828125 0.5945625 0.3653828125 0.5464791671875
1 0.3148984375 0.3076875 0.2584140625 0.3076875 0.2584140625 0.3429375 0.3148984375 0.3429375 0.3148984375 0.3076875
0 0.2500078125 0.2403854171875 0.10577343749999998 0.2403854171875 0.10577343749999998 0.2980729171875 0.2500078125 0.2980729171875 0.2500078125 0.2403854171875
0 0 0.4102604171875 0.078125 0.4102604171875 0.078125 0.2451979171875 0 0.2451979171875 0 0.4102604171875
0 0.31009375 0.40064583281250005 0.03365625 0.40064583281250005 0.03365625 0.5913541671875 0.31009375 0.5913541671875 0.31009375 0.40064583281250005
0 0.1875 0.6298125 0.046875 0.6298125 0.046875 0.7612291671875 0.1875 0.7612291671875 0.1875 0.6298125
1 0.6622656250000001 0.5769270828125 0.602171875 0.5769270828125 0.602171875 0.6346145828124999 0.6622656250000001 0.6346145828124999 0.6622656250000001 0.5769270828125