1 0.5329091375 0.7868126265625001 0.5680473578125 0.7787003296874999 0.5597569734375 0.742790734375 0.5246187531250001 0.75090303125 0.5329091375 0.7868126265625001
1 0.5038019125 0.7408917125000001 0.54713093125 0.7308884203125 0.539562265625 0.6981049265625 0.496233246875 0.70810821875 0.5038019125 0.7408917125000001
1 0.4266796859375 0.5777786093749999 0.4700087046875 0.5677753171875 0.4573926984375 0.5131293953125 0.4140636796875 0.5231326875 0.4266796859375 0.5777786093749999
1 0.40488420625000004 0.622291128125 0.45290238125000004 0.6112052593749999 0.4431685609375 0.5690434546875001 0.39515038750000003 0.5801293234375 0.40488420625000004 0.622291128125
1 0.3713616484375 0.5625936874999999 0.4100015109375 0.553672971875 0.3995459734375 0.508385065625 0.36090611093749997 0.5173057796875 0.3713616484375 0.5625936874999999
1 0.284686125 0.5398416390625 0.31865205625000004 0.5319999859375 0.311083390625 0.4992164921875 0.277117459375 0.5070581453125 0.284686125 0.5398416390625
1 0.064764178125 0.3406133546875 0.1092654859375 0.33033941875 0.0944843265625 0.266315184375 0.049983018750000004 0.2765891203125 0.064764178125 0.3406133546875
1 0.03648068125 0.292877284375 0.06458516875 0.286388853125 0.055933924999999995 0.24891620312499999 0.0278294390625 0.255404634375 0.03648068125 0.292877284375
1 0 0.278261125 0.054846329687499994 0.26559885156249996 0.0397043125 0.20001156562500003 0 0.20917802812500003 0 0.278261125
1 0.13449840625 0.2685910546875 0.21881186718749998 0.24912575937499998 0.19177556093749998 0.1320186578125 0.1074621015625 0.15148395312500001 0.13449840625 0.2685910546875
1 0.2830617515625 0.415210675 0.33225221562499996 0.40385416249999995 0.3189144921875 0.3460821375 0.269724028125 0.3574386515625 0.2830617515625 0.415210675
0 0.4949595265625 0.5636720203125 0.746742840625 0.5055432609375 0.6987954609375 0.2978603421875 0.447012146875 0.3559891 0.4949595265625 0.5636720203125