0 0.3037797125 0.5403389703125 0.4999833953125 0.5929115875 0.543119903125 0.43192395 0.34691622031249997 0.37935133125 0.3037797125 0.5403389703125
1 0.867952846875 0.5571061312500001 0.9596705234374999 0.581681809375 0.9708698390625001 0.53988539375 0.8791521625 0.5153097171875001 0.867952846875 0.5571061312500001
1 0.8545058624999999 0.6165578125 0.9450614093749999 0.6408220984375 0.9550151578125 0.6036742015625001 0.8644596109375 0.579409915625 0.8545058624999999 0.6165578125
1 0.026639242187500002 0.6552006375 0.0974536796875 0.6741753078125 0.12233805312499998 0.581305565625 0.051523615625 0.56233089375 0.026639242187500002 0.6552006375
1 0.15087008125 0.525895909375 0.2089161875 0.5414493171875 0.2188699359375 0.5043014203125 0.16082383125 0.4887480125 0.15087008125 0.525895909375
1 0.290857015625 0.4074560359375 0.3210421984375 0.41554413125 0.3314111359375 0.376846728125 0.3012259546875 0.3687586328125 0.290857015625 0.4074560359375
1 0.2704614046875 0.3721298015625 0.31573917812499996 0.38426194375 0.323622375 0.35484145312500004 0.2783446015625 0.3427093109375 0.2704614046875 0.3721298015625
1 0.23630069531250003 0.41606672343750006 0.2711343953125 0.42540038437499994 0.28233371093750004 0.3836039703125 0.2475000109375 0.3742703078125 0.23630069531250003 0.41606672343750006
1 0.2073109953125 0.7981882812500001 0.258399415625 0.8118773812500001 0.278722103125 0.7360320812500001 0.2276336828125 0.7223429796875 0.2073109953125 0.7981882812500001
1 0.8364273921875001 0.7212157265625 0.89679775625 0.7373919171875001 0.9075818828125 0.6971450078125 0.84721151875 0.6809688171875 0.8364273921875001 0.7212157265625
1 0.7033198828125 0.660670696875 0.7520840453125001 0.6737370140625 0.7624529828125 0.6350396109374999 0.713688821875 0.62197329375 0.7033198828125 0.660670696875
1 0.7632951140625 0.5390169265625 0.8108971468749999 0.551771853125 0.82002051875 0.5177229671875 0.7724184859375 0.5049680421875 0.7632951140625 0.5390169265625
1 0.706489940625 0.472377309375 0.748281325 0.4835752765625 0.7561645218749999 0.4541547859375 0.7143731375 0.44295681875000004 0.706489940625 0.472377309375
1 0.058404709374999995 0.54591715 0.1152886859375 0.561159165625 0.1298041203125 0.5069868265624999 0.07292014375 0.4917448109375 0.058404709374999995 0.54591715
1 0 0.570082653125 0.025238554687499998 0.576845303125 0.0343619265625 0.54279641875 0 0.5335891671875 0 0.570082653125
1 0 0.6663309843749999 0.01974790625 0.6716224203125 0.041731348437499996 0.5895790953125 0 0.5783972140625 0 0.6663309843749999
1 0.399927675 0.2326133984375 0.44404331875 0.24443415000000002 0.453166690625 0.2103852640625 0.409051046875 0.1985645140625 0.399927675 0.2326133984375
1 0.91987073125 0.3586672453125 0.9500559140625 0.36675534062500004 0.9579391109375001 0.33733485 0.927753928125 0.32924675468750003 0.91987073125 0.3586672453125
1 0.8522860671875 0.37871222968749996 0.91265643125 0.3948884203125 0.927171865625 0.3407160796875 0.8668015015625 0.32453988906250003 0.8522860671875 0.37871222968749996