1 0.657453125 0.9679479171875001 0.8221093749999999 0.9679479171875001 0.8221093749999999 0.85096875 0.657453125 0.85096875 0.657453125 0.9679479171875001
1 0.57090625 0.9038437500000001 0.625 0.9038437500000001 0.625 0.8637812500000001 0.57090625 0.8637812500000001 0.57090625 0.9038437500000001
1 0.097359375 0.8718020828125 0.183890625 0.8718020828125 0.183890625 0.6971145828124999 0.097359375 0.6971145828124999 0.097359375 0.8718020828125
1 0.013218750000000001 0.740375 0.08653125 0.740375 0.08653125 0.6458333328125 0.013218750000000001 0.6458333328125 0.013218750000000001 0.740375
1 0.2572109375 0.6201875 0.3341328125 0.6201875 0.3341328125 0.5368541671875 0.2572109375 0.5368541671875 0.2572109375 0.6201875
1 0.246390625 0.95671875 0.301671875 0.95671875 0.301671875 0.8781979171875 0.246390625 0.8781979171875 0.246390625 0.95671875
1 0.3713984375 0.3429583328125 0.4302890625 0.3429583328125 0.4302890625 0.294875 0.3713984375 0.294875 0.3713984375 0.3429583328125
1 0.316109375 0.3173125 0.378609375 0.3173125 0.378609375 0.2868541671875 0.316109375 0.2868541671875 0.316109375 0.3173125
1 0.2451953125 0.3878229171875 0.2956796875 0.3878229171875 0.2956796875 0.34134375 0.2451953125 0.34134375 0.2451953125 0.3878229171875
1 0.4639375 0.1666666671875 0.53365625 0.1666666671875 0.53365625 0.12179166718750001 0.4639375 0.12179166718750001 0.4639375 0.1666666671875
0 0.384625 0.2612083328125 0.5673125 0.2612083328125 0.5673125 0.1842916671875 0.384625 0.1842916671875 0.384625 0.2612083328125
0 0.5552890625 0.3493541671875 0.6995234375 0.3493541671875 0.6995234375 0.1794791671875 0.5552890625 0.1794791671875 0.5552890625 0.3493541671875
0 0.3004765625 0.5560937499999999 0.6141796875 0.5560937499999999 0.6141796875 0.35578125 0.3004765625 0.35578125 0.3004765625 0.5560937499999999
0 0.4447109375 0.7868541671875 0.6069765625 0.7868541671875 0.6069765625 0.5897291671875 0.4447109375 0.5897291671875 0.4447109375 0.7868541671875