0 0.657453125 0.26603125 0.43629687500000003 0.26603125 0.43629687500000003 0.3653854171875 0.657453125 0.3653854171875 0.657453125 0.26603125
0 0.6418203124999999 0.4887916671875 0.2728359375 0.4887916671875 0.2728359375 0.7387916671875 0.6418203124999999 0.7387916671875 0.6418203124999999 0.4887916671875
0 0.733171875 0.5657083328125 0.45192187500000003 0.5657083328125 0.45192187500000003 0.947125 0.733171875 0.947125 0.733171875 0.5657083328125
1 0.7908593749999999 0.5224375 0.741578125 0.5224375 0.741578125 0.5576875 0.7908593749999999 0.5576875 0.7908593749999999 0.5224375
1 0.6610546875 0.34775 0.6394140625 0.34775 0.6394140625 0.3717916671875 0.6610546875 0.3717916671875 0.6610546875 0.34775
1 0.842546875 0.5256354171875001 0.8221093749999999 0.5256354171875001 0.8221093749999999 0.5753229171875 0.842546875 0.5753229171875 0.842546875 0.5256354171875001
1 0.784859375 0.4070520828125 0.751203125 0.4070520828125 0.751203125 0.4647395828125 0.784859375 0.4647395828125 0.784859375 0.4070520828125
1 0.8701874999999999 0.8621874999999999 0.8233124999999999 0.8621874999999999 0.8233124999999999 0.9246874999999999 0.8701874999999999 0.9246874999999999 0.8701874999999999 0.8621874999999999
1 0.050484375000000005 0.48557291718749995 0.019234375 0.48557291718749995 0.019234375 0.52884375 0.050484375000000005 0.52884375 0.050484375000000005 0.48557291718749995
1 0.3088984375 0.3173020828125 0.2560078125 0.3173020828125 0.2560078125 0.3573645828125 0.3088984375 0.3573645828125 0.3088984375 0.3173020828125
1 0.5023984375 0.1458229171875 0.4543203125 0.1458229171875 0.4543203125 0.1923020828125 0.5023984375 0.1923020828125 0.5023984375 0.1458229171875
1 0.5023984375 0.1843020828125 0.4567265625 0.1843020828125 0.4567265625 0.2179479171875 0.5023984375 0.2179479171875 0.5023984375 0.1843020828125