1 0.2326733484375 0.27115802499999997 0.15362168437499998 0.2865241125 0.165547246875 0.34787581093750003 0.24459891093750002 0.33250972343749996 0.2326733484375 0.27115802499999997
1 0.348386325 0.1294970703125 0.3059156125 0.137752540625 0.316616815625 0.192805465625 0.3590875296875 0.1845499953125 0.348386325 0.1294970703125
1 0.8733143999999999 0.49927578125 0.7966247765625 0.5141827343750001 0.8232267296875 0.651037925 0.899916353125 0.636130971875 0.8733143999999999 0.49927578125
1 0.5803003437500001 0.7178471046875 0.4080401109375 0.7513311015624999 0.42577739687499994 0.842581528125 0.5980376296875 0.80909753125 0.5803003437500001 0.7178471046875
1 0.10198615 0.8271532671875 0.0559723765625 0.8360974390625 0.074317865625 0.9304768015624999 0.12033164062499999 0.9215326296875 0.10198615 0.8271532671875
1 0.128430078125 0.7175309578125 0.06944041875 0.7289973859375001 0.08625943593749999 0.8155237312500001 0.14524909531250002 0.804057303125 0.128430078125 0.7175309578125
1 0.4502561890625 1 0.425079509375 0.8704772140625 0.23041056875 0.9083170218750001 0.248231934375 1 0.4502561890625 1
0 0.7332747937499999 0.8497270421875 0.5456766359375 0.8861924296874999 0.563413921875 0.97744285625 0.7510120796875001 0.9409774687500001 0.7332747937499999 0.8497270421875
1 0.696031665625 0.5321018640624999 0.648836871875 0.541275603125 0.6601502546875 0.5994779125 0.7073450484375 0.590304175 0.696031665625 0.5321018640624999
1 0.8708429734375001 0.7070862499999999 0.79415335 0.7219932015625 0.810666278125 0.806944853125 0.887355903125 0.7920379015625 0.8708429734375001 0.7070862499999999
1 1 0.517097125 0.9532303171875001 0.5261882296875 0.9758570843750001 0.642592853125 1 0.6378999453125 1 0.517097125
1 0.611957203125 0.32640648906249997 0.5694864890625 0.334661959375 0.5814120515625001 0.396013659375 0.623882765625 0.38775818906250004 0.611957203125 0.32640648906249997
1 0.6698638796874999 0.3282028796875 0.622669084375 0.33737661874999997 0.636431184375 0.40817647968750004 0.683625978125 0.39900274062499996 0.6698638796874999 0.3282028796875
1 0.499222125 0.2503746046875 0.4720893359375 0.255648684375 0.47667670156249997 0.2792486375 0.5038094906249999 0.2739745578125 0.499222125 0.2503746046875
1 0.6072851499999999 0.289760078125 0.5730662390625 0.2964115609375 0.5773475171875 0.318436821875 0.6115664265625 0.3117853390625 0.6072851499999999 0.289760078125
1 0.431139078125 0.3599197828125 0.37096839843749996 0.371615778125 0.37616794374999996 0.39836511875 0.43633862343749996 0.38666912343750004 0.431139078125 0.3599197828125
0 0.47791275781250003 0.1973730859375 0.3115576265625 0.22970924843749999 0.327764465625 0.31308620625 0.49411959687499996 0.2807500453125 0.47791275781250003 0.1973730859375
0 0.5506545234375 0.34484867656249996 0.1624823234375 0.420301709375 0.215078028125 0.6908831531249999 0.6032502281250001 0.615430121875 0.5506545234375 0.34484867656249996
1 0.9107809171874999 0.805439421875 0.8388153734375001 0.81942810625 0.8528795875 0.8917822109375001 0.9248451296875 0.8777935265625001 0.9107809171874999 0.805439421875