0 0.21176647656249997 0.48810705624999995 0.3954050859375 0.4977311484375 0.4036240125 0.340904703125 0.219985403125 0.3312806109375 0.21176647656249997 0.48810705624999995
1 0 0.637489196875 0.052141332812499996 0.6402218078125 0.056250795312500004 0.561808584375 0 0.5588606046875 0 0.637489196875
1 0.45887234687499995 0.9632219578125 0.5212866921875 0.9664929546875 0.5258998890625 0.878467921875 0.46348554374999995 0.875196925 0.45887234687499995 0.9632219578125
1 0.9064736453125001 0.5983246046875 0.995289259375 0.602979234375 0.9988960796875 0.5341570140624999 0.910080465625 0.5295023859375 0.9064736453125001 0.5983246046875
1 0.711789725 0.45492869843749995 0.7742040703125 0.45819969687500006 0.77613286875 0.4213960359375 0.7137185234375 0.41812503906250004 0.711789725 0.45492869843749995
1 0.7026219453125 0.5379063625 0.7446268 0.5401077437499999 0.746807465625 0.4984981796875 0.7048026109375 0.4962967984375 0.7026219453125 0.5379063625
1 0.721590678125 0.4056970890625 0.79600418125 0.409596934375 0.797849025 0.37439524375 0.7234355203125 0.370495396875 0.721590678125 0.4056970890625
1 0.1408010375 0.946552546875 0.2020139078125 0.9497605765625 0.205536771875 0.8825403265625 0.1443239015625 0.8793322953124999 0.1408010375 0.946552546875
1 0 0.886215484375 0.0727519703125 0.8900282531249999 0.0763587890625 0.8212060343750001 0.0031467624999999997 0.8173691546875 0 0.8774129484375001 0 0.886215484375
1 0.1462979203125 0.3595044515625 0.191907203125 0.3618947328125 0.19350126875 0.3314781421875 0.1478919859375 0.3290878609375 0.1462979203125 0.3595044515625
1 0.1766660828125 0.3771492296875 0.2066717796875 0.3787217625 0.20818188906250001 0.349907140625 0.1781761921875 0.3483346078125 0.1766660828125 0.3771492296875
1 0.7751989546875 0.57699790625 0.8700219484374999 0.58196736875 0.8730410796875001 0.5243589281250001 0.778218084375 0.519389465625 0.7751989546875 0.57699790625
1 0.6826635671875 0.2528148640625 0.72827285 0.2552051453125 0.7305374703124999 0.2119936140625 0.6849281875 0.2096033328125 0.6826635671875 0.2528148640625
1 0.23673902500000002 0.218200371875 0.2715506265625 0.2200247703125 0.273479425 0.1832211125 0.2386678234375 0.1813967125 0.23673902500000002 0.218200371875
1 0.2206666953125 0.24946455781250002 0.25667977343750004 0.251351921875 0.2578540609375 0.22894517187500002 0.2218409828125 0.22705780625 0.2206666953125 0.24946455781250002
1 0.0701599109375 0.5031540624999999 0.1229780515625 0.5059221453125 0.12465498281250001 0.47392439062499997 0.0718368421875 0.47115630937499997 0.0701599109375 0.5031540624999999
1 0.4999173078125 0.8690952546874999 0.5383333390625 0.8711085531249999 0.5415203796875 0.8102961765625001 0.50310435 0.8082828765625001 0.4999173078125 0.8690952546874999
1 0.6097005234374999 0.9101471234374999 0.65410833125 0.9124744390625 0.6565408625 0.8660589703125 0.61213305625 0.8637316546875 0.6097005234374999 0.9101471234374999
1 0.8621340999999999 0.4339245796875 0.90534043125 0.436188928125 0.9070173625000001 0.4041911734375 0.86381103125 0.401926825 0.8621340999999999 0.4339245796875
1 0.7676903921875 0.1689937 0.8061064218749999 0.1710069984375 0.807783353125 0.13900924375 0.7693673234375 0.13699594531249998 0.7676903921875 0.1689937
1 0.7393024671874999 0.2285062171875 0.7657037359375 0.22988985 0.7672978015624999 0.1994732578125 0.7408965328125 0.198089625 0.7393024671874999 0.2285062171875
1 0.91069664375 0.47176801093750004 0.9755139421875001 0.47516494062500003 0.9775266953124999 0.4367593140625 0.912709396875 0.43336238437499996 0.91069664375 0.47176801093750004
1 0.9362413609375 0.3976908984375 0.9770447390625 0.3998293125 0.9783029828125 0.37582059375 0.9374996046874999 0.37368217812500004 0.9362413609375 0.3976908984375
1 0.8337237703125 0.3329451421875 0.879333053125 0.3353354234375 0.8810099843750001 0.30333767031250003 0.8354007015624999 0.30094738906249996 0.8337237703125 0.3329451421875
1 0.7577808234375001 0.9323441359375 0.8009871546875 0.9346084828125001 0.8060190390624999 0.8385944140625 0.7628127078125 0.8363300656250001 0.7577808234375001 0.9323441359375