0 0.1247296703125 0.31182854843749996 0.1183765765625 0.4330528125 0.212788678125 0.438000740625 0.219141771875 0.31677647656249996 0.1247296703125 0.31182854843749996
0 0.6616192578125 0.08000009062499999 0.649415984375 0.3128524109375 0.8158542390625 0.3215750703125 0.8280575125 0.08872274999999999 0.6616192578125 0.08000009062499999
0 0.3060424109375 0.2202390796875 0.30000333125 0.33547156562499997 0.3768145859375 0.339497071875 0.3828536640625 0.2242645859375 0.3060424109375 0.2202390796875
0 0.29432527343750003 0.076397471875 0.2864626140625 0.22642595625 0.3808747140625 0.231373884375 0.388737375 0.0813454 0.29432527343750003 0.076397471875
1 0.2632861421875 0.1481838890625 0.259134428125 0.22740329843749998 0.28794905000000004 0.2289134078125 0.2921007640625 0.149694 0.2632861421875 0.1481838890625
1 0.38053310156250003 0.48290384375000006 0.37543770468750004 0.580129790625 0.4298422109375 0.582981009375 0.43493760625 0.4857550625 0.38053310156250003 0.48290384375000006
1 0.7588519296875 0.3378406546875 0.75558093125 0.400255 0.851595 0.405286884375 0.854865996875 0.3428725390625 0.7588519296875 0.3378406546875
1 0.6363107125 0.2568006546875 0.63153015 0.348019221875 0.6875366234375 0.350954396875 0.6923171859374999 0.2597358296875 0.6363107125 0.2568006546875
1 0.652238025 0.3816099609375 0.6489040609375001 0.4452257828125 0.7321231906250001 0.4495871125 0.7354571546875001 0.385971290625 0.652238025 0.3816099609375
1 0.9594091984374999 0.093204871875 0.963057996875 0.02358166875 0.8846447734374999 0.0194722046875 0.8809959765625001 0.0890954078125 0.9594091984374999 0.093204871875
1 0.68080898125 1 0.6834863140625 0.9489134640625 0.5938593125 0.9442163125 0.5909358140625 1 0.68080898125 1
1 0.26575251718750004 0.6827017578125 0.261852671875 0.7571152624999999 0.325868984375 0.7604702140625 0.32976883125 0.6860567109375 0.26575251718750004 0.6827017578125
1 0.47334644218750005 0.12068678749999999 0.46957252812499994 0.1926973390625 0.53038490625 0.19588438125000002 0.53415881875 0.1238738296875 0.47334644218750005 0.12068678749999999
0 0.10531302499999999 0.22294836562499998 0.09958877968749999 0.3321734703125 0.1587991875 0.33527655625 0.16452343281249998 0.2260514515625 0.10531302499999999 0.22294836562499998