1 0.5623438265625 0.465045084375 0.6572078859375 0.486946178125 0.67739724375 0.399496465625 0.5825331828125 0.3775953703125 0.5623438265625 0.465045084375
1 0.6906429109375 0.3367747890625 0.739833375 0.348131303125 0.7502889125000001 0.30284339375 0.7010984484375 0.2914868796875 0.6906429109375 0.3367747890625
1 0.683963171875 0.4191223203125 0.73080905625 0.42993754375000004 0.7470336515625 0.359661103125 0.700187765625 0.348845878125 0.683963171875 0.4191223203125
1 0.5500553171875 0 0.5309374703125 0.0828084921875 0.6351646171875001 0.10687122499999999 0.65463225625 0.022547615625 0.5569678031249999 0 0.5500553171875 0
1 0.6134443734375 0.15285119687499998 0.6626348375 0.1642077109375 0.6781377140625 0.09705737343750001 0.62894725 0.08570085937500001 0.6134443734375 0.15285119687499998
1 0.2860866921875 0 0.2770834 0.0389975453125 0.3356369515625 0.0525156984375 0.34776115625 0 0.2860866921875 0
1 0.3038076328125 0.2705052171875 0.3939825375 0.29132373437500003 0.412006740625 0.2132523328125 0.3218318359375 0.192433815625 0.3038076328125 0.2705052171875
1 0.262735740625 0.21332126406250002 0.3189447140625 0.226298128125 0.3376906359375 0.145100621875 0.2814816625 0.13212375781250002 0.262735740625 0.21332126406250002
1 0.6566363875000001 0.6924171593749999 0.70934371875 0.70458560625 0.7179949609375 0.6671129578125 0.6652876296875 0.6549445109375001 0.6566363875000001 0.6924171593749999
1 0.6883478671875001 0.7688214265625 0.7246583765625 0.77720436875 0.730066575 0.7537788875 0.6937560656249999 0.745395946875 0.6883478671875001 0.7688214265625
1 0.7859850703125 0.922943490625 0.8340032453124999 0.934029359375 0.8408548781249999 0.904351671875 0.792836703125 0.8932658015625 0.7859850703125 0.922943490625
0 0.8842857437499999 0.8337922234375 0.9334685953124999 0.8451469796875 0.9576227140625001 0.74052399375 0.9084398625000001 0.7291692375000001 0.8842857437499999 0.8337922234375
0 0.7283445453125 0.852056190625 0.8630207562500001 0.88314864375 0.8745588718749999 0.8331715796875001 0.739882659375 0.802079125 0.7283445453125 0.852056190625
0 1 0.5414332921875 0.78440765625 0.491659878125 0.7350215265625 0.70557470625 0.9540188109375001 0.7561342140625 1 0.5569678031249999 1 0.5414332921875
0 1 0.3884498375 0.90108059375 0.3656124921875 0.8762047562499999 0.4733615828125 1 0.5019419671875001 1 0.3884498375
1 0.5917932421875001 0.6100102078125 0.65034679375 0.6235283609375 0.6618849078125 0.5735512953125 0.6033313578125 0.56003314375 0.5917932421875001 0.6100102078125
1 0.43739155937499996 0.4345512171875 0.4795482890625 0.444283865625 0.49216429531249994 0.38963794531249996 0.4500075640625 0.37990529687499996 0.43739155937499996 0.4345512171875
1 0.236529784375 0.1184530734375 0.279858803125 0.128456365625 0.29788300625 0.0503849640625 0.25455398749999997 0.040381671875000004 0.236529784375 0.1184530734375