0 0.7422276390625 0.41096088750000004 0.7473873109375 0.558714575 0.8819303015625 0.5540162296875 0.876770628125 0.4062625421875 0.7422276390625 0.41096088750000004
0 0.8285150343750001 0.3105367625 0.8322062000000001 0.4162379578125 0.8994776953124999 0.4138887859375 0.8957865281249999 0.308187590625 0.8285150343750001 0.3105367625
0 0.57549860625 0.1822575140625 0.580616290625 0.328808809375 0.6959210062500001 0.3247822796875 0.6908033234375 0.178230984375 0.57549860625 0.1822575140625
0 0.5650983953125001 0.3437891890625 0.5697542062500001 0.477114171875 0.6786669843750001 0.473310853125 0.6740111734374999 0.339985871875 0.5650983953125001 0.3437891890625
0 0.04315609375 0.32112371875 0.0511257203125 0.5493439828125 0.23370193281249999 0.5429682812500001 0.2257323046875 0.3147480171875 0.04315609375 0.32112371875
1 0.4261787703125 0.0852611765625 0.42328429375 0.0023742 0.3448112921875 0.0051145375 0.34770576875 0.0880015140625 0.4261787703125 0.0852611765625
1 0.49127247343749997 0 0.41688194687499996 0.002597775 0.4213283609375 0.1299264125 0.5190188140625 0.1265149859375 0.5146008140625 0 0.49127247343749997 0
1 0.2784456171875 0.17100046875 0.27274064062500003 0.007631300000000001 0.1830453125 0.010763529687499999 0.18875029062499998 0.1741326984375 0.2784456171875 0.17100046875
1 0 0.246865859375 0.0997690953125 0.24338184531249998 0.0956166015625 0.1244699515625 0 0.12780895625 0 0.246865859375
1 0.1592334203125 0.61411835 0.16221187343750001 0.6994101109375 0.2631087078125 0.695886715625 0.260130253125 0.6105949546875 0.1592334203125 0.61411835
1 0.1830918875 0.5627856812500001 0.1848957546875 0.61444169375 0.255373628125 0.611980553125 0.2535697609375 0.5603245390625 0.1830918875 0.5627856812500001
1 0.19907950000000002 0.4696240953125 0.202351328125 0.563316984375 0.26641644375 0.56107978125 0.263144615625 0.4673868921875 0.19907950000000002 0.4696240953125
1 0.484548428125 0.6544771046875 0.48844953750000003 0.7661902609375 0.5685257265625 0.7633939390625 0.5646246171875 0.6516807828125 0.484548428125 0.6544771046875
1 0.9098581593749999 0.6648825359375 0.9122493203125 0.7333564234375001 0.9715048671875 0.7312871734375 0.9691137062499999 0.6628132875 0.9098581593749999 0.6648825359375
1 0.604133896875 0.86436899375 0.606944396875 0.9448511859375 0.690226965625 0.94194289375 0.6874164656249999 0.8614607015625 0.604133896875 0.86436899375
1 0.255401475 0.8885699468749999 0.2561987109375 0.9113997812499999 0.320263828125 0.909162578125 0.3194665921875 0.88633274375 0.255401475 0.8885699468749999
1 0.12075301406250001 0.8439841375 0.12272428906249999 0.900434103125 0.196387721875 0.8978617203124999 0.1944164453125 0.8414117531249999 0.12075301406250001 0.8439841375
1 0.073826090625 0.69407741875 0.077223884375 0.7913774859375 0.18453347343749998 0.7876301515625 0.18113568124999999 0.6903300859375 0.073826090625 0.69407741875
1 0.10468291562500001 0.6136233953125 0.0037860843749999997 0.617146790625 0.0061772453125 0.685620678125 0.10707407656250001 0.6820972828125 0.10468291562500001 0.6136233953125
1 0.41507658437500006 0.2720593046875 0.41771912968749997 0.347731928125 0.4913825640625 0.3451595453125 0.4887400171875 0.2694869203125 0.41507658437500006 0.2720593046875
1 0.808855928125 0.2522967515625 0.8105338296875001 0.30034558906250003 0.8729957578124999 0.2981643703125 0.8713178546875 0.2501155328125 0.808855928125 0.2522967515625
1 0.654096425 0.137424678125 0.6556063734375 0.180663946875 0.698850846875 0.1791538171875 0.6973408984375 0.1359145484375 0.654096425 0.137424678125
1 0.671232525 0.2607142421875 0.6737491062500001 0.332779690625 0.7153903890625 0.33132554375 0.7128738078125 0.25926009687499996 0.671232525 0.2607142421875