0 0.7013618265625 0.8708849265625 0.7112083828125 0.9834315796875 0.8868292078125 0.9680667484375001 0.8769826515625001 0.8555200953125001 0.7013618265625 0.8708849265625
0 0.47111072187499997 0.46392747500000003 0.45979681718750004 0.33460895 0.34326279375 0.34480435625 0.3545766984375 0.47412288125 0.47111072187499997 0.46392747500000003
0 0.20950666093749998 0.489214621875 0.1995545640625 0.37546163906249996 0.087793971875 0.3852394234375 0.0977460671875 0.49899240625 0.20950666093749998 0.489214621875
0 0.1761435453125 0.6043495937500001 0.1660865890625 0.489398065625 0.0990302328125 0.4952647359375 0.10908718906249999 0.610216265625 0.1761435453125 0.6043495937500001
0 0.40032091562499994 0.7029677703125 0.3782174015625 0.45032345625000003 0.2249486953125 0.4637327296875 0.247052209375 0.7163770453125 0.40032091562499994 0.7029677703125
1 0.602499828125 0.2557699953125 0.5910810640624999 0.1252529234375 0.504868715625 0.1327955265625 0.5162874796875 0.2633125984375 0.602499828125 0.2557699953125
1 0.578512559375 0 0.5895885421875 0.126599065625 0.6789970171874999 0.11877683750000001 0.668605390625 0 0.578512559375 0
1 0.7275412 0.6369474171875 0.723141196875 0.58665515 0.6528887171875 0.5928014453125 0.6572887203125 0.6430937125 0.7275412 0.6369474171875
1 0.74340394375 0.7079444265625 0.73785185 0.6444837125 0.661227875 0.651187440625 0.6667799671875 0.71464815625 0.74340394375 0.7079444265625
1 0.7862984359375 0.7753765875 0.77990883125 0.7023430640625 0.679334675 0.7111421625000001 0.6857242796875 0.7841756859375 0.7862984359375 0.7753765875
1 0.5404381421875 0.8885870875 0.533524240625 0.8095608296875 0.447311890625 0.8171034328125 0.4542257921875 0.896129690625 0.5404381421875 0.8885870875
1 0.5194575390625 0.7408064421875 0.5150575359375 0.690514175 0.4559914921875 0.695681784375 0.4603914953125 0.7459740515625 0.5194575390625 0.7408064421875
1 0.1281551640625 0.589248028125 0.12365030156250001 0.537757215625 0.08214218749999999 0.5413887046875 0.08664705 0.5928795171875 0.1281551640625 0.589248028125
1 0.264516340625 0.713649253125 0.2567649265625 0.6250501875000001 0.2056684390625 0.62952055 0.213419853125 0.7181196171875001 0.264516340625 0.713649253125
1 0.5078134609375 0.9939956890625 0.504880125 0.9604675125 0.47296038593749995 0.9632601265625 0.475893721875 0.9967883046875 0.5078134609375 0.9939956890625
1 0.9490732656249999 0.8890285578125001 0.933464215625 0.7106163125 0.8264978109375001 0.7199746609375001 0.8421068593750001 0.8983869046875 0.9490732656249999 0.8890285578125001