1 0.6747070890625 0.6781532718750001 0.679653259375 0.7488867984375001 0.7276194625 0.7455326734375001 0.72267329375 0.6747991484375 0.6747070890625 0.6781532718750001
1 0.173499565625 1 0.168382365625 0.926820628125 0.029305309374999998 0.9365458437499999 0.033742456250000004 1 0.173499565625 1
1 0.159068759375 0.21901175 0.16225466875 0.26457237031249997 0.21500086718750003 0.26088399687499997 0.2118149578125 0.2153233765625 0.159068759375 0.21901175
1 0.132844340625 0.050955132812500005 0.13100015468749998 0.024582034375 0.0238867140625 0.0320721359375 0.025730901562500002 0.058445234375 0.132844340625 0.050955132812500005
1 0.36115825468749996 0.168737546875 0.3660215890625 0.23828646562500003 0.4171883109375 0.23470853906250003 0.4123249765625 0.165159621875 0.36115825468749996 0.168737546875
1 0.4800421609375 0.2604336171875 0.4838983859375 0.3155802046875 0.5302643312499999 0.31233798125 0.52640810625 0.25719139375 0.4800421609375 0.2604336171875
1 0.4419293296875 0.19802614999999998 0.44436099531249995 0.232800609375 0.5115095265625 0.22810512656249998 0.5090778593749999 0.1933306671875 0.4419293296875 0.19802614999999998
1 0.5646773515625 0.25329362187500004 0.566857240625 0.2844674984375 0.597241378125 0.2823428328125 0.5950614890625 0.25116895625 0.5646773515625 0.25329362187500004
1 0.6096905968749999 0.299547578125 0.6111162453125 0.31993529375 0.6334990875 0.31837013281250004 0.6320734406249999 0.29798241718749996 0.6096905968749999 0.299547578125
1 0.6445821281249999 0.3621803015625 0.6466780921875 0.39215398281249997 0.6690609359375 0.390588821875 0.6669649718749999 0.360615140625 0.6445821281249999 0.3621803015625
1 0.8341976843750001 0.5007205531250001 0.8376353703125 0.54988175625 0.8680195109375 0.547757090625 0.8645818249999999 0.49859588749999995 0.8341976843750001 0.5007205531250001
1 0.8044917125 0.48954676875 0.8080972515625 0.541108359375 0.8320803515625 0.5394312984375 0.8284748140625 0.48786970625 0.8044917125 0.48954676875
1 0.78973535625 0.6460197796875 0.7925016359375 0.6855794296875 0.8116839625000001 0.6842380703125001 0.80891768125 0.644678421875 0.78973535625 0.6460197796875
1 0.7509218578125 0.734270371875 0.7536881375 0.773830021875 0.7904525312499999 0.7712592046875 0.7876862499999999 0.7316995546875 0.7509218578125 0.734270371875
0 0.6640996125 0.3656319265625 0.6784367484375 0.5706625125 0.753565790625 0.565408978125 0.7392286546875 0.360378390625 0.6640996125 0.3656319265625
0 0.311459234375 0.422823315625 0.33669581718749997 0.7837232843749999 0.5844865718750001 0.7663960671875001 0.5592499875 0.40549609843749995 0.311459234375 0.422823315625
0 0.1444656859375 0.35497880625 0.161736953125 0.6019694296875 0.5230421828125 0.57670450625 0.505770915625 0.3297138828125 0.1444656859375 0.35497880625