0 0.9056114015625001 0.581789740625 0.889254221875 0.478514578125 0.835445784375 0.487036996875 0.8518029625000001 0.590312159375 0.9056114015625001 0.581789740625
0 0.8595937296875 0.50632501875 0.8379715531249999 0.3698079703125 0.754079775 0.3830951234375 0.7757019515625 0.519612171875 0.8595937296875 0.50632501875
0 0.7762405125 0.7689887859375 0.7329961609375 0.49595469062499997 0.5731346875 0.5212742609375 0.6163790390624999 0.79430835625 0.7762405125 0.7689887859375
0 0.554088115625 0.48292224843750003 0.533404546875 0.35233133125 0.438442428125 0.367371853125 0.459125996875 0.49796277031249997 0.554088115625 0.48292224843750003
1 0.5257536421875 0.9084451937500001 0.5137204109375 0.8324703546875 0.40132970781250005 0.8502712921875 0.4133629390625 0.9262461312499999 0.5257536421875 0.9084451937500001
1 0.2291585890625 0.295863484375 0.2013303640625 0.12016298750000001 0.1206074203125 0.132948246875 0.1484356453125 0.3086487421875 0.2291585890625 0.295863484375
1 0.11716013125 0.1420131890625 0.1036236609375 0.056547281250000005 0.003908292187500001 0.0723406453125 0.0174447625 0.1578065515625 0.11716013125 0.1420131890625
1 0.1389446640625 0.2590462078125 0.1344325078125 0.230557571875 0.0869411609375 0.2380794625 0.09145331718750001 0.266568096875 0.1389446640625 0.2590462078125
1 0.1530229265625 0.8908252546875 0.1449372203125 0.8397741140624999 0.067383109375 0.852057478125 0.07546881562499999 0.9031086203124999 0.1530229265625 0.8908252546875
1 0.109058846875 1 0.1498127625 0.9935452140625 0.1347706109375 0.89857280625 0.058800915625000005 0.910605225 0.0729596578125 1 0.109058846875 1
1 0.5663837625 0.99084591875 0.5607423453125 0.9552274078125 0.5275107484375 0.9604907765625 0.533152165625 0.9961092875 0.5663837625 0.99084591875
1 0.7666345234375 0.8824667203125 0.7630609734375 0.8599042156250001 0.7329776328125 0.8646689484375001 0.7365511828125 0.8872314546875 0.7666345234375 0.8824667203125
1 0.766247771875 0.8083095359374999 0.75797385625 0.7560700828125 0.7152357578124999 0.7628391328124999 0.7235096750000001 0.8150785859375 0.766247771875 0.8083095359374999
1 0.7863813125 0.7612999406250001 0.7781073968750001 0.7090604875000001 0.7575305546875 0.7123195390625 0.765804471875 0.7645589921875 0.7863813125 0.7612999406250001
1 0.9180353515625 0.6090252703125 0.9103260656250001 0.5603507546875 0.8897492250000001 0.56360980625 0.8974585109375001 0.612284321875 0.9180353515625 0.6090252703125
1 0.7799857890624999 0.649138275 0.7728411328125 0.604028696875 0.72851861875 0.61104869375 0.7356632750000001 0.6561582718750001 0.7799857890624999 0.649138275
1 0.6022919359375 0.7770812203124999 0.5889412328125 0.69278819375 0.5272107109374999 0.7025653468749999 0.5405614140624999 0.786858375 0.6022919359375 0.7770812203124999
1 0.28117460781250003 0.5833280515625 0.2723385046875 0.52753909375 0.22011448437499997 0.5358105656250001 0.22895058750000002 0.591599525 0.28117460781250003 0.5833280515625
1 0.191096271875 0.3834270453125 0.18432803749999999 0.3406940921875 0.1305195984375 0.3492165109375 0.137287834375 0.3919494640625 0.191096271875 0.3834270453125
1 0.55610763125 0.085890078125 0.5438861890625 0.0087269265625 0.49007775000000003 0.0172493453125 0.5022991921875 0.094412496875 0.55610763125 0.085890078125