1 0.5254331234375 0.65503165 0.5956493187499999 0.6451634078125 0.5827120203125 0.5531097390624999 0.512495825 0.56297798125 0.5254331234375 0.65503165
1 0.45435335625000006 1 0.532313659375 0.9890433937499999 0.5224990578125001 0.919208865625 0.4189541515625 0.933761153125 0.4282634140625 1 0.45435335625000006 1
1 0.5349634046875 1 0.5529221953125 0.99747605625 0.547123315625 0.9562148859375 0.492380059375 0.96390855 0.49745238281250004 1 0.5349634046875 1
1 0.22191935156249998 1 0.212146009375 0.9304590625 0.138355565625 0.9408296343749999 0.14667141875 1 0.22191935156249998 1
1 0.24608846718750002 0.7832925562499999 0.33773468125 0.7704125203125 0.32881310625000004 0.7069322109375 0.23716689062500002 0.719812246875 0.24608846718750002 0.7832925562499999
1 0.18828107968750002 0.8383422796875 0.2668371890625 0.8273019390625 0.254346403125 0.7384253796875 0.17579029375 0.7494657203124999 0.18828107968750002 0.8383422796875
1 0.1458819328125 0.9252240437499999 0.21373076875 0.9156885109375 0.20235626718750002 0.834754728125 0.1345074328125 0.8442902609375 0.1458819328125 0.9252240437499999
1 0.643048759375 0.40384316875000004 0.6954246562499999 0.3964822171875 0.68717285 0.337767571875 0.6347969531250001 0.3451285234375 0.643048759375 0.40384316875000004
1 0.6822745343750001 0.3287363953125 0.7560649781250001 0.318365825 0.7469201453125 0.2532969609375 0.6731297015625 0.26366753125 0.6822745343750001 0.3287363953125
0 0.7356912265625 0.259734878125 0.871373425 0.24066598749999998 0.8631216187499999 0.18195134375 0.7274394203125001 0.2010202328125 0.7356912265625 0.259734878125
0 0.9071347031249999 0.38290658906249997 0.9868822296875001 0.3716988046875 0.9621268140625 0.195554871875 0.8823792890625001 0.20676265625 0.9071347031249999 0.38290658906249997
0 1 0.5082045125 0.9729043359375 0.3154088421875 0.7193802375 0.35103932968749996 0.748821146875 0.5605222875 1 0.525221403125 1 0.5082045125
1 0.6355919046875 0.6961843390625 0.6796278874999999 0.6899954859374999 0.67293598125 0.642380096875 0.628899996875 0.64856895 0.6355919046875 0.6961843390625
1 0.6349246296875 0.7431930265625 0.69205071875 0.735164478125 0.684245428125 0.6796269421875001 0.6271193375 0.687655490625 0.6349246296875 0.7431930265625
1 0.3481523953125 0.69774504375 0.401719709375 0.6902166484375 0.3921283625 0.6219706734375 0.3385610484375 0.6294990687500001 0.3481523953125 0.69774504375