0 0.7928570265625 0.471445653125 0.8315305093750001 0.316334784375 0.7646609625 0.299662334375 0.7259874796875 0.45477320312499997 0.7928570265625 0.471445653125
0 0.8082959703125001 0.316733496875 0.8449320171875 0.1697943375 0.698761009375 0.1333498125 0.6621249625 0.280288971875 0.8082959703125001 0.316733496875
0 0.621286965625 0.5302402374999999 0.695723309375 0.2316923703125 0.4904653328125 0.180515809375 0.416028990625 0.4790636765625 0.621286965625 0.5302402374999999
0 0.4155552703125 0.33525547968749997 0.4588819703125 0.16148157968750002 0.317380509375 0.126201303125 0.27405381093750003 0.299975203125 0.4155552703125 0.33525547968749997
1 0.158912525 0 0.1408878109375 0.072293178125 0.2792762390625 0.1067972890625 0.30590379375 0 0.158912525 0
1 0.37321776562500003 0.683924765625 0.3912447265625 0.6116225734375 0.28083315781249996 0.5840938765625 0.262806196875 0.6563960703125 0.37321776562500003 0.683924765625
1 0.29240199218749996 0.5906981828125 0.3078131734375 0.5288873125 0.23938710937500002 0.511826778125 0.223975928125 0.5736376484375 0.29240199218749996 0.5906981828125
1 0.2494502109375 0.59732434375 0.2709661390625 0.5110286671875001 0.19944725937500002 0.49319700781250003 0.1779313296875 0.579492684375 0.2494502109375 0.59732434375
1 0.630357453125 0.59319524375 0.6472239453124999 0.5255474390625 0.5819109140625 0.509263071875 0.5650444218749999 0.5769108765625 0.630357453125 0.59319524375
1 0.7095290328125 0.52745841875 0.7229027765625 0.4738192578125 0.6746912078125 0.46179876249999996 0.6613174640625 0.5154379234375 0.7095290328125 0.52745841875
1 0.6969555875 0.498316615625 0.7158557359375 0.4225122625 0.6567687671875 0.4077802265625 0.6378686203124999 0.48358457968749996 0.6969555875 0.498316615625
1 0.253381928125 0.1709542484375 0.266468390625 0.1184673140625 0.1964858109375 0.10101869687500001 0.1833993484375 0.15350563125 0.253381928125 0.1709542484375
1 0.11349719843749999 0.8842542531250001 0.1053550140625 0.91691076875 0.1722245609375 0.9335832187499999 0.18036674531250002 0.9009267031249999 0.11349719843749999 0.8842542531250001
1 0.5213653203125 0.63291371875 0.5376496875 0.5676006874999999 0.5018902468750001 0.5586848578125 0.485605878125 0.6239978890625 0.5213653203125 0.63291371875