0 0.6718828125 0.42467708281250005 0.46274218749999996 0.42467708281250005 0.46274218749999996 0.5785312499999999 0.6718828125 0.5785312499999999 0.6718828125 0.42467708281250005
1 0.9158671875 0.67628125 0.8341328125 0.67628125 0.8341328125 0.7724270828125 0.9158671875 0.7724270828125 0.9158671875 0.67628125
1 0.10696874999999999 0.4182708328125 0.0108125 0.4182708328125 0.0108125 0.46314583281250005 0.10696874999999999 0.46314583281250005 0.10696874999999999 0.4182708328125
1 0.09615625 0.48236458281249994 0.0048125 0.48236458281249994 0.0048125 0.5224270828125 0.09615625 0.5224270828125 0.09615625 0.48236458281249994
1 0.22475 0.4294895828125 0.16946875 0.4294895828125 0.16946875 0.47596875 0.22475 0.47596875 0.22475 0.4294895828125
1 0.2355703125 0.5657083328125 0.19230468750000002 0.5657083328125 0.19230468750000002 0.59775 0.2355703125 0.59775 0.2355703125 0.5657083328125
1 0.0865390625 0.5801354171875001 0.0360546875 0.5801354171875001 0.0360546875 0.6266145828125 0.0865390625 0.6266145828125 0.0865390625 0.5801354171875001
1 0.234375 0.9599270828125 0.18990625 0.9599270828125 0.18990625 0.9999895828125 0.234375 0.9999895828125 0.234375 0.9599270828125
1 0.9975937500000001 1 0.9975937500000001 0.955125 0.8930312499999999 0.955125 0.8930312499999999 1 0.9975937500000001 1
1 0.97715625 0.6634583328125 0.9375 0.6634583328125 0.9375 0.7019166671875 0.97715625 0.7019166671875 0.97715625 0.6634583328125
1 0.820921875 0.5705104171875 0.7716406250000001 0.5705104171875 0.7716406250000001 0.6105729171875 0.820921875 0.6105729171875 0.820921875 0.5705104171875
1 0.7151484375 0.42146875 0.6851015625 0.42146875 0.6851015625 0.45832291718749996 0.7151484375 0.45832291718749996 0.7151484375 0.42146875
1 0.75 0.3942291671875 0.69590625 0.3942291671875 0.69590625 0.4294791671875 0.75 0.4294791671875 0.75 0.3942291671875
1 0.108171875 0.22115625 0.085328125 0.22115625 0.085328125 0.2500104171875 0.108171875 0.2500104171875 0.108171875 0.22115625
1 0.1730703125 0.2355729171875 0.1141796875 0.2355729171875 0.1141796875 0.2820520828125 0.1730703125 0.2820520828125 0.1730703125 0.2355729171875
1 0.655046875 0.2243541671875 0.6189843749999999 0.2243541671875 0.6189843749999999 0.2596041671875 0.655046875 0.2596041671875 0.655046875 0.2243541671875
1 0.8076953124999999 0.6650729171875 0.7391796875 0.6650729171875 0.7391796875 0.7051354171875001 0.8076953124999999 0.7051354171875001 0.8076953124999999 0.6650729171875
1 1 0.7019166671875 0.9735625000000001 0.7019166671875 0.9735625000000001 0.7371666671875 1 0.7371666671875 1 0.7019166671875
1 0.9976015625000001 0.7083333328125 0.9158671875 0.7083333328125 0.9158671875 0.794875 0.9976015625000001 0.794875 0.9976015625000001 0.7083333328125
1 0.6694765625 0.2692291671875 0.6346171875 0.2692291671875 0.6346171875 0.2932708328125 0.6694765625 0.2932708328125 0.6694765625 0.2692291671875