0 0.58534375 0.1330208328125 0.4423125 0.1330208328125 0.4423125 0.2339791671875 0.58534375 0.2339791671875 0.58534375 0.1330208328125
0 0.686296875 0.1041666671875 0.579328125 0.1041666671875 0.579328125 0.169875 0.686296875 0.169875 0.686296875 0.1041666671875
0 0.8173125000000001 0.2948854171875 0.6766875 0.2948854171875 0.6766875 0.41186458281249994 0.8173125000000001 0.41186458281249994 0.8173125000000001 0.2948854171875
0 0.6802890625 0.3221041671875 0.5300546875000001 0.3221041671875 0.5300546875000001 0.4503125 0.6802890625 0.4503125 0.6802890625 0.3221041671875
0 0.7295625 0.7916562500000001 0.506 0.7916562500000001 0.506 0.9807604171875001 0.7295625 0.9807604171875001 0.7295625 0.7916562500000001
1 0.340140625 0.42146875 0.24879687499999997 0.42146875 0.24879687499999997 0.5096145828124999 0.340140625 0.5096145828124999 0.340140625 0.42146875
1 0.5793359375 0.74840625 0.4819765625 0.74840625 0.4819765625 0.8125104171875 0.5793359375 0.8125104171875 0.5793359375 0.74840625
1 0.4927890625 0.7628125 0.4242734375 0.7628125 0.4242734375 0.8253125000000001 0.4927890625 0.8253125000000001 0.4927890625 0.7628125
1 0.4302890625 0.7644166671875 0.3461484375 0.7644166671875 0.3461484375 0.8205 0.4302890625 0.8205 0.4302890625 0.7644166671875
1 0.38101562499999997 0.8173125000000001 0.269234375 0.8173125000000001 0.269234375 0.9423125000000001 0.38101562499999997 0.9423125000000001 0.38101562499999997 0.8173125000000001
1 0.4447109375 1 0.4447109375 0.9070416671875 0.3918203125 0.9070416671875 0.3918203125 1 0.4447109375 1
1 0.9351015625000001 1 0.9351015625000001 0.947125 0.7956796875000001 0.947125 0.7956796875000001 1 0.9351015625000001 1
1 0.9999921875 0.75 0.8786015624999999 0.75 0.8786015624999999 0.8477499999999999 0.9999921875 0.8477499999999999 0.9999921875 0.75
1 0.9999921875 0.5673020828124999 0.9278828125 0.5673020828124999 0.9278828125 0.6634479171875001 0.9999921875 0.6634479171875001 0.9999921875 0.5673020828124999
1 1 0.4919791671875 0.88221875 0.4919791671875 0.88221875 0.5929375 1 0.5929375 1 0.4919791671875
1 0.7415859375 0.1346145828125 0.6886953124999999 0.1346145828125 0.6886953124999999 0.1843020828125 0.7415859375 0.1843020828125 0.7415859375 0.1346145828125
1 0.132203125 0.2948645828125 0.027640625000000002 0.2948645828125 0.027640625000000002 0.42467708281250005 0.132203125 0.42467708281250005 0.132203125 0.2948645828125
1 0.21634375 0.8445625 0.15384375 0.8445625 0.15384375 0.9006458328125 0.21634375 0.9006458328125 0.21634375 0.8445625
1 0.3161015625 0.03365625 0.25480468749999996 0.03365625 0.25480468749999996 0.09134375 0.3161015625 0.09134375 0.3161015625 0.03365625
1 0.7680234375 0.52403125 0.6935078125 0.52403125 0.6935078125 0.5881354171875001 0.7680234375 0.5881354171875001 0.7680234375 0.52403125
1 0.43028125 0.5961458328125 0.375 0.5961458328125 0.375 0.6762708328125 0.43028125 0.6762708328125 0.43028125 0.5961458328125