0 0.22822493906250002 0.6040898890624999 0.41921789531250003 0.5974202671875 0.4136252515625 0.4372678875 0.2226322953125 0.443937509375 0.22822493906250002 0.6040898890624999
1 0 0.3635124359375 0.0622066484375 0.3613401328125 0.0587952234375 0.26364967968749997 0 0.26570285312499997 0 0.3635124359375
1 0.8310487921874999 0.44032687968750006 0.9211345046874999 0.4371810171875 0.9189532874999999 0.37471909062500003 0.8288675734375 0.377864953125 0.8310487921874999 0.44032687968750006
1 0.744878728125 0.555602309375 0.8265633125 0.552749821875 0.8249412140624999 0.50629896875 0.7432566296875 0.5091514578125 0.744878728125 0.555602309375
1 0.744263634375 0.6069362968750001 0.8319445640625001 0.6038744125 0.8303784484375001 0.5590267484375 0.74269751875 0.562088634375 0.744263634375 0.6069362968750001
1 0.08260426562499999 0.463263271875 0.13185549531250002 0.46154338125 0.1304573328125 0.4215052859375 0.0812061046875 0.42322517656249997 0.08260426562499999 0.463263271875
1 0.1824132953125 0.6008846546875 0.2148466515625 0.5997520578125 0.213560459375 0.5629203421875 0.18112710468749998 0.564052940625 0.1824132953125 0.6008846546875
1 0.562313196875 0.11456967343749999 0.605552465625 0.11305972500000001 0.60275614375 0.0329835359375 0.559516875 0.034493484375 0.562313196875 0.11456967343749999
1 0.1053257390625 0.0808206625 0.10297693125 0.0135595796875 0.0236971296875 0.016328090625 0.026045939062500002 0.083589175 0.1053257390625 0.0808206625
1 0.24016084375000002 0.0504610765625 0.238706696875 0.008819790625 0.1858482921875 0.010665646875 0.1873024375 0.0523069328125 0.24016084375000002 0.0504610765625
1 0.8457452453125001 0 0.84889325 0.090147046875 0.8885253421874999 0.0887630640625 0.8854256671874999 0 0.8457452453125001 0
1 0.6851603578125001 0.050962371875 0.72960201875 0.049410435937500004 0.7280918875 0.0061659609375 0.6836502265625 0.007717896875 0.6851603578125001 0.050962371875
1 0.5342508046875001 0 0.53582019375 0.044941434375 0.581464246875 0.043347507812500005 0.57995051875 0 0.5342508046875001 0
1 0.74135460625 0.4546846578125 0.7942130125 0.45283880156249995 0.7928148515625 0.41280070625 0.7399564453125 0.41464656250000004 0.74135460625 0.4546846578125
1 0.959579821875 0.43583847656249997 0.9968227453124999 0.434537925 0.9944175875000001 0.365663240625 0.9571746640625 0.3669637921875 0.959579821875 0.43583847656249997
1 0.8944895546874999 0.569597828125 0.944943175 0.5678359484375 0.9436569828125 0.5310042312500001 0.8932033625000001 0.5327661109374999 0.8944895546874999 0.569597828125
1 0.7066092015625001 0.7685988984375001 0.758265215625 0.76679503125 0.7569230390625 0.7283601265625 0.705267025 0.73016399375 0.7066092015625001 0.7685988984375001
1 0.7649400921875 0.7857924046875 0.786567534375 0.78503715625 0.7853933125 0.7514118203125 0.7637658703125 0.7521670671875 0.7649400921875 0.7857924046875
1 0.7913774765625 0.853827865625 0.8322119609374999 0.85240189375 0.8310377375 0.8187765562499999 0.790203253125 0.820202528125 0.7913774765625 0.853827865625
1 0.2513147171875 0.782882565625 0.290946809375 0.7814985828125 0.2897725859375 0.7478732453125 0.25014049374999997 0.7492572296875 0.2513147171875 0.782882565625
1 0.23401370625 0.7353845109375 0.2664470625 0.7342519125 0.26538408125 0.703812134375 0.23295072656250002 0.7049447328125 0.23401370625 0.7353845109375
1 0.16179285000000002 0.6304764921875 0.1990357734375 0.6291759406249999 0.1976376125 0.5891378453125 0.1603946890625 0.590438396875 0.16179285000000002 0.6304764921875
1 0.137405071875 0.5864362015625 0.17104081875 0.585261615625 0.16925076562500002 0.53400119375 0.13561501874999998 0.53517578125 0.137405071875 0.5864362015625
1 0.6153888703125 0.463909334375 0.6490246187500001 0.462734746875 0.64807360625 0.43550134687500003 0.614437859375 0.436675934375 0.6153888703125 0.463909334375
1 0.8704455187500001 0.7420211531249999 0.920899140625 0.7402592734375 0.9196129484375 0.703427559375 0.8691593281250001 0.7051894390625 0.8704455187500001 0.7420211531249999