1 0 0.756219459375 0.0677778359375 0.7657450140625001 0.0953776015625 0.5693624765624999 0 0.5559580296875 0 0.756219459375
1 0.08334509062499999 0.1829192234375 0.07330940625 0.254326834375 0.1558317453125 0.26592459375 0.16586743125 0.19451698125 0.08334509062499999 0.1829192234375
1 0.040119104687500004 0.38682522812500003 0.03008341875 0.4582328390625 0.0999179484375 0.4680474421875 0.10995363437500001 0.39663983125 0.040119104687500004 0.38682522812500003
1 0 0.5583879265625 0.036328071875 0.5634935046875 0.0446915046875 0.5039845828125 0 0.4977036015625 0 0.5583879265625
1 0.3789646578125 0.946634565625 0.37327813125 0.9870962999999999 0.4399355515625 0.9964643890625 0.44562207656249997 0.9560026546874999 0.3789646578125 0.946634565625
1 0.48707339687499995 0.914492590625 0.48255679531249995 0.946629884375 0.5365057734375 0.9542119187500001 0.541022375 0.9220746249999999 0.48707339687499995 0.914492590625
1 0.8489237 0.30871484374999997 0.84022538125 0.3706065984375 0.8830751046875 0.376628734375 0.8917734234375001 0.31473697968750003 0.8489237 0.30871484374999997
1 0.6635233703125001 0.2231812609375 0.6561624187499999 0.2755571578125 0.7164656171875 0.2840322203125 0.7238265687500001 0.23165632343749998 0.6635233703125001 0.2231812609375
1 0.7153235421875 0.10788558906250001 0.7012714078125 0.20787171875000002 0.7409440234375 0.213447340625 0.75499615625 0.1134612125 0.7153235421875 0.10788558906250001
1 0.64327523125 0.3210737609375 0.6357468359375 0.37464107343749997 0.680185115625 0.38088646718749997 0.6877135109375 0.32731915312500004 0.64327523125 0.3210737609375
1 0.6753305609375 0.0355058734375 0.6703116296875 0.071217415625 0.7147499093749999 0.0774628078125 0.7197688390625 0.041751265625 0.6753305609375 0.0355058734375
0 0.482963028125 0.057028884375 0.43562460312500006 0.393859284375 0.645107559375 0.42330019375 0.692445984375 0.08646979375 0.482963028125 0.057028884375
1 0.4223136390625 0.0970478953125 0.40993593125 0.1851198625 0.44960854531249994 0.190695484375 0.46198625312499997 0.10262351875 0.4223136390625 0.0970478953125
0 0.7093341843750001 0.3692045453125 0.6850789234375 0.5417897015625 0.831081571875 0.5623090359375 0.8553368328125 0.3897238796875 0.7093341843750001 0.3692045453125
0 0.8022498015625 0.2608943328125 0.785522934375 0.37991217499999996 0.8521803531250001 0.389280265625 0.8689072203125001 0.270262421875 0.8022498015625 0.2608943328125
0 0.288370359375 0.324613434375 0.2609380375 0.5198045546875 0.4164513859375 0.5416605296875 0.44388370781250003 0.346469409375 0.288370359375 0.324613434375