1 0.44117250468749997 0.8993158953125 0.4975192875 0.8953757437500001 0.49304760625000005 0.8314277328124999 0.43670082499999996 0.835367884375 0.44117250468749997 0.8993158953125
1 0.6556794015625 0.31402065 0.7611873859375 0.3066428140625 0.754702940625 0.213910921875 0.64919495625 0.221288759375 0.6556794015625 0.31402065
1 0.7233548062499999 0.368714334375 0.8480503125000001 0.359994775 0.8438024343749999 0.29924728125 0.719106928125 0.307966840625 0.7233548062499999 0.368714334375
1 0.8290507234375 0.27778653124999997 0.98492010625 0.26688708125 0.9792189671875 0.185357003125 0.8233495843749999 0.1962564515625 0.8290507234375 0.27778653124999997
1 0.520578753125 0.1740517546875 0.56733956875 0.1707819203125 0.562420284375 0.1004328734375 0.51565946875 0.10370270781249999 0.520578753125 0.1740517546875
1 0.2835605296875 0.2821924859375 0.3459082828125 0.27783270625 0.34177230625 0.2186854703125 0.27942455312500003 0.22304525000000003 0.2835605296875 0.2821924859375
1 0.2448505125 0.2800855453125 0.2916113265625 0.2768157109375 0.288369103125 0.2304497640625 0.24160828906249998 0.2337195984375 0.2448505125 0.2800855453125
1 0.15534707812499998 0.275098090625 0.23088138125 0.2698162171875 0.22529214375 0.189886396875 0.149757840625 0.1951682703125 0.15534707812499998 0.275098090625
1 0 0.08194320468750001 0.10038254531249999 0.0749237734375 0.097028421875 0.02695756875 0 0.033742456250000004 0 0.08194320468750001
1 0.17146590781249998 0.0747565078125 0.167777534375 0.022010309375000002 0.1042295875 0.026454014062499996 0.10791796093749999 0.0792002140625 0.17146590781249998 0.0747565078125
1 0.08967089843750001 0.559225715625 0.14841806875000002 0.5551177125 0.1440582890625 0.492769959375 0.08531111875 0.4968779625 0.08967089843750001 0.559225715625
1 0.2192027890625 0.51640864375 0.2827507359375 0.5119649390625 0.280403721875 0.47840106562500007 0.2168557734375 0.48284477031249995 0.2192027890625 0.51640864375
1 0.313901953125 0.6126100234375 0.40022241718749996 0.6065739078125 0.3977635015625 0.571409775 0.3114430375 0.577445890625 0.313901953125 0.6126100234375
1 0.39134960625000004 0.7726703625 0.453697359375 0.7683105828125 0.4511265421875 0.7315461921875 0.38877878906249996 0.7359059718750001 0.39134960625000004 0.7726703625
1 0.3031056203125 0.8029413578125 0.3678537625 0.7984137265625 0.3648353421875 0.7552482984375 0.3000872 0.7597759296875 0.3031056203125 0.8029413578125
1 0.484834178125 0.7484652453125 0.5375959640625 0.7447757828125 0.5348013453125 0.704810871875 0.482039559375 0.7085003359375001 0.484834178125 0.7484652453125
0 0.5385969312500001 0.56959171875 0.698066896875 0.5584404921874999 0.6923657578125 0.47691041562500003 0.5328957921875 0.4880616421875 0.5385969312500001 0.56959171875
0 0.537333915625 0.8444013296874999 0.65482825625 0.836185325 0.6485676125000001 0.7466539515624999 0.531073271875 0.7548699562500001 0.537333915625 0.8444013296874999
0 0.44624193749999996 0.8684391390625 0.5397635671875001 0.8618994703125 0.5366332468749999 0.8171337828125 0.4431116171875 0.8236734531250001 0.44624193749999996 0.8684391390625
0 0.2722523203125 0.7408276859375 0.5468162390625 0.72162830625 0.5374252734375 0.587331246875 0.26286135625 0.6065306265625 0.2722523203125 0.7408276859375
0 0 0.268282534375 0.0474087140625 0.26496739375 0.0375715984375 0.12429008125 0 0.12691734375 0 0.268282534375