0 0.52133381875 0.20307196093750002 0.672992546875 0.23530801875 0.690985571875 0.15065749374999998 0.5393268421874999 0.11842143593750001 0.52133381875 0.20307196093750002
0 0.599287875 0.33924480625000003 0.7685838281249999 0.375229771875 0.7992378078125 0.23101413437499999 0.6299418546875 0.19502916875 0.599287875 0.33924480625000003
0 0.43645627343750004 0.4520852140625 0.695099896875 0.5070616125 0.73941540625 0.29857352812500004 0.480771784375 0.243597128125 0.43645627343750004 0.4520852140625
1 0.22726864687499998 0.4535091953125 0.3166163171875 0.472500628125 0.3389408359375 0.3674720296875 0.24959316562499997 0.348480596875 0.22726864687499998 0.4535091953125
1 0.8076660406249999 0.9602435421875001 0.908766765625 0.9817331640625 0.9437522390625 0.817139453125 0.8426515140624999 0.79564983125 0.8076660406249999 0.9602435421875001
1 0.644426875 0.7223877421875 0.7760947125000001 0.7503746046875001 0.7964180796875 0.6547606765625 0.6647502421875 0.6267738140625 0.644426875 0.7223877421875
1 0.0250777625 0.7283736265625 0.125001653125 0.7496131046875 0.147326171875 0.64458450625 0.04740228125 0.6233450281249999 0.0250777625 0.7283736265625
1 0.0280630875 0.812552571875 0.1068345359375 0.8292959609375 0.1268243796875 0.7352511453125 0.0480529296875 0.71850775625 0.0280630875 0.812552571875
1 0.03807805 0.8753082453125 0.1603465 0.90129720625 0.18333806875 0.793130384375 0.06106961875 0.7671414234375 0.03807805 0.8753082453125
1 0.27452165 0.6011750828125 0.35093943125 0.617418184375 0.3829275109375 0.46692609999999996 0.3065097296875 0.4506829984375 0.27452165 0.6011750828125
0 0.4625470265625 0.5952635765625 0.6718094781249999 0.6397436843750001 0.693800471875 0.536284196875 0.48453801875 0.49180409062499997 0.4625470265625 0.5952635765625