0 0.5733125 0.09456250000000001 0.4639375 0.09456250000000001 0.4639375 0.1714791671875 0.5733125 0.1714791671875 0.5733125 0.09456250000000001
0 0.6646640625 0.060895832812499995 0.5648984375 0.060895832812499995 0.5648984375 0.1201875 0.6646640625 0.1201875 0.6646640625 0.060895832812499995
0 0.6634609375 0.22756249999999997 0.5576953125 0.22756249999999997 0.5576953125 0.3285208328125 0.6634609375 0.3285208328125 0.6634609375 0.22756249999999997
0 0.7920625 0.2003229171875 0.6514375 0.2003229171875 0.6514375 0.29167708281250004 0.7920625 0.29167708281250004 0.7920625 0.2003229171875
0 0.7692265625 0.47917708281250004 0.6117734375 0.47917708281250004 0.6117734375 0.59615625 0.7692265625 0.59615625 0.7692265625 0.47917708281250004
1 0.43990625000000005 0.31409375 0.3485625 0.31409375 0.3485625 0.35415625 0.43990625000000005 0.35415625 0.43990625000000005 0.31409375
1 0.1033671875 0.4855833328125 0.0000078125 0.4855833328125 0.0000078125 0.5416666671875 0.1033671875 0.5416666671875 0.1033671875 0.4855833328125
1 0.332921875 0.7532083328125 0.230765625 0.7532083328125 0.230765625 0.8060833328125 0.332921875 0.8060833328125 0.332921875 0.7532083328125
1 0.7512109375 0.7307708328125 0.7007265625 0.7307708328125 0.7007265625 0.8044791671875 0.7512109375 0.8044791671875 0.7512109375 0.7307708328125
1 0.8461484374999999 0.6201875 0.7487890625 0.6201875 0.7487890625 0.6826875 0.8461484374999999 0.6826875 0.8461484374999999 0.6201875
1 1 0.5592916671875 0.9495234375000001 0.5592916671875 0.9495234375000001 0.6314166671875 1 0.6314166671875 1 0.5592916671875
1 0.9735546875000001 0.39903125 0.8894140625 0.39903125 0.8894140625 0.43909374999999995 0.9735546875000001 0.43909374999999995 0.9735546875000001 0.39903125
1 0.74759375 0.3477604171875 0.6875 0.3477604171875 0.6875 0.39103125 0.74759375 0.39103125 0.74759375 0.3477604171875
1 1 0.7019166671875 0.9399062499999999 0.7019166671875 0.9399062499999999 0.7788333328125 1 0.7788333328125 1 0.7019166671875
1 0.9723515624999999 0.5336458328125 0.8725859375 0.5336458328125 0.8725859375 0.5849375 0.9723515624999999 0.5849375 0.9723515624999999 0.5336458328125
1 0.545671875 0.5480833328125 0.480765625 0.5480833328125 0.480765625 0.6041666671875 0.545671875 0.6041666671875 0.545671875 0.5480833328125
1 0.24759375 0.23556249999999998 0.1670625 0.23556249999999998 0.1670625 0.2868541671875 0.24759375 0.2868541671875 0.24759375 0.23556249999999998