0 0.608283715625 0.1587849546875 0.4669952890625 0.14642381875 0.4573573171875 0.25658634999999996 0.5986457421875 0.2689474859375 0.608283715625 0.1587849546875
0 0.7047951859375 1 0.7196950359375001 0.8296939359375 0.494586165625 0.8099994625000001 0.4779648390625 0.9999820921874999 0.4781695265625 1 0.7047951859375 1
1 0.36079171875 0.4363437171875 0.2506343765625 0.4267061984375 0.24295196093750002 0.514516609375 0.353109303125 0.524154128125 0.36079171875 0.4363437171875
1 0.56034779375 0.7755373265625 0.4765273484375 0.7682039875 0.47108011562499996 0.83046615625 0.5549005593749999 0.8377994953125001 0.56034779375 0.7755373265625
1 0.48839510468749997 0.798206665625 0.42733148125 0.7928642906250001 0.4218842484375 0.855126459375 0.48294787031249997 0.860468834375 0.48839510468749997 0.798206665625
1 0.9078620578125 0.70619674375 0.9832926750000001 0.71279606875 0.9886000968750001 0.6521319625 0.9131694796875 0.6455326390625 0.9078620578125 0.70619674375
1 0.8788690671875001 0.637711315625 0.9890186265625 0.647348153125 0.9965612296874999 0.561135803125 0.8864116703124999 0.551498965625 0.8788690671875001 0.637711315625
1 0.4602522859375 0.9405141312499999 0.3752332953125 0.9330759328125 0.3702054984375 0.9905439140625001 0.4552244890625 0.9979821125000001 0.4602522859375 0.9405141312499999
1 0.4259273921875 0.8088234812499999 0.34809968125 0.8020144374999999 0.34321169687499997 0.8578843562499999 0.42103940624999997 0.8646934 0.4259273921875 0.8088234812499999
1 0.20124630781250002 0.8808695562500001 0.14975549375 0.87636469375 0.145147134375 0.9290384890625001 0.1966379484375 0.9335433515625 0.20124630781250002 0.8808695562500001
1 0.15302681093749998 0.34255600468749997 0.0931617359375 0.3373184890625 0.089530246875 0.378826603125 0.149395321875 0.3840641171875 0.15302681093749998 0.34255600468749997
1 0.11160175624999999 0.3196291640625 0.0421483078125 0.313552775 0.0394936890625 0.3438952046875 0.1089471375 0.34997159375 0.11160175624999999 0.3196291640625
1 0.0907273171875 0.28240778125 0.040435051562500005 0.278007778125 0.0379202453125 0.30675214687499996 0.0882125109375 0.31115214999999996 0.0907273171875 0.28240778125
1 0.3473377453125 0.052293029687500006 0.2838770296875 0.0467409375 0.2809446015625 0.0802587390625 0.3444053171875 0.0858108328125 0.3473377453125 0.052293029687500006
1 0.7495721421875 0.1711460890625 0.699279875 0.1667460859375 0.6956483859375 0.2082542 0.7459406515625 0.212654203125 0.7495721421875 0.1711460890625
1 0.7372658000000001 0.3116289359375 0.678599271875 0.30649627968750004 0.67580665625 0.33841601718750003 0.7344731859375 0.3435486734375 0.7372658000000001 0.3116289359375
1 0.8670267687500001 0.34549430000000003 0.814337409375 0.340884578125 0.8100068578125 0.3903830015625 0.86269621875 0.3949927234375 0.8670267687500001 0.34549430000000003
1 0.7504312328125 0.5750077796874999 0.6726035218749999 0.5681987375 0.6677155375 0.6240686578125 0.7455432484375 0.6308777 0.7504312328125 0.5750077796874999
1 0.432917053125 0.63248038125 0.368257790625 0.626823428125 0.36420686406249997 0.6731257265624999 0.42886612656249995 0.6787826796875 0.432917053125 0.63248038125
0 0.7084786937499999 0.130535021875 0.5947257125000001 0.1205829265625 0.5905349734375 0.1684832890625 0.7042879546874999 0.1784353859375 0.7084786937499999 0.130535021875
0 0.6492044515625001 0.36666330625 0.5474369375 0.3577598015625 0.5410128328125 0.43118765156250005 0.642780346875 0.44009115625 0.6492044515625001 0.36666330625
0 0.8272483328125 0.372588815625 0.6464545609375 0.35677141093750003 0.6403082640625 0.42702389218750003 0.8211020375 0.442841296875 0.8272483328125 0.372588815625
0 0.3815175875 0.8612461453125 0.2773529796875 0.8521329234374999 0.26813444375 0.9575012656249999 0.3722990515625 0.9666144875 0.3815175875 0.8612461453125
0 0.9687580265625 0.878838215625 0.8609977796875 0.8694104156250001 0.8524783046875 0.966788446875 0.9602385531250001 0.9762162468750001 0.9687580265625 0.878838215625
1 0.1850017609375 0.7217963468749999 0.14309932187500002 0.7181303578125 0.1396076453125 0.7580404078125 0.181510084375 0.761706396875 0.1850017609375 0.7217963468749999