0 0.675484375 0.3381458328125 0.508421875 0.3381458328125 0.508421875 0.4775625 0.675484375 0.4775625 0.675484375 0.3381458328125
1 0.860578125 0.5304375 0.798078125 0.5304375 0.798078125 0.5993541671875 0.860578125 0.5993541671875 0.860578125 0.5304375
1 0.7235625 0.8012916671875001 0.67909375 0.8012916671875001 0.67909375 0.8605833328125 0.7235625 0.8605833328125 0.7235625 0.8012916671875001
1 0.9134609375 1 0.9134609375 0.947125 0.8365390625 0.947125 0.8365390625 1 0.9134609375 1
1 0.757203125 0.9102499999999999 0.6814843749999999 0.9102499999999999 0.6814843749999999 0.982375 0.757203125 0.982375 0.757203125 0.9102499999999999
1 0.68990625 0.9038437500000001 0.60096875 0.9038437500000001 0.60096875 0.9999895828125 0.68990625 0.9999895828125 0.68990625 0.9038437500000001
1 0.8485625000000001 0.7644166671875 0.78365625 0.7644166671875 0.78365625 0.8205 0.8485625000000001 0.8205 0.8485625000000001 0.7644166671875
1 0.9074609375 0.7003229171875 0.8413515625000001 0.7003229171875 0.8413515625000001 0.7403854171875001 0.9074609375 0.7403854171875001 0.9074609375 0.7003229171875
1 0.45192187500000003 0.7836458328125 0.40745312499999997 0.7836458328125 0.40745312499999997 0.8637708328124999 0.45192187500000003 0.8637708328124999 0.45192187500000003 0.7836458328125
1 0.4290859375 0.7339687500000001 0.3834140625 0.7339687500000001 0.3834140625 0.7884479171875001 0.4290859375 0.7884479171875001 0.4290859375 0.7339687500000001
1 0.2524140625 0.4679479171875 0.19952343749999998 0.4679479171875 0.19952343749999998 0.5048020828124999 0.2524140625 0.5048020828124999 0.2524140625 0.4679479171875
1 0.796875 0.4615416671875 0.74759375 0.4615416671875 0.74759375 0.4855833328125 0.796875 0.4855833328125 0.796875 0.4615416671875
1 0.71634375 0.3525625 0.69590625 0.3525625 0.69590625 0.3878125 0.71634375 0.3878125 0.71634375 0.3525625
1 0.746390625 0.3317291671875 0.704328125 0.3317291671875 0.704328125 0.3621875 0.746390625 0.3621875 0.746390625 0.3317291671875
1 0.6790859375 0.20832291718749998 0.6466328125 0.20832291718749998 0.6466328125 0.2307604171875 0.6790859375 0.2307604171875 0.6790859375 0.20832291718749998
1 0.32571875 0.7660208328125 0.296875 0.7660208328125 0.296875 0.8141041671875 0.32571875 0.8141041671875 0.32571875 0.7660208328125
1 0.2079296875 0.7435833328125 0.1550390625 0.7435833328125 0.1550390625 0.8237083328124999 0.2079296875 0.8237083328124999 0.2079296875 0.7435833328125
1 0.1574453125 0.8157083328124999 0.11177343749999999 0.8157083328124999 0.11177343749999999 0.8429583328125 0.1574453125 0.8429583328125 0.1574453125 0.8157083328124999
1 0.17188281249999998 0.48238541718750005 0.0877421875 0.48238541718750005 0.0877421875 0.5368645828124999 0.17188281249999998 0.5368645828124999 0.17188281249999998 0.48238541718750005
1 0.2391796875 0.38621875 0.1550390625 0.38621875 0.1550390625 0.4294895828125 0.2391796875 0.4294895828125 0.2391796875 0.38621875
1 0.22235156250000002 0.3493645828125 0.1430234375 0.3493645828125 0.1430234375 0.38621875 0.22235156250000002 0.38621875 0.22235156250000002 0.3493645828125
1 0.25240625 0.205125 0.20071875 0.205125 0.20071875 0.23716666718749999 0.25240625 0.23716666718749999 0.25240625 0.205125
1 0.173078125 0.1313958328125 0.137015625 0.1313958328125 0.137015625 0.1618541671875 0.173078125 0.1618541671875 0.173078125 0.1313958328125
1 0.10696874999999999 0.21956250000000002 0.0673125 0.21956250000000002 0.0673125 0.2548125 0.10696874999999999 0.2548125 0.10696874999999999 0.21956250000000002
1 0 0.55128125 0.055281250000000004 0.55128125 0.055281250000000004 0.47596875 0 0.47596875 0 0.55128125
1 0.4146640625 0.27403125 0.3773984375 0.27403125 0.3773984375 0.3028854171875 0.4146640625 0.3028854171875 0.4146640625 0.27403125
1 0.7812421875 0.5192395828125 0.7247578125 0.5192395828125 0.7247578125 0.5528854171875001 0.7812421875 0.5528854171875001 0.7812421875 0.5192395828125
1 0.0841328125 0.3781979171875 0.0432734375 0.3781979171875 0.0432734375 0.40384374999999995 0.0841328125 0.40384374999999995 0.0841328125 0.3781979171875