0 0.4238156875 0.3503176109375 0.581172896875 0.34482257656250004 0.5769224296875 0.2231051015625 0.41956522031250004 0.2286001359375 0.4238156875 0.3503176109375
0 0.3069855796875 0.24216237187499998 0.43792139375000005 0.2375899921875 0.43562820625 0.1719216875 0.3046923921875 0.176494065625 0.3069855796875 0.24216237187499998
0 0.7095812859375 0.853484384375 0.8621289265625001 0.848157303125 0.8591086656250001 0.76166835625 0.706561025 0.7669954375 0.7095812859375 0.853484384375
0 0.10428808281249999 0.6709663781249999 0.2940786484375 0.6643387453125 0.2873670390625 0.47214339687500007 0.0975764734375 0.47877102968749996 0.10428808281249999 0.6709663781249999
0 0.291477740625 0.6932804796875 0.48367308906249995 0.6865688703124999 0.479590575 0.5696609640625 0.2873952265625 0.5763725734375 0.291477740625 0.6932804796875
1 0.3181912203125 0.459851828125 0.37225201874999997 0.4579639828125 0.37062991875 0.4115131296875 0.316569121875 0.41340097499999995 0.3181912203125 0.459851828125
1 0.1696415578125 0.47624403906249996 0.2429093984375 0.4736854703125 0.2410640875 0.4208426796875 0.167796246875 0.42340124843750004 0.1696415578125 0.47624403906249996
1 0.24427971718750002 0.271608296875 0.288721378125 0.270056359375 0.286987309375 0.220399128125 0.2425456484375 0.22195106406249998 0.24427971718750002 0.271608296875
1 0.7291423234375001 0.13922077187499998 0.768774415625 0.1378367875 0.7672083015625 0.09298912499999999 0.727576209375 0.0943731078125 0.7291423234375001 0.13922077187499998
1 0.6351224703125 0.4776456765625 0.6783617390625001 0.47613572812499994 0.6766836546875 0.4280816859375 0.6334443859375 0.42959163437500003 0.6351224703125 0.4776456765625
1 0.189135378125 1 0.1866719625 0.929457021875 0.10138020156250001 0.9324354749999999 0.1037396078125 1 0.189135378125 1
1 0.7599269203125 0.53903579375 0.7959674515625 0.53777723125 0.7944013375 0.4929295671875 0.7583608046875 0.4941881296875 0.7599269203125 0.53903579375