0 0.7096383687500001 0.718280353125 0.6996610125 0.8609631859375 0.7763903125 0.866328621875 0.78636766875 0.7236457890625 0.7096383687500001 0.718280353125
0 0.7525912296875 1 0.7608354390625001 0.8821023046875001 0.5945747640625 0.8704762265625 0.5855175796875 1 0.7525912296875 1
0 0.42330413437500003 0.63198710625 0.40225947812499996 0.9329397109374999 0.6148860984375 0.9478080125 0.6359307546874999 0.6468554078125 0.42330413437500003 0.63198710625
0 0.2404899125 0.7421044328125 0.2287522953125 0.909960171875 0.355048059375 0.9187916312500001 0.3667856765625 0.75093589375 0.2404899125 0.7421044328125
1 0.23672736093750002 0.4972533390625 0.23219972968749997 0.5620014796875 0.33131187500000003 0.5689320765625 0.33583950625000003 0.5041839343750001 0.23672736093750002 0.4972533390625
1 0.136452965625 0.874591790625 0.130919315625 0.9537266750000001 0.1565026765625 0.9555156390624999 0.1620363265625 0.8763807531250001 0.136452965625 0.874591790625
1 0.0642578609375 0.2297662015625 0.01790230625 0.2265247046875 0.0116144140625 0.3164457515625 0.05796996875 0.3196872484375 0.0642578609375 0.2297662015625
1 0.0151475484375 0.3347602625 0.0106199171875 0.39950840312499997 0.1097320625 0.40643900000000005 0.11425969375 0.3416908578125 0.0151475484375 0.3347602625
1 0.2350371859375 0.08508454062500001 0.22900107187500002 0.1714050046875 0.2833475296875 0.1752052796875 0.2893836453125 0.0888848140625 0.2350371859375 0.08508454062500001
1 0.160655778125 0 0.1559356890625 0.06750042656250001 0.253447575 0.074319121875 0.2586444734375 0 0.160655778125 0
1 0.34045415 0.41534411406249994 0.3367646875 0.4681059 0.41669450625 0.47369513750000003 0.4203839703125 0.42093335156249995 0.34045415 0.41534411406249994
1 0.5190248640624999 0.5037424734375 0.5165092718750001 0.5397171281250001 0.55647418125 0.542511746875 0.558989775 0.5065370921875 0.5190248640624999 0.5037424734375
1 0.6071244171875 0.5761738015625 0.6020103953125 0.6493077171875 0.6355742703125 0.6516547312500001 0.6406882921875 0.5785208171875 0.6071244171875 0.5761738015625
1 0.6537531171875 0.6444991421874999 0.649729040625 0.70204611875 0.7008957640625 0.7056240453125 0.704919840625 0.6480770687499999 0.6537531171875 0.6444991421874999
1 0.10604357812500001 0 0.1054465453125 0.008537978125 0.15819274375 0.0122263515625 0.15904769375 0 0.10604357812500001 0