1 0.479152053125 0.20775893124999997 0.48555932031250004 0.146797846875 0.4361440140625 0.1416040890625 0.4297367453125 0.20256517343749997 0.479152053125 0.20775893124999997
1 0.5698601078125 0.21849462812499998 0.5799111734375 0.1228651328125 0.5432588984375 0.1190128234375 0.5332078328125001 0.21464231875 0.5698601078125 0.21849462812499998
1 0.62980471875 0.2308359671875 0.6408602375 0.1256497375 0.5882748921875 0.12012279374999998 0.5772193734375 0.2253090234375 0.62980471875 0.2308359671875
1 0.73700923125 0.7593747796875 0.7422862859375 0.7091669640625 0.705634009375 0.7053146546875 0.7003569546875 0.7555224703125 0.73700923125 0.7593747796875
1 0.2878105875 0.9550787609375 0.294846659375 0.88813500625 0.2023975609375 0.8784182140624999 0.1953614890625 0.94536196875 0.2878105875 0.9550787609375
1 0 0.8547337234375 0.032129200000000004 0.8581106390625 0.040924290625 0.7744309453125 0 0.7701296296875 0 0.8547337234375
1 0.1070361125 0.3293800390625 0.1116843625 0.28515489375 0.046335984375 0.27828650312500003 0.041687734375 0.3225116484375 0.1070361125 0.3293800390625
1 0.068601515625 0.2963456265625 0.01919656875 0.2911529578125 0.013040821875 0.3497209734375 0.06244576875 0.3549136421875 0.068601515625 0.2963456265625
1 0.049797978124999996 0 0.046459715624999995 0.031761446875 0.10861733437500001 0.038294475 0.1126422453125 0 0.049797978124999996 0
1 0.47216735156249995 0.1054998953125 0.48184113437500004 0.0134600015625 0.4133020015625 0.0062562484375000005 0.40362821875000005 0.0982961421875 0.47216735156249995 0.1054998953125
1 0.6262959625 0.06491181406249999 0.6319502984375001 0.0111143953125 0.5761741953125 0.005252090625 0.5705198593749999 0.059049509374999996 0.6262959625 0.06491181406249999
1 0.6822468796875001 0.05386381875 0.68614138125 0.0168101078125 0.6287699 0.010780121875 0.6248753984375 0.0478338328125 0.6822468796875001 0.05386381875
1 0.793696628125 0.11270300312499999 0.7994750921875 0.057724590625 0.746889746875 0.0521976484375 0.7411112828124999 0.10717606093750001 0.793696628125 0.11270300312499999
1 0.8925195968749999 0.21494446875 0.8977966515625001 0.16473665312500002 0.8579536171875001 0.16054898125 0.8526765640624999 0.210756796875 0.8925195968749999 0.21494446875
1 0.80135931875 0.239204775 0.8052546375 0.20214329531250003 0.77974929375 0.1994625765625 0.775853975 0.23652405625 0.80135931875 0.239204775
1 0.8009734421875001 0.2887169234375 0.8071291890625 0.2301489078125 0.7433761921875 0.223448196875 0.7372204453125 0.2820162125 0.8009734421875001 0.2887169234375
1 0.5502874359375001 0.7880846265625 0.5538054734375 0.7546127484375 0.5267047515625001 0.7517643484375001 0.523186715625 0.785236225 0.5502874359375001 0.7880846265625
1 0.565390184375 0.8283526359375 0.570793 0.7769482859375 0.535736103125 0.7732636562499999 0.5303332875 0.8246680078124999 0.565390184375 0.8283526359375
1 0.3932017484375 0.8876004843749999 0.3994832546875 0.8278359343749999 0.359640221875 0.8236482625000001 0.35335871406249997 0.8834128124999999 0.3932017484375 0.8876004843749999
1 0.5914603031250001 0.6570455171875 0.5991235453125 0.5841346296875 0.5608758921875 0.5801146390625 0.5532126484375001 0.6530255265625 0.5914603031250001 0.6570455171875
1 0.48068475 0.33119691093750003 0.48470582812499996 0.292938896875 0.44645817499999996 0.28891890625 0.4424370953125 0.3271769203125 0.48068475 0.33119691093750003
0 0.5625249390625 0.7482864 0.5837572843750001 0.5462741390625 0.4227897703125 0.5293557718749999 0.40155742656250004 0.7313680328125 0.5625249390625 0.7482864