1 0.140625 0.1891041671875 0.078125 0.1891041671875 0.078125 0.2580208328125 0.140625 0.2580208328125 0.140625 0.1891041671875
1 0.459140625 0.5801145828125 0.378609375 0.5801145828125 0.378609375 0.6714687500000001 0.459140625 0.6714687500000001 0.459140625 0.5801145828125
1 0.3738046875 0.6826979171875001 0.32332031250000004 0.6826979171875001 0.32332031250000004 0.7371770828125 0.3738046875 0.7371770828125 0.3738046875 0.6826979171875001
1 0.38342187499999997 0.7243541671875 0.298078125 0.7243541671875 0.298078125 0.7932708328125 0.38342187499999997 0.7932708328125 0.38342187499999997 0.7243541671875
1 0.6129765625 0.9102604171875001 0.5096171875 0.9102604171875001 0.5096171875 0.98078125 0.6129765625 0.98078125 0.6129765625 0.9102604171875001
1 0.5432734375 1 0.5432734375 0.955125 0.46394531250000004 0.955125 0.46394531250000004 1 0.5432734375 1
1 0.9278828125 0.9455104171875 0.8509609375 0.9455104171875 0.8509609375 0.9999895828125 0.9278828125 0.9999895828125 0.9278828125 0.9455104171875
1 0.842546875 0.875 0.777640625 0.875 0.777640625 0.9695416671875 0.842546875 0.9695416671875 0.842546875 0.875
1 0.7415859375 0.7003125 0.6514453125 0.7003125 0.6514453125 0.7724375 0.7415859375 0.7724375 0.7415859375 0.7003125
1 0.7980859375 0.7307708328125 0.7319765625 0.7307708328125 0.7319765625 0.7996875 0.7980859375 0.7996875 0.7980859375 0.7307708328125
1 0.8485546875000001 0.8028854171875001 0.7980703124999999 0.8028854171875001 0.7980703124999999 0.8669895828125 0.8485546875000001 0.8669895828125 0.8485546875000001 0.8028854171875001
0 0.20432812500000003 0.2532083328125 0.043265625 0.2532083328125 0.043265625 0.322125 0.20432812500000003 0.322125 0.20432812500000003 0.2532083328125
0 0 0.6458333328125 0.23678125 0.6458333328125 0.23678125 0.3958333328125 0 0.3958333328125 0 0.6458333328125
0 0 0.4310833328125 0.0360625 0.4310833328125 0.0360625 0.3157083328125 0 0.3157083328125 0 0.4310833328125
1 0.5865390625 0.5657083328125 0.5336484375 0.5657083328125 0.5336484375 0.625 0.5865390625 0.625 0.5865390625 0.5657083328125
0 0 0.7900625 0.1201875 0.7900625 0.1201875 0.6474375 0 0.6474375 0 0.7900625
1 0.2992734375 0.3942291671875 0.2536015625 0.3942291671875 0.2536015625 0.4326875 0.2992734375 0.4326875 0.2992734375 0.3942291671875