0 0.560543034375 0.11649334062500001 0.41290189843749997 0.124230884375 0.4199476265625 0.25867138437500004 0.5675887625 0.250933840625 0.560543034375 0.11649334062500001
0 0.6565874375 0.0890020046875 0.5509667609375 0.09453734999999999 0.554489625 0.16175760156250002 0.6601103015625001 0.15622225625 0.6565874375 0.0890020046875
0 0.8039149812499999 0.2818787234375 0.6574753234374999 0.2895533015625 0.663513584375 0.40477018437499995 0.8099532421875001 0.39709560625 0.8039149812499999 0.2818787234375
0 0.644239153125 0.3127048421875 0.5110157328125 0.3196867859375 0.5167192609375 0.4285165984375 0.6499426828125 0.42153465468749995 0.644239153125 0.3127048421875
0 0.7084510484375001 0.7570782484375 0.48040463125 0.7690296546875001 0.48996575625 0.9514667890625 0.7180121734375 0.9395153828125 0.7084510484375001 0.7570782484375
1 1 0.533179575 0.9195945609375 0.537393446875 0.9237040249999999 0.6158066703125 1 0.61180816875 1 0.533179575
1 1 0.486907034375 0.9976378359375 0.4418342671875 0.8704061921875 0.4485021953125 0.87552203125 0.54611823125 1 0.5395946171875 1 0.486907034375
1 1 0.6840217171874999 0.847057325 0.692037103125 0.851754478125 0.7816641046874999 1 0.7738948859375 1 0.6840217171874999
1 0.7905240671875 0.8763421593749999 0.7962270515625 0.9851615703125001 0.9150483625 0.978934409375 0.909345378125 0.8701149984375001 0.7905240671875 0.8763421593749999
1 0.41073191875 0.7485959546875 0.325505128125 0.7530625015625 0.3307888796875 0.8538824765624999 0.41601566874999996 0.8494159296875001 0.41073191875 0.7485959546875
1 0.461382825 0.750750128125 0.40976616093749996 0.7534552437500001 0.4134569359375 0.8238794296874999 0.46507360000000003 0.8211743140625 0.461382825 0.750750128125
1 0.5531323125000001 0.7331116578125 0.45951079375 0.7380181546875 0.46286574687500004 0.8020344671874999 0.5564872656250001 0.797127971875 0.5531323125000001 0.7331116578125
1 0.34326400156250003 0.44884114999999997 0.23163594375000002 0.454691328125 0.2358293625 0.5347065203125 0.3474574203125 0.528856340625 0.34326400156250003 0.44884114999999997
1 0.29692031406249997 0.0468615265625 0.2284985875 0.05044735625 0.23160167343750002 0.109657765625 0.3000234 0.106071934375 0.29692031406249997 0.0468615265625
1 0.12358034375 0.3448000859375 0.043159459375 0.3490147671875 0.0475207890625 0.43223389375 0.12794167343750001 0.4280192140625 0.12358034375 0.3448000859375
1 0.1308718921875 0.7135175406250001 0.1080594484375 0.714713090625 0.1114144015625 0.7787294046875 0.1342268453125 0.77753385625 0.1308718921875 0.7135175406250001
1 0.1865207828125 0.8341767125 0.13011381718749998 0.8371328765625 0.1339714140625 0.91074019375 0.1903783796875 0.9077840296874999 0.1865207828125 0.8341767125
1 0.338185034375 0.8342393046875 0.2409590875 0.8393347 0.24657866093749997 0.946562546875 0.3438046078125 0.94146715 0.338185034375 0.8342393046875
1 0.426309175 1 0.4212631296875 0.903715715625 0.352841403125 0.9073015453125001 0.357699521875 1 0.426309175 1
1 0.7306172796875 0.49112659687500004 0.6550023 0.49508940937499996 0.6588598953125 0.5686967296875001 0.7344748765625 0.564733915625 0.7306172796875 0.49112659687500004
1 0.716571096875 0.10831625625 0.6685588625000001 0.11083247031250001 0.6718298593750001 0.173246815625 0.7198420953125 0.1707306015625 0.716571096875 0.10831625625
1 0.8455006046875001 0.2716779046875 0.8022942734375 0.273942253125 0.80455889375 0.31715378437499997 0.8477652250000001 0.3148894375 0.8455006046875001 0.2716779046875
1 0.721270640625 0.26695437499999997 0.6492600890625 0.2707282890625 0.6514407531249999 0.3123378515625 0.7234513046875 0.3085639390625 0.721270640625 0.26695437499999997