0 0.0579351078125 0.35649020781249996 0.067572625 0.46664754999999997 0.1473927265625 0.45966419687500004 0.1377552078125 0.3495068546875 0.0579351078125 0.35649020781249996
0 0.01706389375 0.275611790625 0.025863900000000002 0.3761963234375 0.09451831875 0.37018984062500004 0.0857183125 0.26960530625 0.01706389375 0.275611790625
0 0.1338011875 0.12061327343749999 0.154647753125 0.35889059218749997 0.2775740265625 0.3481359375 0.2567274625 0.10985861718750001 0.1338011875 0.12061327343749999
0 0.4229638484375 0.11583038593749999 0.43427775312500005 0.24514891093750002 0.536449971875 0.23620999999999998 0.5251360671875 0.106891475 0.4229638484375 0.11583038593749999
1 0.5447382046875 0 0.55313604375 0.09598775000000001 0.6249865859375 0.0897016421875 0.617138709375 0 0.5447382046875 0
1 0.6895183031250001 0 0.6907406671875 0.0139716828125 0.7673646421875 0.0072679546875 0.766728778125 0 0.6895183031250001 0
1 0.9163407171875001 0.4044593296875 0.9929646921874999 0.3977556 0.9838514703125 0.2935909921875 0.90722749375 0.300294721875 0.9163407171875001 0.4044593296875
1 0.6671237359375 0.46125552187499996 0.673723059375 0.5366861390625 0.758337346875 0.5292833484374999 0.7517380218749999 0.45385273125000003 0.6671237359375 0.46125552187499996
1 0.471550715625 0.7630900296875 0.48171253125 0.8792401062499999 0.5583365046875 0.8725363765624999 0.548174690625 0.7563863015625001 0.471550715625 0.7630900296875
1 0.57176299375 0.9340926093749999 0.5771053687500001 0.99515623125 0.6681119046874999 0.9871941906249999 0.66276953125 0.92613056875 0.57176299375 0.9340926093749999
1 0.21266126562499998 0.65423168125 0.2189460125 0.7260666578125 0.2844043046875 0.7203398 0.278119559375 0.6485048234375 0.21266126562499998 0.65423168125
1 0.25613 0.47066648593749993 0.2628341828125 0.5472956499999999 0.34425234531250004 0.5401724828125001 0.33754816249999997 0.46354331875000004 0.25613 0.47066648593749993
1 0.43403817499999997 0.33443925625 0.43801874218750003 0.3799373359375 0.4922906 0.3751891625 0.48831003281249996 0.32969108281250004 0.43403817499999997 0.33443925625
1 0.43718387343750004 0.296771753125 0.44001235000000005 0.32910138437500003 0.4863146484375 0.325050459375 0.483486171875 0.292720828125 0.43718387343750004 0.296771753125
1 0.4166045875 0.2454873921875 0.42110945 0.29697820468749997 0.46900981093749994 0.29278746718750004 0.4645049484375 0.24129665312499998 0.4166045875 0.2454873921875
1 0.5170984562500001 0.2909878546875 0.5233832015625 0.36282283125000003 0.5952337453125 0.3565367234375 0.5889489984375 0.284701746875 0.5170984562500001 0.2909878546875
1 0.486889371875 0.36843106875 0.49045050156250003 0.40913496250000003 0.5479184828125 0.404107165625 0.544357353125 0.363403271875 0.486889371875 0.36843106875
1 0.2983074375 0.1436209734375 0.30344009375000003 0.2022875015625 0.34335014375 0.19879582499999998 0.3382174875 0.1401292953125 0.2983074375 0.1436209734375
1 0.3421553703125 0.0565383109375 0.3382796640625 0.012238776562500001 0.2983696140625 0.0157304546875 0.3022453203125 0.06002998750000001 0.3421553703125 0.0565383109375
1 0.020306509375 0.6252142078125 0.02407735625 0.66831519375 0.0607912828125 0.6651031421875 0.057020434375 0.62200215625 0.020306509375 0.6252142078125