0 0.5962343328124999 0.7586175765625 0.46451871562499997 0.7701412000000001 0.4741566875 0.88030373125 0.6058723046875001 0.8687801078125 0.5962343328124999 0.7586175765625
0 0.709912325 0.83072385625 0.599754984375 0.840361375 0.6056216546875001 0.90741773125 0.715778996875 0.8977802125000001 0.709912325 0.83072385625
0 0.833411328125 0.5737950171875 0.683748640625 0.58688880625 0.6963190406249999 0.7305691359375001 0.845981728125 0.7174753484374999 0.833411328125 0.5737950171875
0 0.6683441015625 0.5624822765624999 0.560583853125 0.5719100765625 0.5693829515625 0.67248423125 0.6771432 0.66305643125 0.6683441015625 0.5624822765624999
0 0.698918990625 0 0.482038771875 0.018974559375 0.5000564062499999 0.22491706093750002 0.722768184375 0.2054323046875 0.7047951859375 0 0.698918990625 0
1 0.5747368890625 0.1958497 0.46937373437499996 0.20506778125 0.4753802171875 0.2737222 0.5807433718749999 0.26450411875 0.5747368890625 0.1958497
1 0.48509340468750006 0.1779486921875 0.4228312359375 0.18339592656249998 0.42911734375000005 0.25524646875 0.4913795125 0.2497992359375 0.48509340468750006 0.1779486921875
1 0.43150903749999997 0.15852412968750001 0.342909971875 0.16627554218750001 0.3498933265625 0.24609564375 0.4384923921875 0.23834422968750002 0.43150903749999997 0.15852412968750001
1 0.35376284999999996 0.0559201328125 0.24360550781249998 0.0655576515625 0.2551990375 0.1980723015625 0.3653563796875 0.18843478281249998 0.35376284999999996 0.0559201328125
1 0.4477598921875 0.09597391718750001 0.4396580390625 0.00336931875 0.3570361421875 0.0105977984375 0.36513799375 0.10320239687499999 0.4477598921875 0.09597391718750001
1 0.927571415625 0.395022725 0.9922306781250001 0.3893657734375 0.984128825 0.296761175 0.9194695640624999 0.3024181265625 0.927571415625 0.395022725
1 0.8922338015625 0.4737250046875 0.998795503125 0.46440206406250006 0.9911130874999999 0.37659165156249996 0.8845513859375 0.3859145921875 0.8922338015625 0.4737250046875
1 0.7570058828125 0.376170921875 0.6827738109375 0.3826653859375 0.6903164140625 0.468877734375 0.7645484859375 0.46238327031250004 0.7570058828125 0.376170921875
1 0.35842416718750003 0.5091656921875 0.2554581046875 0.5181740546875 0.2617442125 0.5900245984375 0.36471027500000003 0.581016234375 0.35842416718750003 0.5091656921875
1 0.14608618125 0.6194355265625 0.0694570171875 0.6261397109375 0.077836678125 0.7219196796875 0.15446584218749998 0.715215496875 0.14608618125 0.6194355265625
1 0.34163895312500003 0.924072046875 0.281773878125 0.9293095625 0.286801675 0.98677754375 0.34666674999999997 0.981540028125 0.34163895312500003 0.924072046875
1 0.194276703125 0.10848905625000001 0.129617440625 0.114146009375 0.13604154531249998 0.1875738609375 0.20070080781250002 0.1819169078125 0.194276703125 0.10848905625000001
1 0.17881995781249999 0.2626729171875 0.128527690625 0.2670729203125 0.133415675 0.322942840625 0.1837079421875 0.3185428375 0.17881995781249999 0.2626729171875
1 0.436659946875 0.34145881875 0.3636264234375 0.347848425 0.370609778125 0.42766852499999997 0.4436433015625 0.4212789203125 0.436659946875 0.34145881875
1 0.8782106203125 0.20309445781250002 0.9751917296875 0.194609709375 0.9640176374999999 0.0668892484375 0.867036528125 0.0753739953125 0.8782106203125 0.20309445781250002
1 0.7615572687500001 0.8004617125 0.7076693609375 0.80517629375 0.7135360328125 0.8722326484374999 0.7674239390625 0.8675180687499999 0.7615572687500001 0.8004617125
1 0.89534910625 0.6471969343749999 0.8258956562499999 0.6532733234375 0.829387334375 0.6931833734375 0.8988407828125 0.687106984375 0.89534910625 0.6471969343749999
1 0.949908234375 0.4847716328125 0.8888446125 0.49011400624999996 0.8924761015625 0.53162211875 0.9535397234375 0.52627974375 0.949908234375 0.4847716328125
1 0.631630803125 0.694392340625 0.5933084390625 0.6977451140625 0.596660303125 0.7360571015625 0.63498266875 0.732704328125 0.631630803125 0.694392340625
1 0.573095396875 0.7011133640625 0.5359715796875 0.7043612765625 0.5384863859375 0.7331056453125 0.575610203125 0.72985773125 0.573095396875 0.7011133640625