0 0.72059315 0.7885485625 0.6191366031250001 0.8138445203125 0.63231630625 0.8667054234375 0.733772853125 0.8414094656250001 0.72059315 0.7885485625
0 0.6257784328125 0.7461218984375 0.4916653703125 0.7795600406250001 0.5122136125 0.8619745328124999 0.6463266734374999 0.828536390625 0.6257784328125 0.7461218984375
0 0.8163851843750001 0.49213203437499997 0.548159059375 0.55900831875 0.5873151265625001 0.716054725 0.8555412515624999 0.649178440625 0.8163851843750001 0.49213203437499997
0 0.482153975 0.46317129062499995 0.3538626875 0.49515790156249995 0.3771224703125 0.5884477921875 0.5054137578125 0.55646118125 0.482153975 0.46317129062499995
1 0.8585098375 0.2537025328125 0.7838728703125 0.27231161875 0.811401565625 0.3827231875 0.8860385328125 0.3641141015625 0.8585098375 0.2537025328125
1 0.1864931015625 0.251150196875 0.0138865890625 0.294185834375 0.033658664062499996 0.3734872953125 0.2062651765625 0.33045165781249997 0.1864931015625 0.251150196875
1 0.12549289531250002 0.21513990624999998 0.0975059265625 0.222117840625 0.10913833906249999 0.26877289375 0.13712530625 0.261794959375 0.12549289531250002 0.21513990624999998
1 0.663956125 0 0.6740296406249999 0.040402664062499996 0.7241818015625 0.0278983265625 0.7172259671875 0 0.663956125 0
1 0.9696245906250001 0.3366713890625 0.9346333 0.345395696875 0.9427729640625 0.3780421046875 0.977764253125 0.369317796875 0.9696245906250001 0.3366713890625
1 0.94887634375 0.5664431296875 0.92671115 0.5719695328125 0.9340796875 0.601523121875 0.95624488125 0.59599671875 0.94887634375 0.5664431296875
1 0.8773635562500001 0.5826307296875 0.8260440078125001 0.5954261296875 0.8365121703125 0.6374116328125 0.8878317171875001 0.6246162328125 0.8773635562500001 0.5826307296875
1 0.8473859171875 0.641302871875 0.7960663703125 0.6540982718749999 0.8011064093750001 0.6743127671875 0.8524259578125 0.6615173671875 0.8473859171875 0.641302871875
1 0.7586576765624999 0.821989509375 0.7108402890625001 0.8339117234375 0.7158803296875 0.8541262171874999 0.763697715625 0.8422040031250001 0.7586576765624999 0.821989509375
1 0.7358254234375 0.655913290625 0.6915101984375001 0.6669623171875 0.70236644375 0.7105043375 0.74668166875 0.6994553109375 0.7358254234375 0.655913290625
1 0.7799031328125 0.4252524828125 0.6970944578125 0.4458990046875 0.7122145765625 0.5065424875 0.7950232515625 0.485895965625 0.7799031328125 0.4252524828125
1 0.47841036406250004 0.21470691406250003 0.42360381562500005 0.22837172187500002 0.43639543593749996 0.27967610781249996 0.49120198437499996 0.26601130156249997 0.47841036406250004 0.21470691406250003
1 0.2588160234375 0.2083403984375 0.21683557343749998 0.2188073 0.2300152765625 0.271668203125 0.27199572656250004 0.2612013015625 0.2588160234375 0.2083403984375
1 0.1275531015625 0.66059208125 0.051748746874999994 0.6794922296875 0.0649284515625 0.7323531328125 0.1407328046875 0.713452984375 0.1275531015625 0.66059208125