0 0.2200654921875 0.6012821015625 0.187829434375 0.449623371875 0.1031789109375 0.467616396875 0.13541496875 0.6192751249999999 0.2200654921875 0.6012821015625
0 0.31275880625 0.474681040625 0.276773840625 0.30538508750000004 0.132558203125 0.3360390671875 0.16854316875 0.5053350203125 0.31275880625 0.474681040625
0 0.48207322656249996 0.57753878125 0.42709682656250003 0.318895159375 0.21860874218749998 0.3632106703125 0.273585140625 0.6218542921875 0.48207322656249996 0.57753878125
1 0.5684583703125 0.7680620015625 0.5494669375 0.6787143328125 0.4444383390625 0.70103885 0.463429771875 0.7903865203125 0.5684583703125 0.7680620015625
1 0.616538721875 0 0.630720634375 0.066720646875 0.7953143453125 0.0317351734375 0.788568825 0 0.616538721875 0
1 0.644417609375 0.277606240625 0.6164307453125 0.145938403125 0.52081681875 0.166261771875 0.54880368125 0.297929609375 0.644417609375 0.277606240625
1 0.901797965625 0.8409751296874999 0.8805584874999999 0.7410512390624999 0.7755298875000001 0.7633757578125 0.7967693671875 0.8632996484375 0.901797965625 0.8409751296874999
1 0.97748501875 0.8040092390625 0.9607416296875 0.7252377890624999 0.8666968140625 0.7452276328125 0.883440203125 0.82399908125 0.97748501875 0.8040092390625
1 1 0.6480768640625 0.8965859421875001 0.6700582015625 0.922574903125 0.7923266515625 1 0.7758694390625 1 0.6480768640625
1 0.6841383453125001 0.6648331093750001 0.66789524375 0.588415328125 0.5174031593749999 0.6204034078125 0.5336462609375 0.6968211890625 0.6841383453125001 0.6648331093750001
0 0.6022611046875 0.49546780625000003 0.5577809968749999 0.28620535468749997 0.45432151093749995 0.308196346875 0.49880161875000006 0.5174588 0.6022611046875 0.49546780625000003