0 0.5625 0.47435416718749995 0.3233125 0.47435416718749995 0.3233125 0.6826875 0.5625 0.6826875 0.5625 0.47435416718749995
1 0.8533593749999999 0.8044895828125 0.766828125 0.8044895828125 0.766828125 0.9423020828125 0.8533593749999999 0.9423020828125 0.8533593749999999 0.8044895828125
1 0.746390625 0.6458229171875 0.676671875 0.6458229171875 0.676671875 0.7099270828125 0.746390625 0.7099270828125 0.746390625 0.6458229171875
1 0.6310078125 0.45192708281250005 0.5901484375 0.45192708281250005 0.5901484375 0.4951979171875 0.6310078125 0.4951979171875 0.6310078125 0.45192708281250005
1 0.5685 0.2243645828125 0.52884375 0.2243645828125 0.52884375 0.2644270828125 0.5685 0.2644270828125 0.5685 0.2243645828125
1 0.5889453125 0.2740416671875 0.5384609375 0.2740416671875 0.5384609375 0.3092916671875 0.5889453125 0.3092916671875 0.5889453125 0.2740416671875
1 0.9375 0.7644166671875 0.8858124999999999 0.7644166671875 0.8858124999999999 0.8365416671875 0.9375 0.8365416671875 0.9375 0.7644166671875
1 0.9807656250000001 0.8445625 0.938703125 0.8445625 0.938703125 0.9182708328125001 0.9807656250000001 0.9182708328125001 0.9807656250000001 0.8445625
1 0.7752421875 0.5769166671875 0.7427890625 0.5769166671875 0.7427890625 0.6282083328125 0.7752421875 0.6282083328125 0.7752421875 0.5769166671875
1 0.652640625 0.41507291718749995 0.605765625 0.41507291718749995 0.605765625 0.45834374999999994 0.652640625 0.45834374999999994 0.652640625 0.41507291718749995
1 0.1322109375 0.43589583281250005 0.07572656250000001 0.43589583281250005 0.07572656250000001 0.46314583281250005 0.1322109375 0.46314583281250005 0.1322109375 0.43589583281250005