0 0.2782164625 0.57759996875 0.3570149609375 0.89364348125 0.6275859671874999 0.8261825515625001 0.54878746875 0.510139040625 0.2782164625 0.57759996875
0 0.17146171875 0.6463190937500001 0.205773046875 0.7839343171875 0.291300571875 0.7626099109375 0.25698924375 0.6249946875 0.17146171875 0.6463190937500001
1 0.6109226953125 0.5540924609375 0.653376209375 0.7243642 0.7637877750000001 0.6968355046875 0.7213342625 0.526563765625 0.6109226953125 0.5540924609375
1 0.788783028125 0.664596596875 0.8318186656250001 0.8372031109375 0.9515491140625001 0.80735095625 0.9085134781249999 0.63474444375 0.788783028125 0.664596596875
0 0.7131579890624999 0.40102364531249995 0.7541561890625 0.5654584484375 0.8287881031250001 0.546850621875 0.7877899015625001 0.38241581875 0.7131579890624999 0.40102364531249995
1 0.4448459640625 0.2722013765625 0.4605482078125 0.33517963281249996 0.5289742703125 0.3181191 0.5132720265625 0.2551408421875 0.4448459640625 0.2722013765625
1 0.58664859375 0.23808596718750002 0.6125266765624999 0.3418772875 0.7540281359375001 0.30659701093749997 0.728150053125 0.20280569062499998 0.58664859375 0.23808596718750002
1 0.8509631734375 0 0.798123440625 0.013174425 0.815568278125 0.08314184218750001 0.9057653515625 0.0606531859375 0.8906428125 0 0.8509631734375 0
1 0.80045444375 0.3470515171875 0.8219703734375001 0.43334719374999997 0.8810573390625001 0.4186151578125 0.8595414109374999 0.3323194828125 0.80045444375 0.3470515171875
1 0.7740756890625 0.10217485781249999 0.799953771875 0.205966178125 0.8730291687499999 0.1877464359375 0.8471510859375 0.08395511562499999 0.7740756890625 0.10217485781249999
1 0.3487739671875 0.41011813750000004 0.365058334375 0.47543116875 0.4039308078125 0.46573917343750004 0.38764643906249996 0.40042614218750006 0.3487739671875 0.41011813750000004
1 0.289250175 0.4893643859375 0.302045575 0.540683934375 0.3424745640625 0.5306038546875 0.3296791640625 0.47928430781250003 0.289250175 0.4893643859375
1 0.27668301562500003 0.8430593468750001 0.2973295375 0.9258680234375 0.35641650468749997 0.9111359875 0.3357699828125 0.8283273109374999 0.27668301562500003 0.8430593468750001
1 0.13177603437500002 0.7454102359375 0.1428250609375 0.7897254609375 0.1785845015625 0.7808096296875 0.167535475 0.7364944046875 0.13177603437500002 0.7454102359375
1 0.4631150953125 0.42495987812499997 0.4700930296875 0.45294684687500003 0.5354060609375 0.436662478125 0.5284281265625 0.4086755109375 0.4631150953125 0.42495987812499997
1 0.21328370156249998 0.5888216453124999 0.221716946875 0.6226455484375 0.26525896875 0.611789303125 0.25682572187499997 0.5779654 0.21328370156249998 0.5888216453124999