0 0.5721171875 0.1955208328125 0.4302890625 0.1955208328125 0.4302890625 0.3173125 0.5721171875 0.3173125 0.5721171875 0.1955208328125
0 0.6995234375 0.1474375 0.5625078125 0.1474375 0.5625078125 0.2163541671875 0.6995234375 0.2163541671875 0.6995234375 0.1474375
0 0.9158593749999999 0.4791666671875 0.699515625 0.4791666671875 0.699515625 0.5833333328125 0.9158593749999999 0.5833333328125 0.9158593749999999 0.4791666671875
0 0.7319765625 0.544875 0.5613046875000001 0.544875 0.5613046875000001 0.6490416671875 0.7319765625 0.6490416671875 0.7319765625 0.544875
1 0.33534375 0.72596875 0.1923125 0.72596875 0.1923125 0.7900729171875 0.33534375 0.7900729171875 0.33534375 0.72596875
1 0.31730468749999996 0.6666666671875 0.2295703125 0.6666666671875 0.2295703125 0.732375 0.31730468749999996 0.732375 0.31730468749999996 0.6666666671875
1 0 0.580125 0.0528828125 0.580125 0.0528828125 0.4871666671875 0 0.4871666671875 0 0.580125
1 0.6971171875 0.3798125 0.6538515625 0.3798125 0.6538515625 0.4102708328125 0.6971171875 0.4102708328125 0.6971171875 0.3798125
1 0.8521640625 0.3846145828125 0.7644296875000001 0.3846145828125 0.7644296875000001 0.42467708281250005 0.8521640625 0.42467708281250005 0.8521640625 0.3846145828125
1 0.758421875 0.1843020828125 0.706734375 0.1843020828125 0.706734375 0.2419895828125 0.758421875 0.2419895828125 0.758421875 0.1843020828125
1 0.26321875 0.08653125 0.22956249999999997 0.08653125 0.22956249999999997 0.12659375 0.26321875 0.12659375 0.26321875 0.08653125
1 0.15985156250000002 0.5384583328125 0.1249921875 0.5384583328125 0.1249921875 0.5865416671875 0.15985156250000002 0.5865416671875 0.15985156250000002 0.5384583328125
1 0.2644140625 0.4647291671875 0.2391796875 0.4647291671875 0.2391796875 0.4951875 0.2644140625 0.4951875 0.2644140625 0.4647291671875
1 0.9495234375000001 1 0.9495234375000001 0.8862083328124999 0.8617890625 0.8862083328124999 0.8617890625 1 0.9495234375000001 1