0 0.695629115625 0.7605699546875 0.5682713578125 0.7784689203124999 0.5809854 0.868934034375 0.7083431578125 0.8510350687500001 0.695629115625 0.7605699546875
0 0.8115618109374999 0.1260728609375 0.6116050265624999 0.1541749546875 0.6330173875 0.306531821875 0.832974171875 0.278429728125 0.8115618109374999 0.1260728609375
1 0.8375421359375 0 0.8472785937499999 0.0692784921875 0.9424990578125 0.055896128125 0.93464336875 0 0.8375421359375 0
0 0.9060798390624999 0.5740069234375 0.7489676203125 0.5960876046875 0.764581103125 0.7071833046875 0.9216933218750001 0.685102621875 0.9060798390624999 0.5740069234375
0 0.7524652875 0.6036851796875 0.654861990625 0.617402428125 0.6640068234375 0.6824712921875 0.7616101203125 0.66875404375 0.7524652875 0.6036851796875
1 0.4870435921875 0.563304678125 0.39897162656249996 0.5756823843750001 0.4058867890625 0.6248863296875 0.49395875624999996 0.612508621875 0.4870435921875 0.563304678125
1 0.583501471875 0.10958981406249999 0.5251839656249999 0.1177858046875 0.5385648796875 0.212995953125 0.5968823859375 0.20479996093750003 0.583501471875 0.10958981406249999
1 0.6845691015625001 0.284717834375 0.611970075 0.2949209625 0.6182154671875 0.3393592421875 0.6908144953125 0.3291561140625 0.6845691015625001 0.284717834375
1 0.61301066875 0.2591572578125 0.563017603125 0.2661833234375 0.5701560234375 0.3169758234375 0.6201490890625 0.30994975625 0.61301066875 0.2591572578125
1 0.55617813125 0.260685859375 0.496669209375 0.2690492921875 0.5044744999999999 0.324586828125 0.563983421875 0.3162233953125 0.55617813125 0.260685859375
1 0.52495691875 0.16798300156249998 0.440443728125 0.17986055625 0.4536013859375 0.27348215 0.538114575 0.2616045953125 0.52495691875 0.16798300156249998
1 0.378329965625 0.21285749531249998 0.3283369 0.21988356250000002 0.33480555 0.265910396875 0.384798615625 0.25888432968749997 0.378329965625 0.21285749531249998
1 0.8410809078125 0.4310366484375 0.7863376515625 0.4387303109375 0.7939196859375001 0.49267929062500004 0.8486629421874999 0.484985628125 0.8410809078125 0.4310366484375
1 0.990443703125 0.3970961421875 0.9499819687500001 0.40278266875 0.957340746875 0.45514309375 0.9978024812499999 0.4494565671875 0.990443703125 0.3970961421875
1 0.844919275 0.7865140171875 0.7961176265625001 0.793372640625 0.8019165062500001 0.8346338093749999 0.8507181546875 0.8277751859375 0.844919275 0.7865140171875
0 0.3013595 0.6670839640625 0.2120961171875 0.6796291140624999 0.22079443593749998 0.74152086875 0.31005781875 0.72897571875 0.3013595 0.6670839640625
0 0.7888952453125 0.828374690625 0.694866196875 0.8415896109375 0.7008883328125 0.8844393343749999 0.79491738125 0.8712244140625 0.7888952453125 0.828374690625
1 0.3660422359375 0.3586110796875 0.3160491703125 0.36563714687500004 0.3211782796875 0.4021326515625 0.37117134375 0.3951065859375 0.3660422359375 0.3586110796875
1 0.423274753125 0.9299245875000001 0.3875632109375 0.9349435171874999 0.3929155765625 0.9730275765625 0.42862711875 0.9680086453125 0.423274753125 0.9299245875000001