1 0.677875 0.6282083328125 0.6045625 0.6282083328125 0.6045625 0.742 0.677875 0.742 0.677875 0.6282083328125
1 0.8125078125 0.5641041671875 0.7307734375 0.5641041671875 0.7307734375 0.6778958328125 0.8125078125 0.6778958328125 0.8125078125 0.5641041671875
1 0.12139843749999998 0.7612291671875 0.0000078125 0.7612291671875 0.0000078125 0.8830208328125 0.12139843749999998 0.8830208328125 0.12139843749999998 0.7612291671875
1 0.20071875 0.794875 0.125 0.794875 0.125 0.8429583328125 0.20071875 0.8429583328125 0.20071875 0.794875
1 0.71275 0.85415625 0.6454375 0.85415625 0.6454375 0.9871770828124999 0.71275 0.9871770828124999 0.71275 0.85415625
1 0.9951874999999999 0.5721041671875 0.9326874999999999 0.5721041671875 0.9326874999999999 0.6442291671875 0.9951874999999999 0.6442291671875 0.9951874999999999 0.5721041671875
1 0.7403828125 0.3974270828125 0.6658671875 0.3974270828125 0.6658671875 0.4647395828125 0.7403828125 0.4647395828125 0.7403828125 0.3974270828125
1 0.6694765625 0.3173125 0.6262109375 0.3173125 0.6262109375 0.3621875 0.6694765625 0.3621875 0.6694765625 0.3173125
1 0.6033671875 0.2916666671875 0.5685078125 0.2916666671875 0.5685078125 0.330125 0.6033671875 0.330125 0.6033671875 0.2916666671875
1 0.5781171875 0.2307708328125 0.5036015625 0.2307708328125 0.5036015625 0.2788541671875 0.5781171875 0.2788541671875 0.5781171875 0.2307708328125
1 0.5060156250000001 0.2564166671875 0.456734375 0.2564166671875 0.456734375 0.294875 0.5060156250000001 0.294875 0.5060156250000001 0.2564166671875
1 0.431484375 0.0849375 0.38460937500000003 0.0849375 0.38460937500000003 0.1378125 0.431484375 0.1378125 0.431484375 0.0849375
1 0.42907812500000003 0.2772395828125 0.389421875 0.2772395828125 0.389421875 0.3269270828125 0.42907812500000003 0.3269270828125 0.42907812500000003 0.2772395828125
0 0.5 0.14421875 0.34375 0.14421875 0.34375 0.2147395828125 0.5 0.2147395828125 0.5 0.14421875
0 0.3437421875 0.1570520828125 0.1935078125 0.1570520828125 0.1935078125 0.2980729171875 0.3437421875 0.2980729171875 0.3437421875 0.1570520828125
0 0.578125 0.29167708281250004 0.2608125 0.29167708281250004 0.2608125 0.49840625000000005 0.578125 0.49840625000000005 0.578125 0.29167708281250004
0 0.35095312500000003 0.52725 0.181484375 0.52725 0.181484375 0.669875 0.35095312500000003 0.669875 0.35095312500000003 0.52725
1 0.280046875 0.767625 0.240390625 0.767625 0.240390625 0.8157083328124999 0.280046875 0.8157083328124999 0.280046875 0.767625
1 0.4723515625 0.7355729171875 0.40024218749999996 0.7355729171875 0.40024218749999996 0.7900520828125 0.4723515625 0.7900520828125 0.4723515625 0.7355729171875