0 0.3931956671875 0.3492004 0.4002017171875 0.750576759375 0.8360311609375 0.7429693281249999 0.8290251109375 0.34159296875 0.3931956671875 0.3492004
1 0.8564749890625001 0.9049028218749999 0.8577964625 0.980610040625 0.98598526875 0.9783724953125 0.9846637953125 0.902665278125 0.8564749890625001 0.9049028218749999
1 0.7493618093750001 0.18550638749999998 0.7509139828125 0.2744303421875 0.8166123078125 0.2732835734375 0.8150601343749999 0.18435961875 0.7493618093750001 0.18550638749999998
1 0.78457755625 0 0.7856011859375001 0.0586436640625 0.9186017578125 0.0563221296875 0.9176186515625 0 0.78457755625 0
1 0.465518890625 0.2698010921875 0.46619026249999995 0.308263984375 0.5078505828125001 0.3075368 0.5071792109375 0.269073909375 0.465518890625 0.2698010921875
1 0.5664714656250001 0.17667348125 0.5676252328125 0.2427727875 0.6157012421875 0.2419336171875 0.614547475 0.1758343109375 0.5664714656250001 0.17667348125
1 0.38399084375000003 0.2808428234375 0.3843265296875 0.30007426875 0.4195711609375 0.2994590703125 0.41923547499999997 0.280227625 0.38399084375000003 0.2808428234375
1 0.4693760078125 0.21442846875 0.47004737968750004 0.252891359375 0.537349628125 0.25171659375 0.53667825625 0.213253703125 0.4693760078125 0.21442846875
0 0.253413103125 0.422565178125 0.2563497421875 0.5908051765625 0.3380664625 0.5893788046874999 0.33512982187499996 0.4211388078125 0.253413103125 0.422565178125
1 0.2896008359375 0.3834667234375 0.290334928125 0.4255228171875 0.34161878125 0.42462765312500006 0.340884690625 0.382571559375 0.2896008359375 0.3834667234375
1 0.29847212343749996 0.7078691187499999 0.2995419 0.7691566578125 0.33799437656250003 0.7684854671875 0.3369245984375 0.707197928125 0.29847212343749996 0.7078691187499999
1 0.1306029734375 0.54851675625 0.13150504375 0.600196384375 0.176373209375 0.5994132078125001 0.1754711390625 0.5477335796875 0.1306029734375 0.54851675625
1 0.181687709375 0.536810921875 0.1824637953125 0.5812728984375 0.20810572187499998 0.5808253171875 0.2073296359375 0.536363340625 0.181687709375 0.536810921875
1 0.8701327453125 0.677465759375 0.8712445171875001 0.74115918125 0.9369428421875 0.7400124140625 0.9358310703124999 0.676318990625 0.8701327453125 0.677465759375
1 0.932423140625 0.5729955437500001 0.9338286046875 0.653514528125 0.981904615625 0.6526753578125 0.9804991515625 0.5721563734374999 0.932423140625 0.5729955437500001