0 0.5235683078125 0.7718846859374999 0.37835671875 0.7383599484375 0.35528517656249997 0.8382937781249999 0.500496765625 0.871818515625 0.5235683078125 0.7718846859374999
0 0.6011400890624999 0.8473627875 0.492223784375 0.822217478125 0.47275614531250004 0.9065410875 0.5816724484375 0.9316863984375001 0.6011400890624999 0.8473627875
0 0.8191354828125 0.0687473015625 0.5849060546875 0.014671178125 0.5384021109375 0.21610188749999998 0.7726315390625 0.2701780125 0.8191354828125 0.0687473015625
0 0.8015985859375 0.6255417125 0.6470086859374999 0.589851821875 0.6134816062499999 0.735073559375 0.76807150625 0.77076345 0.8015985859375 0.6255417125
0 0.624756021875 0.6061171062499999 0.5088212078125001 0.5793514453124999 0.49151872343749997 0.65429674375 0.6074535359375 0.681062403125 0.624756021875 0.6061171062499999
1 0.5097595203124999 0.115742759375 0.42192919375000004 0.0954655296875 0.40066194531250005 0.1875841 0.48849227187500005 0.20786132968749998 0.5097595203124999 0.115742759375
1 0.3716251828125 0.43088170156250005 0.25100121406250003 0.4030334640625 0.2304509984375 0.4920462296875 0.35107496718750003 0.5198944671875 0.3716251828125 0.43088170156250005
1 0.130728978125 0.501918771875 0.06164005 0.48596833593750005 0.0483023265625 0.5437403625 0.1173912546875 0.5596907984375 0.130728978125 0.501918771875
1 1 0.45754362187500003 0.9362989859375 0.44283708437499997 0.92043525 0.5115504734375 1 0.52991944375 1 0.45754362187500003
1 1 0.27004 0.9715432421875001 0.2634702390625 0.9535190390625001 0.341541640625 1 0.3522726171875 1 0.27004
1 1 0.10228204062499999 0.8935432296875 0.07770455937500001 0.8791252734375 0.140155590625 0.9997492421875 0.168003828125 1 0.1669176765625 1 0.10228204062499999
1 0.4501430078125 0 0.435359303125 0.064035259375 0.51499883125 0.08242149374999999 0.5340273328125 0 0.4501430078125 0
1 0.658800109375 0.8540892031249999 0.6096096453125 0.8427326890625 0.6002366859375 0.883331440625 0.6494271484375 0.8946879546875 0.658800109375 0.8540892031249999
1 0.808884053125 0.7275556125 0.7678996125 0.7180936078125 0.760330946875 0.7508771015625 0.8013153875000001 0.76033910625 0.808884053125 0.7275556125
1 0.9258363328125 0.5950193390625 0.8579044687499999 0.5793360328125 0.8452884640624999 0.6339819531249999 0.913220328125 0.6496652593750001 0.9258363328125 0.5950193390625
1 0.44876564218750004 0.3105461703125 0.3972306015625 0.29864836875 0.3849754546875 0.3517312390625 0.436510496875 0.363629040625 0.44876564218750004 0.3105461703125
1 0.21751497656250002 0.16341128124999998 0.1812044671875 0.15502834062499998 0.172553225 0.19250099062499998 0.208863734375 0.20088393125 0.21751497656250002 0.16341128124999998
1 0.28058504218749997 0.0398059640625 0.2325668671875 0.028720093749999998 0.22247218906250002 0.0724449515625 0.2704903640625 0.0835308203125 0.28058504218749997 0.0398059640625