0 0.708729125 0.37731286875 0.5529878375 0.3470398296875 0.5282184453125 0.4744673078125 0.6839597328125 0.5047403484374999 0.708729125 0.37731286875
1 0.8542527296875001 0.6113168953125 0.799987153125 0.6007687359375 0.788979859375 0.657396353125 0.8432454359375001 0.6679445140625 0.8542527296875001 0.6113168953125
1 0.8088191453125001 0.8261362625 0.7521915265625 0.8151289687500001 0.739959875 0.8780553609374999 0.7965874937499999 0.8890626562499999 0.8088191453125001 0.8261362625
1 0.8608763875 0.772585371875 0.8113195531249999 0.7629524984375 0.802450909375 0.8085777125 0.85200774375 0.8182105859375 0.8608763875 0.772585371875
1 0.6807444109375 1 0.6901463046874999 0.95163145 0.6181807625 0.9376427656249999 0.60605974375 1 0.6807444109375 1
1 0.6207595078125 1 0.6317351437500001 0.9435352421875001 0.530274771875 0.92381334375 0.5154655859374999 1 0.6207595078125 1
1 0.4260785703125 0.7794884484375 0.37297867500000004 0.769166875 0.3583022828125 0.844670365625 0.411402178125 0.854991940625 0.4260785703125 0.7794884484375
1 0.40697885625 0.7202770046875 0.358603040625 0.7108736999999999 0.346677478125 0.7722253984375 0.39505329375 0.7816287046875 0.40697885625 0.7202770046875
1 0.6881390374999999 0.854930103125 0.6315114187499999 0.843922809375 0.620504125 0.900550428125 0.67713174375 0.911557721875 0.6881390374999999 0.854930103125
1 0.753184453125 0.40066183125 0.73076040625 0.39630303906250003 0.7237283 0.43248009062500004 0.7461523453125001 0.436838884375 0.753184453125 0.40066183125
1 0.738008865625 0.23933338593750003 0.7085140359375 0.23360017187499998 0.7005636609375 0.2745013046875 0.7300584906250001 0.28023451875 0.738008865625 0.23933338593750003
1 0.2724592015625 0.29741316093750003 0.1957695765625 0.2825062078125 0.186900934375 0.328131421875 0.2635905578125 0.343038375 0.2724592015625 0.29741316093750003
1 0 0.46812444218750004 0.07010700156250001 0.4817518625 0.08295083125 0.4156760828125 0.009804268750000001 0.40145783125 0 0.45189641875 0 0.46812444218750004
1 0.202802353125 0.4226309453125 0.11549888593749999 0.4056608703125 0.103267234375 0.4685872625 0.1905707015625 0.48555733749999996 0.202802353125 0.4226309453125
1 0.2769275671875 0.425631921875 0.2250086921875 0.415539915625 0.21828267499999998 0.45014227343749996 0.27020155 0.46023427968749997 0.2769275671875 0.425631921875
1 0.18364298437499998 0.68501464375 0.14353431249999998 0.67721830625 0.1276335625 0.759020571875 0.16774223593749998 0.7668169078125 0.18364298437499998 0.68501464375
1 0.80876043125 0.524107184375 0.7674707374999999 0.51608128125 0.7622711921875001 0.5428306218750001 0.8035608859375 0.550856525 0.80876043125 0.524107184375
1 0.3258408234375 0.1739131453125 0.278646028125 0.16473940625 0.2722261015625 0.19776707031250002 0.3194208953125 0.20694080937499998 0.3258408234375 0.1739131453125
1 0.2621267484375 0.0733775546875 0.22672681875 0.06649650625 0.21816426406249997 0.110547025 0.25356419531249996 0.117428075 0.2621267484375 0.0733775546875
1 0.1815112921875 0.1605554375 0.1425836390625 0.15298866718749998 0.135857621875 0.18759102656249999 0.17478527500000002 0.1951577953125 0.1815112921875 0.1605554375
1 0.0839064203125 0.31626105 0.028459823437499997 0.3054833234375 0.020203359375 0.34795914843750003 0.07564995625 0.3587368765625 0.0839064203125 0.31626105
1 0.7819247078125 0.3850144953125 0.741816034375 0.37721815937500003 0.7366164890625 0.4039675 0.7767251625 0.41176383593750004 0.7819247078125 0.3850144953125