0 0.1660906046875 0.5387703125 0.1861279765625 0.42513273125 0.09774148125 0.40954780625 0.077704109375 0.5231853890625 0.1660906046875 0.5387703125
0 0.088540575 0.609297228125 0.103151440625 0.5264348890625 0.05107973125 0.5172532421875 0.036468865625 0.6001155812500001 0.088540575 0.609297228125
0 0.5863221171874999 0.8410855968750001 0.614499246875 0.6812851515625 0.4898184828125 0.65930056875 0.461641353125 0.819101015625 0.5863221171874999 0.8410855968750001
0 0.6540716140625 0.10611399218749999 0.6688914015625 0.0220668046875 0.6073409171875 0.011213793750000001 0.5925211296875 0.0952609796875 0.6540716140625 0.10611399218749999
0 0.2564525546875 0.7829206937500001 0.281498590625 0.6408775624999999 0.1662966 0.62056434375 0.1412505640625 0.7626074734375 0.2564525546875 0.7829206937500001
0 0.27481058125 0.6604510671875 0.294847953125 0.5468134859375 0.2348772640625 0.536239034375 0.21483989218750002 0.6498766171875 0.27481058125 0.6604510671875
1 0.38134264687499997 0.42537889218749997 0.396995403125 0.33660770625 0.33544491875000004 0.3257546953125 0.31979216250000003 0.41452588125 0.38134264687499997 0.42537889218749997
1 0.6605551890625 0.5954314968750001 0.6716171203125 0.532696165625 0.6005878609375 0.520171790625 0.5895259296875001 0.582907121875 0.6605551890625 0.5954314968750001
1 0.9467993031249999 0.3932770234375 0.9662099140624999 0.28319398125 0.904659428125 0.27234097031250004 0.88524881875 0.3824240125 0.9467993031249999 0.3932770234375
1 0.8523557703125 0.8550486749999999 0.8617490515625 0.8017767296875 0.7781019437500001 0.7870274875 0.7687086625 0.8402994328125001 0.8523557703125 0.8550486749999999
1 0.7163829890625 0.9616505203125 0.7357935999999999 0.851567478125 0.6316296625 0.8332005656250001 0.6122190515625 0.9432836078125 0.7163829890625 0.9616505203125
1 0.34028134374999996 0.9258519828124999 0.331098340625 0.9779313859375 0.3973882125 0.9896200796875 0.406571215625 0.9375406749999999 0.34028134374999996 0.9258519828124999
1 0.525634553125 0.6961263046874999 0.53857405625 0.622742740625 0.4959606046875 0.6152288390625 0.4830211015625 0.6886124046875 0.525634553125 0.6961263046874999
1 0.546670340625 0.62295658125 0.5535565765625 0.5839027984375 0.518842103125 0.5777817 0.5119558671875 0.6168354828125 0.546670340625 0.62295658125
1 0.577235709375 0.588062203125 0.5880887218749999 0.5265117187499999 0.520219053125 0.5145444640625 0.5093660421874999 0.57609495 0.577235709375 0.588062203125
1 0.6124900953125 0.535693146875 0.6250117562499999 0.46467927500000006 0.5902972828124999 0.45855817656250003 0.577775621875 0.5295720484374999 0.6124900953125 0.535693146875
1 0.3406761234375 0.23148085312500002 0.35632887812499997 0.142709665625 0.302677371875 0.1332494578125 0.2870246171875 0.22202064375 0.3406761234375 0.23148085312500002
1 0.5924660953124999 1 0.5994194234375 0.9605657171875001 0.515772315625 0.945816475 0.5062182984375 1 0.5924660953124999 1
1 0.6688395390624999 0.42847422812499997 0.6763525359375 0.38586590625 0.6289996953125 0.377516321875 0.6214866984375 0.4201246453125 0.6688395390624999 0.42847422812499997
1 0.864378478125 0.50078559375 0.870640665625 0.4652709640625 0.8154093625 0.45553219531250005 0.809147175 0.491046825 0.864378478125 0.50078559375
1 0.09646845937500001 0.25066293125 0.107530390625 0.1879275984375 0.06807653125 0.18097081875 0.057014598437499994 0.24370615 0.09646845937500001 0.25066293125
1 0.3793983359375 0.7594366671875 0.38753809375000003 0.713273803125 0.330726996875 0.7032564734375 0.32258723749999996 0.7494193375 0.3793983359375 0.7594366671875
1 0.29873501562500004 0.847739903125 0.277446834375 0.9684711781249999 0.33425793125 0.9784885078125001 0.3555461125 0.8577572312499999 0.29873501562500004 0.847739903125