1 0.3067305703125 0.26350552656250004 0.31374933125000004 0.183280721875 0.2514871625 0.1778334875 0.2444684015625 0.2580582921875 0.3067305703125 0.26350552656250004
1 0.1715486984375 0.3928329671875 0.175319546875 0.34973198125 0.119449628125 0.344843996875 0.1156787796875 0.3879449828125 0.1715486984375 0.3928329671875
1 0.6771878734375 0.8834960093750001 0.683996915625 0.8056682984375 0.545110771875 0.7935173343749999 0.5383017296875 0.8713450453125 0.6771878734375 0.8834960093750001
1 0.8176519843750001 0.5651910796874999 0.83294645625 0.390374475 0.7403418578125 0.382272621875 0.7250473859375 0.5570892265625 0.8176519843750001 0.5651910796874999
1 0.8795372796875001 0.0783493453125 0.8836227046875 0.031652718749999996 0.7878427359375 0.0232730578125 0.7837573109375 0.069969684375 0.8795372796875001 0.0783493453125
1 0.765310078125 0.115409815625 0.77054759375 0.055544740625 0.6827371828125 0.047862325 0.6774996671875 0.1077274 0.765310078125 0.115409815625
1 1 0.1998889828125 0.8779004499999999 0.18920665625 0.8606163765625 0.3867645171875 1 0.3989590046875 1 0.1998889828125
0 0.9647996546875 0.7035423109375001 0.981455934375 0.513160165625 0.8888513359375001 0.5050583125 0.87219505625 0.695440459375 0.9647996546875 0.7035423109375001
1 0.6114829375 0.6967698343750001 0.6156732234375 0.6488746609375 0.5566071796875 0.6437070515625 0.5524168953124999 0.691602225 0.6114829375 0.6967698343750001
1 0.8309278046875 0.854707653125 0.8377368468749999 0.7768799421875 0.7515244984375 0.7693373390625 0.74471545625 0.8471650500000001 0.8309278046875 0.854707653125
1 0.6879080078124999 1 0.6915523234375 0.9583452765624999 0.5734202374999999 0.948010059375 0.56887170625 1 0.6879080078124999 1
1 0.4013223359375 0.6349365875 0.40509318437499997 0.5918356 0.34283101562499996 0.5863883671875 0.3390601671875 0.629489353125 0.4013223359375 0.6349365875
1 0.4187501546875 0.6931771437500001 0.42294043906249995 0.6452819703125 0.351089896875 0.6389958625000001 0.3468996125 0.6868910359375 0.4187501546875 0.6931771437500001
1 0.27561095 0.5274147140625 0.27801998906250003 0.4998792703125 0.2540698078125 0.4977839015625 0.2516607671875 0.5253193453125 0.27561095 0.5274147140625
1 0.324478265625 0.6306290437500001 0.3275164609375 0.59590231875 0.3051643421875 0.5939467625 0.302126146875 0.6286734859374999 0.324478265625 0.6306290437500001
1 0.3806355359375 0.44853366875 0.3859779109375 0.387470046875 0.3588316046875 0.38509505312500003 0.35348922968749996 0.44615867500000006 0.3806355359375 0.44853366875
0 0.28133645 0.5170696703125001 0.2961066234375 0.34824580156249996 0.21149233750000002 0.340843009375 0.19672216250000002 0.5096668796875 0.28133645 0.5170696703125001
0 0.6255903703125 0.5906188796875 0.6600550203125 0.19668613906250001 0.3854581015625 0.1726620203125 0.3509934515625 0.5665947625000001 0.6255903703125 0.5906188796875
1 0.9201323421875 0.88302760625 0.9265219468750001 0.8099940828125 0.8530940953125 0.8035699781250001 0.8467044906250001 0.876603503125 0.9201323421875 0.88302760625