1 0.254751440625 0.5584085484375 0.250981884375 0.5225436015625 0.214329609375 0.5263959109374999 0.21809916718750003 0.5622608578125 0.254751440625 0.5584085484375
1 0.3044561484375 0.57131494375 0.2998078984375 0.5270897984375 0.26634637968749997 0.5306067453125001 0.2709946296875 0.574831890625 0.3044561484375 0.57131494375
1 0.50610574375 0.588785653125 0.5014574921875 0.5445605078125 0.4456813890625 0.5504228125 0.45032963906249995 0.5946479578125 0.50610574375 0.588785653125
1 0.45837193125000003 0.6252248125000001 0.4532206375 0.57621353125 0.41018684531250005 0.5807365640625 0.41533813906250006 0.629747846875 0.45837193125000003 0.6252248125000001
1 0.5289216046874999 0.6371500671875 0.524776396875 0.5977110578125 0.47855185 0.602569453125 0.48269705625 0.6420084625 0.5289216046874999 0.6371500671875
1 0.56588985 0.7130374890625 0.562246053125 0.678369078125 0.528784534375 0.6818860250000001 0.53242833125 0.7165544374999999 0.56588985 0.7130374890625
1 0.8577503343749999 0.8527639468749999 0.8529763234375001 0.8073422671875001 0.787627946875 0.814210659375 0.7924019578125 0.8596323390625 0.8577503343749999 0.8527639468749999
1 0.884993159375 0.8668135749999999 0.8819781671875001 0.8381278343749999 0.8437305109375 0.842147825 0.846745503125 0.870833565625 0.884993159375 0.8668135749999999
1 0.9402868046874999 0.9021021296875 0.9335022546875 0.8375514421875 0.8665584984375 0.8445875140625001 0.8733430500000001 0.9091382015624999 0.9402868046874999 0.9021021296875
1 0.9943288265625 0.941127925 0.9876700359375 0.877773771875 0.9302985546875 0.8838037578125 0.93695734375 0.9471579109375 0.9943288265625 0.941127925
1 0.9573262359375001 0.7576861484374999 0.9482812562499999 0.671628925 0.82875215625 0.684191940625 0.8377971343749999 0.7702491625000001 0.9573262359375001 0.7576861484374999
1 0.7097649265625 0.6713167734375001 0.704487871875 0.62110895625 0.6455210124999999 0.6273066234375 0.650798065625 0.677514440625 0.7097649265625 0.6713167734375001
0 0.6534161375 0.5032156375 0.6264053296875 0.2462249640625 0.4144271328125 0.2685047703125 0.441437940625 0.52549544375 0.6534161375 0.5032156375