0 0.44167745625 0.5340945687499999 0.6785372 0.5008061015624999 0.649542803125 0.2945002546875 0.41268305937500005 0.3277887203125 0.44167745625 0.5340945687499999
1 0.107702734375 0.24765180937500003 0.19339186875 0.2356089859375 0.174212075 0.09913766874999999 0.0885229421875 0.11118049062499999 0.107702734375 0.24765180937500003
1 0.2357126046875 0.38988716874999996 0.30475285625000004 0.38018419375 0.2958312796875 0.3167038859375 0.226791028125 0.32640686093750004 0.2357126046875 0.38988716874999996
1 0.37695760312500004 0.5658378390625 0.4174193375 0.5601513125 0.41139720156250004 0.5173015875 0.3709354671875 0.5229881125 0.37695760312500004 0.5658378390625
1 0.4705276734375 0.7824863093750001 0.509797990625 0.7769672265625001 0.50422236875 0.7372946125000001 0.46495205000000006 0.7428136953125 0.4705276734375 0.7824863093750001
1 0.44336761874999997 0.7361381171875 0.4933606828125 0.72911205 0.48845483125 0.6942051 0.43846176718749996 0.7012311671875 0.44336761874999997 0.7361381171875
1 0.0299580328125 0.29904485 0.0811425125 0.2918513390625 0.071104653125 0.2204282546875 0.019920171875 0.227621765625 0.0299580328125 0.29904485
1 0 0.22232170468749998 0.017612471875 0.2198464328125 0.007354254687500001 0.14685542499999998 0 0.1478889984375 0 0.22232170468749998
1 0.21673171875000002 0.4621381890625 0.24886901250000001 0.4576215875 0.2417305921875 0.4068290890625 0.2095933 0.411345690625 0.21673171875000002 0.4621381890625
1 0.360664428125 0.605344046875 0.40708324375 0.5988203078125001 0.4010611078125 0.555970584375 0.3546422921875 0.5624943234375 0.360664428125 0.605344046875
1 0.8731313406250001 0.512293965625 0.9290660140625 0.504432859375 0.925273546875 0.4774480546875 0.8693388734375 0.48530916093750004 0.8731313406250001 0.512293965625