0 0.39879434687500004 1 0.393181821875 0.8392783296875 0.24904051562500001 0.8443118546875 0.254477265625 1 0.39879434687500004 1
0 0.8872185781249999 0.429959225 0.8836948203125001 0.32905198125 0.784401178125 0.3325193921875 0.7879249359375 0.43342663437500006 0.8872185781249999 0.429959225
0 0.8948696796875 0.511460603125 0.8918497828125 0.42498206562499996 0.859827634375 0.42610030468750004 0.8628475328125 0.5125788421874999 0.8948696796875 0.511460603125
0 0.7938092265625001 0.6484929140625 0.785797609375 0.4190702578125 0.6480690625000001 0.42387984375 0.656080678125 0.6533025 0.7938092265625001 0.6484929140625
0 0.6547421953125 0.38514679687500003 0.65151235625 0.2926563 0.57303935625 0.2953966375 0.5762691953125 0.387887134375 0.6547421953125 0.38514679687500003
1 0.46822174062500005 0.2329072765625 0.46406924531250004 0.11399538437500001 0.4128088234375 0.1157854375 0.41696131875000003 0.23469733124999997 0.46822174062500005 0.2329072765625
1 0.409948490625 0.125508371875 0.40567003125 0.002989303125 0.32399065 0.005841609375 0.3282691109375 0.1283606796875 0.409948490625 0.125508371875
1 0.40918769062499993 0.6547088609375 0.407971115625 0.619870721875 0.367933021875 0.6212688828124999 0.3691495953125 0.656107021875 0.40918769062499993 0.6547088609375
1 0.40432774374999997 0.7450663265624999 0.401307846875 0.6585877890625 0.31161251874999996 0.66172001875 0.3146324171875 0.74819855625 0.40432774374999997 0.7450663265624999
1 0.2747440203125 0.8458141687499999 0.270591525 0.726902275 0.2049232203125 0.7291954625 0.209075715625 0.8481073562500001 0.2747440203125 0.8458141687499999
1 0.6204478812499999 0.8265187734375001 0.618392628125 0.7676640234375001 0.5591370796875 0.7697332718750001 0.5611923328125 0.8285880234375 0.6204478812499999 0.8265187734375001
1 0.6082478609375 0.7066840484375 0.6053113953125 0.6225946796875 0.5556541640625 0.6243287484375 0.5585906296875 0.7084181171874999 0.6082478609375 0.7066840484375
1 0.5403861609375 0.9676254078125 0.5414767703125001 0.9988563718749999 0.5927371906250001 0.99706631875 0.59164658125 0.9658353546875 0.5403861609375 0.9676254078125
1 0.8426799046875001 0.6239364546874999 0.8408340484375 0.57107805 0.79278000625 0.572756134375 0.7946258625 0.6256145390625 0.8426799046875001 0.6239364546874999
1 0.7971948421875 0.698882015625 0.795223565625 0.64243205 0.7455663343750001 0.6441661187500001 0.7475376109375 0.700616084375 0.7971948421875 0.698882015625
1 0.7768980828125 0.301520175 0.7753041578125 0.255876121875 0.7416788203125 0.25705034531250004 0.743272746875 0.3026943984375 0.7768980828125 0.301520175