1 0.4472556265625 0.39360617656249997 0.44076116093750006 0.31937410625 0.3465792546875 0.32761395625 0.35307371875000004 0.4018460265625 0.4472556265625 0.39360617656249997
1 0.137052215625 0.5438153390625 0.126577184375 0.4240851890625 0.024404965625 0.4330241 0.034879996875 0.55275425 0.137052215625 0.5438153390625
1 0 0.48341319218749995 0.04933825 0.47909665312499994 0.043053503124999996 0.4072616765625 0 0.4110283703125 0 0.48341319218749995
1 0.090774478125 0.7686574265624999 0.022120059375 0.7746639109375 0.0291388203125 0.8548887140625 0.09779323906250001 0.84888223125 0.090774478125 0.7686574265624999
1 0.33203414375 0.6763649984375 0.32470080625 0.5925445546875 0.2640367 0.597851975 0.2713700390625 0.6816724203125 0.33203414375 0.6763649984375
1 0.30174741875 0.7345150015625 0.296719621875 0.6770470203125 0.21050727187499998 0.6845896234375 0.21553506875 0.7420576046875 0.30174741875 0.7345150015625
1 0.344122925 0.31818277500000003 0.3372090234375 0.2391565171875 0.24302711562499998 0.2473963671875 0.2499410171875 0.326422625 0.344122925 0.31818277500000003
1 0.458811084375 0.194740746875 0.45357356875 0.134875671875 0.41046739218750006 0.13864697343750002 0.41570490781249997 0.1985120484375 0.458811084375 0.194740746875
1 0.712741965625 0.19182467812499998 0.707189871875 0.12836396249999998 0.6624856359375 0.13227507656249998 0.6680377281250001 0.19573579218749998 0.712741965625 0.19182467812499998
1 0.646270709375 0.241071053125 0.640718615625 0.1776103375 0.5912201921875 0.18194088749999998 0.5967722859375 0.245401603125 0.646270709375 0.241071053125
1 0.679912853125 0.147650640625 0.675407990625 0.096159828125 0.637096003125 0.0995116921875 0.641600865625 0.15100250625 0.679912853125 0.147650640625
1 0.77478025 0 0.7791271640625 0.04968544375 0.8270275249999999 0.04549470625 0.8230472531249999 0 0.77478025 0
1 0.4966479078125 0.46168541875 0.4938194328125 0.42935578750000003 0.4347533875 0.43452339687499997 0.4375818640625 0.4668530265625 0.4966479078125 0.46168541875
1 0.4674252515625 0.513711565625 0.4634446859375 0.4682134859375 0.3979863921875 0.47394034375 0.40196695781249997 0.5194384234375 0.4674252515625 0.513711565625
1 0.22701336562500002 0.8182769296875 0.2198897453125 0.7368535796875 0.1257078375 0.745093428125 0.1328314578125 0.8265167796874999 0.22701336562500002 0.8182769296875
0 0.478169534375 0 0.442060321875 0.003159146875 0.45819230468749994 0.18754855937499998 0.6385865625 0.17176610625 0.623558975 0 0.478169534375 0
0 0.7088104656249999 0 0.7190008671875 0.11647683281250001 0.7684992921875 0.11214628125 0.7586877640624999 0 0.7088104656249999 0
0 0.3538388875 0.07964702343749999 0.3478680375 0.011399903125 0.25686149999999996 0.01936194375 0.26283235 0.0876090625 0.3538388875 0.07964702343749999