0 0.3301369140625 0.672529740625 0.488406684375 0.661462440625 0.479351421875 0.5319661578125 0.3210816515625 0.5430334578125 0.3301369140625 0.672529740625
1 0.12900720625 0.48416348906250006 0.18415379375000002 0.4803072640625 0.18012971718749998 0.42276028749999994 0.1249831296875 0.4266165125 0.12900720625 0.48416348906250006
1 0.11729333593749999 0.2649048375 0.1748403125 0.2608807609375 0.17036863124999999 0.1969327484375 0.11282165625 0.200956825 0.11729333593749999 0.2649048375
1 0.0808698921875 0.33010443125 0.13123128906249998 0.32658281875 0.1279890671875 0.2802168734375 0.07762766875 0.28373848437500004 0.0808698921875 0.33010443125
1 0.0372814765625 0.0857581234375 0.11161558437500001 0.080560175 0.10781530937499999 0.026213718749999997 0.0334812015625 0.031411665625 0.0372814765625 0.0857581234375
1 0.199441953125 0.112971003125 0.2725758671875 0.1078569828125 0.2673223328125 0.0327279390625 0.19418841874999998 0.0378419609375 0.199441953125 0.112971003125
1 0.3610658515625 0.0984634328125 0.3548052078125 0.008932059374999999 0.2516976109375 0.0161420453125 0.2579582546875 0.10567341875 0.3610658515625 0.0984634328125
1 0.499065684375 0.210902615625 0.5530276656249999 0.207129225 0.5476622296875 0.1303999234375 0.49370025 0.1341733125 0.499065684375 0.210902615625
1 0.5328396421875 0.2631531078125 0.5820008453125001 0.259715421875 0.5776410656250001 0.19736766875 0.5284798625 0.2008053546875 0.5328396421875 0.2631531078125
1 0.226408975 0.2058578125 0.28395595 0.20183373593749998 0.2799318734375 0.144286759375 0.22238489687500002 0.1483108359375 0.226408975 0.2058578125
1 0.2811532078125 0.6614822609375001 0.3039413125 0.6598887609374999 0.3013704953125 0.62312436875 0.2785823921875 0.62471786875 0.2811532078125 0.6614822609375001
1 0.3375665734375 0.8133858421875001 0.36754025625 0.811289878125 0.3646337359375 0.7697247093749999 0.3346600546875 0.7718206734375 0.3375665734375 0.8133858421875001
1 0.7722208671875 0.6367919671875 0.8501555578125 0.63134224375 0.8469133359375001 0.5849762968750001 0.7689786437499999 0.590426021875 0.7722208671875 0.6367919671875
1 0.9246631984375 0.4735103828125 0.9989973078125001 0.46831243593750005 0.994301825 0.40116390468749996 0.9199677156250001 0.40636185312500006 0.9246631984375 0.4735103828125
1 0.8070954671875 0.49781235625000003 0.8958163203125 0.491608390625 0.8913446390624999 0.42766037968750004 0.8026237859375 0.4338643453125 0.8070954671875 0.49781235625000003
1 0.7347193 0.514098653125 0.7874810859375 0.5104091890625 0.7850221703125 0.47524505625 0.7322603828124999 0.47893452031250006 0.7347193 0.514098653125
1 0.7576920984375 0.23941035781250003 0.7984519421875 0.2365601515625 0.7926389015625 0.1534298140625 0.7518790578125001 0.1562800203125 0.7576920984375 0.23941035781250003
1 0.1955209265625 0.556627328125 0.237480965625 0.5536931968750001 0.2355801015625 0.5265095750000001 0.1936200625 0.5294437078125 0.1955209265625 0.556627328125
1 0.7526223359374999 0.769900003125 0.80058334375 0.7665462421875 0.7982363296874999 0.73298236875 0.7502753203125 0.7363361296875001 0.7526223359374999 0.769900003125
1 0.84018593125 0.850519509375 0.8761605843750001 0.8480039171874999 0.8730302625 0.8032382296874999 0.837055609375 0.8057538234375 0.84018593125 0.850519509375
1 0.8954911859375001 0.7454473265625 0.9350508359375 0.742681046875 0.9325919203125 0.7075169140625001 0.8930322703125 0.71028319375 0.8954911859375001 0.7454473265625
1 1 0.5228754046875 0.9464522531249999 0.5266198265625001 0.9494706734375 0.5697852546875 1 0.5662518999999999 1 0.5228754046875
1 0.25744208281250003 0.6840349515625 0.2982019265625 0.681184746875 0.2963010625 0.654001125 0.25554121875 0.6568513312500001 0.25744208281250003 0.6840349515625