1 0.1276442609375 0.174791321875 0.092506040625 0.18290361875 0.10007470624999999 0.2156871125 0.1352129265625 0.207574815625 0.1276442609375 0.174791321875
1 0.0987252546875 0.2686395046875 0.058913103125 0.27783086562500003 0.069368640625 0.3231187734375 0.10918079218750001 0.3139274140625 0.0987252546875 0.2686395046875
1 0.23150252343750002 0.213311396875 0.1905180828125 0.22277340156249997 0.20349494687499997 0.2789823734375 0.24447938749999998 0.2695203703125 0.23150252343750002 0.213311396875
1 0.17799664375 0.227299875 0.1475475796875 0.23432959531250003 0.15439921406249998 0.2640072828125 0.184848278125 0.25697756250000003 0.17799664375 0.227299875
1 0.120629859375 0.3260800734375 0.063248596875 0.33932758125 0.069739371875 0.3674422171875 0.127120634375 0.354194709375 0.120629859375 0.3260800734375
1 0.148918375 0.3524443390625 0.10793393281250001 0.36190634374999997 0.11262041406250001 0.38220571875 0.15360485468750001 0.372743715625 0.148918375 0.3524443390625
1 0.0919750515625 0.3836686609375 0.0369383671875 0.3963748796875 0.04595046875 0.43541058125000004 0.10098715312499999 0.4227043609375 0.0919750515625 0.3836686609375
1 0.2379259265625 0.3532766625 0.1629755546875 0.37058031874999997 0.17559155937499998 0.425226240625 0.25054193125 0.40792258437499995 0.2379259265625 0.3532766625
1 0.261881125 0.4036583625 0.20098299687500001 0.41771780312500006 0.20963423906249998 0.4551904515625 0.27053236875 0.441131009375 0.261881125 0.4036583625
1 0.326313275 0.45293772656250003 0.2384829484375 0.4732149546875 0.25218152968749996 0.53255003125 0.34001185624999997 0.512272803125 0.326313275 0.45293772656250003
1 0.23522459687500002 0.5019233 0.14856655937500002 0.521929884375 0.160460846875 0.5734497015625 0.247118884375 0.5534431171875 0.23522459687500002 0.5019233
1 0.131092096875 0.542406428125 0.005778971875 0.5713372421875 0.017673259375 0.622857059375 0.142986384375 0.5939262453125 0.131092096875 0.542406428125
1 0.08721860625 0.4538498671875 0.0204590328125 0.4692625296875 0.028027698437499998 0.5020460234375 0.094787271875 0.48663336093750004 0.08721860625 0.4538498671875
1 0.269471134375 0.6075089921875 0.2378497796875 0.6148093578125 0.24974406718750003 0.666329175 0.2813654203125 0.659028809375 0.269471134375 0.6075089921875
1 0.3510988203125 0.7152947171874999 0.279665315625 0.731786440625 0.30021553125 0.82079920625 0.3716490375 0.8043074828125001 0.3510988203125 0.7152947171874999
1 0.46524682500000003 0.7234724296875 0.405520984375 0.7372612265625 0.416698240625 0.7856752390625 0.4764240796875 0.7718864421875 0.46524682500000003 0.7234724296875
1 0.591637590625 0.6778505765625 0.4850658640625 0.7024545984375 0.5135456046875 0.8258139078125 0.62011733125 0.8012098875 0.591637590625 0.6778505765625
1 0.3673354671875 0.9138456984375001 0.273643696875 0.935476146875 0.2851818109375 0.9854532125000001 0.3788735828125 0.9638227625000001 0.3673354671875 0.9138456984375001
1 0.46741378281249996 1 0.457527525 0.95717791875 0.37554341875 0.976105440625 0.3810599125 1 0.46741378281249996 1
1 0.8471361953125 0.7800472734375 0.7546167125000001 0.801407078125 0.780570440625 0.9138250250000001 0.8730899234375 0.89246521875 0.8471361953125 0.7800472734375
1 0.9194681671874999 0.77814400625 0.83398241875 0.797879946875 0.8502070125 0.8681563875 0.9356927625000001 0.8484204468750001 0.9194681671874999 0.77814400625
1 0.9597453671875 0.851088590625 0.8683981734374999 0.8721777515625 0.8806533203125 0.92526061875 0.9720005125 0.9041714578125 0.9597453671875 0.851088590625
1 0.9655008593750001 0.6195042265625 0.9046027296875 0.6335636671875 0.916857875 0.6866465374999999 0.9777560046874999 0.672587096875 0.9655008593750001 0.6195042265625
1 0.8558625046874999 0.6629155359375 0.7867735765625 0.678865971875 0.8040760625000001 0.75381126875 0.8731649890625001 0.7378608328125 0.8558625046874999 0.6629155359375
1 0.7991740046875 0.5082237671875001 0.730085078125 0.5241742031250001 0.7416231921875001 0.5741512671875 0.8107121203125001 0.55820083125 0.7991740046875 0.5082237671875001
1 0.8990759468749999 0.40128060625 0.837005528125 0.415610690625 0.8525084046875 0.482761028125 0.9145788234375001 0.46843094374999994 0.8990759468749999 0.40128060625
1 0.8107928703124999 0.33944043437500004 0.76160240625 0.3507969484375 0.769171071875 0.38358044062499996 0.8183615359375 0.3722239265625 0.8107928703124999 0.33944043437500004
1 0.8057500531249999 0.4031023046875 0.7542150109375 0.41500010625000006 0.7632271125 0.45403580625 0.8147621546874999 0.4421380046875 0.8057500531249999 0.4031023046875
1 0.7103419343749999 0.26229944375 0.6775482921875 0.2698704515625 0.6836782078125 0.2964220359375 0.71647185 0.2888510265625 0.7103419343749999 0.26229944375
1 0.7333046828125 0.238888084375 0.6923202421875 0.24835008749999998 0.6991718765625 0.27802777500000003 0.7401563171875 0.26856577187499997 0.7333046828125 0.238888084375
0 0.6685335140625 0.25221670625 0.5034082375 0.2903388796875 0.5347701640625 0.42618230468749996 0.699895440625 0.38806013125 0.6685335140625 0.25221670625