0 0.5841328125 0.17146875 0.44711718749999996 0.17146875 0.44711718749999996 0.28844791718749996 0.5841328125 0.28844791718749996 0.5841328125 0.17146875
0 0.695921875 0.11217708281250001 0.581734375 0.11217708281250001 0.581734375 0.1906979171875 0.695921875 0.1906979171875 0.695921875 0.11217708281250001
0 0.9326874999999999 0.41987500000000005 0.7139375 0.41987500000000005 0.7139375 0.5304583328125 0.9326874999999999 0.5304583328125 0.9326874999999999 0.41987500000000005
0 0.7427890625 0.4487083328125 0.5853359375 0.4487083328125 0.5853359375 0.5416666671875 0.7427890625 0.5416666671875 0.7427890625 0.4487083328125
0 0.418265625 0.6105833328125 0.295671875 0.6105833328125 0.295671875 0.6762916671875 0.418265625 0.6762916671875 0.418265625 0.6105833328125
1 0.42909375 0.56409375 0.328125 0.56409375 0.328125 0.6346145828124999 0.42909375 0.6346145828124999 0.42909375 0.56409375
1 0.118984375 0.45671875 0.045671875 0.45671875 0.045671875 0.5272395828125 0.118984375 0.5272395828125 0.118984375 0.45671875
1 0.10216406250000001 0.42467708281250005 0.0300546875 0.42467708281250005 0.0300546875 0.45832291718749996 0.10216406250000001 0.45832291718749996 0.10216406250000001 0.42467708281250005
1 0.2992734375 0.0737291671875 0.2487890625 0.0737291671875 0.2487890625 0.1121875 0.2992734375 0.1121875 0.2992734375 0.0737291671875
1 0.71634375 0.3269270828125 0.677875 0.3269270828125 0.677875 0.36378125 0.71634375 0.36378125 0.71634375 0.3269270828125
1 0.8581640625 0.330125 0.7860546875 0.330125 0.7860546875 0.3782083328125 0.8581640625 0.3782083328125 0.8581640625 0.330125
1 0.9399140625 0.367 0.8713984375000001 0.367 0.8713984375000001 0.41987500000000005 0.9399140625 0.41987500000000005 0.9399140625 0.367
1 0.764421875 0.1570625 0.719953125 0.1570625 0.719953125 0.2131458328125 0.764421875 0.2131458328125 0.764421875 0.1570625
1 0.9663437500000001 0.72596875 0.88340625 0.72596875 0.88340625 0.8349479171875 0.9663437500000001 0.8349479171875 0.9663437500000001 0.72596875
1 0.8004843749999999 0.5400729171875 0.7091406250000001 0.5400729171875 0.7091406250000001 0.6041770828125 0.8004843749999999 0.6041770828125 0.8004843749999999 0.5400729171875
1 0.691109375 0.867 0.633421875 0.867 0.633421875 0.9647500000000001 0.691109375 0.9647500000000001 0.691109375 0.867
1 0.421875 0.9102499999999999 0.359375 0.9102499999999999 0.359375 0.9935833328125 0.421875 0.9935833328125 0.421875 0.9102499999999999
1 0.944703125 1 0.944703125 0.9519166671875 0.8846093749999999 0.9519166671875 0.8846093749999999 1 0.944703125 1
1 0.99278125 0.8525625 0.9038437500000001 0.8525625 0.9038437500000001 0.8974375 0.99278125 0.8974375 0.99278125 0.8525625
1 0.3076875 0.1666666671875 0.24518749999999997 0.1666666671875 0.24518749999999997 0.20191666718749998 0.3076875 0.20191666718749998 0.3076875 0.1666666671875
1 0.20793750000000003 0.2820520828125 0.16346875 0.2820520828125 0.16346875 0.33653125 0.20793750000000003 0.33653125 0.20793750000000003 0.2820520828125
1 0.2331796875 0.46313541718750006 0.1959140625 0.46313541718750006 0.1959140625 0.5031979171875001 0.2331796875 0.5031979171875001 0.2331796875 0.46313541718750006
1 0.0588984375 0.3717916671875 0.015632812500000003 0.3717916671875 0.015632812500000003 0.41025 0.0588984375 0.41025 0.0588984375 0.3717916671875