0 0.5673046875 0.15704166718749998 0.4254765625 0.15704166718749998 0.4254765625 0.240375 0.5673046875 0.240375 0.5673046875 0.15704166718749998
0 0.40745312499999997 0.1842916671875 0.264421875 0.1842916671875 0.264421875 0.330125 0.40745312499999997 0.330125 0.40745312499999997 0.1842916671875
0 0.6898984375 0.3509583328125 0.3473515625 0.3509583328125 0.3473515625 0.5737083328125 0.6898984375 0.5737083328125 0.6898984375 0.3509583328125
0 0.472359375 0.617 0.28967187499999997 0.617 0.28967187499999997 0.7740416671875 0.472359375 0.7740416671875 0.472359375 0.617
1 0.6670625 0.26603125 0.59615625 0.26603125 0.59615625 0.31571875 0.6670625 0.31571875 0.6670625 0.26603125
1 0.7343828125 0.3397395828125 0.6706796875000001 0.3397395828125 0.6706796875000001 0.4070520828125 0.7343828125 0.4070520828125 0.7343828125 0.3397395828125
1 0.983171875 0.669875 0.8942343749999999 0.669875 0.8942343749999999 0.8045 0.983171875 0.8045 0.983171875 0.669875
1 0.8798046875000001 0.77403125 0.7584140625 0.77403125 0.7584140625 0.9150520828125 0.8798046875000001 0.9150520828125 0.8798046875000001 0.77403125
1 0.641828125 0.9118541671875 0.602171875 0.9118541671875 0.602171875 0.9599375 0.641828125 0.9599375 0.641828125 0.9118541671875
1 0.2524140625 1 0.2524140625 0.9022500000000001 0.0745234375 0.9022500000000001 0.0745234375 1 0.2524140625 1
1 0.31851562499999997 0.9407083328124999 0.253609375 0.9407083328124999 0.253609375 0.9887916671875001 0.31851562499999997 0.9887916671875001 0.31851562499999997 0.9407083328124999
1 0.6778828125 0.5833333328125 0.6117734375 0.5833333328125 0.6117734375 0.6282083328125 0.6778828125 0.6282083328125 0.6778828125 0.5833333328125
1 0.59134375 0.28365625 0.54446875 0.28365625 0.54446875 0.34134375 0.59134375 0.34134375 0.59134375 0.28365625
1 0.4915859375 0.09775 0.4351015625 0.09775 0.4351015625 0.1538333328125 0.4915859375 0.1538333328125 0.4915859375 0.09775
1 0.860578125 0.4759479171875 0.8088906250000001 0.4759479171875 0.8088906250000001 0.5256354171875001 0.860578125 0.5256354171875001 0.860578125 0.4759479171875