1 0.21073913437499997 0.517255575 0.3005367484375 0.5093993015625 0.2902015296875 0.3912672140625 0.2004039171875 0.3991234859375 0.21073913437499997 0.517255575
1 0.295518209375 0.355406959375 0.36377311093750003 0.3494354296875 0.3590249390625 0.295163571875 0.2907700359375 0.3011351015625 0.295518209375 0.355406959375
1 0.2726675890625 0.301108565625 0.3600681078125 0.2934620109375 0.3539218125 0.22320953124999998 0.2665212921875 0.2308560859375 0.2726675890625 0.301108565625
1 0.7332667890625 0.20128275 0.9140605609374999 0.1854653453125 0.90316609375 0.0609410078125 0.722372321875 0.0767584125 0.7332667890625 0.20128275
1 0.6650928421875 0.1943752984375 0.7309506515625 0.1886134875 0.7277386 0.1518995625 0.6618807906249999 0.157661375 0.6650928421875 0.1943752984375
1 0.49508276718750005 0.7610260156249999 0.5429779406249999 0.7568357296875 0.5399057 0.7217198671875 0.4920105265625 0.7259101515624999 0.49508276718750005 0.7610260156249999
1 0.404626140625 0.7062221171874999 0.464491215625 0.7009846015625001 0.45904398124999996 0.6387224328125 0.39917890625 0.6439599484375 0.404626140625 0.7062221171874999
1 0.322622915625 0.63778583125 0.3753122765625 0.633176109375 0.3691659796875 0.5629236296875 0.3164766203125 0.5675333515625 0.322622915625 0.63778583125
1 0.08213335625 0.15046438906249998 0.1755266078125 0.1422935390625 0.166727509375 0.0417193828125 0.07333425625 0.049890232812500004 0.08213335625 0.15046438906249998
1 0.0593204671875 0.5240827265625 0.10961273281249999 0.5196827234375 0.10472474843749999 0.46381280468749997 0.0544324828125 0.4682128078125 0.0593204671875 0.5240827265625
1 0.014814482812499998 0.511884009375 0.053136846875 0.5085312375 0.047829424999999995 0.44786713125000005 0.0095070609375 0.451219903125 0.014814482812499998 0.511884009375
1 0.1126105515625 0.54032290625 0.16290281874999998 0.535922903125 0.157875021875 0.47845492187499994 0.1075827546875 0.482854925 0.1126105515625 0.54032290625
1 0 0.40379511562500003 0.03525755 0.40071047968749995 0.0316260609375 0.35920236875 0 0.361969290625 0 0.40379511562500003
1 0.614083746875 0.8937950375 0.673948821875 0.8885575234375 0.66920065 0.8342856671875 0.609335575 0.8395231828125 0.614083746875 0.8937950375
0 0.51228095 0.833542625 0.6715320124999999 0.8196099625000001 0.6653857171875 0.7493574828125 0.5061346546875 0.7632901453125001 0.51228095 0.833542625
0 0.631924178125 0.7667671796875 0.8318791328125 0.7492733874999999 0.8176327999999999 0.5864370640625001 0.6176778453125 0.6039308546875 0.631924178125 0.7667671796875
0 0.47246160625 0.6954564000000001 0.7789782625 0.6686396671875 0.758166196875 0.43075667500000003 0.45164954062499996 0.45757340625 0.47246160625 0.6954564000000001
0 0.5212212703125 0.383917046875 0.7044121359375 0.36788992187499997 0.6919815484375 0.225807653125 0.50879068125 0.241834778125 0.5212212703125 0.383917046875