1 0.764229446875 0.5450981578125 0.8461458484375 0.5580724421875 0.8521620578125001 0.5200875953125 0.7702456546875001 0.5071133109375 0.764229446875 0.5450981578125
1 0.7746282265625 0.49482468593749995 0.8624707578124999 0.5087375765625 0.8692398078125001 0.4659994796875 0.7813972765625 0.4520865890625 0.7746282265625 0.49482468593749995
1 0.9325589734375 0.5425556453125 0.9871596203124999 0.5512035375 0.9929248812499999 0.5148031078125 0.9383242359375 0.506155215625 0.9325589734375 0.5425556453125
1 0.7529954625 0.6390495578125 0.808784421875 0.6478856609375 0.8150515781250001 0.608316396875 0.75926261875 0.59948029375 0.7529954625 0.6390495578125
1 0.7238929187500001 0.6230815749999999 0.7678141843749999 0.6300380203125 0.7748341812499999 0.5857155046875 0.7309129140625 0.5787590609375 0.7238929187500001 0.6230815749999999
1 0.6129799 0.60875245625 0.671145484375 0.6179649796875 0.6784164265625 0.57205805 0.62025084375 0.5628455265625 0.6129799 0.60875245625
1 0.212045021875 0.4203166328125 0.24291028125 0.42520520937499995 0.24867554374999998 0.38880477812500003 0.2178102828125 0.3839162015625 0.212045021875 0.4203166328125
1 0.0893275671875 0.54204515625 0.14156702031249999 0.5503190734375 0.1480851234375 0.5091653921875 0.09584566875 0.5008914765625 0.0893275671875 0.54204515625
1 0 0.6820343296875 0.0417766640625 0.688651103125 0.057319079687499996 0.59052015 0 0.5814417 0 0.6820343296875
1 0.095468996875 0.6338655156249999 0.1441435125 0.6415748015625 0.149657828125 0.6067587875 0.10098331093749999 0.5990495015625 0.095468996875 0.6338655156249999
1 0.020134046875 0.8637018671875 0.0098549984375 0.928601221875 0.08701815 0.9408226640624999 0.0972971984375 0.875923309375 0.020134046875 0.8637018671875
1 0.5704865109374999 1 0.582087909375 0.9267516499999999 0.53935495625 0.9199834140625001 0.5270715921875 0.997537525 0.5426190453124999 1 0.5704865109374999 1
1 0.670780290625 0.48972483593750005 0.71351324375 0.49649307187499997 0.71927850625 0.460092640625 0.676545553125 0.45332440468749996 0.670780290625 0.48972483593750005
1 0.8203867609375 0.305748809375 0.845310459375 0.3096963359375 0.8513266671874999 0.2717114890625 0.8264029703125001 0.2677639625 0.8203867609375 0.305748809375
1 0.7582031984375 0.3218548671875 0.8068777140625001 0.329564153125 0.8136467640625 0.28682605625 0.7649722484375 0.27911677031250004 0.7582031984375 0.3218548671875
1 0.2938652546875 0.24182485625 0.34016314531249997 0.249157721875 0.34668124843750003 0.20800404062500003 0.30038335781250003 0.200671175 0.2938652546875 0.24182485625
1 0.2785918625 0.27672989375 0.317759878125 0.2829334984375 0.3222736640625 0.254434575 0.28310564843749997 0.2482309703125 0.2785918625 0.27672989375
1 0.36001022968749996 0.4080626234375 0.42530568906250005 0.4184044078125 0.43157284531249995 0.37883514375 0.36627738593750003 0.368493359375 0.36001022968749996 0.4080626234375
0 0.23480362812500002 0.54560689375 0.428297946875 0.5762533828125 0.45411941093749997 0.41322307656249996 0.2606250921875 0.3825765875 0.23480362812500002 0.54560689375
1 0.8370122578125001 0.6848081265625 0.9307963515625 0.69966206875 0.9395697171874999 0.6442692140624999 0.8457856234375001 0.6294152734375 0.8370122578125001 0.6848081265625
1 0.9275816000000001 0.36652646875 0.9869354953125 0.37592720156250004 0.9932026515624999 0.3363579375 0.9338487546875 0.3269572046875 0.9275816000000001 0.36652646875
1 1 0.4591096375 0.9566089906249999 0.45223717656250007 0.94858520625 0.5028973578125 0.9925064718750001 0.5098538031250001 1 0.46254152812499993 1 0.4591096375
1 0.596214965625 0.2767190453125 0.6615104234375 0.2870608296875 0.6670247390624999 0.252244815625 0.6017292796875 0.24190303124999998 0.596214965625 0.2767190453125
1 0.1866215671875 0.388710825 0.23648439531249998 0.396608321875 0.2425006046875 0.3586234734375 0.192637775 0.35072597656250004 0.1866215671875 0.388710825