0 0.21154648125 0.35455384375 0.182191709375 0.50557105 0.3033204140625 0.5291160859375 0.3326751859375 0.378098878125 0.21154648125 0.35455384375
0 0.5236624109375 0.067474540625 0.480545540625 0.28929160781249996 0.6284235859375 0.3180361875 0.6715404546875 0.09621912031249999 0.5236624109375 0.067474540625
0 0.5532405265625 0.27648975781249996 0.5199860953125001 0.447568971875 0.6348160265625 0.46988964843750003 0.6680704562499999 0.2988104359375 0.5532405265625 0.27648975781249996
0 0.183703075 0.2291479484375 0.16008151718750002 0.3506703265625 0.23243562187500003 0.364734540625 0.2560571796875 0.24321216250000002 0.183703075 0.2291479484375
1 0.6662409031250001 0.66945869375 0.6407857906250001 0.8004138953125001 0.7162892828125 0.8150902859375 0.7417443953125 0.6841350859374999 0.6662409031250001 0.66945869375
1 0.6199798249999999 0.64699233125 0.59635826875 0.7685147078125001 0.659284659375 0.7807463593749999 0.6829062171875 0.6592239828124999 0.6199798249999999 0.64699233125
1 0.402809440625 0.269286625 0.3945539703125 0.3117573390625 0.43388040937500005 0.3194016234375 0.4421358796875 0.2769309109375 0.402809440625 0.269286625
1 0.4648348359375 1 0.4762878453125 0.941079378125 0.3614579140625 0.9187587 0.3499914859375 0.977748359375 0.46446625781249995 1 0.4648348359375 1
1 0.046588246875 0.6236950859375 0.0360400875 0.6779606640625 0.08323999531250001 0.687135396875 0.0937881546875 0.6328698187499999 0.046588246875 0.6236950859375
1 0.2693342546875 0.7796243890625 0.2594718140625 0.83036224375 0.298798253125 0.838006528125 0.30866069375 0.7872686734375 0.2693342546875 0.7796243890625
1 1 0.12701260625 0.919998946875 0.11146197656250001 0.9044032921875 0.1916946609375 1 0.21027677968749997 1 0.12701260625
1 0.43937976250000005 0.11477736406250001 0.422868821875 0.199718790625 0.4684940359375 0.208587434375 0.4850049765625 0.12364600625 0.43937976250000005 0.11477736406250001
1 0.2403488984375 0.1728040984375 0.230486459375 0.22354195468750002 0.27768636562500004 0.2327166859375 0.28754880625 0.18197883125 0.2403488984375 0.1728040984375