1 0.6201812624999999 0.10216396406249999 0.47741585937500003 0.07441318125 0.45937645937499993 0.16721785 0.6021418625 0.194968634375 0.6201812624999999 0.10216396406249999
1 0.96532293125 0.2982264859375 0.8544143984374999 0.2766680515625 0.832701925 0.3883690453125 0.9436104578125001 0.4099274796875 0.96532293125 0.2982264859375
1 0.7649272890625001 0.36538984218750004 0.6988515093750001 0.3525460109375 0.6890645984375 0.40289530625000003 0.755140378125 0.41573913749999997 0.7649272890625001 0.36538984218750004
1 0.16552251093749998 0.1231719609375 0.09119492812499999 0.1087241421875 0.0725433484375 0.20467819999999998 0.14687093125 0.21912601875 0.16552251093749998 0.1231719609375
1 0.093952065625 0 0.0783827375 0.0800972546875 0.1149636875 0.087207871875 0.1319151796875 0 0.093952065625 0
1 0.7038329578125 0.13800266875 0.724012996875 0.03418536875 0.67563718125 0.0247820625 0.65545714375 0.12859936249999998 0.7038329578125 0.13800266875
1 0.24381832499999997 0.6526308234375 0.1812856046875 0.64047569375 0.17333523125 0.6813768265625 0.23586795 0.69353195625 0.24381832499999997 0.6526308234375
1 0.36887546250000003 0.809192240625 0.329947809375 0.801625471875 0.3223035234375 0.8409519109374999 0.3612311765625 0.8485186796875 0.36887546250000003 0.809192240625
1 0.6570996874999999 0.5925620765625 0.62169975625 0.5856810265625 0.6168063015625 0.6108556734375 0.65220623125 0.6177367234375 0.6570996874999999 0.5925620765625
1 0.7132978515625 0.5806390484375 0.677897921875 0.5737579984375001 0.6693353671875 0.61780851875 0.7047352984375 0.6246895671875 0.7132978515625 0.5806390484375
0 0.5472455046875 0.72305043125 0.3502145234375 0.6847514890624999 0.33890113906249997 0.7429538015625 0.5359321203125 0.78125274375 0.5472455046875 0.72305043125
0 0.644107459375 0.32558415625000003 0.2854300890625 0.2558643390625 0.2224392703125 0.5799240125 0.5811166390625 0.6496438296875 0.644107459375 0.32558415625000003
1 0.9667883515625 0.12056487499999999 0.890098728125 0.105657921875 0.875116246875 0.18273610625 0.9518058703125 0.1976430578125 0.9667883515625 0.12056487499999999