0 0.1481789640625 0.3392541359375 0.138369459375 0.47953658125 0.2502836765625 0.4873623859375 0.2600931796875 0.34707994062499997 0.1481789640625 0.3392541359375
0 0.10237127812499999 0.23604170781249997 0.093819571875 0.3583368265625 0.16096810156250002 0.363032309375 0.169519809375 0.24073719062499999 0.10237127812499999 0.23604170781249997
0 0.3219482171875 0.0598278109375 0.30844925 0.252872040625 0.44912656406250007 0.2627091578125 0.46262553281249996 0.06966492656249999 0.3219482171875 0.0598278109375
0 0.37381251875 0.2369552796875 0.36467333125 0.3676517578125 0.4542047046875 0.3739124015625 0.46334389218750005 0.24321592343749998 0.37381251875 0.2369552796875
0 0.439088871875 0.5439362062499999 0.4302014609375 0.6710321 0.5325141234374999 0.6781864984375 0.541401534375 0.5510906046875 0.439088871875 0.5439362062499999
0 1 0.0337424578125 0.8626092015625 0.02413515625 0.84491885 0.2771189578125 1 0.2879632890625 1 0.0337424578125
0 1 0.4108720640625 0.8283647578125001 0.3988701578125 0.8157050484375 0.579912446875 0.9947470125000001 0.5924322796875 1 0.5173110546874999 1 0.4108720640625
1 0.327003228125 0.791525309375 0.32180528124999996 0.8658594171875 0.38895381093750003 0.8705548999999999 0.3941517578125 0.796220790625 0.327003228125 0.791525309375
1 0.6321676609375 0.40201210625000006 0.6283114359375 0.45715869375 0.7066409953125 0.4626360296875 0.7104972203125001 0.40748944218750005 0.6321676609375 0.40201210625000006
1 0.7215626625 0.6395923453125001 0.71862853125 0.6815523828125001 0.7617939578125 0.684570803125 0.764728090625 0.642610765625 0.7215626625 0.6395923453125001
1 0.8361384968750001 1 0.8394485375 0.9526642125 0.799483628125 0.9498695937500001 0.7959781687499999 1 0.8361384968750001 1
1 0.863769690625 0.32904479062499997 0.8591581328125001 0.3949931265625 0.9358874359374999 0.40035856093750005 0.9404989921875 0.334410225 0.863769690625 0.32904479062499997
1 0.8577694578124999 0.23102809687499998 0.8511458624999999 0.3257499203125 0.9294754218750001 0.33122725625 0.9360990171875001 0.23650543281249997 0.8577694578124999 0.23102809687499998
1 0.5889156671875 0.1242715625 0.5847237390625 0.18421892812500001 0.6342902031250001 0.1876849515625 0.63848213125 0.1277375875 0.5889156671875 0.1242715625
1 0.28177594375 0.2666700171875 0.2789257375 0.3074298609375 0.30770961875 0.309442625 0.3105598234375 0.26868278125 0.28177594375 0.2666700171875
1 0.15705906875 0.1892660296875 0.1540410109375 0.23242626249999998 0.1908054046875 0.2349970796875 0.1938234609375 0.191836846875 0.15705906875 0.1892660296875
1 0.1812119328125 0.9235128749999999 0.1773557078125 0.9786594624999999 0.20613958906250002 0.9806722265625 0.2099958140625 0.9255256390625 0.1812119328125 0.9235128749999999
1 0.035751442187499996 0.6374269859374999 0.0329012359375 0.6781868296875 0.07286614531249999 0.6809814484375 0.07571635156249999 0.6402216046875 0.035751442187499996 0.6374269859374999
1 0.23906113593749997 0.716692865625 0.235707375 0.764653875 0.25648995937499997 0.766107134375 0.2598437203125 0.718146125 0.23906113593749997 0.716692865625
1 0.327021509375 0.8831012203125 0.3242552296875 0.9226608703125001 0.3546393671875 0.9247855359375 0.3574056484375 0.8852258859375001 0.327021509375 0.8831012203125