1 0.7750423171875 1 0.8108882734374999 0.856229725 0.6802622109375001 0.8236609906249999 0.6380997609375 0.9927653421875 0.6671163875 1 0.7750423171875 1
1 0.6186716984375 0.2360082234375 0.6003536734375 0.309477803125 0.6967565984374999 0.3335137515625 0.715074621875 0.260044171875 0.6186716984375 0.2360082234375
1 0.6845207656250001 0.3428464828125 0.6720164265624999 0.39299864218749997 0.7326599093749999 0.4081187609375 0.7451642484375001 0.3579666 0.6845207656250001 0.3428464828125
1 0.73241294375 0.33621214374999997 0.712057484375 0.41785343125 0.780483546875 0.434913965625 0.80083900625 0.3532726765625 0.73241294375 0.33621214374999997
1 1 0.27038251562500004 0.956342321875 0.25949743281250004 0.940349015625 0.3236430765625 1 0.33851573749999997 1 0.27038251562500004
1 0.34870827968749996 0.3582350703125 0.33039025624999996 0.43170465 0.3723757609375 0.44217281249999996 0.390693784375 0.3687032328125 0.34870827968749996 0.3582350703125
1 0.25246745000000004 0.41970800312499995 0.2420005484375 0.4616884546875 0.27931650625 0.4709923671875 0.2897834078125 0.42901191718750004 0.25246745000000004 0.41970800312499995
1 0.08655566875000001 0.522031634375 0.0749245171875 0.5686816343750001 0.12469260156249999 0.5810902109375 0.136323753125 0.5344402125000001 0.08655566875000001 0.522031634375
1 0.19643680937500002 0.803361615625 0.180443503125 0.8675072609375001 0.21620294375000002 0.8764230906250001 0.23219625000000002 0.812277446875 0.19643680937500002 0.803361615625
0 0.13744002500000002 0.622666909375 0.102837634375 0.7614495203125 0.245895609375 0.7971178796875 0.2804980015625 0.6583352703124999 0.13744002500000002 0.622666909375
0 0.16123356718749998 0.46755787499999996 0.1275043625 0.602838325 0.195930425 0.6198988578125 0.22965962968750003 0.4846184078125 0.16123356718749998 0.46755787499999996
0 0.32437237343750003 0.42277253281249993 0.256040778125 0.69683559375 0.45662920625 0.74684790625 0.5249608015625 0.4727848453125 0.32437237343750003 0.42277253281249993
0 0.5225962187500001 0.5948222078125001 0.47956058125 0.7674287203125 0.6226185578125001 0.8030970796875 0.6656541953125 0.6304905671875 0.5225962187500001 0.5948222078125001
1 0.6404480171875 0.08907593750000001 0.6288168656249999 0.1357259359375 0.677028434375 0.14774643125 0.6886595859375 0.10109643125000001 0.6404480171875 0.08907593750000001
1 0.6600439453125 0.056811350000000004 0.6489949187499999 0.101126575 0.7080818843750001 0.11585861093750001 0.7191309109375 0.07154338593750001 0.6600439453125 0.056811350000000004
1 0.8235307187500001 0.1297718046875 0.8386508375 0.069128321875 0.7438044296874999 0.04548045625 0.7286843109375 0.106123940625 0.8235307187500001 0.1297718046875