0 0.485955453125 0.7877817890625 0.6687703921875 0.7588267484375 0.65623608125 0.6796882203125 0.4734211421875 0.7086432609375 0.485955453125 0.7877817890625
0 0.4667734546875 0.6512895703125 0.7706728109375 0.603156640625 0.7363289265625 0.3863178953125 0.4324295703125 0.434450825 0.4667734546875 0.6512895703125
0 0.4057002984375 0.5960488265625 0.6490574453125 0.5575048406249999 0.6112035640625 0.318504840625 0.3678464171875 0.3570488265625 0.4057002984375 0.5960488265625
1 0.7514204359375001 0.7197707546875 0.827395275 0.707737521875 0.819123803125 0.6555135 0.7431489640625 0.6675467328125 0.7514204359375001 0.7197707546875
1 0.4300925453125 0.266076784375 0.57136284375 0.24370176875 0.5540637984375001 0.1344799 0.4127935 0.1568549171875 0.4300925453125 0.266076784375
1 0.5400650984375 0 0.5501540687500001 0.06369925625 0.7009154343749999 0.0398210015625 0.6946084078125 0 0.5400650984375 0
1 0.8933658578125 0.14077047812500001 0.9479665046875001 0.13212258593749998 0.9344284046875 0.0466463890625 0.8798277593750001 0.0552942828125 0.8933658578125 0.14077047812500001
1 0.8590630156250001 0.277623596875 0.9611498656249999 0.261454628125 0.9446036609374999 0.156986009375 0.8425168125000001 0.173154978125 0.8590630156250001 0.277623596875
1 0.0943345953125 0.22837632968750002 0.17030943437499999 0.21634309687500003 0.1607832265625 0.1561969921875 0.0848083875 0.1682302234375 0.0943345953125 0.22837632968750002
1 0.1355515046875 0.1504588734375 0.12026003593750001 0.0539123390625 0.043096884375 0.06613378125 0.058388353125 0.1626803171875 0.1355515046875 0.1504588734375
0 0.47734760156249995 0.17259606249999998 0.450271403125 0.0016436734375000002 0.22353519843749997 0.037555159375 0.250611396875 0.20850754999999999 0.47734760156249995 0.17259606249999998
1 0.1032638609375 0.4460131203125 0.1732971375 0.4349209390625 0.1539937765625 0.3130443140625 0.08396050000000001 0.3241364953125 0.1032638609375 0.4460131203125
1 0.28932404843750004 0.43764765156249996 0.311886553125 0.43407410156250004 0.3048665578125 0.3897515875 0.2823040515625 0.39332513750000003 0.28932404843750004 0.43764765156249996
1 0.3475971875 0.6442102703125 0.399836640625 0.635936353125 0.392063803125 0.5868605890625 0.33982435 0.59513450625 0.3475971875 0.6442102703125
1 0 0.45425824375 0.0687688703125 0.44336632343750004 0.049214562499999996 0.31990528125 0 0.32770010156249996 0 0.45425824375
1 0.621460396875 0.8750333578125 0.68319091875 0.865256203125 0.6729118703125 0.8003568484375 0.6111813484375 0.8101340015625 0.621460396875 0.8750333578125