0 0.144973959375 0.36194065625 0.14719750625 0.4893275015625 0.22731030156249998 0.48792912812499994 0.22508675625 0.3605422828125 0.144973959375 0.36194065625
0 0.2308530046875 0.41454362187499993 0.2341673265625 0.6044209484375 0.392788996875 0.601652196875 0.389474675 0.4117748703125 0.2308530046875 0.41454362187499993
0 0.2531394453125 0.3143737890625 0.2560550875 0.4814108453125 0.433902996875 0.47830649843749995 0.43098735312500003 0.3112694421875 0.2531394453125 0.3143737890625
0 0.5022204609375 0.26073730624999997 0.504800690625 0.4085585390625 0.6185750265625 0.40657260156249997 0.615994796875 0.25875136875 0.5022204609375 0.26073730624999997
1 0.543253 0.40668404375 0.5450778671875 0.51123061875 0.61719188125 0.5099718640625001 0.6153670140624999 0.4054252890625 0.543253 0.40668404375
1 0.5990670015624999 0.5740010625 0.6015632421875 0.717010528125 0.7313559703125 0.7147449875 0.72885973125 0.571735521875 0.5990670015624999 0.5740010625
1 0.447957940625 0.0897910953125 0.448985725 0.14867275 0.5114762046875 0.147581975 0.510448421875 0.08870031874999999 0.447957940625 0.0897910953125
1 0.550976634375 0.11443442343750002 0.5524030953125 0.19615635 0.675780134375 0.194002796875 0.6743536734375 0.1122808703125 0.550976634375 0.11443442343750002
1 0.550689171875 0.8332989281250001 0.5515282499999999 0.8813697296875 0.6364528140625 0.879887365625 0.635613734375 0.8318165640625 0.550689171875 0.8332989281250001
1 0.2722390359375 0.21546289062500001 0.27360250625 0.29357599218749997 0.337696909375 0.2924572203125 0.336333440625 0.21434411875 0.2722390359375 0.21546289062500001
1 0.9292427671875 0.11384830625 0.9933163390624999 0.11272989687499999 0.9925192546874999 0.067064978125 0.9284456828125001 0.0681833859375 0.9292427671875 0.11384830625