0 0.548078125 0.47435416718749995 0.30648437500000003 0.47435416718749995 0.30648437500000003 0.6714791671875 0.548078125 0.6714791671875 0.548078125 0.47435416718749995
1 0.652640625 0.41987500000000005 0.592546875 0.41987500000000005 0.592546875 0.4583333328125 0.652640625 0.4583333328125 0.652640625 0.41987500000000005
1 0.5613046875000001 0.2163541671875 0.5132265625 0.2163541671875 0.5132265625 0.2548125 0.5613046875000001 0.2548125 0.5613046875000001 0.2163541671875
1 0.610578125 0.45834374999999994 0.576921875 0.45834374999999994 0.576921875 0.4919895828125 0.610578125 0.4919895828125 0.610578125 0.45834374999999994
1 0.842546875 0.81090625 0.751203125 0.81090625 0.751203125 0.9487187499999999 0.842546875 0.9487187499999999 0.842546875 0.81090625
1 0.7319765625 0.65384375 0.6730859375 0.65384375 0.6730859375 0.7035312499999999 0.7319765625 0.7035312499999999 0.7319765625 0.65384375
1 0.7536015625 0.5256458328125 0.7211484375 0.5256458328125 0.7211484375 0.5561041671875 0.7536015625 0.5561041671875 0.7536015625 0.5256458328125
1 0.9266875000000001 0.7708333328125 0.884625 0.7708333328125 0.884625 0.830125 0.9266875000000001 0.830125 0.9266875000000001 0.7708333328125
1 0.9867734374999999 0.8349375 0.9435078125 0.8349375 0.9435078125 0.9006458328125 0.9867734374999999 0.9006458328125 0.9867734374999999 0.8349375
1 0.9999921875 0.9487187499999999 0.9699453124999999 0.9487187499999999 0.9699453124999999 0.9887812500000001 0.9999921875 0.9887812500000001 0.9999921875 0.9487187499999999
1 0.20553125 0.2323645828125 0.1454375 0.2323645828125 0.1454375 0.2580104171875 0.20553125 0.2580104171875 0.20553125 0.2323645828125