0 0.44634613125 0.7281174703125 0.2830065328125 0.6993162921875 0.2657538625 0.797161046875 0.4290934609375 0.8259622249999999 0.44634613125 0.7281174703125
0 0.46142301249999995 0.5111053078125 0.18918521875 0.463102440625 0.1580189890625 0.6398549140625 0.4302567828125 0.68785778125 0.46142301249999995 0.5111053078125
0 0.5382798609375 0.43515161874999997 0.299187003125 0.392993096875 0.2621746171875 0.6029007671875 0.501267475 0.6450592890625 0.5382798609375 0.43515161874999997
1 0.79651965625 0.4172220984375 0.732599478125 0.40595124687500006 0.717293115625 0.492757946875 0.78121329375 0.5040288 0.79651965625 0.4172220984375
1 0.497664875 0.257112840625 0.34971289687499996 0.231024915625 0.33718852187500004 0.302054175 0.4851405 0.3281421 0.497664875 0.257112840625
1 0.3776737515625 0.0585939875 0.211964459375 0.02937496875 0.1885870734375 0.1619547125 0.354296365625 0.19117373124999998 0.3776737515625 0.0585939875
0 0.6427468078125 0.154158615625 0.46401958906249996 0.12264418437499999 0.4489917859375 0.20787108906250001 0.62771900625 0.23938552031250002 0.6427468078125 0.154158615625
1 0.7839665 0.2945959671875 0.714137475 0.28228322499999997 0.703005903125 0.34541350625 0.772834928125 0.357726246875 0.7839665 0.2945959671875
1 0.5665098515625 0.6419030578125 0.5179772953125 0.633345459375 0.5110205140625 0.67279931875 0.559553071875 0.6813569187499999 0.5665098515625 0.6419030578125
1 0.6285850578125001 0.4559616015625 0.597809815625 0.45053509687500004 0.5897387937499999 0.49630814062499995 0.6205140359375 0.5017346453125 0.6285850578125001 0.4559616015625
1 0.6585445562500001 0.5767807781250001 0.589884990625 0.5646742453125 0.58153540625 0.612027084375 0.650194971875 0.62413361875 0.6585445562500001 0.5767807781250001
1 0.617536334375 0.6362719140624999 0.5903156328125 0.6314721703124999 0.584194534375 0.6661866437499999 0.6114152359375 0.6709863875 0.617536334375 0.6362719140624999
1 0.103167240625 0.2380168515625 0.0439864484375 0.22758168125 0.0256195359375 0.3317456171875 0.084800328125 0.34218078749999997 0.103167240625 0.2380168515625
1 0.1951262453125 0.685449540625 0.12411237343749999 0.6729278796875 0.1140950453125 0.7297389765625 0.185108915625 0.7422606375 0.1951262453125 0.685449540625
1 0.3269608484375 0.8307477000000001 0.2642255171875 0.81968576875 0.257547296875 0.857559834375 0.320282628125 0.8686217656249999 0.3269608484375 0.8307477000000001
1 1 0.080450184375 0.9726994640625 0.0756363640625 0.9679675515625 0.10247237499999999 1 0.10812055937500001 1 0.080450184375