1 0.21153906249999999 0.55128125 0.1502421875 0.55128125 0.1502421875 0.60096875 0.21153906249999999 0.60096875 0.21153906249999999 0.55128125
1 0.212734375 0.4599479171875 0.116578125 0.4599479171875 0.116578125 0.4968020828125 0.212734375 0.4968020828125 0.212734375 0.4599479171875
1 0.21874218750000002 0.3990416671875 0.11297656250000002 0.3990416671875 0.11297656250000002 0.4519166671875 0.21874218750000002 0.4519166671875 0.21874218750000002 0.3990416671875
1 0.7331796875000001 0.2371770828125 0.6826953125 0.2371770828125 0.6826953125 0.27403125 0.7331796875000001 0.27403125 0.7331796875000001 0.2371770828125
1 0.9747656250000001 0.6634583328125 0.907453125 0.6634583328125 0.907453125 0.7564166671875 0.9747656250000001 0.7564166671875 0.9747656250000001 0.6634583328125
1 0.9050546875000001 1 0.9050546875000001 0.927875 0.8209140625 0.927875 0.8209140625 1 0.9050546875000001 1
1 0.371390625 0.9086458328125 0.326921875 0.9086458328125 0.326921875 0.9743541671875 0.371390625 0.9743541671875 0.371390625 0.9086458328125
1 0.40144531250000004 1 0.40144531250000004 0.9503229171875001 0.3425546875 0.9503229171875001 0.3425546875 1 0.40144531250000004 1
1 0.081734375 1 0.081734375 0.9375 0.030046875 0.9375 0.030046875 1 0.081734375 1
1 0.1105703125 0.5689166671875 0.0180234375 0.5689166671875 0.0180234375 0.6378333328125 0.1105703125 0.6378333328125 0.1105703125 0.5689166671875
1 0 0.4759583328125 0.054093749999999996 0.4759583328125 0.054093749999999996 0.41987500000000005 0 0.41987500000000005 0 0.4759583328125
1 0 0.42307291718749995 0.0372578125 0.42307291718749995 0.0372578125 0.3653854171875 0 0.3653854171875 0 0.42307291718749995
1 0.084125 0.2483958328125 0.02884375 0.2483958328125 0.02884375 0.3012708328125 0.084125 0.3012708328125 0.084125 0.2483958328125
1 0.17547656250000002 0.1394270828125 0.1249921875 0.1394270828125 0.1249921875 0.1794895828125 0.17547656250000002 0.1794895828125 0.17547656250000002 0.1394270828125
1 0.2091328125 0.2275520828125 0.17186718750000002 0.2275520828125 0.17186718750000002 0.2531979171875 0.2091328125 0.2531979171875 0.2091328125 0.2275520828125
1 0.2584140625 0.2227604171875 0.19952343749999998 0.2227604171875 0.19952343749999998 0.2868645828125 0.2584140625 0.2868645828125 0.2584140625 0.2227604171875
1 0.78125 0.41987500000000005 0.74759375 0.41987500000000005 0.74759375 0.44712500000000005 0.78125 0.44712500000000005 0.78125 0.41987500000000005
1 0.81971875 0.40064583281250005 0.76803125 0.40064583281250005 0.76803125 0.43589583281250005 0.81971875 0.43589583281250005 0.81971875 0.40064583281250005
1 0.8966406250000001 0.5656979171875001 0.836546875 0.5656979171875001 0.836546875 0.6057604171875 0.8966406250000001 0.6057604171875 0.8966406250000001 0.5656979171875001
1 0.646625 0.392625 0.5733125 0.392625 0.5733125 0.4310833328125 0.646625 0.4310833328125 0.646625 0.392625
1 0.33414062499999997 0.5368541671875 0.295671875 0.5368541671875 0.295671875 0.5753125 0.33414062499999997 0.5753125 0.33414062499999997 0.5368541671875
0 0.7403906250000001 0.41186458281249994 0.5372656250000001 0.41186458281249994 0.5372656250000001 0.57371875 0.7403906250000001 0.57371875 0.7403906250000001 0.41186458281249994