0 0.84654723125 0.6524419546875 0.8613723078125 0.5113907796875 0.760967034375 0.500837759375 0.7461419593749999 0.6418889359375 0.84654723125 0.6524419546875
0 0.8791431328125 0.756175228125 0.8908274546875001 0.645006328125 0.8334559734375 0.6389763421875 0.8217716515625 0.75014524375 0.8791431328125 0.756175228125
0 0.6629958734375 0.9268290468749999 0.6804586609375 0.7606817328125001 0.519491146875 0.743763365625 0.5020283609375 0.9099106796875001 0.6629958734375 0.9268290468749999
0 0.601904440625 0.7415375828124999 0.615849190625 0.6088621468750001 0.5313769875000001 0.5999837593749999 0.5174322375 0.732659196875 0.601904440625 0.7415375828124999
0 0 0.9175701359374999 0.0335531625 0.921096715625 0.0578005 0.690398715625 0 0.6843236375 0 0.9175701359374999
1 0.5116352671875 0.40454486562499997 0.52432404375 0.28381923124999997 0.47014331875000004 0.27812460781250004 0.45745454375000005 0.3988502421875 0.5116352671875 0.40454486562499997
1 0.686080465625 0.186004040625 0.6955027265625 0.0963572140625 0.6110305234375 0.08747882812499999 0.6016082625 0.177125653125 0.686080465625 0.186004040625
1 0 0.5525863421875 0.1448102734375 0.5678065140624999 0.154609815625 0.47457008749999996 0.0016088390625000001 0.45848903593749996 0 0.4737961171875 0 0.5525863421875
1 0.1025915421875 0.6322621749999999 0.1102547859375 0.5593512890625 0.01463565 0.5493013125 0.0069724078125 0.6222122 0.1025915421875 0.6322621749999999
1 0.0825435015625 0.7461734156250001 0.09460510625 0.6314149125 0.0213005546875 0.6237102937500001 0.00923895 0.738468796875 0.0825435015625 0.7461734156250001
1 0.399649478125 0.856848178125 0.407186959375 0.7851338265625001 0.3067816875 0.77458080625 0.2992442046875 0.8462951593750001 0.399649478125 0.856848178125
1 0.839022825 0.816012434375 0.8450528109375 0.7586409515625 0.7844905703125 0.7522756046875 0.778460584375 0.8096470859375 0.839022825 0.816012434375
1 0.7039912078125 0.7208452000000001 0.7081364156250001 0.6814061921875 0.6778449359375001 0.6782224296875 0.6736997296875 0.7176614375 0.7039912078125 0.7208452000000001
1 0.24932166093750002 0.30929131875000004 0.25384415 0.2662627078125 0.21081035781250002 0.26173967343750004 0.20628786875 0.30476828437500003 0.24932166093750002 0.30929131875000004
1 0.3356894 0.5455823828125 0.339333196875 0.510913971875 0.25645637187500003 0.5022032656250001 0.252812575 0.536871678125 0.3356894 0.5455823828125
1 0.972492746875 0.3587086828125 0.9768894749999999 0.3168766046875 0.930664925 0.312018209375 0.926268196875 0.3538502859375 0.972492746875 0.3587086828125