0 0.2289887265625 0.2451405734375 0.3683540953125 0.21296554374999999 0.3470868484375 0.120846975 0.2077214796875 0.1530220046875 0.2289887265625 0.2451405734375
0 0.132114003125 0.8299846609375001 0.3382237203125 0.7824004828125 0.301453596875 0.6231315765625001 0.095343878125 0.6707157546875 0.132114003125 0.8299846609375001
0 0.16937193125 0.4036344578125 0.28530674375 0.376868796875 0.26872597656249997 0.3050496015625 0.15279116406249998 0.33181526250000004 0.16937193125 0.4036344578125
0 0.034508682812500004 0.44464826874999996 0.18206484843749998 0.41058224374999996 0.159354165625 0.3122114640625 0.0117979984375 0.3462774890625 0.034508682812500004 0.44464826874999996
0 0.1508006609375 0.20563315625 0.235114121875 0.18616786093749998 0.22105468125 0.12526973125000002 0.1367412203125 0.14473502656249998 0.1508006609375 0.20563315625
1 0.4315336203125 0.417131846875 0.524053103125 0.395772040625 0.5078285078125 0.3254956 0.415309025 0.3468554046875 0.4315336203125 0.417131846875
1 1 0.49113293750000003 0.990340625 0.44929359062499996 0.8568367015625 0.4801154 0.8763043421875001 0.564439009375 1 0.5358816171874999 1 0.49113293750000003
1 0.616791275 0.963160965625 0.7151722031250001 0.9404479374999999 0.694261128125 0.8498721218749999 0.5958802000000001 0.8725851484374999 0.616791275 0.963160965625
1 0.345978840625 0.8052948265625 0.41156612499999995 0.7901528078125 0.39318106406250003 0.7105183546875 0.327593778125 0.725660371875 0.345978840625 0.8052948265625
1 0.1241840640625 0.85978221875 0.072656634375 0.8716782625 0.0888812296875 0.9419547046875 0.140408659375 0.930058659375 0.1241840640625 0.85978221875
1 0.2475885359375 0.6783513578125 0.3284003546875 0.6596944812500001 0.3168622390625 0.609717415625 0.236050421875 0.62837429375 0.2475885359375 0.6783513578125
1 0.0870489734375 0.549281859375 0.158482478125 0.5327901359375 0.1491095171875 0.49219138281249997 0.0776760125 0.50868310625 0.0870489734375 0.549281859375
1 0.319841334375 0.6813840765625 0.363170353125 0.6713807843749999 0.35127606562499997 0.6198609671875001 0.30794704687499996 0.629864259375 0.319841334375 0.6813840765625
1 0.36849151562500004 0.6783841125000001 0.43758044218750003 0.6624336765625001 0.42279928437500003 0.5984094437499999 0.35371035625 0.6143598781249999 0.36849151562500004 0.6783841125000001
1 0.42317420625 0.7496492890625001 0.48407233437499997 0.7355898484375001 0.47037375312499996 0.6762547718749999 0.4094756234375 0.6903142124999999 0.42317420625 0.7496492890625001
1 0.5410109703125 0.7043452265625 0.5749769015624999 0.6965035734375 0.565603940625 0.655904821875 0.531638009375 0.6637464750000001 0.5410109703125 0.7043452265625
1 0.5402848125 0.5729428265625 0.58361383125 0.562939534375 0.5753234484374999 0.5270299359374999 0.5319944296875 0.537033228125 0.5402848125 0.5729428265625
1 0.6105123015625 0.27877216875 0.6878072515625 0.2609272234375 0.6741086703125 0.201592146875 0.5968137203125 0.21943709218750002 0.6105123015625 0.27877216875