0 0.649046875 0.107375 0.516828125 0.107375 0.516828125 0.21154166718749998 0.649046875 0.21154166718749998 0.649046875 0.107375
0 0.74159375 0.0737083328125 0.640625 0.0737083328125 0.640625 0.1185833328125 0.74159375 0.1185833328125 0.74159375 0.0737083328125
0 0.929078125 0.23558333281250002 0.746390625 0.23558333281250002 0.746390625 0.3814166671875 0.929078125 0.3814166671875 0.929078125 0.23558333281250002
0 0.7572109375 0.3012916671875 0.6490390625 0.3012916671875 0.6490390625 0.384625 0.7572109375 0.384625 0.7572109375 0.3012916671875
0 1 0.7051354171875001 0.7608125 0.7051354171875001 0.7608125 0.8910312499999999 1 0.8910312499999999 1 0.7051354171875001
0 0.79446875 0.6762916671875 0.70553125 0.6762916671875 0.70553125 0.7355833328125 0.79446875 0.7355833328125 0.79446875 0.6762916671875
1 0.6490390625 0.6602604171875 0.5588984375 0.6602604171875 0.5588984375 0.7516145828125 0.6490390625 0.7516145828125 0.6490390625 0.6602604171875
1 0.7079375 0.6906979171875001 0.65384375 0.6906979171875001 0.65384375 0.7548020828124999 0.7079375 0.7548020828124999 0.7079375 0.6906979171875001
1 0.64303125 0.7884583328125 0.53365625 0.7884583328125 0.53365625 0.919875 0.64303125 0.919875 0.64303125 0.7884583328125
1 0.597359375 0.7531979171875001 0.496390625 0.7531979171875001 0.496390625 0.8108854171875001 0.597359375 0.8108854171875001 0.597359375 0.7531979171875001
1 0.489171875 0.3749895828125 0.371390625 0.3749895828125 0.371390625 0.46313541718750006 0.489171875 0.46313541718750006 0.489171875 0.3749895828125
1 0.2584140625 0.2820520828125 0.1814921875 0.2820520828125 0.1814921875 0.3525729171875 0.2584140625 0.3525729171875 0.2584140625 0.2820520828125
1 0 0.7660312499999999 0.078125 0.7660312499999999 0.078125 0.65384375 0 0.65384375 0 0.7660312499999999
1 0.46275000000000005 0.8060833328125 0.3485625 0.8060833328125 0.3485625 0.8782083328124999 0.46275000000000005 0.8782083328124999 0.46275000000000005 0.8060833328125
1 0.3509609375 0.027239582812500003 0.3293203125 0.027239582812500003 0.3293203125 0.06409375 0.3509609375 0.06409375 0.3509609375 0.027239582812500003
1 0.8834140625 0.45992708281250005 0.8197109375 0.45992708281250005 0.8197109375 0.5272395828125 0.8834140625 0.5272395828125 0.8834140625 0.45992708281250005