1 0.8317343749999999 0.1057604171875 0.782453125 0.1057604171875 0.782453125 0.17628125 0.8317343749999999 0.17628125 0.8317343749999999 0.1057604171875
1 0.8569687500000001 0.22916666718749998 0.78365625 0.22916666718749998 0.78365625 0.2708333328125 0.8569687500000001 0.2708333328125 0.8569687500000001 0.22916666718749998
1 0.737984375 0.22916666718749998 0.698328125 0.22916666718749998 0.698328125 0.259625 0.737984375 0.259625 0.737984375 0.22916666718749998
1 1 0.8205104171875 0.92909375 0.8205104171875 0.92909375 0.9022395828124999 1 0.9022395828124999 1 0.8205104171875
1 0.76803125 0.6057708328125 0.6923125 0.6057708328125 0.6923125 0.6506458328125 0.76803125 0.6506458328125 0.76803125 0.6057708328125
1 0.6995234375 0.6169791671875 0.6490390625 0.6169791671875 0.6490390625 0.6826875 0.6995234375 0.6826875 0.6995234375 0.6169791671875
1 0.6610625 0.6218020828124999 0.58534375 0.6218020828124999 0.58534375 0.6794895828125 0.6610625 0.6794895828125 0.6610625 0.6218020828124999
1 0.61778125 0.6746875 0.5625 0.6746875 0.5625 0.7580208328125 0.61778125 0.7580208328125 0.61778125 0.6746875
1 0.695921875 0.7307708328125 0.641828125 0.7307708328125 0.641828125 0.8173125000000001 0.695921875 0.8173125000000001 0.695921875 0.7307708328125
1 0.6634609375 0.7884583328125 0.6105703124999999 0.7884583328125 0.6105703124999999 0.8685833328125 0.6634609375 0.8685833328125 0.6634609375 0.7884583328125
1 0.6634609375 0.9166666671874999 0.5576953125 0.9166666671874999 0.5576953125 0.990375 0.6634609375 0.990375 0.6634609375 0.9166666671874999
1 0.4927890625 1 0.4927890625 0.9487083328124999 0.3617734375 0.9487083328124999 0.3617734375 1 0.4927890625 1
1 0.1033671875 0.6009583328125 0.0000078125 0.6009583328125 0.0000078125 0.6907083328125 0.1033671875 0.6907083328125 0.1033671875 0.6009583328125
1 0.3305234375 0.267625 0.2403828125 0.267625 0.2403828125 0.33975 0.3305234375 0.33975 0.3305234375 0.267625
1 0.5252343749999999 0.35096875 0.42907812500000003 0.35096875 0.42907812500000003 0.42628125 0.5252343749999999 0.42628125 0.5252343749999999 0.35096875
1 0.4375078125 0.03846875 0.3581796875 0.03846875 0.3581796875 0.0817395828125 0.4375078125 0.0817395828125 0.4375078125 0.03846875
1 0.443515625 0.5705104171875 0.409859375 0.5705104171875 0.409859375 0.6249895828125 0.443515625 0.6249895828125 0.443515625 0.5705104171875
1 0.48917968749999996 0.7019166671875 0.4459140625 0.7019166671875 0.4459140625 0.78525 0.48917968749999996 0.78525 0.48917968749999996 0.7019166671875
1 0.4855703125 0.8076979171875 0.4555234375 0.8076979171875 0.4555234375 0.8782187499999999 0.4855703125 0.8782187499999999 0.4855703125 0.8076979171875
1 0.890625 0.43589583281250005 0.8173125000000001 0.43589583281250005 0.8173125000000001 0.5192291671875 0.890625 0.5192291671875 0.890625 0.43589583281250005
0 0.793265625 0.07371875 0.670671875 0.07371875 0.670671875 0.1442395828125 0.793265625 0.1442395828125 0.793265625 0.07371875
0 0.706734375 0.10255208281249999 0.543265625 0.10255208281249999 0.543265625 0.2355729171875 0.706734375 0.2355729171875 0.706734375 0.10255208281249999
0 0.7824453124999999 0.2756458328125 0.6790859375 0.2756458328125 0.6790859375 0.3686041671875 0.7824453124999999 0.3686041671875 0.7824453124999999 0.2756458328125
0 0.9351015625000001 0.2820520828125 0.7776484375 0.2820520828125 0.7776484375 0.3701979171875 0.9351015625000001 0.3701979171875 0.9351015625000001 0.2820520828125
0 0.9182656250000001 0.6233958328125 0.719953125 0.6233958328125 0.719953125 0.7804375 0.9182656250000001 0.7804375 0.9182656250000001 0.6233958328125