0 0.6855786359375 0.1813830453125 0.54036510625 0.16097461562499998 0.5231917265625 0.28316956875 0.6684052546875 0.3035779984375 0.6855786359375 0.1813830453125
0 0.8115959609375001 0.15700695781250001 0.6806639546875 0.138605665625 0.6710726078125 0.2068516390625 0.8020046140625 0.22525293125 0.8115959609375001 0.15700695781250001
0 0.9956430609375 0.445049575 0.7921120265625 0.416445153125 0.770922921875 0.5672134671875 0.97445395625 0.5958178890625 0.9956430609375 0.445049575
0 0.787586184375 0.49187224531249996 0.6376224625 0.47079621875 0.62424155 0.56600636875 0.7742052703125 0.5870823953125 0.787586184375 0.49187224531249996
1 0.4764334578125 0.598638446875 0.3455014515625 0.580237153125 0.33680313281249996 0.6421289078125 0.46773513906249997 0.6605302015625 0.4764334578125 0.598638446875
1 0.44793401875 0.5509475515625 0.3860422640625 0.5422492328125 0.37801371562499997 0.599375321875 0.43990547031249994 0.608073640625 0.44793401875 0.5509475515625
1 0.1715615921875 0.35837020937499997 0.089431234375 0.346827540625 0.07538055 0.44680335624999995 0.1575109078125 0.458346025 0.1715615921875 0.35837020937499997
1 0.404445784375 0.039911371875000004 0.3497025265625 0.032217709375 0.3439036484375 0.0734788796875 0.39864690468749997 0.0811725421875 0.404445784375 0.039911371875000004
1 0.752582503125 1 0.7624032078125 0.930122053125 0.6886127640625 0.9197514828125 0.67733456875 1 0.752582503125 1
1 0.46194872499999995 0.9348318734375001 0.396482721875 0.9256312265625001 0.38823091718749997 0.9843458703125 0.45369692031250003 0.9935465171875 0.46194872499999995 0.9348318734375001
1 0.8659203312500001 0.60806124375 0.7790397796875 0.5958509796875 0.7723478734375 0.6434663703125 0.8592284234375 0.6556766359374999 0.8659203312500001 0.60806124375
1 0.8027466640625001 0.35806539375 0.7610935140625 0.352211425 0.755294634375 0.3934725953125 0.796947784375 0.3993265640625 0.8027466640625001 0.35806539375
1 0.8676108046875 0.198876859375 0.814043490625 0.1913484640625 0.8066847140625001 0.24370888750000003 0.8602520265625 0.2512372828125 0.8676108046875 0.198876859375
1 0.951158221875 0.3902417625 0.8726021140625001 0.3792014203125 0.8672497484375 0.41728548125 0.94580585625 0.428325821875 0.951158221875 0.3902417625