1 0.7011335875 0.14764050312500002 0.7456348953124999 0.1373665671875 0.7348184984375 0.0905156046875 0.690317190625 0.1007895421875 0.7011335875 0.14764050312500002
1 0.461126159375 0.9728000453125001 0.5700424640625 0.9476547359374999 0.55381786875 0.8773782953125 0.44490156562500005 0.9025236046874999 0.461126159375 0.9728000453125001
1 0.5569214953125 1 0.603094871875 0.9893400359375001 0.5948044890624999 0.9534304406249999 0.49292191875 0.9769518843749999 0.4982429953125 1 0.5569214953125 1
1 0.5040639328125 0.6191179671875 0.576669728125 0.6023555984375 0.5546807625 0.507110925 0.48207496718750004 0.52387329375 0.5040639328125 0.6191179671875
1 0.2897749734375 1 0.27193145625000004 0.9227112375000001 0.206344171875 0.93785325625 0.22069187812500002 1 0.2897749734375 1
1 0.25516933750000004 0.7966573921875 0.32777513125 0.779895025 0.31443740781249996 0.7221229984375 0.2418316140625 0.7388853671875 0.25516933750000004 0.7966573921875
1 0.20734012656249998 0.8619761546875001 0.2717551234375 0.84710478125 0.2526483421875 0.764344225 0.18823334687499998 0.7792155984375 0.20734012656249998 0.8619761546875001
1 0.561971246875 0.3837252203125 0.6498015734375 0.3634479921875 0.6404286140625 0.322849240625 0.5525982875000001 0.34312646875 0.561971246875 0.3837252203125
1 0.5975426359375 0.286705540625 0.6724930078125 0.269401884375 0.6660022328124999 0.2412872484375 0.5910518609375 0.25859090625 0.5975426359375 0.286705540625
1 1 0.6543021437500001 0.9713645640624999 0.6609131546875 0.9818201015625 0.7062010625 1 0.7020039015624999 1 0.6543021437500001
1 0.6426156109375001 0.5460144828125 0.71639369375 0.5289814703125 0.70449940625 0.47746165312500005 0.6307213234375 0.494494665625 0.6426156109375001 0.5460144828125
0 0.649249821875 0.24349779374999997 0.7909597671874999 0.21078147500000002 0.7776220453125 0.15300945 0.6359120984375 0.18572576875 0.649249821875 0.24349779374999997
0 0.8301539765625 0.3431810046875 0.9695193453125001 0.3110059734375 0.9316666437500001 0.1470479109375 0.792301275 0.17922294218749998 0.8301539765625 0.3431810046875
0 1 0.44306692812500004 0.952211590625 0.23607258281250001 0.648893234375 0.30609914374999997 0.6990010812499999 0.5231400749999999 1 0.45364899999999997 1 0.44306692812500004
0 0.8255157015625001 0.6863638937500001 0.9882964 0.648783009375 0.9554910375000001 0.506687375 0.7927103390625 0.5442682609375 0.8255157015625001 0.6863638937500001
1 0.6166784562500001 0.647395375 0.65531831875 0.638474659375 0.6463062171875 0.599438959375 0.6076663546875001 0.608359675 0.6166784562500001 0.647395375
1 0.609388053125 0.7280290796875 0.684338425 0.7107254234375 0.66811383125 0.6404489828125 0.5931634578125 0.6577526390624999 0.609388053125 0.7280290796875
1 0.162298371875 0.966110640625 0.2325595875 0.949889559375 0.21093148125 0.8562079375 0.1406702640625 0.8724290171875 0.162298371875 0.966110640625