0 0.5709140625 0.22595833281250002 0.4134609375 0.22595833281250002 0.4134609375 0.34775 0.5709140625 0.34775 0.5709140625 0.22595833281250002
0 0.6838984375 0.169875 0.5528828125 0.169875 0.5528828125 0.23558333281250002 0.6838984375 0.23558333281250002 0.6838984375 0.169875
0 0.3028828125 0.7740416671875 0.1502421875 0.7740416671875 0.1502421875 0.8605833328125 0.3028828125 0.8605833328125 0.3028828125 0.7740416671875
0 0.9014374999999999 0.4647395828125 0.71153125 0.4647395828125 0.71153125 0.6570520828124999 0.9014374999999999 0.6570520828124999 0.9014374999999999 0.4647395828125
0 0.715140625 0.5689062500000001 0.522828125 0.5689062500000001 0.522828125 0.6858854171875 0.715140625 0.6858854171875 0.715140625 0.5689062500000001
1 0.680296875 0.4070520828125 0.626203125 0.4070520828125 0.626203125 0.45353125 0.680296875 0.45353125 0.680296875 0.4070520828125
1 0.829328125 0.41185416718749995 0.7560156250000001 0.41185416718749995 0.7560156250000001 0.4647291671875 0.829328125 0.4647291671875 0.829328125 0.41185416718749995
1 0.74759375 0.2131354171875 0.703125 0.2131354171875 0.703125 0.2628229171875 0.74759375 0.2628229171875 0.74759375 0.2131354171875
1 0.25840625 0.1025625 0.21875 0.1025625 0.21875 0.1474375 0.25840625 0.1474375 0.25840625 0.1025625
1 0.36417968749999996 0.4342916671875 0.3209140625 0.4342916671875 0.3209140625 0.48237500000000005 0.36417968749999996 0.48237500000000005 0.36417968749999996 0.4342916671875
1 0.91346875 0.9182604171875001 0.828125 0.9182604171875001 0.828125 0.9999895828125 0.91346875 0.9999895828125 0.91346875 0.9182604171875001
1 0.24159375 0.5032083328125 0.20553125 0.5032083328125 0.20553125 0.5480833328125 0.24159375 0.5480833328125 0.24159375 0.5032083328125