0 0.418265625 0.1730833328125 0.251203125 0.1730833328125 0.251203125 0.322125 0.418265625 0.322125 0.418265625 0.1730833328125
0 0.512015625 0.134625 0.391828125 0.134625 0.391828125 0.1939166671875 0.512015625 0.1939166671875 0.512015625 0.134625
0 0.54446875 0.2563958328125 0.296875 0.2563958328125 0.296875 0.4535208328125 0.54446875 0.4535208328125 0.54446875 0.2563958328125
0 0.4963984375 0.5128125 0.3281328125 0.5128125 0.3281328125 0.6057708328125 0.4963984375 0.6057708328125 0.4963984375 0.5128125
1 0.3028828125 0.6298020828124999 0.1273984375 0.6298020828124999 0.1273984375 0.7003229171875 0.3028828125 0.7003229171875 0.3028828125 0.6298020828124999
1 0 0.8958229171875001 0.0985625 0.8958229171875001 0.0985625 0.7548020828124999 0 0.7548020828124999 0 0.8958229171875001
1 0.9182734375000001 0.7339687500000001 0.8257265625000001 0.7339687500000001 0.8257265625000001 0.8397395828124999 0.9182734375000001 0.8397395828124999 0.9182734375000001 0.7339687500000001
1 0.9170703124999999 0.83653125 0.8197109375 0.83653125 0.8197109375 0.9214687500000001 0.9170703124999999 0.9214687500000001 0.9170703124999999 0.83653125
1 0.890625 0.8878229171875001 0.75721875 0.8878229171875001 0.75721875 0.9903854171875001 0.890625 0.9903854171875001 0.890625 0.8878229171875001
1 0.772828125 0.4214791671875 0.699515625 0.4214791671875 0.699515625 0.5016041671875 0.772828125 0.5016041671875 0.772828125 0.4214791671875
1 0.6935156250000001 0.5416770828125 0.626203125 0.5416770828125 0.626203125 0.5993645828124999 0.6935156250000001 0.5993645828124999 0.6935156250000001 0.5416770828125
1 0.6851015625 0.58653125 0.6081796875000001 0.58653125 0.6081796875000001 0.65384375 0.6851015625 0.65384375 0.6851015625 0.58653125
1 0.8954296875000001 0.41025 0.8581640625 0.41025 0.8581640625 0.4791666671875 0.8954296875000001 0.4791666671875 0.8954296875000001 0.41025
1 0.93028125 0.43589583281250005 0.9038437500000001 0.43589583281250005 0.9038437500000001 0.4839791671875 0.93028125 0.4839791671875 0.93028125 0.43589583281250005