0 0.6814921875 0.072125 0.5709140625 0.072125 0.5709140625 0.15225 0.6814921875 0.15225 0.6814921875 0.072125
0 0.765625 0.0384583328125 0.66465625 0.0384583328125 0.66465625 0.107375 0.765625 0.107375 0.765625 0.0384583328125
0 0.9098593749999999 0.1682604171875 0.670671875 0.1682604171875 0.670671875 0.29165625 0.9098593749999999 0.29165625 0.9098593749999999 0.1682604171875
0 0.889421875 0.4567395828125 0.7596093749999999 0.4567395828125 0.7596093749999999 0.5593020828124999 0.889421875 0.5593020828124999 0.889421875 0.4567395828125
1 1 0.5881458328125 0.89784375 0.5881458328125 0.89784375 0.6602708328125 1 0.6602708328125 1 0.5881458328125
1 1 0.732375 0.9675546875000001 0.732375 0.9675546875000001 0.8092916671875001 1 0.8092916671875001 1 0.732375
1 0.663453125 1 0.663453125 0.9230833328125 0.558890625 0.9230833328125 0.558890625 1 0.663453125 1
1 0.52403125 0.6698645828124999 0.4483125 0.6698645828124999 0.4483125 0.7548020828124999 0.52403125 0.7548020828124999 0.52403125 0.6698645828124999
1 0.240390625 0.4487291671875 0.123796875 0.4487291671875 0.123796875 0.5256458328125 0.240390625 0.5256458328125 0.240390625 0.4487291671875
1 0.061304687499999996 0.53365625 0.0000078125 0.53365625 0.0000078125 0.6250104171875 0.061304687499999996 0.6250104171875 0.061304687499999996 0.53365625
1 0.3713984375 0.20031249999999998 0.2992890625 0.20031249999999998 0.2992890625 0.2660208328125 0.3713984375 0.2660208328125 0.3713984375 0.20031249999999998
1 0.5504765625 0.2596145828125 0.47355468749999996 0.2596145828125 0.47355468749999996 0.34134375 0.5504765625 0.34134375 0.5504765625 0.2596145828125
1 0.6706796875000001 0.44871875 0.6250078125 0.44871875 0.6250078125 0.5031979171875001 0.6706796875000001 0.5031979171875001 0.6706796875000001 0.44871875
1 0.7079296875 0.45513541718750006 0.6754765625 0.45513541718750006 0.6754765625 0.5016145828125 0.7079296875 0.5016145828125 0.7079296875 0.45513541718750006
1 0.7608125 0.43910416718749995 0.709125 0.43910416718749995 0.709125 0.4871875 0.7608125 0.4871875 0.7608125 0.43910416718749995
1 0.7067265625 0.53525 0.6346171875 0.53525 0.6346171875 0.607375 0.7067265625 0.607375 0.7067265625 0.53525
1 0.6322109375 0.49840625000000005 0.5913515625 0.49840625000000005 0.5913515625 0.5560937499999999 0.6322109375 0.5560937499999999 0.6322109375 0.49840625000000005
1 0.8726015625000001 0.3301354171875 0.8137109375 0.3301354171875 0.8137109375 0.3701979171875 0.8726015625000001 0.3701979171875 0.8726015625000001 0.3301354171875
1 1 0.34134375 0.9555312499999999 0.34134375 0.9555312499999999 0.38140625 1 0.38140625 1 0.34134375
1 0.41707031250000004 0.01121875 0.3738046875 0.01121875 0.3738046875 0.0480729171875 0.41707031250000004 0.0480729171875 0.41707031250000004 0.01121875