1 0.31185109375 0.9540092203125001 0.3218120078125 0.8728840796874999 0.22160620312499998 0.8605803546875 0.21164528906250002 0.94170549375 0.31185109375 0.9540092203125001
1 0.2552925890625 0.8623079453125 0.26554675156249996 0.778794490625 0.14466290312500002 0.7639518203125 0.134408740625 0.847465275 0.2552925890625 0.8623079453125
1 0.14071507656249999 0.7041342046875 0.1468675734375 0.6540261328125 0.0737086515625 0.645043346875 0.06755615312499999 0.69515141875 0.14071507656249999 0.7041342046875
1 0.18009820781250002 0.3965473453125 0.185664209375 0.3512159015625 0.14749253906249998 0.3465290109375 0.1419265375 0.3918604546875 0.18009820781250002 0.3965473453125
1 0.20866663124999998 0.3479873140625 0.2301994203125 0.172616815625 0.10294673437499999 0.15699215 0.08141394375 0.3323626484375 0.20866663124999998 0.3479873140625
1 0.4314097859375 0.716811725 0.4382935 0.6607483765625 0.3714827375 0.6525450453125 0.3645990234375 0.7086083953125 0.4314097859375 0.716811725
1 0.5107058484375 0.8730856390625 0.5192024265625 0.8038865609375 0.4619449203125 0.7968562234375 0.45344834218749996 0.8660553 0.5107058484375 0.8730856390625
1 0.6999674031249999 0.633529265625 0.7049469078125 0.59297445 0.67471560625 0.5892625125000001 0.6697361015625 0.629817328125 0.6999674031249999 0.633529265625
1 0.7054942421875 0.6935643734375 0.7120866125 0.6398738296875 0.6786915703124999 0.635773434375 0.6720992015625 0.689463978125 0.7054942421875 0.6935643734375
1 0.8659929328124999 0.543726121875 0.8703878453125 0.507932425 0.836992803125 0.5038320296875 0.832597890625 0.539625725 0.8659929328124999 0.543726121875
0 0.8040972546875 0.6269517234374999 0.8235792109375 0.4682839171875 0.7424592421875 0.45832363750000005 0.7229772859375 0.61699144375 0.8040972546875 0.6269517234374999
0 0.81401754375 0.4804279125 0.8323265078125001 0.33131336093749997 0.6700865671875 0.3113928015625 0.651777603125 0.46050735156249994 0.81401754375 0.4804279125
0 0.63044335625 0.70007588125 0.6644258609375 0.423310590625 0.47195461875 0.39967809375 0.4379721140625 0.676443384375 0.63044335625 0.70007588125
0 0.39750203125 0.5721794671875 0.4234278296875 0.36103078125 0.275497096875 0.342867171875 0.24957129843749998 0.5540158578125001 0.39750203125 0.5721794671875
1 0.641472484375 0.7680359328125 0.6493825656250001 0.703613484375 0.5905328515625 0.6963876484375 0.5826227703125 0.760810096875 0.641472484375 0.7680359328125