0 0.545671875 0.1987291671875 0.400234375 0.1987291671875 0.400234375 0.2580208328125 0.545671875 0.2580208328125 0.545671875 0.1987291671875
0 0.3954375 0.21633333281249997 0.244 0.21633333281249997 0.244 0.3685833328125 0.3954375 0.3685833328125 0.3954375 0.21633333281249997
0 0.6334140625 0.3701875 0.3088984375 0.3701875 0.3088984375 0.5721041671875 0.6334140625 0.5721041671875 0.6334140625 0.3701875
0 0.45433593749999995 0.6089687500000001 0.26082031250000004 0.6089687500000001 0.26082031250000004 0.7564062500000001 0.45433593749999995 0.7564062500000001 0.45433593749999995 0.6089687500000001
1 0.20432812500000003 0.8541666671874999 0.014421875 0.8541666671874999 0.014421875 0.9887916671875001 0.20432812500000003 0.9887916671875001 0.20432812500000003 0.8541666671874999
1 0.870203125 0.6314166671875 0.784859375 0.6314166671875 0.784859375 0.7467916671875 0.870203125 0.7467916671875 0.870203125 0.6314166671875
1 0.7487890625 0.7243541671875 0.6742734375 0.7243541671875 0.6742734375 0.8397291671874999 0.7487890625 0.8397291671874999 0.7487890625 0.7243541671875
1 0.673078125 0.3509583328125 0.626203125 0.3509583328125 0.626203125 0.4070416671875 0.673078125 0.4070416671875 0.673078125 0.3509583328125
1 0.6298046875 0.2964791671875 0.5576953125 0.2964791671875 0.5576953125 0.3349375 0.6298046875 0.3349375 0.6298046875 0.2964791671875
1 0.5528906250000001 0.3205104171875 0.49279687499999997 0.3205104171875 0.49279687499999997 0.3669895828125 0.5528906250000001 0.3669895828125 0.5528906250000001 0.3205104171875
1 0.46754687500000003 0.1394375 0.40745312499999997 0.1394375 0.40745312499999997 0.1923125 0.46754687500000003 0.1923125 0.46754687500000003 0.1394375