1 0.8710242078125001 0.24170659687499998 0.9755230109375 0.2380574171875 0.9726147203125001 0.15477485 0.8681159171875 0.158424028125 0.8710242078125001 0.24170659687499998
1 1 0.6268566953125 0.8954205671875 0.6305086906249999 0.9015730578125 0.8066929640625 1 0.80325581875 1 0.6268566953125
1 0.7326186875 0.6522348796874999 0.8635545015625 0.6476625 0.8612053296875001 0.5803910046875 0.7302695156250001 0.5849633843750001 0.7326186875 0.6522348796874999
0 0.6109864843749999 0.7510816625000001 0.78756635 0.7449153578125001 0.7840989406250001 0.645621715625 0.6075190734375 0.6517880203125 0.6109864843749999 0.7510816625000001
1 0.6504106078125 0.6743465359374999 0.7104677500000001 0.67224929375 0.7075034734375001 0.5873635359375 0.6474463312500001 0.5894607765625001 0.6504106078125 0.6743465359374999
1 0.3216190359375 0.9023038109374999 0.370870265625 0.9005839203124999 0.36712293125 0.7932743296875 0.3178717015625 0.794994221875 0.3216190359375 0.9023038109374999
1 0.1856456953125 0.934318715625 0.26252071250000003 0.9316341796875 0.2596124203125 0.8483516124999999 0.1827374046875 0.8510361468750001 0.1856456953125 0.934318715625
1 0.21412816875 0.9926414703124999 0.29461036093750004 0.9898309703124999 0.2917580546875 0.9081515906250001 0.21127586250000002 0.9109620906250001 0.21412816875 0.9926414703124999
1 0.44977850625000004 0.6460812765624999 0.515847609375 0.6437740921875 0.5144494484375 0.603735996875 0.4483803453125 0.60604318125 0.44977850625000004 0.6460812765624999
1 0.5400670421875 0.4761496515625 0.58210391875 0.47468169062500004 0.5801466390625001 0.4186325234375 0.5381097625 0.4201004828125 0.5400670421875 0.4761496515625
1 0.5512203078125 0.313796925 0.58485605625 0.3126223375 0.5833459249999999 0.2693778625 0.549710178125 0.27055245 0.5512203078125 0.313796925
1 0.5103298484375001 0.38256795781249997 0.549961940625 0.3811839734375 0.548731734375 0.345955446875 0.509099640625 0.3473394296875 0.5103298484375001 0.38256795781249997
1 0.119420075 0.6912735671875 0.211910571875 0.6880437265625 0.2098413234375 0.628788178125 0.117350825 0.63201801875 0.119420075 0.6912735671875
1 0.0643052234375 0.86959734375 0.11836602031250001 0.8677094999999999 0.11473065625000001 0.7636062875 0.060669857812500005 0.7654941328125 0.0643052234375 0.86959734375
1 0.0483698125 0.8605333765625 0.01232928125 0.8617919390625 0.0166357328125 0.9851126046875001 0.052676265624999996 0.983854040625 0.0483698125 0.8605333765625
1 0.0633901796875 0.7397480937500001 0.12945928281250002 0.737440909375 0.1267189453125 0.658967909375 0.060649842187500004 0.66127509375 0.0633901796875 0.7397480937500001
1 0.3721275046875 0.5573726359375 0.45860604218749995 0.5543527390625 0.45530658593749995 0.4598686640625 0.3688280484375 0.46288856093749997 0.3721275046875 0.5573726359375
1 0.7349910765625001 0.100534753125 0.7854446984375001 0.09877287343749999 0.7836546453125 0.047512453125 0.7332010234374999 0.04927433125 0.7349910765625001 0.100534753125
0 0.6146128656250001 0.23461965624999997 0.8007962546874999 0.22811798906249997 0.7971049046875 0.1224115890625 0.6109215171875 0.12891325625 0.6146128656250001 0.23461965624999997
0 0.6451735046875 0.4901254203125 0.96949144375 0.47879998749999997 0.9612137203125 0.2417569765625 0.63689578125 0.2530824078125 0.6451735046875 0.4901254203125