1 0.28125 0.2243541671875 0.20071875 0.2243541671875 0.20071875 0.2868541671875 0.28125 0.2868541671875 0.28125 0.2243541671875
1 0.4218671875 0.107375 0.3786015625 0.107375 0.3786015625 0.1634583328125 0.4218671875 0.1634583328125 0.4218671875 0.107375
1 0.86659375 0.5705208328125 0.78846875 0.5705208328125 0.78846875 0.7099375 0.86659375 0.7099375 0.86659375 0.5705208328125
1 0.5372578125 0.7291666671875 0.3617734375 0.7291666671875 0.3617734375 0.822125 0.5372578125 0.822125 0.5372578125 0.7291666671875
1 0 0.8413437500000001 0.046875 0.8413437500000001 0.046875 0.7451979171875001 0 0.7451979171875001 0 0.8413437500000001
1 0.09375 0.6426354171875001 0.03365625 0.6426354171875001 0.03365625 0.7307812499999999 0.09375 0.7307812499999999 0.09375 0.6426354171875001
1 0.355765625 1 0.355765625 0.849375 0.157453125 0.849375 0.157453125 1 0.355765625 1
0 0.6622578125 0.8878125000000001 0.4711484375 0.8878125000000001 0.4711484375 0.9807708328125001 0.6622578125 0.9807708328125001 0.6622578125 0.8878125000000001
1 0.6863046875000001 0.5689166671875 0.6382265625 0.5689166671875 0.6382265625 0.6282083328125 0.6863046875000001 0.6282083328125 0.6863046875000001 0.5689166671875
1 0.8245156250000001 0.7740416671875 0.746390625 0.7740416671875 0.746390625 0.8605833328125 0.8245156250000001 0.8605833328125 0.8245156250000001 0.7740416671875
1 1 0.6121875 0.9399062499999999 0.6121875 0.9399062499999999 0.7307708328125 1 0.7307708328125 1 0.6121875
1 0.6430234375 0.3509583328125 0.5997578125 0.3509583328125 0.5997578125 0.4134583328125 0.6430234375 0.4134583328125 0.6430234375 0.3509583328125
1 0.6995234375 0.3637708328125 0.6514453125 0.3637708328125 0.6514453125 0.43589583281250005 0.6995234375 0.43589583281250005 0.6995234375 0.3637708328125
1 0.5468671875 0.2548125 0.5192265625 0.2548125 0.5192265625 0.2788541671875 0.5468671875 0.2788541671875 0.5468671875 0.2548125
1 0.6454296875 0.31409375 0.6105703124999999 0.31409375 0.6105703124999999 0.33653125 0.6454296875 0.33653125 0.6454296875 0.31409375
1 0.45913281250000004 0.3493541671875 0.3978359375 0.3493541671875 0.3978359375 0.3766041671875 0.45913281250000004 0.3766041671875 0.45913281250000004 0.3493541671875
0 0.5360625 0.19871875 0.36659375 0.19871875 0.36659375 0.28365625 0.5360625 0.28365625 0.5360625 0.19871875
0 0.579328125 0.3573645828125 0.183890625 0.3573645828125 0.183890625 0.6330104171875 0.579328125 0.6330104171875 0.579328125 0.3573645828125
1 0.844953125 0.8782083328124999 0.7716406250000001 0.8782083328124999 0.7716406250000001 0.9519166671875 0.844953125 0.9519166671875 0.844953125 0.8782083328124999