1 0.08626250625000001 0.503847040625 0.1008817390625 0.5584067562499999 0.162801609375 0.541815378125 0.14818237812499999 0.48725566093749995 0.08626250625000001 0.503847040625
1 0.7009488015625001 0.7236423000000001 0.7177477750000001 0.7863369234375 0.8106175171875 0.76145255 0.7938185437499999 0.6987579265625 0.7009488015625001 0.7236423000000001
1 0.683896103125 0.45570745468749996 0.713450003125 0.566004109375 0.858962703125 0.5270140984375 0.829408803125 0.41671744374999997 0.683896103125 0.45570745468749996
1 0.5870568578124999 0.273839934375 0.6166107578125 0.384136590625 0.6909065531249999 0.3642290921875 0.661352653125 0.25393243593750003 0.5870568578124999 0.273839934375
1 0.4341737515625 0 0.38143702031250004 0.0141307640625 0.39387853281249996 0.060563120312499996 0.4712733390625 0.0398252453125 0.46060219687500004 0 0.4341737515625 0
1 0.5120209124999999 0 0.5242278984375 0.045557092187499995 0.6387706046875 0.014865465625 0.634787415625 0 0.5120209124999999 0
1 0.39675771718749997 0.151882696875 0.4057799875 0.1855542671875 0.45532393281249994 0.1722790078125 0.4463016625 0.13860743749999999 0.39675771718749997 0.151882696875
1 0.24198982343750003 0.218231609375 0.2618986703125 0.2925324359375 0.3083436046875 0.280087553125 0.2884347578125 0.20578672656250002 0.24198982343750003 0.218231609375
1 0.221203553125 0.1777638375 0.2336470875 0.22420373906250002 0.35128880156250003 0.1926817375 0.3388452671875 0.146241834375 0.221203553125 0.1777638375
0 0.128187609375 0.34453639687500004 0.1798260515625 0.5372536921875 0.2726957953125 0.51236931875 0.2210573515625 0.3196520234375 0.128187609375 0.34453639687500004
0 0.259568521875 0.4076356953125 0.30965405156250003 0.5945574359375 0.4814681078125 0.5485199984375 0.431382578125 0.3615982578125 0.259568521875 0.4076356953125
0 0.2420986921875 0.299091478125 0.281916384375 0.44769312968749997 0.4785024125 0.3950180625 0.4386847203125 0.2464164109375 0.2420986921875 0.299091478125
0 0.49644283749999996 0.1214435375 0.540304578125 0.2851377796875 0.66104530625 0.2527854 0.617183565625 0.0890911578125 0.49644283749999996 0.1214435375