0 0.6598515625 0.41987500000000005 0.45792968749999996 0.41987500000000005 0.45792968749999996 0.5865416671875 0.6598515625 0.5865416671875 0.6598515625 0.41987500000000005
1 0.9098515624999999 0.6842916671875 0.8329296875000001 0.6842916671875 0.8329296875000001 0.78525 0.9098515624999999 0.78525 0.9098515624999999 0.6842916671875
1 0 0.5240416671875 0.08053125 0.5240416671875 0.08053125 0.48237500000000005 0 0.48237500000000005 0 0.5240416671875
1 0.0865390625 0.4150625 0.0023984375 0.4150625 0.0023984375 0.4567291671875 0.0865390625 0.4567291671875 0.0865390625 0.4150625
1 0.8185 0.5608958328125 0.76321875 0.5608958328125 0.76321875 0.6089791671875 0.8185 0.6089791671875 0.8185 0.5608958328125
1 0.70553125 0.4214791671875 0.6826875 0.4214791671875 0.6826875 0.4519375 0.70553125 0.4519375 0.70553125 0.4214791671875
1 0.7403828125 0.3974375 0.6923046875 0.3974375 0.6923046875 0.4214791671875 0.7403828125 0.4214791671875 0.7403828125 0.3974375
1 0.087734375 0.5753229171875 0.014421875 0.5753229171875 0.014421875 0.6458437499999999 0.087734375 0.6458437499999999 0.087734375 0.5753229171875
1 0.2175546875 1 0.2175546875 0.9727499999999999 0.16707031249999998 0.9727499999999999 0.16707031249999998 1 0.2175546875 1
1 0.983171875 0.9663437500000001 0.905046875 0.9663437500000001 0.905046875 0.9999895828125 0.983171875 0.9999895828125 0.983171875 0.9663437500000001
1 0.97715625 0.6634583328125 0.9350937500000001 0.6634583328125 0.9350937500000001 0.7019166671875 0.97715625 0.7019166671875 0.97715625 0.6634583328125
1 0.96875 0.705125 0.9170624999999999 0.705125 0.9170624999999999 0.7564166671875 0.96875 0.7564166671875 0.96875 0.705125
1 1 0.7083229171875 0.9735625000000001 0.7083229171875 0.9735625000000001 0.7580104171875 1 0.7580104171875 1 0.7083229171875
1 0.16105468750000002 0.2355729171875 0.10216406250000001 0.2355729171875 0.10216406250000001 0.2724270828125 0.16105468750000002 0.2724270828125 0.16105468750000002 0.2355729171875
1 0.07813281250000001 0.1362291671875 0.0408671875 0.1362291671875 0.0408671875 0.1746875 0.07813281250000001 0.1746875 0.07813281250000001 0.1362291671875
1 0.097359375 0.21634375 0.081734375 0.21634375 0.081734375 0.25640625 0.097359375 0.25640625 0.097359375 0.21634375
1 0.65384375 0.22115625 0.6045625 0.22115625 0.6045625 0.2580104171875 0.65384375 0.2580104171875 0.65384375 0.22115625
1 0.670671875 0.267625 0.626203125 0.267625 0.626203125 0.294875 0.670671875 0.294875 0.670671875 0.267625
1 0.21153906249999999 0.56090625 0.1814921875 0.56090625 0.1814921875 0.60096875 0.21153906249999999 0.60096875 0.21153906249999999 0.56090625
1 0.20192187499999997 0.4375 0.157453125 0.4375 0.157453125 0.4679583328125 0.20192187499999997 0.4679583328125 0.20192187499999997 0.4375
1 0.5661015625 0.30609375 0.5384609375 0.30609375 0.5384609375 0.32853125 0.5661015625 0.32853125 0.5661015625 0.30609375
1 0.793265625 0.6650625 0.737984375 0.6650625 0.737984375 0.7099375 0.793265625 0.7099375 0.793265625 0.6650625
1 0.0336484375 0.9407083328124999 0.0084140625 0.9407083328124999 0.0084140625 0.9727499999999999 0.0336484375 0.9727499999999999 0.0336484375 0.9407083328124999