0 0.5853359375 0.12659375 0.4459140625 0.12659375 0.4459140625 0.2147395828125 0.5853359375 0.2147395828125 0.5853359375 0.12659375
0 0.695921875 0.0849270828125 0.5685156250000001 0.0849270828125 0.5685156250000001 0.1458229171875 0.695921875 0.1458229171875 0.695921875 0.0849270828125
0 0.8365390625 0.3028958328125 0.6298046875 0.3028958328125 0.6298046875 0.40064583281250005 0.8365390625 0.40064583281250005 0.8365390625 0.3028958328125
0 0.6526484375 0.330125 0.5312578125 0.330125 0.5312578125 0.4134583328125 0.6526484375 0.4134583328125 0.6526484375 0.330125
0 0.7584140625 1 0.7584140625 0.7708333328125 0.5096171875 0.7708333328125 0.5096171875 1 0.7584140625 1
1 1 0.5737083328125 0.9242812499999999 0.5737083328125 0.9242812499999999 0.642625 1 0.642625 1 0.5737083328125
1 1 0.767625 0.9326874999999999 0.767625 0.9326874999999999 0.8445416671875 1 0.8445416671875 1 0.767625
1 0.4374921875 0.7692395828125 0.3629765625 0.7692395828125 0.3629765625 0.85096875 0.4374921875 0.85096875 0.4374921875 0.7692395828125
1 0.5048046875 0.77884375 0.4411015625 0.77884375 0.4411015625 0.8285312499999999 0.5048046875 0.8285312499999999 0.5048046875 0.77884375
1 0.5997656250000001 0.7403958328125 0.503609375 0.7403958328125 0.503609375 0.7932708328125 0.5997656250000001 0.7932708328125 0.5997656250000001 0.7403958328125
1 0.48917968749999996 1 0.48917968749999996 0.9150729171875 0.3834140625 0.9150729171875 0.3834140625 1 0.48917968749999996 1
1 0.3617734375 0.43910416718749995 0.2511953125 0.43910416718749995 0.2511953125 0.5112291671875 0.3617734375 0.5112291671875 0.3617734375 0.43910416718749995
1 0.44590625 0.6009583328125 0.38340625 0.6009583328125 0.38340625 0.6730833328125 0.44590625 0.6730833328125 0.44590625 0.6009583328125
1 0.1923125 0.7099375 0.1454375 0.7099375 0.1454375 0.7548125 0.1923125 0.7548125 0.1923125 0.7099375
1 0.21995312500000003 0.8445520828124999 0.152640625 0.8445520828124999 0.152640625 0.9118645828125 0.21995312500000003 0.9118645828125 0.21995312500000003 0.8445520828124999
1 0.144234375 0.3317291671875 0.10457812500000001 0.3317291671875 0.10457812500000001 0.3798125 0.144234375 0.3798125 0.144234375 0.3317291671875
1 0.1141796875 0.3621875 0.0769140625 0.3621875 0.0769140625 0.40064583281250005 0.1141796875 0.40064583281250005 0.1141796875 0.3621875
1 0.0901484375 0.3221145828125 0.046882812499999996 0.3221145828125 0.046882812499999996 0.35896875 0.0901484375 0.35896875 0.0901484375 0.3221145828125
1 0.7644140625 0.5128229171875 0.7055234375 0.5128229171875 0.7055234375 0.5833437499999999 0.7644140625 0.5833437499999999 0.7644140625 0.5128229171875
1 0.9483203124999999 0.43589583281250005 0.8918359375 0.43589583281250005 0.8918359375 0.4839791671875 0.9483203124999999 0.4839791671875 0.9483203124999999 0.43589583281250005
1 0.72596875 0.27082291718749996 0.6610625 0.27082291718749996 0.6610625 0.2932604171875 0.72596875 0.2932604171875 0.72596875 0.27082291718749996
1 0.609375 0.2612083328125 0.56971875 0.2612083328125 0.56971875 0.28525 0.609375 0.28525 0.609375 0.2612083328125
1 0.8581796875000001 0.2644166671875 0.7812578125 0.2644166671875 0.7812578125 0.330125 0.8581796875000001 0.330125 0.8581796875000001 0.2644166671875
1 0.735578125 0.13621875 0.688703125 0.13621875 0.688703125 0.15865625 0.735578125 0.15865625 0.735578125 0.13621875