0 0.63445625625 0.6575883499999999 0.41602280625 0.6229918890625 0.400480390625 0.7211228421875 0.6189138390625 0.7557193015625 0.63445625625 0.6575883499999999
0 0.677429515625 0.2863338390625 0.31298795 0.228611965625 0.273879334375 0.4755340515625 0.6383209 0.533255925 0.677429515625 0.2863338390625
0 0.8002469031249999 0.09485596874999999 0.5224595562500001 0.050858775 0.46279284374999996 0.42757957031249993 0.740580190625 0.4715767640625 0.8002469031249999 0.09485596874999999
1 0.7963027265625 0.488523159375 0.7476282109375 0.48081387343750004 0.7421138953125 0.5156298875 0.7907884125 0.5233391734375 0.7963027265625 0.488523159375
1 0.639015634375 0.6518243796875 0.6176414421875001 0.6484390390625 0.613880496875 0.6721847140625 0.6352546890624999 0.675570053125 0.639015634375 0.6518243796875
1 0.8501126546875 0.4791905703125 0.829926775 0.47599344062500004 0.8221539375000001 0.5250692046875 0.8423398171875001 0.528266334375 0.8501126546875 0.4791905703125
1 0.7758363390625 0.5793881265625 0.7425944531249999 0.5741231296875 0.733570140625 0.6311004 0.766812025 0.6363653984375001 0.7758363390625 0.5793881265625
1 0.9320656390625001 0.138451190625 0.8857677484375 0.1311183265625 0.8759905937499999 0.19284884687499998 0.9222884859375 0.2001817125 0.9320656390625001 0.138451190625
1 0.060530815625 0.40119162812500003 0.0296655546875 0.3963030515625 0.0228965046875 0.4390411484375 0.053761765625 0.443929725 0.060530815625 0.40119162812500003
1 0.2889381203125 0.6109844671875 0.236698665625 0.6027105515625 0.2304315109375 0.642279815625 0.2826709640625 0.6505537312499999 0.2889381203125 0.6109844671875
1 0.45423435 0.80428484375 0.40674814687499994 0.7967637671875 0.399477203125 0.8426706984375001 0.44696340625 0.8501917734375001 0.45423435 0.80428484375
1 0.45824624218750004 0.7789547515625 0.4131366640625 0.771810096875 0.4078732953125 0.8050416953124999 0.4529828734375 0.81218635 0.45824624218750004 0.7789547515625