1 0.27164062499999997 0.6057812499999999 0.094953125 0.6057812499999999 0.094953125 0.7468020828124999 0.27164062499999997 0.7468020828124999 0.27164062499999997 0.6057812499999999
1 0.44832031250000004 0.5032083328125 0.3113046875 0.5032083328125 0.3113046875 0.5961666671875 0.44832031250000004 0.5961666671875 0.44832031250000004 0.5032083328125
1 1 0.6666666671875 0.91828125 0.6666666671875 0.91828125 0.77725 1 0.77725 1 0.6666666671875
1 1 0.7564062500000001 0.9315 0.7564062500000001 0.9315 0.8349270828125 1 0.8349270828125 1 0.7564062500000001
1 0.9807734375000001 0.7980833328125 0.9062578125 0.7980833328125 0.9062578125 0.9022500000000001 0.9807734375000001 0.9022500000000001 0.9807734375000001 0.7980833328125
1 0.8713906250000001 0.3413541671875 0.804078125 0.3413541671875 0.804078125 0.4599375 0.8713906250000001 0.4599375 0.8713906250000001 0.3413541671875
1 0.8161015624999999 0.47435416718749995 0.7187421875 0.47435416718749995 0.7187421875 0.5993541671875 0.8161015624999999 0.5993541671875 0.8161015624999999 0.47435416718749995
1 0.5793359375 0.05450000000000001 0.5288515625 0.05450000000000001 0.5288515625 0.107375 0.5793359375 0.107375 0.5793359375 0.05450000000000001
0 0.6586484375 0.1041666671875 0.5144140625 0.1041666671875 0.5144140625 0.1875 0.6586484375 0.1875 0.6586484375 0.1041666671875
0 0.5264375 0.142625 0.375 0.142625 0.375 0.294875 0.5264375 0.294875 0.5264375 0.142625
0 0.65865625 0.21153125 0.42428125000000005 0.21153125 0.42428125000000005 0.4070520828125 0.65865625 0.4070520828125 0.65865625 0.21153125
0 0.6153906250000001 0.4407083328125 0.474765625 0.4407083328125 0.474765625 0.5657083328125 0.6153906250000001 0.5657083328125 0.6153906250000001 0.4407083328125
1 0 0.7195520828124999 0.05046874999999999 0.7195520828124999 0.05046874999999999 0.5897395828125 0 0.5897395828125 0 0.7195520828124999