1 0.477047509375 0.0242170109375 0.4342029421875 0.0181956 0.42550462343750006 0.08008735312500001 0.46834919062499997 0.086108765625 0.477047509375 0.0242170109375
1 1 0.309724384375 0.9608104765625001 0.30421665625 0.9489894609375 0.38832754999999997 1 0.3954966140625 1 0.309724384375
1 0.917546240625 0.45673178906249995 0.867553175 0.449705721875 0.8633141953125 0.47986763593750004 0.913307259375 0.48689370312499997 0.917546240625 0.45673178906249995
1 0.797264034375 0.5870937484375001 0.7698924046875 0.583246915625 0.7660999390625001 0.610231721875 0.7934715671875 0.6140785531249999 0.797264034375 0.5870937484375001
1 0.8189160624999999 0.6144041609374999 0.7772629125 0.6085501921875001 0.7732471875 0.637123553125 0.8149003390624999 0.642977521875 0.8189160624999999 0.6144041609374999
1 0.2522724390625 0.371312275 0.207045040625 0.36495597812499997 0.20124616093749997 0.406217146875 0.2464735609375 0.41257344218750003 0.2522724390625 0.371312275
1 0.24625893125 0.46596946875 0.15937838124999998 0.453759203125 0.15424927187499998 0.490254709375 0.24112982343749997 0.5024649734375 0.24625893125 0.46596946875
1 0.233397321875 0.5143166578125 0.14888413125 0.5024391031250001 0.1424154828125 0.5484659375 0.22692867187500002 0.5603434921875 0.233397321875 0.5143166578125
1 0.079923159375 0.474938540625 0.0346957609375 0.46858224374999996 0.030903293749999998 0.4955670484375 0.0761306921875 0.5019233453124999 0.079923159375 0.474938540625
1 0.98698975 0.1266423828125 0.99568806875 0.064750628125 0.9278392343749999 0.055215096875 0.919140915625 0.1171068515625 0.98698975 0.1266423828125
0 0.77396794375 0.45921118125 0.583527015625 0.43244645468750004 0.5612245265625 0.5911369125 0.7516654546875 0.6179016390625 0.77396794375 0.45921118125
1 0.2578043015625 0.6860514296875 0.20542840468749998 0.6786904781249999 0.19985278125 0.7183630921875 0.252228678125 0.7257240453125 0.2578043015625 0.6860514296875
1 0.19754777968749998 0.700240934375 0.168984734375 0.6962266609375 0.1638556265625 0.7327221640625 0.19241867031249998 0.7367364375000001 0.19754777968749998 0.700240934375
1 0.7158978874999999 0.7601308375 0.6718619046875001 0.7539419828125 0.6678461812500001 0.78251534375 0.7118821640624999 0.788704196875 0.7158978874999999 0.7601308375
1 0.7345607171874999 0.7223185484375 0.6952903984375001 0.7167994656250001 0.6906078046874999 0.750117859375 0.729878121875 0.7556369421875 0.7345607171874999 0.7223185484375
1 0.095559184375 0.6486804984375001 0.0467575359375 0.641821875 0.0414051703125 0.679905934375 0.09020681875 0.686764559375 0.095559184375 0.6486804984375001
1 0.3757534125 0.4080950546875 0.3519560328125 0.40475055156249995 0.34838682187500003 0.4301468 0.3721842015625 0.433491303125 0.3757534125 0.4080950546875
1 0.1838343609375 0.32285764375000003 0.079098040625 0.3081379125 0.0699532078125 0.373206778125 0.174689528125 0.387926509375 0.1838343609375 0.32285764375000003
1 0.07218796093749999 0.512687715625 0.0293433953125 0.5066663046875 0.025997442187499997 0.5304739984375 0.0688420078125 0.536495409375 0.07218796093749999 0.512687715625