0 0.6466406250000001 0.080125 0.534859375 0.080125 0.534859375 0.16025 0.6466406250000001 0.16025 0.6466406250000001 0.080125
0 0.8413437500000001 0.4070625 0.671875 0.4070625 0.671875 0.5288541671875 0.8413437500000001 0.5288541671875 0.8413437500000001 0.4070625
0 0.7367734375 0.21475 0.6394140625 0.21475 0.6394140625 0.2740416671875 0.7367734375 0.2740416671875 0.7367734375 0.21475
0 0.844953125 0.1698645828125 0.727171875 0.1698645828125 0.727171875 0.25159375 0.844953125 0.25159375 0.844953125 0.1698645828125
0 0.7247656250000001 0.044875 0.626203125 0.044875 0.626203125 0.1137916671875 0.7247656250000001 0.1137916671875 0.7247656250000001 0.044875
1 0.9242812499999999 0.5384583328125 0.8257187500000001 0.5384583328125 0.8257187500000001 0.59775 0.9242812499999999 0.59775 0.9242812499999999 0.5384583328125
1 1 0.34615625 0.9375 0.34615625 0.9375 0.3830104171875 1 0.3830104171875 1 0.34615625
1 0.4879765625 0.6314166671875 0.3978359375 0.6314166671875 0.3978359375 0.6907083328125 0.4879765625 0.6907083328125 0.4879765625 0.6314166671875
1 0.21995312500000003 0.4182604171875 0.110578125 0.4182604171875 0.110578125 0.4647395828125 0.21995312500000003 0.4647395828125 0.21995312500000003 0.4182604171875
1 0.0588984375 0.4935833328125 0.0000078125 0.4935833328125 0.0000078125 0.5769166671875 0.0588984375 0.5769166671875 0.0588984375 0.4935833328125
1 0.20793750000000003 0.8894166671875 0.134625 0.8894166671875 0.134625 0.990375 0.20793750000000003 0.990375 0.20793750000000003 0.8894166671875
1 0.5769296875000001 0.8445520828124999 0.4976015625 0.8445520828124999 0.4976015625 0.9439062500000001 0.5769296875000001 0.9439062500000001 0.5769296875000001 0.8445520828124999
1 0.484375 0.7772291671875 0.42909375 0.7772291671875 0.42909375 0.8285208328125 0.484375 0.8285208328125 0.484375 0.7772291671875
1 0.65384375 0.48396875 0.5985625 0.48396875 0.5985625 0.5448645828124999 0.65384375 0.5448645828124999 0.65384375 0.48396875
1 0.51803125 0.2692395828125 0.43150000000000005 0.2692395828125 0.43150000000000005 0.3125104171875 0.51803125 0.3125104171875 0.51803125 0.2692395828125
1 0.33654687499999997 0.20353125 0.266828125 0.20353125 0.266828125 0.2500104171875 0.33654687499999997 0.2500104171875 0.33654687499999997 0.20353125
1 0.9110546875000001 0.6666666671875 0.8545703124999999 0.6666666671875 0.8545703124999999 0.7259583328125 0.9110546875000001 0.7259583328125 0.9110546875000001 0.6666666671875
1 1 0.45513541718750006 0.9326874999999999 0.45513541718750006 0.9326874999999999 0.5096145828124999 1 0.5096145828124999 1 0.45513541718750006