0 0 0.4342916671875 0.11659375000000001 0.4342916671875 0.11659375000000001 0.2644166671875 0 0.2644166671875 0 0.4342916671875
0 0.28845312500000003 0.36378125 0.009609375 0.36378125 0.009609375 0.5801354171875001 0.28845312500000003 0.5801354171875001 0.28845312500000003 0.36378125
0 0.237984375 0.63621875 0.030046875 0.63621875 0.030046875 0.7628229171875 0.237984375 0.7628229171875 0.237984375 0.63621875
0 0.27644531250000004 0.2307708328125 0.1262109375 0.2307708328125 0.1262109375 0.2900625 0.27644531250000004 0.2900625 0.27644531250000004 0.2307708328125
1 0.985578125 0.8605729171875 0.8966406250000001 0.8605729171875 0.8966406250000001 0.9631354171875 0.985578125 0.9631354171875 0.985578125 0.8605729171875
1 0.842546875 0.6298020828124999 0.7283593749999999 0.6298020828124999 0.7283593749999999 0.6874895828125 0.842546875 0.6874895828125 0.842546875 0.6298020828124999
1 0.913453125 0.7980833328125 0.858171875 0.7980833328125 0.858171875 0.9054583328125 0.913453125 0.9054583328125 0.913453125 0.7980833328125
1 0.6694765625 0.8461458328125 0.5408671875 0.8461458328125 0.5408671875 0.9471041671875 0.6694765625 0.9471041671875 0.6694765625 0.8461458328125
1 0.6177890625 0.9455104171875 0.5096171875 0.9455104171875 0.5096171875 0.9999895828125 0.6177890625 0.9999895828125 0.6177890625 0.9455104171875
1 0.55528125 0.8076979171875 0.49759374999999995 0.8076979171875 0.49759374999999995 0.8862187499999999 0.55528125 0.8862187499999999 0.55528125 0.8076979171875
1 0.4170625 0.6217916671875 0.36778125 0.6217916671875 0.36778125 0.6810833328125 0.4170625 0.6810833328125 0.4170625 0.6217916671875
1 0.43509374999999995 0.6682604171875 0.35696875 0.6682604171875 0.35696875 0.7323645828124999 0.43509374999999995 0.7323645828124999 0.43509374999999995 0.6682604171875
1 0.519234375 0.5160312499999999 0.448328125 0.5160312499999999 0.448328125 0.5977604171875 0.519234375 0.5977604171875 0.519234375 0.5160312499999999
1 1 0.9487083328124999 0.8954375000000001 0.9487083328124999 0.8954375000000001 1 1 1 1 0.9487083328124999
1 0.8954375000000001 0.6522291671875 0.8329375000000001 0.6522291671875 0.8329375000000001 0.7243541671875 0.8954375000000001 0.7243541671875 0.8954375000000001 0.6522291671875
1 0.360578125 0.3557708328125 0.31851562499999997 0.3557708328125 0.31851562499999997 0.3910208328125 0.360578125 0.3910208328125 0.360578125 0.3557708328125
1 0 0.8621874999999999 0.0576875 0.8621874999999999 0.0576875 0.7996875 0 0.7996875 0 0.8621874999999999