1 0.4850773234375 0.7926034734375 0.47128852656250003 0.8523293140625 0.5197025390625 0.8635065687499999 0.5334913359375 0.8037807296875 0.4850773234375 0.7926034734375
1 0.39635374375 0.7708932671875 0.37472329375 0.8645850390625001 0.41063289062499997 0.872875421875 0.43226334062499994 0.7791836515624999 0.39635374375 0.7708932671875
1 0.33835998125 0.751338509375 0.31456789218750003 0.8543933687499999 0.366087709375 0.8662876546874999 0.3898797984375 0.763232796875 0.33835998125 0.751338509375
1 0.296367234375 0.21367440000000001 0.28501072031249997 0.2628648640625 0.3209203171875 0.2711552484375 0.33227683125 0.22196478437499997 0.296367234375 0.21367440000000001
1 0.766067934375 0.0741727109375 0.750925915625 0.13975999687500001 0.841501734375 0.16067107187500002 0.856643753125 0.0950837875 0.766067934375 0.0741727109375
1 0.8692414515625 0.7172384359375 0.859238159375 0.7605674546875 0.92326239375 0.7753486140625 0.9332656859374999 0.7320195953125 0.8692414515625 0.7172384359375
1 0.9033636812499999 0.7547106140625 0.95176754375 0.7658855265625 0.9650150515625 0.7085042640625 0.9166111890625 0.6973293515625001 0.9033636812499999 0.7547106140625
1 0.5260248203125 1 0.5466980546875 0.9104543828124999 0.47954771875 0.89495150625 0.45872920156249997 0.9851264109375 0.5231537937499999 1 0.5260248203125 1
1 0.3216215171875 0.9164534984375001 0.30945307187500004 0.9691608296875 0.3640989921875 0.981776834375 0.3762674375 0.9290695031249999 0.3216215171875 0.9164534984375001
1 0.2647412375 0.9206004421875 0.256360053125 0.956903340625 0.31256902656249996 0.9698802046875 0.3209502109375 0.9335773062499999 0.2647412375 0.9206004421875
1 0.1612929109375 0.848617528125 0.1488573359375 0.9024819234375 0.20037715312499998 0.9143762093750001 0.212812728125 0.860511815625 0.1612929109375 0.848617528125
1 0.07566665312500001 0.7350946656249999 0.064310140625 0.784285128125 0.103345840625 0.7932972296874999 0.11470235468750001 0.7441067671875 0.07566665312500001 0.7350946656249999
1 0.169104025 0.722124834375 0.1607210828125 0.75843534375 0.1857096171875 0.7642044015625 0.1940925578125 0.7278938921875 0.169104025 0.722124834375
1 0.1755210390625 0.67302876875 0.1622735296875 0.73041003125 0.22473471093750003 0.74483033125 0.23798221874999997 0.68744906875 0.1755210390625 0.67302876875
1 0.4851960828125 0.207934215625 0.4776250734375 0.2407278578125 0.5041766578125 0.246857775 0.5117476671875 0.2140641328125 0.4851960828125 0.207934215625
1 0.47511334375000003 0.166125796875 0.4634861859375 0.2164885484375 0.49783273125000005 0.2244180734375 0.5094598890625 0.17405532031249998 0.47511334375000003 0.166125796875
1 0.6532388109375 0.1283040640625 0.6397206578125 0.186857615625 0.678756359375 0.1958697171875 0.6922745109374999 0.137316165625 0.6532388109375 0.1283040640625
1 0.4283604625 0.3329788703125 0.41186873906250004 0.404412375 0.4493413859375 0.41306361718750007 0.4658331109375 0.34163011249999997 0.4283604625 0.3329788703125
1 0.49859935625 0.66989879375 0.4899457703125 0.7073815921875 0.5274184187500001 0.716032834375 0.5360720046874999 0.6785500359375 0.49859935625 0.66989879375
0 0.46819961250000003 0.245944415625 0.42250642968749996 0.44386333593750005 0.580212284375 0.48027260156249996 0.6259054671875 0.28235368125 0.46819961250000003 0.245944415625