0 0.8377343749999999 0.2067291671875 0.6814843749999999 0.2067291671875 0.6814843749999999 0.3637708328125 0.8377343749999999 0.3637708328125 0.8377343749999999 0.2067291671875
0 0.92909375 0.1666770828125 0.78846875 0.1666770828125 0.78846875 0.26603125 0.92909375 0.26603125 0.92909375 0.1666770828125
0 0.758421875 0.7339791671875 0.610578125 0.7339791671875 0.610578125 0.8317291671874999 0.758421875 0.8317291671874999 0.758421875 0.7339791671875
0 1 0.5641041671875 0.8930312499999999 0.5641041671875 0.8930312499999999 0.6746875 1 0.6746875 1 0.5641041671875
1 0.7259609375 0.6666666671875 0.6334140625 0.6666666671875 0.6334140625 0.7435833328125 0.7259609375 0.7435833328125 0.7259609375 0.6666666671875
1 0.36659375 0.45834374999999994 0.2704375 0.45834374999999994 0.2704375 0.5993645828124999 0.36659375 0.5993645828124999 0.36659375 0.45834374999999994
1 0.1201953125 0.3910208328125 0.016835937500000002 0.3910208328125 0.016835937500000002 0.4326875 0.1201953125 0.4326875 0.1201953125 0.3910208328125
1 0 0.5031979171875001 0.03846875 0.5031979171875001 0.03846875 0.4423020828125 0 0.4423020828125 0 0.5031979171875001
1 0.26803125 0.6875 0.21275 0.6875 0.21275 0.7291666671875 0.26803125 0.7291666671875 0.26803125 0.6875
1 0.19230468750000002 0.2644270828125 0.14422656250000002 0.2644270828125 0.14422656250000002 0.32853125 0.19230468750000002 0.32853125 0.19230468750000002 0.2644270828125
1 0.4988046875 0.0961458328125 0.4194765625 0.0961458328125 0.4194765625 0.1410208328125 0.4988046875 0.1410208328125 0.4988046875 0.0961458328125
1 0.5276484375 0.1906979171875 0.4459140625 0.1906979171875 0.4459140625 0.2403854171875 0.5276484375 0.2403854171875 0.5276484375 0.1906979171875
1 0.43629687500000003 0.3205104171875 0.391828125 0.3205104171875 0.391828125 0.38140625 0.43629687500000003 0.38140625 0.43629687500000003 0.3205104171875
1 1 0.1891041671875 0.9495234375000001 0.1891041671875 0.9495234375000001 0.2483958328125 1 0.2483958328125 1 0.1891041671875
1 1 0.4102604171875 0.9579375000000001 0.4102604171875 0.9579375000000001 0.45032291718749995 1 0.45032291718749995 1 0.4102604171875
1 0.9086562499999999 0.3974375 0.859375 0.3974375 0.859375 0.46635416718749995 0.9086562499999999 0.46635416718749995 0.9086562499999999 0.3974375
1 0.9158593749999999 0.49839583281250005 0.876203125 0.49839583281250005 0.876203125 0.5576875 0.9158593749999999 0.5576875 0.9158593749999999 0.49839583281250005