0 0.7584140625 0.1794895828125 0.5985546875 0.1794895828125 0.5985546875 0.3205104171875 0.7584140625 0.3205104171875 0.7584140625 0.1794895828125
0 0.8605703124999999 0.1442291671875 0.7187421875 0.1442291671875 0.7187421875 0.2131458328125 0.8605703124999999 0.2131458328125 0.8605703124999999 0.1442291671875
0 1 0.5368645828124999 0.7932734375 0.5368645828124999 0.7932734375 0.7051354171875001 1 0.7051354171875001 1 0.5368645828124999
1 0.6502421875 0.7259583328125 0.5084140625 0.7259583328125 0.5084140625 0.8060833328125 0.6502421875 0.8060833328125 0.6502421875 0.7259583328125
1 0.24157812500000003 0.4919895828125 0.168265625 0.4919895828125 0.168265625 0.5593020828124999 0.24157812500000003 0.5593020828124999 0.24157812500000003 0.4919895828125
1 0.2163515625 0.45513541718750006 0.16827343749999998 0.45513541718750006 0.16827343749999998 0.4951979171875 0.2163515625 0.4951979171875 0.2163515625 0.45513541718750006
1 0.20793750000000003 0.3862291671875 0.15865625 0.3862291671875 0.15865625 0.4182708328125 0.20793750000000003 0.4182708328125 0.20793750000000003 0.3862291671875
1 0.15625 0.4567395828125 0.11659375000000001 0.4567395828125 0.11659375000000001 0.47596875 0.15625 0.47596875 0.15625 0.4567395828125
1 0.137015625 0.6810937499999999 0.090140625 0.6810937499999999 0.090140625 0.7147395828125 0.137015625 0.7147395828125 0.137015625 0.6810937499999999
1 0.394234375 0.5048020828124999 0.354578125 0.5048020828124999 0.354578125 0.55128125 0.394234375 0.55128125 0.394234375 0.5048020828124999
1 0.936296875 0.375 0.8870156250000001 0.375 0.8870156250000001 0.4134583328125 0.936296875 0.4134583328125 0.936296875 0.375
1 0.921875 0.169875 0.875 0.169875 0.875 0.21154166718749998 0.921875 0.21154166718749998 0.921875 0.169875
1 0.3533671875 0.3108958328125 0.30769531250000004 0.3108958328125 0.30769531250000004 0.3413541671875 0.3533671875 0.3413541671875 0.3533671875 0.3108958328125
1 0.412265625 0.0576875 0.36779687499999997 0.0576875 0.36779687499999997 0.09293749999999999 0.412265625 0.09293749999999999 0.412265625 0.0576875