0 0.29201855625 0.44483785 0.4622902953125 0.4872913625 0.5002821140625 0.3349145046875 0.33001037499999997 0.2924609921875 0.29201855625 0.44483785
1 0.060817485937500006 0.5424505984375 0.12496312968750001 0.5584439031249999 0.144347121875 0.4806989578125 0.080201478125 0.46470565312499995 0.060817485937500006 0.5424505984375
1 0.8752907625 0.23185731875 0.9172712140625 0.242324221875 0.92618704375 0.2065647796875 0.8842065921875 0.19609787812499999 0.8752907625 0.23185731875
1 0.839564059375 0.2906695546875 0.860561865625 0.29590489531249997 0.8687015296875 0.2632584875 0.8477037234375 0.258023146875 0.839564059375 0.2906695546875
1 0.7859380484375 0.3020767578125 0.8290858859375 0.3128347234375 0.8403302140625 0.2677361859375 0.7971823765625 0.25697822187499997 0.7859380484375 0.3020767578125
1 0.3478371515625 0.18127300468750002 0.388650215625 0.19144884375 0.3967898796875 0.1588024359375 0.355976815625 0.148626596875 0.3478371515625 0.18127300468750002
1 0.33695129218750003 0.2099496296875 0.37194258125 0.21867393750000003 0.3781468703125 0.19378989375 0.34315558125 0.1850655859375 0.33695129218750003 0.2099496296875
1 0.271743721875 0.3324271796875 0.2997306890625 0.33940511406249996 0.307099228125 0.309851525 0.279112259375 0.3028735890625 0.271743721875 0.3324271796875
1 0.2468475828125 0.30310621718749997 0.289995421875 0.3138641828125 0.2981350859375 0.2812177734375 0.25498724687499996 0.2704598078125 0.2468475828125 0.30310621718749997
1 0.1583086484375 0.4296755265625 0.209628196875 0.44247092656250003 0.2177678609375 0.40982451875 0.1664483125 0.39702911875 0.1583086484375 0.4296755265625
1 0.1641887671875 0.5153727984375001 0.21550831406249998 0.5281681984375 0.22520031093749998 0.489295725 0.1738807625 0.47650032500000006 0.1641887671875 0.5153727984375001
1 0.0067374671875 0.47116668749999996 0.04289614375 0.48018205781249995 0.05220005625 0.4428661 0.0160413796875 0.4338507296875 0.0067374671875 0.47116668749999996
1 0.028722781250000003 0.7954084484374999 0.084696715625 0.8093643171875 0.100593 0.745607803125 0.044619065624999996 0.7316519328125 0.028722781250000003 0.7954084484374999
1 0 0.69409620625 0.032152740624999995 0.702112784375 0.0395212796875 0.67255919375 0 0.6627054328125 0 0.69409620625
1 0.449365734375 0.9514843953125001 0.4995178953125 0.9639887343750001 0.5216184687500001 0.8753481765625001 0.4714663078125 0.8628438375 0.449365734375 0.9514843953125001
1 0.506454459375 0.8666075359375001 0.539110975 0.8747497203125001 0.5530668453125 0.8187757843749999 0.5204103296875 0.8106336015625001 0.506454459375 0.8666075359375001
1 0.157822190625 0.8787944265625001 0.1986352546875 0.888970265625 0.21569578906250003 0.8205442015625 0.174882725 0.8103683625 0.157822190625 0.8787944265625001
1 0.6048295921875 0.9291283531250001 0.6503122046875001 0.9404684421875 0.663879990625 0.8860510234375001 0.618397378125 0.8747109343749999 0.6048295921875 0.9291283531250001
1 0.81182169375 0.650404140625 0.8992847578125 0.6722111328125 0.9178925843749999 0.59757921875 0.8304295203125 0.5757722281250001 0.81182169375 0.650404140625
1 0.7441513468750001 0.59390708125 0.788466571875 0.6049561078125001 0.7989347343750001 0.5629706031249999 0.754619509375 0.5519215765625 0.7441513468750001 0.59390708125
1 0.7654656531249999 0.5083877734375 0.84127000625 0.527287921875 0.8505739203125 0.48997196406250004 0.774769565625 0.4710718171875 0.7654656531249999 0.5083877734375
1 0.787205746875 0.460946296875 0.8595079390624999 0.4789732578125 0.8688118515625 0.44165730156249994 0.7965096593750001 0.42363034062500005 0.787205746875 0.460946296875
1 0.6830363546875 0.4564450671875 0.7355232890625001 0.4695315296875 0.7456033671875 0.4291025421875 0.6931164328125 0.4160160796875 0.6830363546875 0.4564450671875
1 0.6349011625000001 0.545196834375 0.6722272265625 0.5545032671875 0.681919221875 0.51563079375 0.6445931578125 0.5063243609375 0.6349011625000001 0.545196834375
1 0.8336692031249999 1 0.8384645328125 0.9807669828125001 0.8011384703125 0.97146055 0.7940227859375 1 0.8336692031249999 1
1 0.7404968203125 0.9712203734375 0.780142496875 0.98110515 0.8045665281250001 0.883145709375 0.7649208515625 0.8732609328125 0.7404968203125 0.9712203734375
1 0.9307612656250001 0.680080578125 0.9680873296874999 0.6893870109375 0.9832074484375 0.628743528125 0.945881384375 0.6194370953125 0.9307612656250001 0.680080578125
1 0.92523484375 0.5184959453125 0.9637131328124999 0.5280896609375 0.9699174218750001 0.5032056171875 0.93143913125 0.49361190156249996 0.92523484375 0.5184959453125
1 0.921238609375 0.3556180828125 0.986551640625 0.37190245 0.9943032203125 0.34081255781249997 0.928990190625 0.324528190625 0.921238609375 0.3556180828125
1 0 0.5190314500000001 0.0009520921875 0.5192688328124999 0.011420253125 0.4772833296875 0 0.474435940625 0 0.5190314500000001
1 1 0.5354729796875 0.972267865625 0.52855858125 0.96374011875 0.56276150625 0.9975564406249999 0.5711928625 1 0.5613922812500001 1 0.5354729796875