1 0.133704103125 0.7528166546875 0.131502721875 0.7948215109375 0.200324940625 0.7984283296875 0.20252632187500003 0.756423475 0.133704103125 0.7528166546875
1 0.6051523984375 0.5452214765625001 0.602447284375 0.596838140625 0.7240720390625001 0.6032122234374999 0.7267771546875 0.551595559375 0.6051523984375 0.5452214765625001
1 0.8639976109375 0.32168860625 0.8589022140625 0.41891455312500003 0.9597221875 0.4241983046875 0.9648175828125 0.32697235625 0.8639976109375 0.32168860625
1 1 0.3721490125 0.9497474828125 0.369515390625 0.9464764859375 0.43192973593749995 1 0.43473478437499996 1 0.3721490125
1 0.8074919406250001 0.4198345828125 0.8042839109375001 0.48104745312499997 0.9179196296875001 0.4870028484375 0.9211276609375 0.4257899796875 0.8074919406250001 0.4198345828125
1 0.5160659375 0.43825620781249996 0.5119771921875 0.516274140625 0.6127971640625 0.5215578921875 0.6168859109375 0.44353995937499996 0.5160659375 0.43825620781249996
1 0.9731060703125 0.0770636515625 0.97587374375 0.0242533125 0.8846447734374999 0.0194722046875 0.8818771015625 0.07228254375 0.9731060703125 0.0770636515625
1 1 0.025525540625 0.975873334375 0.024261115625 0.9729171703124999 0.0806680796875 1 0.08208743125 1 0.025525540625
1 0.82003945 0.0582066078125 0.8165165859375 0.125426859375 0.9269483671875 0.13121434375000002 0.93047123125 0.06399409218749999 0.82003945 0.0582066078125
1 0.83403543125 0.0974616484375 0.8382501109374999 0.017040764062499998 0.7294202953125 0.011337235937499999 0.725205615625 0.0917581203125 0.83403543125 0.0974616484375
1 0.6324965171875 0.1458708859375 0.6270241390625 0.2502900859375 0.694244390625 0.25381295000000004 0.69971676875 0.14939375 0.6324965171875 0.1458708859375
1 0.6764669265625 0.0723526140625 0.6720003796875 0.15757940312500002 0.753617540625 0.161856778125 0.7580840875 0.0766299890625 0.6764669265625 0.0723526140625
0 0.612455553125 0.7730878515625 0.6035862437499999 0.94232435 0.7268129671875 0.9487823890625 0.735682275 0.779545890625 0.612455553125 0.7730878515625
0 0.2184377078125 0.6669773796875 0.21013428125 0.8254161968749999 0.269344690625 0.8285192828125 0.2776481171875 0.670080465625 0.2184377078125 0.6669773796875
0 0.2587076078125 0.8171266546875 0.24977533125 0.98756463125 0.400214709375 0.9954488250000001 0.4091469859375 0.8250108484374999 0.2587076078125 0.8171266546875
0 0.3548367625 0.66690491875 0.3415638734375 0.9201667296875 0.5592235046875 0.9315737875 0.57249639375 0.6783119765625 0.3548367625 0.66690491875
1 0.3477950953125 0.5871067125 0.34546778125 0.6315145203125 0.380669471875 0.6333593625 0.3829967859375 0.5889515546874999 0.3477950953125 0.5871067125