0 0.35115784375 0.6682808375 0.5167899140625 0.659600428125 0.509409453125 0.5187728578125 0.34377738281250003 0.5274532671875 0.35115784375 0.6682808375
1 0.150608528125 0.47017194062499995 0.20701549375 0.46721577812500004 0.2034926296875 0.39999552656250004 0.1470856640625 0.40295169062499997 0.150608528125 0.47017194062499995
1 0.5874009171875 0.16965013906249998 0.6462108343749999 0.16656804218750002 0.641933459375 0.08495088281249999 0.5831235421875001 0.08803298125 0.5874009171875 0.16965013906249998
1 0.2997739234375 0.17027715000000002 0.3453832078125 0.16788686875 0.3424480328125 0.1118803953125 0.2968387484375 0.1142706765625 0.2997739234375 0.17027715000000002
1 0.42996423906250003 0.05914454375 0.4270290640625 0.003138071875 0.34780965625000004 0.0072897843749999995 0.35074483125 0.0632962578125 0.42996423906250003 0.05914454375
1 0.340965109375 0.0605960546875 0.338197846875 0.007793518750000001 0.274582025 0.0111274828125 0.2773492875 0.06393001875 0.340965109375 0.0605960546875
1 0.0953541640625 0.288523121875 0.1589699875 0.2851891578125 0.15687327812500002 0.2451815625 0.09325745625000001 0.2485155265625 0.0953541640625 0.288523121875
1 0 0.383383159375 0.058038115625 0.380341509375 0.05418051875 0.30673419218750003 0 0.309573671875 0 0.383383159375
1 0.6208533234375 0.23369548125 0.6604552265625 0.23162003437499998 0.6567644515625 0.1611958453125 0.6171625484375001 0.16327129375 0.6208533234375 0.23369548125
1 0.164261084375 0.225528396875 0.22787690781249997 0.2221944328125 0.2249417328125 0.166187959375 0.16132591093749998 0.1695219234375 0.164261084375 0.225528396875
1 0.8822737296875 0.49118959687499997 0.9698878671875001 0.48659793437500004 0.9666168703125001 0.42418358906250003 0.8790027328125 0.42877525156249996 0.8822737296875 0.49118959687499997
1 0.8126413328125001 0.5863184125 0.8918607421875 0.5821666999999999 0.8900159000000001 0.546965009375 0.810796490625 0.5511167218749999 0.8126413328125001 0.5863184125
1 0.823719915625 0.637089434375 0.8981334203125 0.6331895890625 0.8960367109374999 0.5931819921875 0.82162320625 0.5970818390625 0.823719915625 0.637089434375
1 0.7866169609375 0.7786523437499999 0.8334277203125 0.7761990953125 0.8317507890625 0.7442013421875 0.7849400296875 0.7466545890625 0.7866169609375 0.7786523437499999
1 0.8568975046875 0.8568104234374999 0.9037082640625 0.8543571765625 0.9021141984375 0.8239405859375 0.8553034390625 0.8263938328125 0.8568975046875 0.8568104234374999
1 0.3430192171875 0.8115385249999999 0.38382259531249996 0.8094001109375 0.3822285296875 0.7789835203125001 0.34142515156250003 0.781121934375 0.3430192171875 0.8115385249999999
1 0.33515864687499997 0.776641675 0.368768771875 0.7748802421875001 0.3674265734375 0.7492695546875 0.3338164484375 0.7510309875 0.33515864687499997 0.776641675
1 1 0.563658846875 0.9596035671875001 0.565775934375 0.9613644546875 0.5993756578125 1 0.5973508546875 1 0.563658846875
1 0.935806434375 0.7547804046875 0.9802142406250001 0.7524530890625 0.9782854421874999 0.7156494312499999 0.9338776359375001 0.7179767453125 0.935806434375 0.7547804046875
1 0.7965165640625 0.5085244546875 0.849334703125 0.5057563734375 0.8472379953125 0.46574877812500004 0.7944198546875 0.46851685937500004 0.7965165640625 0.5085244546875
1 0.21617547187500002 0.55019385 0.26058327812500004 0.5478665359375 0.2589892125 0.5174499453125 0.21458140625 0.519777259375 0.21617547187500002 0.55019385
1 0.300929953125 0.6516576125 0.3237423953125 0.6504620625 0.3225681078125 0.6280553125 0.2997556640625 0.6292508625 0.300929953125 0.6516576125
1 0.27209854375 0.6756368953125 0.311700446875 0.673561446875 0.3105261578125 0.651154696875 0.27092425625 0.6532301453125 0.27209854375 0.6756368953125
1 0.871891134375 0.20127315937499998 0.9103071640625 0.1992598609375 0.905945834375 0.116040734375 0.8675298046875 0.1180540328125 0.871891134375 0.20127315937499998
1 0.7239580578125 0.1801531015625 0.7635599609375 0.1780776546875 0.7610434734375 0.1300602171875 0.721441571875 0.132135665625 0.7239580578125 0.1801531015625
1 0.6916581984375 0.5284563 0.72046241875 0.5269467359375 0.7187015328124999 0.49334701093750005 0.6898973109375001 0.49485657656250004 0.6916581984375 0.5284563
1 0.6687821859375 0.6660713 0.69758640625 0.6645617359375 0.69624420625 0.63895105 0.6674399859375 0.6404606140625 0.6687821859375 0.6660713
1 0.2401019546875 0.47830144218750004 0.28450976093749997 0.475974128125 0.2828328296875 0.4439763734375 0.2384250234375 0.44630368750000005 0.2401019546875 0.47830144218750004
1 1 0.5973612859374999 0.9865725937500001 0.5980649859375 0.9884174359375001 0.6332666765625 1 0.632659659375 1 0.5973612859374999