1 0.3485625 0.232375 0.29446875 0.232375 0.29446875 0.2740416671875 0.3485625 0.2740416671875 0.3485625 0.232375
1 0.2932734375 0.2163541671875 0.2680390625 0.2163541671875 0.2680390625 0.2483958328125 0.2932734375 0.2483958328125 0.2932734375 0.2163541671875
0 0.802875 0.3974479171875 0.62259375 0.3974479171875 0.62259375 0.5560937499999999 0.802875 0.5560937499999999 0.802875 0.3974479171875
1 1 0.6442395828125 0.9555312499999999 0.6442395828125 0.9555312499999999 0.72596875 1 0.72596875 1 0.6442395828125
1 0.3101015625 0.44390625000000006 0.2283671875 0.44390625000000006 0.2283671875 0.48396875 0.3101015625 0.48396875 0.3101015625 0.44390625000000006
1 0.3004765625 0.3878229171875 0.2235546875 0.3878229171875 0.2235546875 0.42788541718750006 0.3004765625 0.42788541718750006 0.3004765625 0.3878229171875
1 0.4915859375 0.8621874999999999 0.44832031250000004 0.8621874999999999 0.44832031250000004 0.9246874999999999 0.4915859375 0.9246874999999999 0.4915859375 0.8621874999999999
1 0.5228359375 0.9246770828124999 0.47475781250000004 0.9246770828124999 0.47475781250000004 0.9999895828125 0.5228359375 0.9999895828125 0.5228359375 0.9246770828124999
1 1 0.9214791671875 0.9315 0.9214791671875 0.9315 0.9936041671875 1 0.9936041671875 1 0.9214791671875
1 0.23436718750000002 0.8605625 0.1778828125 0.8605625 0.1778828125 0.9743541671875 0.23436718750000002 0.9743541671875 0.23436718750000002 0.8605625
1 0.102171875 0.5448645828124999 0.003609375 0.5448645828124999 0.003609375 0.6153854171875001 0.102171875 0.6153854171875001 0.102171875 0.5448645828124999
1 0.23196875 0.5320520828124999 0.13821875 0.5320520828124999 0.13821875 0.6105729171875 0.23196875 0.6105729171875 0.23196875 0.5320520828124999
1 0.3137109375 0.52725 0.2632265625 0.52725 0.2632265625 0.572125 0.3137109375 0.572125 0.3137109375 0.52725
1 0.7932734375 0.23396875 0.7560078125 0.23396875 0.7560078125 0.27082291718749996 0.7932734375 0.27082291718749996 0.7932734375 0.23396875
1 0.8125 0.27884375 0.765625 0.27884375 0.765625 0.3076979171875 0.8125 0.3076979171875 0.8125 0.27884375
1 0.8461484374999999 0.41186458281249994 0.8185078125 0.41186458281249994 0.8185078125 0.44071875 0.8461484374999999 0.44071875 0.8461484374999999 0.41186458281249994
1 0.8798125000000001 0.384625 0.8305312499999999 0.384625 0.8305312499999999 0.4262916671875 0.8798125000000001 0.4262916671875 0.8798125000000001 0.384625
1 0.945921875 0.544875 0.8942343749999999 0.544875 0.8942343749999999 0.5865416671875 0.945921875 0.5865416671875 0.945921875 0.544875
1 0.27404687499999997 0.1458333328125 0.224765625 0.1458333328125 0.224765625 0.1810833328125 0.27404687499999997 0.1810833328125 0.27404687499999997 0.1458333328125
1 0.1851015625 0.25159375 0.1394296875 0.25159375 0.1394296875 0.29165625 0.1851015625 0.29165625 0.1851015625 0.25159375
1 0.157453125 0.4182604171875 0.118984375 0.4182604171875 0.118984375 0.44711458281249994 0.157453125 0.44711458281249994 0.157453125 0.4182604171875
1 0.0925546875 0.3766041671875 0.046882812499999996 0.3766041671875 0.046882812499999996 0.40064583281250005 0.0925546875 0.40064583281250005 0.0925546875 0.3766041671875
1 0.10577343749999998 0.44390625000000006 0.0396640625 0.44390625000000006 0.0396640625 0.4807604171875 0.10577343749999998 0.4807604171875 0.10577343749999998 0.44390625000000006
1 0.7608203125 0.5993541671875 0.7103359375 0.5993541671875 0.7103359375 0.6442291671875 0.7608203125 0.6442291671875 0.7608203125 0.5993541671875
1 0.43149218749999996 0.5224375 0.3990390625 0.5224375 0.3990390625 0.5528958328125 0.43149218749999996 0.5528958328125 0.43149218749999996 0.5224375
1 0.171875 0.9567291671874999 0.12740625 0.9567291671874999 0.12740625 0.9887708328124999 0.171875 0.9887708328124999 0.171875 0.9567291671874999
1 0 0.7035312499999999 0.03125 0.7035312499999999 0.03125 0.6602604171875 0 0.6602604171875 0 0.7035312499999999
1 0.929078125 0.6250104171875 0.8689843749999999 0.6250104171875 0.8689843749999999 0.65865625 0.929078125 0.65865625 0.929078125 0.6250104171875
1 0.3786015625 0.9102499999999999 0.3377421875 0.9102499999999999 0.3377421875 0.9583333328125001 0.3786015625 0.9583333328125001 0.3786015625 0.9102499999999999