0 0.4473054671875 0.8763714828125 0.5948863546875 0.8556303421875 0.5783827453125 0.738201053125 0.43080185625 0.7589421953125 0.4473054671875 0.8763714828125
0 0.2850807515625 0.6548239640625 0.44695863593749996 0.6320735109375 0.4322381796875 0.5273320328125 0.27036029687499996 0.5500824859375 0.2850807515625 0.6548239640625
0 0.135100465625 0.7535854078125 0.32792422656250003 0.7264857953125 0.30338916875 0.5519097890625 0.11056540781249999 0.5790094015625 0.135100465625 0.7535854078125
1 0.201825078125 0.7619850484375 0.28633826875 0.7501074953125 0.2789794921875 0.6977470703125 0.1944663015625 0.709624625 0.201825078125 0.7619850484375
1 0.6059978312500001 0.5029011875 0.7369298375 0.48449989374999997 0.7224326390625 0.3813469703125 0.5915006328125 0.3997482625 0.6059978312500001 0.5029011875
1 0.8708160578124999 0.6080901375 0.9731695468750001 0.59370529375 0.95867235 0.4905523703125 0.8563188609375001 0.5049372156249999 0.8708160578124999 0.6080901375
0 0.360483684375 0.9322800890625 0.485458609375 0.9147160078125 0.47564400625000003 0.8448814796875 0.35066908125 0.862445559375 0.360483684375 0.9322800890625
1 0.131932915625 0.4546377421875 0.20453194375 0.4444346140625 0.1933806984375 0.3650893859375 0.1207816703125 0.37529251406249997 0.131932915625 0.4546377421875
1 0.46269757343749995 0.11360823906249999 0.447085540625 0.00252285625 0.348290828125 0.016407546875 0.3639028609375 0.12749293125 0.46269757343749995 0.11360823906249999
1 0.271361121875 0.0822443953125 0.383245940625 0.066520009375 0.37566390625 0.01257103125 0.2637790875 0.028295417187499998 0.271361121875 0.0822443953125
1 0.17399151562499998 0.123446603125 0.298966440625 0.105882521875 0.2875919390625 0.0249487390625 0.162617015625 0.0425128203125 0.17399151562499998 0.123446603125
1 0.051848278125 0.092056840625 0.170866121875 0.0753299734375 0.1661835265625 0.0420115796875 0.047165684375 0.0587384453125 0.051848278125 0.092056840625
1 0.7709540625 0.9166683875 0.8042827718750001 0.91198434375 0.7996001781250001 0.8786659484375001 0.7662714671875 0.8833499921874999 0.7709540625 0.9166683875