0 0.366884334375 0.6487376359375 0.5732719000000001 0.6233964296875001 0.5519828484375 0.4500110234375 0.3455952828125 0.47535223125000003 0.366884334375 0.6487376359375
1 0.8316988203125 0.6175040218750001 0.8782244218749999 0.611791396875 0.8721690390625 0.562474259375 0.8256434374999999 0.5681868859375 0.8316988203125 0.6175040218750001
1 0.1294331390625 0.884568925 0.20936412031249998 0.8747546359375 0.19627840000000002 0.7681799921875 0.1163474171875 0.7779942828124999 0.1294331390625 0.884568925
1 0.2097645671875 0.6906355203125 0.25748432499999996 0.6847762703125 0.2522109375 0.641827971875 0.20449117968750002 0.6476872218749999 0.2097645671875 0.6906355203125
1 0.293657303125 0.505962121875 0.3246743703125 0.50215370625 0.320378475 0.46716645312500005 0.2893614078125 0.4709748703125 0.293657303125 0.505962121875
1 0.24271426406250002 0.8012255328125001 0.2964048078125 0.7946331640625 0.2891789703125 0.735783446875 0.23548842812499998 0.7423758171875 0.24271426406250002 0.8012255328125001
1 0.935815071875 0.44971057031250006 0.99665505 0.4422403609375 0.9900157093749999 0.3881672734375 0.92917573125 0.3956374828125 0.935815071875 0.44971057031250006
1 1 0.46941869374999995 0.9982255234374999 0.45496674375 0.958864865625 0.45979962499999993 0.9653087078125001 0.5122805031250001 1 0.5080209484375 1 0.46941869374999995
1 0.0449442890625 0.8965590640625001 0.1189044859375 0.8874778937500001 0.108357709375 0.801581296875 0.0343975125 0.8106624671875 0.0449442890625 0.8965590640625001
1 0.0407437875 0.8131156703125001 0.090851859375 0.8069631718749999 0.0840170203125 0.7512978765625 0.0339089484375 0.7574503734375 0.0407437875 0.8131156703125001
1 0.2581475734375 0.47318073906249997 0.3070614875 0.467174865625 0.30354505 0.4385357734375 0.25463113437499996 0.44454164687500003 0.2581475734375 0.47318073906249997
1 0.3287155671875 0.28851670625 0.3668975765625 0.2838285453125 0.3624061828125 0.247249084375 0.3242241734375 0.2519372453125 0.3287155671875 0.28851670625
1 0.3202757546875 0.3283106296875 0.35726360625 0.3237690921875 0.353358709375 0.2919662578125 0.3163708578125 0.29650779531250004 0.3202757546875 0.3283106296875
1 0.8295127625 0.25449168125 0.8951293687499999 0.24643497499999997 0.8904424765625001 0.208263303125 0.824825871875 0.216320009375 0.8295127625 0.25449168125
1 0.8929870781249999 0.21924337343750003 0.9204216734375 0.21587482812499997 0.91573478125 0.17770315625 0.8883001859374999 0.18107170156250002 0.8929870781249999 0.21924337343750003
1 0.8250715453125 0.46493487343749995 0.8668205171875 0.45980874531250004 0.8629156203124999 0.4280059109375 0.8211666484375 0.433132040625 0.8250715453125 0.46493487343749995
1 0.2442928421875 0.5378512515625 0.2812806953125 0.5333097140625 0.2763983046875 0.4935458328125 0.23941045156250002 0.4980873703125 0.2442928421875 0.5378512515625
1 0.3739893796875 0.9530252812500001 0.4443671046875 0.9443839828125 0.4346023234375 0.864856221875 0.3642245984375 0.8734975203124999 0.3739893796875 0.9530252812500001