1 0.44753920156250004 0.7520597687499999 0.45281625625000005 0.8022675859374999 0.4942546671875 0.7979122328125 0.4889776125 0.747704415625 0.44753920156250004 0.7520597687499999
1 0.5261291515625001 1 0.574578 0.9949078203124999 0.5700555109375001 0.9518792093749999 0.5078978921874999 0.9584122374999999 0.5122689421875 1 0.5261291515625001 1
1 0.5964686984375 0.973282403125 0.5984784203125 0.992403640625 0.6383214546875 0.98821596875 0.63631173125 0.96909473125 0.5964686984375 0.973282403125
1 0.67600066875 0.94799458125 0.6797702265625001 0.9838595281250001 0.7897477734375 0.9723004218750001 0.7859782156249999 0.9364354765625 0.67600066875 0.94799458125
0 0.4423555921875 0.3501656109375 0.46484391093750005 0.564127671875 0.654507525 0.5441932234375 0.6320192062500001 0.3302311609375 0.4423555921875 0.3501656109375
1 0.7156415828125 0.037425284375 0.724562434375 0.12230151250000001 0.8377307390625001 0.11040704374999999 0.8288098875 0.025530815624999998 0.7156415828125 0.037425284375
1 0.5856071640625 0.164691321875 0.5920144328125 0.22565240625 0.64302511875 0.220290965625 0.63661785 0.15932988125 0.5856071640625 0.164691321875
1 0.4194139703125 0.3006046625 0.424439503125 0.3484194109375 0.46747329375 0.3438963765625 0.4624477609375 0.2960816296875 0.4194139703125 0.3006046625
1 0.3915036453125 0.26485750937499997 0.3976593921875 0.323425525 0.43431166875000005 0.319573215625 0.428155921875 0.2610052 0.3915036453125 0.26485750937499997
1 0.21117522656249998 0.3889571046875 0.21607499843750003 0.43557531875000005 0.26229954843750003 0.4307169234375 0.2573997765625 0.384098709375 0.21117522656249998 0.3889571046875
1 0.65532624375 0 0.658997146875 0.0349263 0.7370878359375 0.026718637499999996 0.73427959375 0 0.65532624375 0