0 0.8102272968750001 0 0.8118936234374999 0.09546384218750001 0.8791958718749999 0.09428907812500001 0.8775500484375 0 0.8102272968750001 0
0 0.5890477765625 0 0.5904875078125 0.0824821859375 0.72348808125 0.08016065156249999 0.7220888734375001 0 0.5890477765625 0
1 0.620723371875 0.345221075 0.619464890625 0.2731226828125 0.5169180109375 0.27491264531250004 0.5181764921875 0.3470110375 0.620723371875 0.345221075
1 0.7575807078125 0.19738038125 0.7568046203125001 0.1529184046875 0.7231639109375 0.15350560468750002 0.723939996875 0.1979675828125 0.7575807078125 0.19738038125
1 0.601716065625 0.17486279062500001 0.6010866874999999 0.1388057828125 0.5321805171875 0.14000854375 0.53280989375 0.17606555156249998 0.601716065625 0.17486279062500001
1 0.3915489515625 0.2554570484375 0.3904371796875 0.19176362656249998 0.2959099125 0.19341360624999998 0.2970216859375 0.25710702812499997 0.3915489515625 0.2554570484375
1 0.4542282734375 0.26518493906249996 0.4524454015625 0.16304424687500002 0.38674707656249996 0.164191015625 0.3885299484375 0.26633170625 0.4542282734375 0.26518493906249996
1 0.23379846406250002 0.40005250937500003 0.2328336734375 0.3447796796875 0.1142684015625 0.34684924375000004 0.11523319218750001 0.402122075 0.23379846406250002 0.40005250937500003
1 0.1458556953125 0.5037749953125 0.1442615265625 0.4124451578125 0.0352989578125 0.41434710625 0.036893125 0.5056769437499999 0.1458556953125 0.5037749953125
1 0.2324471734375 0.5058734609375 0.23131440312499998 0.4409770953125 0.13997415 0.4425714453125 0.1411069203125 0.5074678109375 0.2324471734375 0.5058734609375
1 0.17729776875 0.8362143874999999 0.17429813593750001 0.664365565625 0.08776965 0.665875925 0.09076928125 0.8377247484374999 0.17729776875 0.8362143874999999
1 0.2515078859375 0.7724017109375 0.24980873125 0.6750571640625 0.177694715625 0.6763159187500001 0.1793938703125 0.773660465625 0.2515078859375 0.7724017109375
1 0.3011765734375 0.6789737687499999 0.2999180921875 0.6068753765625 0.20218297968750001 0.6085813484375 0.2034414625 0.680679740625 0.3011765734375 0.6789737687499999
1 0.6879831000000001 0.25029058593750003 0.686892325 0.1878001046875 0.65164769375 0.1884153015625 0.65273846875 0.2509057828125 0.6879831000000001 0.25029058593750003
0 0.366545328125 0.1080428453125 0.3646994640625 0.0022933296875 0.25252905000000003 0.004251271875 0.25437491562500003 0.1100007875 0.366545328125 0.1080428453125
1 0.085579753125 1 0.0845955359375 0.9436142468750001 0.007690582812500001 0.944956628125 0.008651368750000001 1 0.085579753125 1
1 0.8317383828124999 0.129966509375 0.831151 0.09631538437500001 0.807112996875 0.0967349703125 0.8077003796875 0.13038609375000002 0.8317383828124999 0.129966509375