1 0.0864229078125 0.6277233078125 0.083488775 0.58576326875 0.056305154687500004 0.5876641328125001 0.0592392875 0.6296241703125001 0.0864229078125 0.6277233078125
1 0.4962837234375 0.9291875265625 0.489660128125 0.8344657015625 0.37934616875 0.84217960625 0.3859697640625 0.9369014296874999 0.4962837234375 0.9291875265625
1 0.60348221875 0.8542224390625 0.5961883078125 0.749914646875 0.465091765625 0.7590818109375 0.4723856765625 0.8633896015625 0.60348221875 0.8542224390625
1 0.5922111859375 0.5092151203124999 0.5798860890624999 0.332958021875 0.4839744625 0.33966481718749997 0.496299559375 0.5159219140625 0.5922111859375 0.5092151203124999
1 0.7301624140625 0.299565809375 0.7164966859375 0.1041367765625 0.5742191125 0.11408579375000001 0.5878848421875 0.30951482656249996 0.7301624140625 0.299565809375
1 0.635986690625 0.07843244375 0.6318786875 0.0196852734375 0.5279657656250001 0.026951571875000004 0.53207376875 0.0856987421875 0.635986690625 0.07843244375
1 0.48034076406250004 1 0.47599375625 0.9378348843750001 0.3768816109375 0.9447654812499999 0.380743984375 1 0.48034076406250004 1
0 0.17112791875 0.736266490625 0.1598927671875 0.5755963296875 0.102345790625 0.57962040625 0.11358094218749999 0.7402905671875 0.17112791875 0.736266490625
0 0.2838287234375 0.60185871875 0.2712529390625 0.42201662500000003 0.1257748484375 0.43218944375 0.13835063281249999 0.6120315375 0.2838287234375 0.60185871875
0 0.3961156546875 0.7144956687499999 0.3790961640625 0.471105628125 0.1904526453125 0.4842968671875 0.20747213593749997 0.727686909375 0.3961156546875 0.7144956687499999
0 0.55219514375 0.6722552187499999 0.5410439171875 0.512785253125 0.42434970781250003 0.52094530625 0.435500934375 0.6804152718750001 0.55219514375 0.6722552187499999