0 0.40144531250000004 0.22275 0.24158593750000001 0.22275 0.24158593750000001 0.2916666671875 0.40144531250000004 0.2916666671875 0.40144531250000004 0.22275
0 0.24759375 0.2451979171875 0.09615625 0.2451979171875 0.09615625 0.39584375 0.24759375 0.39584375 0.24759375 0.2451979171875
0 0.5 0.375 0.1923125 0.375 0.1923125 0.5865416671875 0.5 0.5865416671875 0.5 0.375
0 0.360578125 0.6217916671875 0.181484375 0.6217916671875 0.181484375 0.767625 0.360578125 0.767625 0.360578125 0.6217916671875
1 0 0.9519166671875 0.171875 0.9519166671875 0.171875 0.8092916671875001 0 0.8092916671875001 0 0.9519166671875
1 0.7091328125 0.5785208328125 0.6346171875 0.5785208328125 0.6346171875 0.6923125 0.7091328125 0.6923125 0.7091328125 0.5785208328125
1 0.6382265625 0.6794895828125 0.5745234375 0.6794895828125 0.5745234375 0.7500104171875 0.6382265625 0.7500104171875 0.6382265625 0.6794895828125
1 0.655046875 0.7195625 0.566109375 0.7195625 0.566109375 0.7932708328125 0.655046875 0.7932708328125 0.655046875 0.7195625
1 0.558890625 0.35096875 0.489171875 0.35096875 0.489171875 0.41828125 0.558890625 0.41828125 0.558890625 0.35096875
1 0.47595312500000003 0.2900520828125 0.42067187500000003 0.2900520828125 0.42067187500000003 0.3397395828125 0.47595312500000003 0.3397395828125 0.47595312500000003 0.2900520828125
1 0.45071874999999995 0.3093020828125 0.37259375 0.3093020828125 0.37259375 0.3701979171875 0.45071874999999995 0.3701979171875 0.45071874999999995 0.3093020828125
1 0.240390625 0.8188958328125 0.186296875 0.8188958328125 0.186296875 0.8910208328125 0.240390625 0.8910208328125 0.240390625 0.8188958328125
1 1 0.7131458328125 0.9663437500000001 0.7131458328125 0.9663437500000001 0.7820625 1 0.7820625 1 0.7131458328125
1 0.623796875 0.44711458281249994 0.5564843749999999 0.44711458281249994 0.5564843749999999 0.48396875 0.623796875 0.48396875 0.623796875 0.44711458281249994