0 0.32100624375 0.6083876296875 0.5388026328125 0.646791009375 0.5699688640625 0.470038534375 0.3521724734375 0.43163515312499995 0.32100624375 0.6083876296875
1 0.0236615578125 0.778896765625 0.10059966406250001 0.7924630296874999 0.11813089531250001 0.69303848125 0.0411927890625 0.6794722171875 0.0236615578125 0.778896765625
1 0.9484152124999999 0.6701916609375 0.9768207609375 0.6752003249999999 0.9854489046875001 0.626267690625 0.95704335625 0.6212590265625 0.9484152124999999 0.6701916609375
1 0.9420033109375 0.595834003125 0.9893433281249999 0.604181325 0.9990820953125 0.548950025 0.9517420796874999 0.540602703125 0.9420033109375 0.595834003125
1 0.2980854421875 0.454623534375 0.332415225 0.46067680156249996 0.33909344375 0.42280273749999997 0.3047636609375 0.4167494703125 0.2980854421875 0.454623534375
1 0.27433939375 0.41626101406249993 0.32168710312500004 0.4246096921875 0.3280867625 0.38831542343750003 0.2807390515625 0.37996674375 0.27433939375 0.41626101406249993
1 0.1570387 0.603888275 0.20912579843749998 0.613072634375 0.21552545625000002 0.5767783671875 0.163438359375 0.56759400625 0.1570387 0.603888275
1 0.15914207656249998 0.7165378390625 0.2100443265625 0.7255132796875 0.2178367890625 0.6813200312500001 0.1669345375 0.6723445906250001 0.15914207656249998 0.7165378390625
1 0 0.6770849796875 0.0083911328125 0.6785645625 0.0153479140625 0.639110703125 0 0.6364044515625 0 0.6770849796875
1 0.3974803765625 0.25085000625 0.43771900625000004 0.2579451625 0.44384010468749996 0.2232306890625 0.403601475 0.2161355328125 0.3974803765625 0.25085000625
1 0.373943434375 0.2873803359375 0.41536691093749994 0.2946844125 0.42093088749999996 0.26312953125 0.37950741093749996 0.2558254546875 0.373943434375 0.2873803359375
1 0.7909951140625 0.725424221875 0.8324185906249999 0.7327282984375 0.8404896125000001 0.6869552546875 0.7990661375 0.6796511781250001 0.7909951140625 0.725424221875
1 0.746818790625 0.49145904375000005 0.7894271140625 0.498972040625 0.7941590265625 0.4721360296875 0.751550703125 0.4646230328125 0.746818790625 0.49145904375000005
1 0.8990574078125 0.7770356359374999 0.9570533515624999 0.7872618859375 0.9687420453125 0.7209720140625 0.9107461015625 0.7107457640625 0.8990574078125 0.7770356359374999
1 0 0.7649616921875 0.0182297265625 0.7681760843750001 0.02991841875 0.7018862125 0 0.6966107890625 0 0.7649616921875
1 0.8940699171875 0.36931918750000003 0.9579900953125 0.380590040625 0.9652254359375 0.3395563828125 0.9013052578125 0.32828553125000004 0.8940699171875 0.36931918750000003
1 0.9635463796874999 0.34903380156249997 0.9883973875000001 0.3534157046875 0.9925721781249999 0.3297392859375 0.9677211703124999 0.3253573828125 0.9635463796874999 0.34903380156249997