0 0.6469977890624999 0.1805962375 0.5014502000000001 0.162725240625 0.4866075296875 0.283609090625 0.63215511875 0.3014800875 0.6469977890624999 0.1805962375
0 0.761047575 0.15908506875 0.6381734640625 0.143998025 0.629774634375 0.21240099687499997 0.752648746875 0.227488040625 0.761047575 0.15908506875
0 0.943742190625 0.446303321875 0.737354625 0.42096211562499997 0.7213389625 0.5513992234375 0.9277265281249999 0.5767404296875001 0.943742190625 0.446303321875
0 0.7691363921875001 0.4975205765625 0.609274428125 0.47789199531250004 0.596775203125 0.5796900109374999 0.75663716875 0.5993185921874999 0.7691363921875001 0.4975205765625
1 0.119774028125 0.42103182656250004 0.052963265625 0.412828496875 0.0465194234375 0.4653093734375 0.1133301859375 0.4735127046875 0.119774028125 0.42103182656250004
1 0.11210845625000002 0.374868115625 0.0417307296875 0.3662268171875 0.0360663453125 0.412359534375 0.1064440703125 0.4210008328125 0.11210845625000002 0.374868115625
1 0.41299895 0.6168725562499999 0.2734221484375 0.5997346796875 0.26502331875 0.6681376515624999 0.404600121875 0.685275528125 0.41299895 0.6168725562499999
1 0.3673162390625 0.5450616328125 0.316014009375 0.5387625109374999 0.3070312234375 0.611921434375 0.358333453125 0.61822055625 0.3673162390625 0.5450616328125
1 0.24185965937499998 0.4424764171875 0.1989165296875 0.4372036640625 0.19325214531249998 0.4833363828125 0.23619527499999998 0.48860913593750005 0.24185965937499998 0.4424764171875
1 0.628727971875 1 0.6376881203125 0.9270254437500001 0.58877420625 0.9210195703125 0.5797914203125 0.9941784921875 0.627203796875 1 0.628727971875 1
1 0.945962928125 0.8227864609375001 0.8720027312499999 0.813705290625 0.8587215125000001 0.9218721437499999 0.932681709375 0.9309533140624999 0.945962928125 0.8227864609375001
1 0.9423547609374999 1 0.9486106 0.9490502812500001 0.874650403125 0.9399691109375 0.8672795359375 1 0.9423547609374999 1
1 0.8019673421875 0.6048949328125001 0.722036359375 0.5950806421875 0.715785478125 0.6459899890624999 0.7957164609375 0.6558042796875 0.8019673421875 0.6048949328125001
1 0.75075323125 0.3612646015625 0.7006451593749999 0.3551121046875 0.69576276875 0.394875984375 0.7458708406250001 0.40102848125 0.75075323125 0.3612646015625
1 0.356086046875 0.0447659734375 0.31909819375000004 0.040224435937500004 0.313433809375 0.086357153125 0.3504216609375 0.09089868906250001 0.356086046875 0.0447659734375
1 0.884781703125 0.3841650953125 0.8203592546875 0.37625501250000004 0.8150858671875 0.4192033109375 0.879508315625 0.42711339375 0.884781703125 0.3841650953125
1 0.8185678828125 0.193591821875 0.770848125 0.187732571875 0.7651837390625 0.233865290625 0.812903496875 0.239724540625 0.8185678828125 0.193591821875