1 0.253953596875 0.7286830984375 0.1842454640625 0.7298998578125 0.185084634375 0.77797586875 0.25479276562500003 0.7767591078125 0.253953596875 0.7286830984375
1 0.48183296093749994 0.2166280671875 0.3484470296875 0.2189563265625 0.3502089953125 0.3198992828125 0.48359492656249997 0.3175710234375 0.48183296093749994 0.2166280671875
1 0.8059070296874999 0.326374325 0.7386047828125 0.327549090625 0.7402827578125 0.42368028124999996 0.8075850062500001 0.422505515625 0.8059070296874999 0.326374325
1 0.4016343046875 0.8559271781250001 0.365577296875 0.8565565546875 0.3663324765625 0.899820796875 0.402389484375 0.8991914203125001 0.4016343046875 0.8559271781250001
0 0.6129049890625 0.08128868125 0.447070875 0.08418332656250001 0.44860923125 0.172315734375 0.6144433453125 0.1694210890625 0.6129049890625 0.08128868125
1 0.3503062609375 0.050616990625000004 0.1448063140625 0.054204004687499995 0.1471278484375 0.187204578125 0.3526277953125 0.1836175625 0.3503062609375 0.050616990625000004
1 0 0.414161046875 0.0753439625 0.4128459125 0.0713724484375 0.185318071875 0 0.1865638828125 0 0.414161046875
1 0.6489807359374999 0.42686795625 0.6093305250000001 0.427560053125 0.6098620968749999 0.458013746875 0.64951230625 0.45732165 0.6489807359374999 0.42686795625
1 0.627686453125 0.584326075 0.57121068125 0.5853118625 0.5724694359375 0.657425878125 0.6289452078125 0.6564400890625001 0.627686453125 0.584326075
1 0.6780513328125 0.5081021421874999 0.6347922968749999 0.50885723125 0.6371418265625 0.643461728125 0.6804008625 0.6427066390625 0.6780513328125 0.5081021421874999
1 0.7939495890625 0.19193753593750001 0.6713745109375 0.1940770921875 0.6729128671875 0.2822095015625 0.7954879453125 0.2800699453125 0.7939495890625 0.19193753593750001
1 0.7850819578125 0.097536253125 0.7177797109374999 0.09871101875 0.7192060812500001 0.18042773750000002 0.7865083296875001 0.179252971875 0.7850819578125 0.097536253125
1 0.604485121875 0.012539740625 0.5299808453125 0.0138402171875 0.5312672328125 0.087537325 0.605771509375 0.086236846875 0.604485121875 0.012539740625
0 0.5429796140625001 0.41429935 0.2149045890625 0.4200259203125 0.21943566875 0.6796113781249999 0.5475106937499999 0.6738848078124999 0.5429796140625001 0.41429935
0 0.5074405375000001 0.7194556515625 0.364431071875 0.721951890625 0.366025421875 0.8132921453125 0.5090348875 0.8107959046875 0.5074405375000001 0.7194556515625