0 0.8672875953125001 0.5898025453125 0.8724052796875 0.44325125 0.75229099375 0.439056765625 0.7471733109375001 0.5856080625 0.8672875953125001 0.5898025453125
0 0.9099531656250001 0.6995224531249999 0.9140222296875 0.582999728125 0.8307396593749999 0.5800914374999999 0.8266705968749999 0.6966141609375 0.9099531656250001 0.6995224531249999
0 0.7172403046875 0.8455264375 0.7236999843749999 0.6605454421875 0.5571348453125 0.654728859375 0.5506751671875 0.8397098546875 0.7172403046875 0.8455264375
0 0.6725438140625 0.656366946875 0.6765289 0.5422490062499999 0.56601293125 0.5383897046875 0.5620278453124999 0.65250764375 0.6725438140625 0.656366946875
0 0.2246938234375 0.7152887265625 0.2331253234375 0.47384214843750005 0.0345380375 0.466907328125 0.0261065375 0.7083539046875 0.2246938234375 0.7152887265625
1 0.2766715609375 0.558343053125 0.279985378125 0.463447771875 0.1886868609375 0.46025955625000003 0.18537304375000002 0.5551548390625001 0.2766715609375 0.558343053125
1 0.255664709375 0.47101766562499997 0.2577619515625 0.41096052343749995 0.176082571875 0.4081082171875 0.17398533124999999 0.46816535937500003 0.255664709375 0.47101766562499997
1 0.283433878125 0.410660965625 0.285950459375 0.33859551875 0.1562170375 0.3340651265625 0.15370045625 0.406130575 0.283433878125 0.410660965625
1 0.1736221765625 0.3406687671875 0.1772713546875 0.2361699640625 0.071564953125 0.232478615625 0.067915775 0.33697741875 0.1736221765625 0.3406687671875
1 0.1206430109375 0.3424302703125 0.00533829375 0.338403740625 0.002695746875 0.4140763640625 0.1180004640625 0.41810289375 0.1206430109375 0.3424302703125
1 0.5611663078125 0.3554216 0.5652353703124999 0.23889887656250003 0.48836556093750005 0.2362145234375 0.484296496875 0.35273724687499997 0.5611663078125 0.3554216
1 0.3219597328125 0.9147188078124999 0.31919149375 0.9939908000000001 0.4136755671875 0.99729025625 0.41644380625000005 0.9180182640625001 0.3219597328125 0.9147188078124999
1 0.500175359375 1 0.5042750218750001 0.8826010156249999 0.400171809375 0.8789656515625 0.396061303125 0.9966751531250001 0.491272465625 1 0.500175359375 1
1 0.15602529375000002 0.8451744765625 0.151033575 0.9881185953125 0.2679414828125 0.992201109375 0.2729332015625 0.849256990625 0.15602529375000002 0.8451744765625
1 0.470758540625 0.7407120609375 0.4728977703125 0.6794525265625 0.3607786109375 0.6755372390625001 0.35863938125 0.7367967734375 0.470758540625 0.7407120609375
1 0.6986703703125 0.137728434375 0.7014808703125001 0.0572462421875 0.5893617109375 0.0533309546875 0.5865512109375 0.133813146875 0.6986703703125 0.137728434375
1 0.1847223234375 0.20636496875 0.1877422203125 0.11988643125000001 0.1348994296875 0.1180411203125 0.1318795328125 0.2045196578125 0.1847223234375 0.20636496875
1 0.303004 0.17200325625 0.3050172640625 0.11435089843749999 0.261772790625 0.11284076875 0.2597595265625 0.17049312656249999 0.303004 0.17200325625
1 0.9728651171875 0.321691009375 0.9751303140625 0.2568242984375 0.9126683859375 0.2546430796875 0.9104031906250001 0.319509790625 0.9728651171875 0.321691009375