0 0.43588541718749996 0.9242812499999999 0.43588541718749996 0.6610625 0.3156979171875 0.6610625 0.3156979171875 0.9242812499999999 0.43588541718749996 0.9242812499999999
0 0.24518749999999997 0.6454375 0.24518749999999997 0.509625 0.1266041671875 0.509625 0.1266041671875 0.6454375 0.24518749999999997 0.6454375
0 0.1410208328125 0.7439921875 0.1410208328125 0.6310078125 0.0897291671875 0.6310078125 0.0897291671875 0.7439921875 0.1410208328125 0.7439921875
0 0.9999895828125 0.9999921875 0.9999895828125 0.7716328125 0.8173020828125 0.7716328125 0.8173020828125 0.9999921875 0.9999895828125 0.9999921875
1 0.8493541671875 0.8016875000000001 0.8493541671875 0.72115625 0.7628125 0.72115625 0.7628125 0.8016875000000001 0.8493541671875 0.8016875000000001
1 0.8525520828125 0.715140625 0.8525520828125 0.641828125 0.77403125 0.641828125 0.77403125 0.715140625 0.8525520828125 0.715140625
1 0.8445416671875 0.6454296875 0.8445416671875 0.5793203124999999 0.7612083328125 0.5793203124999999 0.7612083328125 0.6454296875 0.8445416671875 0.6454296875
1 0.9150729171875 0.58775 0.9150729171875 0.47115625000000005 0.83334375 0.47115625000000005 0.83334375 0.58775 0.9150729171875 0.58775
1 1 0.5336484375 0.9102499999999999 0.5336484375 0.9102499999999999 0.6177890625 1 0.6177890625 1 0.5336484375
1 0.9791666671874999 0.4026484375 0.9791666671874999 0.3257265625 0.9262916671875001 0.3257265625 0.9262916671875001 0.4026484375 0.9791666671874999 0.4026484375
1 0.7227604171875 0.41465625 0.7227604171875 0.36778125 0.6891145828125 0.36778125 0.6891145828125 0.41465625 0.7227604171875 0.41465625
1 0.5112291671875 0.49759374999999995 0.5112291671875 0.36778125 0.4455208328125 0.36778125 0.4455208328125 0.49759374999999995 0.5112291671875 0.49759374999999995
1 0.3894270828125 0.2367734375 0.3894270828125 0.1550390625 0.32853125 0.1550390625 0.32853125 0.2367734375 0.3894270828125 0.2367734375
1 0.09775 0.3593828125 0.09775 0.3064921875 0.0320416671875 0.3064921875 0.0320416671875 0.3593828125 0.09775 0.3593828125
1 0.5993541671875 0.891828125 0.5993541671875 0.8377343749999999 0.5256458328125 0.8377343749999999 0.5256458328125 0.891828125 0.5993541671875 0.891828125
1 0.294875 0.8725937500000001 0.294875 0.79446875 0.2532083328125 0.79446875 0.2532083328125 0.8725937500000001 0.294875 0.8725937500000001
1 0.169875 0.7956640625 0.169875 0.7548046875 0.1314166671875 0.7548046875 0.1314166671875 0.7956640625 0.169875 0.7956640625
1 0.28525 0.72715625 0.28525 0.70071875 0.25 0.70071875 0.25 0.72715625 0.28525 0.72715625
1 0.29646875 0.6646640625 0.29646875 0.6165859375 0.2596145828125 0.6165859375 0.2596145828125 0.6646640625 0.29646875 0.6646640625
1 0.267625 0.29446875 0.267625 0.25 0.22916666718749998 0.25 0.22916666718749998 0.29446875 0.267625 0.29446875
1 0.2307604171875 0.07572656250000001 0.2307604171875 0.0384609375 0.1906979171875 0.0384609375 0.1906979171875 0.07572656250000001 0.2307604171875 0.07572656250000001
1 0.6554479171875001 0.61659375 0.6554479171875001 0.56971875 0.5849270828125 0.56971875 0.5849270828125 0.61659375 0.6554479171875001 0.61659375
1 0.9679375 0.25840625 0.9679375 0.21875 0.9150625 0.21875 0.9150625 0.25840625 0.9679375 0.25840625