0 0.640625 0.07371875 0.50840625 0.07371875 0.50840625 0.1906979171875 0.640625 0.1906979171875 0.640625 0.07371875
0 0.9182734375000001 0.6089687500000001 0.7187578125 0.6089687500000001 0.7187578125 0.7708229171875 0.9182734375000001 0.7708229171875 0.9182734375000001 0.6089687500000001
0 0.8966328125 0.232375 0.7283671875 0.232375 0.7283671875 0.3333333328125 0.8966328125 0.3333333328125 0.8966328125 0.232375
0 0.7391796875 0.2692395828125 0.6201953125 0.2692395828125 0.6201953125 0.3445520828125 0.7391796875 0.3445520828125 0.7391796875 0.2692395828125
0 0.7295703125 0.06409375 0.6238046875000001 0.06409375 0.6238046875000001 0.1105729171875 0.7295703125 0.1105729171875 0.7295703125 0.06409375
1 0.4831796875 0.34775 0.3750078125 0.34775 0.3750078125 0.4246666671875 0.4831796875 0.4246666671875 0.4831796875 0.34775
1 0.265625 0.2660208328125 0.1875 0.2660208328125 0.1875 0.3188958328125 0.265625 0.3188958328125 0.265625 0.2660208328125
1 0.072109375 0.5929583328125 0.001203125 0.5929583328125 0.001203125 0.669875 0.072109375 0.669875 0.072109375 0.5929583328125
1 0.60696875 0.7067291671875 0.5420625 0.7067291671875 0.5420625 0.7836458328125 0.60696875 0.7836458328125 0.60696875 0.7067291671875
1 0.61659375 0.6025729171875 0.546875 0.6025729171875 0.546875 0.6778854171875001 0.61659375 0.6778854171875001 0.61659375 0.6025729171875
1 0.5456796875000001 0.6730729171875 0.4819765625 0.6730729171875 0.4819765625 0.7195520828124999 0.5456796875000001 0.7195520828124999 0.5456796875000001 0.6730729171875
1 0.6790859375 0.6169791671875 0.6261953124999999 0.6169791671875 0.6261953124999999 0.6682708328125 0.6790859375 0.6682708328125 0.6790859375 0.6169791671875
1 0.7608203125 0.6089791671875 0.6790859375 0.6089791671875 0.6790859375 0.6570625 0.7608203125 0.6570625 0.7608203125 0.6089791671875
1 0.8413437500000001 0.41986458281249994 0.78365625 0.41986458281249994 0.78365625 0.49038541718750006 0.8413437500000001 0.49038541718750006 0.8413437500000001 0.41986458281249994
1 1 0.43911458281250004 0.96034375 0.43911458281250004 0.96034375 0.47596875 1 0.47596875 1 0.43911458281250004
1 0.776453125 0.09294791718749999 0.737984375 0.09294791718749999 0.737984375 0.13621875 0.776453125 0.13621875 0.776453125 0.09294791718749999
1 1 0.8509583328125 0.91465625 0.8509583328125 0.91465625 0.9407083328124999 1 0.9407083328124999 1 0.8509583328125
1 0.4254765625 0.7195416671875 0.3689921875 0.7195416671875 0.3689921875 0.7612083328125 0.4254765625 0.7612083328125 0.4254765625 0.7195416671875
1 0.5540859375 0.7612291671875 0.5011953124999999 0.7612291671875 0.5011953124999999 0.8173125000000001 0.5540859375 0.8173125000000001 0.5540859375 0.7612291671875
1 0.3533671875 0.027229167187499997 0.3052890625 0.027229167187499997 0.3052890625 0.0576875 0.3533671875 0.0576875 0.3533671875 0.027229167187499997