0 0.688703125 0.3798020828125 0.36539062499999997 0.3798020828125 0.36539062499999997 0.6073645828124999 0.688703125 0.6073645828124999 0.688703125 0.3798020828125
0 0.425484375 0.20353125 0.266828125 0.20353125 0.266828125 0.3750104171875 0.425484375 0.3750104171875 0.425484375 0.20353125
0 0.487984375 0.6506458328125 0.30529687499999997 0.6506458328125 0.30529687499999997 0.8028958328125 0.487984375 0.8028958328125 0.487984375 0.6506458328125
0 0.5841328125 0.1826979171875 0.43149218749999996 0.1826979171875 0.43149218749999996 0.26121875 0.5841328125 0.26121875 0.5841328125 0.1826979171875
1 0.49759374999999995 0.1330208328125 0.46153125 0.1330208328125 0.46153125 0.1858958328125 0.49759374999999995 0.1858958328125 0.49759374999999995 0.1330208328125
1 1 0.6826979171875001 0.9050546875000001 0.6826979171875001 0.9050546875000001 0.8653854171875001 1 0.8653854171875001 1 0.6826979171875001
1 0.8870156250000001 0.7852604171875 0.801671875 0.7852604171875 0.801671875 0.9391145828124999 0.8870156250000001 0.9391145828124999 0.8870156250000001 0.7852604171875
1 0.6718671875 0.9423020828125 0.6261953124999999 0.9423020828125 0.6261953124999999 0.9967812500000001 0.6718671875 0.9967812500000001 0.6718671875 0.9423020828125
1 0.465140625 0.9503125000000001 0.418265625 0.9503125000000001 0.418265625 0.9919791671875 0.465140625 0.9919791671875 0.465140625 0.9503125000000001
1 0.28365625 1 0.28365625 0.9326979171875 0.11178125000000001 0.9326979171875 0.11178125000000001 1 0.28365625 1
1 0.342546875 1 0.342546875 0.9615416671875 0.269234375 0.9615416671875 0.269234375 1 0.342546875 1
1 0.704328125 0.6057708328125 0.626203125 0.6057708328125 0.626203125 0.6826875 0.704328125 0.6826875 0.704328125 0.6057708328125
1 0.8725937500000001 0.49359374999999994 0.8016875000000001 0.49359374999999994 0.8016875000000001 0.5544895828125 0.8725937500000001 0.5544895828125 0.8725937500000001 0.49359374999999994
1 0.754796875 0.3749895828125 0.668265625 0.3749895828125 0.668265625 0.4182604171875 0.754796875 0.4182604171875 0.754796875 0.3749895828125
1 0.679078125 0.3076979171875 0.6189843749999999 0.3076979171875 0.6189843749999999 0.3477604171875 0.679078125 0.3477604171875 0.679078125 0.3076979171875
1 0.619 0.3173125 0.54928125 0.3173125 0.54928125 0.3493541671875 0.619 0.3493541671875 0.619 0.3173125