0 0.5083730578125001 0.656135265625 0.55514881875 0.4535271890625 0.384938546875 0.41423105312499997 0.3381627875 0.616839128125 0.5083730578125001 0.656135265625
1 0.46622565781249997 0.169013 0.47677023749999997 0.123339403125 0.42835622500000003 0.11216214843750001 0.4178116453125 0.1578357453125 0.46622565781249997 0.169013
1 0.183425984375 0.8524925781249999 0.20154157343749998 0.7740253390625 0.0969185875 0.7498712203125 0.07880299843750001 0.8283384593750001 0.183425984375 0.8524925781249999
1 0.32223274218750003 0.778452475 0.3330479671875 0.7316065890625 0.2908861625 0.7218727687500001 0.2800709375 0.7687186546875 0.32223274218750003 0.778452475
1 0.5068483984375 0.71251864375 0.51387811875 0.6820695796875 0.4795315734375 0.6741400546875 0.472501853125 0.70458911875 0.5068483984375 0.71251864375
1 0.2313029546875 0.737727378125 0.2434714015625 0.6850200484375 0.185699375 0.671682325 0.1735309296875 0.72438965625 0.2313029546875 0.737727378125
1 0.6486518875 0.084084190625 0.662440684375 0.0243583515625 0.609357815625 0.012103204687499999 0.59556901875 0.07182904531249999 0.6486518875 0.084084190625
1 0.5447260203125001 0 0.536424775 0.035956640625 0.5879445921875 0.0478509265625 0.5968653078124999 0.0092110640625 0.5569678031249999 0 0.5447260203125001 0
1 0.1423706609375 0.930578796875 0.1591330296875 0.8579730031249999 0.074809421875 0.8385053640625 0.058047053125000005 0.9111111578125 0.1423706609375 0.930578796875
1 0.195240184375 0.9366268640625 0.2065966984375 0.8874364 0.151950778125 0.8748203953125 0.1405942640625 0.9240108593749999 0.195240184375 0.9366268640625
1 0.529506515625 0.7498216859375 0.540592384375 0.7018035109375 0.5124777484374999 0.6953127359375 0.5013918796875 0.743330909375 0.529506515625 0.7498216859375
1 0.7283302640625 0.7007425265625 0.73698385 0.663259728125 0.701074253125 0.65496934375 0.6924206671875 0.6924521421875001 0.7283302640625 0.7007425265625
1 0.68318298125 0.7038939296875 0.691565921875 0.6675834203125001 0.66034548125 0.6603756140625 0.6519625390625 0.6966861234375 0.68318298125 0.7038939296875
1 0.8160795109375 0.20660619218749998 0.8309508843750001 0.14219119687499998 0.793478234375 0.133539953125 0.7786068609375 0.19795495000000002 0.8160795109375 0.20660619218749998
1 0.8577695984375 0.1471640484375 0.8639873859374999 0.12023185 0.8265147359375 0.11158060781250001 0.8202969484375 0.1385128046875 0.8577695984375 0.1471640484375
1 0.60007270625 0.187582340625 0.609534709375 0.1465979 0.57831426875 0.13939009375 0.5688522640625 0.180374534375 0.60007270625 0.187582340625
1 0.4746631265625 0.7593619359375 0.48304606874999995 0.7230514265625 0.4440103671875 0.714039325 0.43562742656250003 0.7503498343749999 0.4746631265625 0.7593619359375
1 0.11435614375 0.5959904875 0.13030657968749998 0.5269015609375 0.052235178125000004 0.5088773578125 0.0362847421875 0.577966284375 0.11435614375 0.5959904875