0 0.7287344124999999 0.3492730640625 0.563297753125 0.3260224578125 0.54478483125 0.45774874062500004 0.7102214906250001 0.480999346875 0.7287344124999999 0.3492730640625
1 0.8824342203125 0.568305971875 0.8276909625 0.560612309375 0.8180996171875 0.6288582828125 0.8728428734375001 0.6365519453124999 0.8824342203125 0.568305971875
1 0.8585790093749999 0.7899134703125 0.7895387578124999 0.7802104953125 0.781733465625 0.8357480296875 0.85077371875 0.8454510046875001 0.8585790093749999 0.7899134703125
1 0.4652755703125 0.7556658328125 0.4176653375 0.7489746515625 0.40718386406249996 0.823554215625 0.4547940953125 0.8302453968749999 0.4652755703125 0.7556658328125
1 0.672474775 1 0.6860767671875 0.9032167921875001 0.5920477203125001 0.8900018703124999 0.5779970359375 0.9899776859375 0.6493095078125 1 0.672474775 1
1 0.7368039468750001 1 0.748043653125 0.9200253296875 0.68019481875 0.9104897968750001 0.6685970593749999 0.9930121359375 0.7183183 1 0.7368039468750001 1
1 0.9043012062500001 1 0.9053843687500001 0.99229289375 0.8149295703125 0.9795803 0.81205976875 1 0.9043012062500001 1
1 0.7312980359375 0.80599126875 0.6860706359375001 0.799634971875 0.676702546875 0.8662923906250001 0.7219299453125 0.8726486875000001 0.7312980359375 0.80599126875
1 0.444303746875 0.69769335 0.4109750359375 0.69300930625 0.4022767171875 0.7549010609375 0.43560542812499997 0.7595851046875 0.444303746875 0.69769335
1 0.3560761203125 0.7208901890625 0.307274471875 0.7140315640625 0.3001360515625 0.7648240640624999 0.3489377 0.7716826890624999 0.3560761203125 0.7208901890625
1 0.17830672187500002 0.9321849437499999 0.17451425468749998 0.9591697484375 0.25068753125 0.9698752031250001 0.2544799984375 0.9428903984374999 0.17830672187500002 0.9321849437499999
1 0.7968903109375 0.5465850078125001 0.7457058296875 0.5393914984375 0.7403534656249999 0.57747555625 0.7915379453125 0.584669065625 0.7968903109375 0.5465850078125001
1 0.7655503546875 0.37225593749999997 0.734604478125 0.367906778125 0.730365496875 0.39806869218749996 0.761311375 0.4024178515625 0.7655503546875 0.37225593749999997
1 0.219021203125 0.42653451562500005 0.14165650937500002 0.4156616171875 0.13385121875 0.4711991515625 0.21121591093749997 0.48207205000000003 0.219021203125 0.42653451562500005
1 0 0.4718057328125 0.0978540625 0.48555822343750005 0.107891921875 0.4141351390625 0.009104946875 0.400251534375 0 0.46503659218750004 0 0.4718057328125
1 0.3016710671875 0.41709108281249996 0.2469278109375 0.4093974203125 0.23978939062500002 0.4601899203125 0.29453264687499997 0.467883584375 0.3016710671875 0.41709108281249996
1 0.103264103125 0.3260925796875 0.048520846875 0.3183989171875 0.041828940625 0.36601430625 0.096572196875 0.37370796875 0.103264103125 0.3260925796875
1 0.27235408906249997 0.30617106562499996 0.2056966703125 0.2968029765625 0.20212745937499998 0.3221992265625 0.2687848796875 0.3315673171875 0.27235408906249997 0.30617106562499996
1 0.295049409375 0.34334769375 0.2188761328125 0.3326422375 0.21352376718750002 0.3707262984375 0.28969704375 0.3814317546875 0.295049409375 0.34334769375
1 0.1810416265625 0.73999729375 0.13700564375 0.7338084406250001 0.131876534375 0.7703039453125 0.1759125171875 0.7764927984375001 0.1810416265625 0.73999729375