1 0.7860546875 0.0689166671875 0.6911015625 0.0689166671875 0.6911015625 0.1314166671875 0.7860546875 0.1314166671875 0.7860546875 0.0689166671875
1 0.84375 0.10577083281249999 0.796875 0.10577083281249999 0.796875 0.1538541671875 0.84375 0.1538541671875 0.84375 0.10577083281249999
1 0.86659375 0.2147395828125 0.8016875000000001 0.2147395828125 0.8016875000000001 0.25159375 0.86659375 0.25159375 0.86659375 0.2147395828125
1 0.5636953124999999 0.3125 0.4759609375 0.3125 0.4759609375 0.375 0.5636953124999999 0.375 0.5636953124999999 0.3125
1 0.3762109375 0.2355729171875 0.2944765625 0.2355729171875 0.2944765625 0.30609375 0.3762109375 0.30609375 0.3762109375 0.2355729171875
1 0.2175546875 0.5080208328125 0.09135156250000001 0.5080208328125 0.09135156250000001 0.5817291671875 0.2175546875 0.5817291671875 0.2175546875 0.5080208328125
1 0.5372656250000001 0.7820625 0.43870312499999997 0.7820625 0.43870312499999997 0.8798125000000001 0.5372656250000001 0.8798125000000001 0.5372656250000001 0.7820625
1 0.72596875 0.5993645828124999 0.66346875 0.5993645828124999 0.66346875 0.7051354171875001 0.72596875 0.7051354171875001 0.72596875 0.5993645828124999
1 0.7980703124999999 0.509625 0.7187421875 0.509625 0.7187421875 0.5625 0.7980703124999999 0.5625 0.7980703124999999 0.509625
1 0.73196875 0.52884375 0.67428125 0.52884375 0.67428125 0.5785312499999999 0.73196875 0.5785312499999999 0.73196875 0.52884375
1 0.6790859375 0.5368541671875 0.6334140625 0.5368541671875 0.6334140625 0.5849375 0.6790859375 0.5849375 0.6790859375 0.5368541671875
1 0.6514453125 0.58653125 0.6033671875 0.58653125 0.6033671875 0.6570520828124999 0.6514453125 0.6570520828124999 0.6514453125 0.58653125
1 1 0.6971041671875 0.9423125000000001 0.6971041671875 0.9423125000000001 0.7692291671875 1 0.7692291671875 1 0.6971041671875
1 0.8966406250000001 0.3846145828125 0.8497656250000001 0.3846145828125 0.8497656250000001 0.4695520828125 0.8966406250000001 0.4695520828125 0.8966406250000001 0.3846145828125
0 0.8064843749999999 0.24679166718749998 0.7127343749999999 0.24679166718749998 0.7127343749999999 0.33975 0.8064843749999999 0.33975 0.8064843749999999 0.24679166718749998
0 0.7103359375 0.107375 0.5817265625 0.107375 0.5817265625 0.205125 0.7103359375 0.205125 0.7103359375 0.107375
0 0.938703125 0.22595833281250002 0.8245156250000001 0.22595833281250002 0.8245156250000001 0.3365416671875 0.938703125 0.3365416671875 0.938703125 0.22595833281250002
0 0.9098515624999999 0.5448645828124999 0.7548046875 0.5448645828124999 0.7548046875 0.6650520828125 0.9098515624999999 0.6650520828125 0.9098515624999999 0.5448645828124999
1 0.42428125000000005 0.0320416671875 0.384625 0.0320416671875 0.384625 0.0737083328125 0.42428125000000005 0.0737083328125 0.42428125000000005 0.0320416671875
1 0.5516796875 0.6009583328125 0.5084140625 0.6009583328125 0.5084140625 0.65225 0.5516796875 0.65225 0.5516796875 0.6009583328125
1 0 0.6923125 0.0360625 0.6923125 0.0360625 0.6266041671875 0 0.6266041671875 0 0.6923125
1 0.3605703125 0.8509479171875001 0.31730468749999996 0.8509479171875001 0.31730468749999996 0.9006354171875 0.3605703125 0.9006354171875 0.3605703125 0.8509479171875001
1 0.103359375 0.2451979171875 0.058890624999999995 0.2451979171875 0.058890624999999995 0.27405208281250004 0.103359375 0.27405208281250004 0.103359375 0.2451979171875