1 0.9038515625000001 0.8878229171875001 0.8605859375 0.8878229171875001 0.8605859375 0.97596875 0.9038515625000001 0.97596875 0.9038515625000001 0.8878229171875001
1 0.8305234374999999 0.5144375 0.7487890625 0.5144375 0.7487890625 0.5673125 0.8305234374999999 0.5673125 0.8305234374999999 0.5144375
1 0.7956796875000001 0.4375 0.7608203125 0.4375 0.7608203125 0.4759583328125 0.7956796875000001 0.4759583328125 0.7956796875000001 0.4375
1 0.6875078125 0.3477604171875 0.6550546875000001 0.3477604171875 0.6550546875000001 0.3878229171875 0.6875078125 0.3878229171875 0.6875078125 0.3477604171875
1 0.5096171875 0.1474270828125 0.4663515625 0.1474270828125 0.4663515625 0.19390625 0.5096171875 0.19390625 0.5096171875 0.1474270828125
1 0.9086562499999999 0.6650625 0.8485625000000001 0.6650625 0.8485625000000001 0.7035208328125 0.9086562499999999 0.7035208328125 0.9086562499999999 0.6650625
1 0.873796875 0.53846875 0.8401406250000001 0.53846875 0.8401406250000001 0.6025729171875 0.873796875 0.6025729171875 0.873796875 0.53846875
1 0.08053125 0.4967916671875 0.02525 0.4967916671875 0.02525 0.5480833328125 0.08053125 0.5480833328125 0.08053125 0.4967916671875
1 0.340140625 0.3205104171875 0.27282812500000003 0.3205104171875 0.27282812500000003 0.3701979171875 0.340140625 0.3701979171875 0.340140625 0.3205104171875
1 0.5288515625 0.1891041671875 0.4675546875 0.1891041671875 0.4675546875 0.2339791671875 0.5288515625 0.2339791671875 0.5288515625 0.1891041671875
0 0.668265625 0.2868645828125 0.462734375 0.2868645828125 0.462734375 0.3718020828125 0.668265625 0.3718020828125 0.668265625 0.2868645828125
0 0.663453125 0.5224479171875 0.29085937500000003 0.5224479171875 0.29085937500000003 0.78846875 0.663453125 0.78846875 0.663453125 0.5224479171875
0 0.7427890625 0.5961666671875 0.49399218749999996 0.5961666671875 0.49399218749999996 0.982375 0.7427890625 0.982375 0.7427890625 0.5961666671875