1 0.8711263578124999 0.1425957875 0.8221150749999999 0.13744449375 0.8147436406249999 0.20757900624999998 0.8637549234374999 0.21273029999999998 0.8711263578124999 0.1425957875
1 0.8833230296875 0.267963715625 0.81041214375 0.260300471875 0.806056790625 0.301738884375 0.878967678125 0.3094021265625 0.8833230296875 0.267963715625
1 0.7649904640625 0.2555264609375 0.7255514546875 0.2513812546875 0.7223676921875 0.2816727328125 0.7618067015625 0.285817940625 0.7649904640625 0.2555264609375
1 0.88469764375 0.9448885828125 0.9552154625 0.9523003046875 0.9637584859375 0.8710188593750001 0.8932406687500001 0.8636071375000001 0.88469764375 0.9448885828125
1 0.755506884375 0.633208303125 0.6802029296875001 0.6252935390625 0.6755122140625 0.669922709375 0.75081616875 0.6778374734375 0.755506884375 0.633208303125
1 0.686202775 0.637194221875 0.6359949578124999 0.6319171671875 0.6291265671875 0.6972655421875 0.6793343843749999 0.702542596875 0.686202775 0.637194221875
1 0.6474483984375 0.637970453125 0.57214444375 0.6300556890625 0.5661144578124999 0.687427171875 0.6414184125 0.6953419359375 0.6474483984375 0.637970453125
1 0.598876215625 0.6860420359375 0.5438978031249999 0.6802635718750001 0.535187096875 0.763140396875 0.5901655109374999 0.7689188609375 0.598876215625 0.6860420359375
1 0.6707264734375 0.7499860578125 0.6169290546874999 0.744331721875 0.6078829875 0.8303993046875 0.66168040625 0.8360536421875 0.6707264734375 0.7499860578125
1 0.6324133749999999 0.8039644484374999 0.579812490625 0.7984358734375 0.5714371468749999 0.8781219390624999 0.62403803125 0.8836505156250001 0.6324133749999999 0.8039644484374999
1 0.6118092078124999 1 0.6190119546874999 0.93147044375 0.513825725 0.9204149265625 0.50612110625 0.9937194765624999 0.5658762921875 1 0.6118092078124999 1
1 0.3156278640625 0.9318016515625 0.310266425 0.9828123375000001 0.44056433281249996 0.9965071999999999 0.445925771875 0.9454965140624999 0.3156278640625 0.9318016515625
1 0 0.6392066890625 0.085605534375 0.64820419375 0.0949869640625 0.5589458546875 0 0.548962321875 0 0.6392066890625
1 0.35574165 0.25118285 0.26609482500000003 0.2417605890625 0.258555709375 0.31349048125 0.34820253437500004 0.3229127421875 0.35574165 0.25118285
1 0.5406741453125 0.35442286875 0.44504465 0.3443718046875 0.43717235 0.419271734375 0.532801846875 0.4293228 0.5406741453125 0.35442286875
1 0.486093303125 0.034464854687500004 0.40719974687500005 0.026172807812499997 0.40267671250000003 0.0692065984375 0.4815702703125 0.0774986453125 0.486093303125 0.034464854687500004
1 0.43645470625 0.564219928125 0.40298282968750004 0.5607018921875 0.39728820625 0.614882615625 0.43076008281249994 0.6184006515625 0.43645470625 0.564219928125
1 0.4681329234375 0.699679515625 0.42510431249999997 0.6951570265625 0.41639360625000005 0.77803385 0.45942221875 0.782556340625 0.4681329234375 0.699679515625
1 0.45348616875000003 0.804504003125 0.42360389375 0.8013632484375 0.41623245937500003 0.8714977609375 0.44611473437500004 0.874638515625 0.45348616875000003 0.804504003125
1 0.8951858250000001 0.4770784328125 0.8222749390624999 0.46941519062500003 0.813564234375 0.552292015625 0.8864751203125 0.559955259375 0.8951858250000001 0.4770784328125
0 0.836217609375 0.10670856875000001 0.714295440625 0.0938940328125 0.70692400625 0.16402854375 0.828846175 0.17684308124999998 0.836217609375 0.10670856875000001
0 0.7471464828125 0.12633897031250002 0.58457323125 0.10925183281249999 0.5706687687499999 0.24154396562499997 0.7332420187500001 0.25863110312500004 0.7471464828125 0.12633897031250002
0 0.80434944375 0.3063984421875 0.7015562828124999 0.29559444687499997 0.6918394906249999 0.3880435453125 0.7946326515625 0.3988475421875 0.80434944375 0.3063984421875
0 0.9554997921874999 0.328726521875 0.7989092109375 0.3122681890625 0.7896954625 0.39993115156250003 0.9462860421875 0.41638948437499995 0.9554997921874999 0.328726521875
0 0.9030759453125 0.6664405203125 0.705849821875 0.6457112203125 0.6894344984375 0.801892596875 0.886660621875 0.8226218968750001 0.9030759453125 0.6664405203125