1 0.3437421875 0.1442395828125 0.3028828125 0.1442395828125 0.3028828125 0.19871875 0.3437421875 0.19871875 0.3437421875 0.1442395828125
1 0.7572109375 0.5528854171875001 0.6802890625 0.5528854171875001 0.6802890625 0.6794895828125 0.7572109375 0.6794895828125 0.7572109375 0.5528854171875001
1 0.66346875 0.6586666671875 0.60096875 0.6586666671875 0.60096875 0.77725 0.66346875 0.77725 0.66346875 0.6586666671875
1 0.5540859375 0.8445416671875 0.4976015625 0.8445416671875 0.4976015625 0.8862083328124999 0.5540859375 0.8862083328124999 0.5540859375 0.8445416671875
1 0.26803125 0.8060937499999999 0.203125 0.8060937499999999 0.203125 0.8349479171875 0.26803125 0.8349479171875 0.26803125 0.8060937499999999
1 0.1923125 0.7836458328125 0.015625 0.7836458328125 0.015625 0.9182708328125001 0.1923125 0.9182708328125001 0.1923125 0.7836458328125
1 0.8161093749999999 1 0.8161093749999999 0.8942395828124999 0.735578125 0.8942395828124999 0.735578125 1 0.8161093749999999 1
1 0.905046875 0.5753229171875 0.8497656250000001 0.5753229171875 0.8497656250000001 0.6394270828125 0.905046875 0.6394270828125 0.905046875 0.5753229171875
1 0.6851015625 0.4326979171875 0.6057734375 0.4326979171875 0.6057734375 0.47917708281250004 0.6851015625 0.47917708281250004 0.6851015625 0.4326979171875
1 0.5576953125 0.3365416671875 0.5012109375 0.3365416671875 0.5012109375 0.3958333328125 0.5576953125 0.3958333328125 0.5576953125 0.3365416671875
1 0.5096171875 0.259625 0.4507265625 0.259625 0.4507265625 0.3157083328125 0.5096171875 0.3157083328125 0.5096171875 0.259625
1 0.47595312500000003 0.2932708328125 0.389421875 0.2932708328125 0.389421875 0.3381458328125 0.47595312500000003 0.3381458328125 0.47595312500000003 0.2932708328125
1 0.978375 0.6570520828124999 0.8954375000000001 0.6570520828124999 0.8954375000000001 0.7323645828124999 0.978375 0.7323645828124999 0.978375 0.6570520828124999
1 0.8485625000000001 0.5432708328125 0.77884375 0.5432708328125 0.77884375 0.6057708328125 0.8485625000000001 0.6057708328125 0.8485625000000001 0.5432708328125
0 0.4242734375 0.1907083328125 0.2740390625 0.1907083328125 0.2740390625 0.259625 0.4242734375 0.259625 0.4242734375 0.1907083328125
0 0.2752421875 0.2131354171875 0.1201953125 0.2131354171875 0.1201953125 0.36378125 0.2752421875 0.36378125 0.2752421875 0.2131354171875
0 0.52525 0.3445416671875 0.22356250000000003 0.3445416671875 0.22356250000000003 0.5416666671875 0.52525 0.5416666671875 0.52525 0.3445416671875
0 0.40503906250000005 0.5785208328125 0.2235546875 0.5785208328125 0.2235546875 0.7355625 0.40503906250000005 0.7355625 0.40503906250000005 0.5785208328125