0 0.3964708265625 0.6710698875000001 0.6254741234375001 0.6870833578125 0.6385534625 0.5000400984375 0.40955016562499996 0.48402662812499997 0.3964708265625 0.6710698875000001
1 0.077184621875 0.912207925 0.165905475 0.9184118921875 0.17473693437499999 0.792116125 0.08601608125 0.785912159375 0.077184621875 0.912207925
1 0.4155024515625 0.26114892031250003 0.45506210156250004 0.2639152 0.45774481875 0.22555055 0.4181851703125 0.22278427031249998 0.4155024515625 0.26114892031250003
1 0.3934084109375 0.3013723671875 0.4401692265625 0.3046422015625 0.4422938921875 0.2742580625 0.395533078125 0.270988228125 0.3934084109375 0.3013723671875
1 0.35381877500000003 0.3676889421875 0.3861928453125 0.36995275781250003 0.38786990781249997 0.3459696578125 0.3554958375 0.3437058421875 0.35381877500000003 0.3676889421875
1 0.310287696875 0.45621175625 0.3630494828125 0.45990121874999995 0.36584410156249997 0.419936309375 0.313082315625 0.4162468453125 0.310287696875 0.45621175625
1 0.34303453125 0.48741582031249997 0.380209378125 0.49001533906250005 0.3824444921875 0.45805172499999997 0.34526964375 0.45545220625000005 0.34303453125 0.48741582031249997
1 0.2059908046875 0.6898910203125 0.2659381703125 0.6940829484375 0.2690684921875 0.6493172609375 0.2091211265625 0.6451253328125001 0.2059908046875 0.6898910203125
1 0.0057699796875 0.7963816453125 0.0561313765625 0.79990325625 0.060155453125 0.7423562796875001 0.009794056249999999 0.73883466875 0.0057699796875 0.7963816453125
1 0 0.8682688468749999 0.021111648437499998 0.8697451171875 0.0269246890625 0.7866147812500001 0 0.7847320234375 0 0.8682688468749999
1 0.8281375484375 0.4940314296875 0.8772987515624999 0.49746911562499996 0.879311515625 0.4686852359375 0.8301503125 0.46524755000000007 0.8281375484375 0.4940314296875
1 0.74227129375 0.4125097859375 0.7998182703125 0.4165338625 0.8023890874999999 0.37976947031249997 0.7448421109375001 0.37574539375 0.74227129375 0.4125097859375
1 0.26846102968749996 0.434010828125 0.28644835625 0.43526862499999996 0.288461121875 0.4064847453125 0.2704737953125 0.40522694843749996 0.26846102968749996 0.434010828125