1 0.3464010359375 0.51881540625 0.40847145312500005 0.533145490625 0.4282999515625 0.447258828125 0.366229534375 0.43292874374999996 0.3464010359375 0.51881540625
1 0.292022390625 0.1773199484375 0.37633584999999997 0.19678524375 0.394360053125 0.11871384375 0.31004659375 0.099248546875 0.292022390625 0.1773199484375
1 0.344365771875 0.10552539062499999 0.4111253453125 0.12093805312499999 0.4291495484375 0.042866651562500004 0.36238997500000003 0.0274539890625 0.344365771875 0.10552539062499999
1 0.3897033171875 0 0.3758175734375 0.060145764062499996 0.494096965625 0.0874527125 0.5128428859375 0.006255206250000001 0.48574861093750005 0 0.3897033171875 0
1 1 0.3276199375 0.8909906875000001 0.3024531546875 0.868280003125 0.40082393125 1 0.4312338890625 1 0.3276199375
0 0.519696015625 0.8581517109375 0.6531999390625 0.8889735203125 0.6672593796874999 0.8280753921875 0.53375545625 0.7972535828125 0.519696015625 0.8581517109375
0 0.66969366875 0.8335764812500001 0.8278004375 0.8700783046874999 0.8620492343749999 0.7217304609374999 0.7039424671875001 0.6852286375000001 0.66969366875 0.8335764812500001
0 0.5450250171875 0.7324293234375 0.7909621109375 0.7892083750000001 0.843595971875 0.5612260796874999 0.5976588765625 0.5044470265625 0.5450250171875 0.7324293234375
0 0.6507094171875 0.47230705625 0.8240407171875 0.5123237406250001 0.8539638937499999 0.3827122234375 0.68063259375 0.3426955390625 0.6507094171875 0.47230705625
1 0.4703695625 0.43066163125 0.5078523609375 0.4393152171875 0.5193904765624999 0.38933815156249996 0.48190767812499996 0.380684565625 0.4703695625 0.43066163125
1 0.0751488375 0.3525779484375 0.173529765625 0.375290975 0.187228346875 0.3159558984375 0.08884742031250001 0.29324287187500003 0.0751488375 0.3525779484375
1 0.10445757656250002 0.2310457 0.0517502453125 0.21887725468750002 0.0344477609375 0.29382255156250003 0.0871550921875 0.305990996875 0.10445757656250002 0.2310457
1 0.06293511406249999 0.170465 0.10509184375 0.180197646875 0.13104557187500002 0.0677797015625 0.0888888421875 0.058047053125000005 0.06293511406249999 0.170465
1 0.2250451421875 0.5154615609375 0.25432191875 0.5222206375 0.2709026859375 0.45040144218749995 0.2416259109375 0.44364236718749994 0.2250451421875 0.5154615609375
1 0.1900115265625 0.49092047499999997 0.20875292656250002 0.49524726875 0.217043309375 0.459337671875 0.1983019109375 0.45501087812499996 0.1900115265625 0.49092047499999997
1 0.4640341078125 0.7252449484375 0.5073631265625 0.735248240625 0.5152926515625 0.7009016953125 0.4719636328125 0.6908984031250001 0.4640341078125 0.7252449484375
1 0.17136963125 0.40604109062499993 0.227578603125 0.4190179546875 0.238395 0.3721669953125 0.1821860265625 0.35919013125 0.17136963125 0.40604109062499993