0 0.7299696765625 0.6821498953125 0.5763367640625 0.6740983359375 0.5687883921875 0.8181298421875001 0.7224213046875 0.8261814015625 0.7299696765625 0.6821498953125
0 0.8313318203125 0.7917821125 0.6921010187500001 0.784485334375 0.6877396890624999 0.8677044625000001 0.826970490625 0.8750012390625 0.8313318203125 0.7917821125
0 0.6550548671875001 0.18236714062499998 0.506227859375 0.174567446875 0.5018665296875 0.257786575 0.6506935375 0.2655862671875 0.6550548671875001 0.18236714062499998
0 1 0.327201996875 0.76605764375 0.3149415984375 0.7579215828125 0.4701868828125 1 0.4828736734375 1 0.327201996875
1 0.6666969703125 0.2359352703125 0.5358608968749999 0.2290784421875 0.5306611015625 0.328296446875 0.6614971749999999 0.33515327500000003 0.6666969703125 0.2359352703125
1 0.9149595875 0.5971733968749999 0.862141446875 0.594405315625 0.86021265 0.6312089734375 0.9130307890625 0.6339770546875 0.9149595875 0.5971733968749999
1 0.8882769640625 0.80760699375 0.8390632515625001 0.8050278125 0.83679863125 0.8482393453125001 0.88601234375 0.8508185265625 0.8882769640625 0.80760699375
1 0.229999540625 0.3927744015625 0.153183084375 0.388748621875 0.149492309375 0.45917280937499994 0.22630876562500002 0.4631985890625 0.229999540625 0.3927744015625
1 0.192084853125 0.4501604125 0.11526839687499998 0.4461346328125 0.1120813546875 0.5069470109374999 0.1888978109375 0.510972790625 0.192084853125 0.4501604125
1 0.1320946015625 0.24001401718749998 0.084082365625 0.237497803125 0.0822375234375 0.27269949375 0.1302497578125 0.27521570781250004 0.1320946015625 0.24001401718749998
1 0.3811915375 0.8837350234375 0.32118014375000004 0.8805899593750001 0.31908343437500003 0.9205975562500001 0.379094828125 0.9237426203125001 0.3811915375 0.8837350234375
1 0.0720675671875 0.6733517359375 0.0216523796875 0.6707095890625 0.019891492187500002 0.7043093109375 0.0703066796875 0.706951459375 0.0720675671875 0.6733517359375
1 0.1843219953125 0.5524568296875 0.142317140625 0.5502554484375 0.1409749421875 0.575866134375 0.182979796875 0.578067515625 0.1843219953125 0.5524568296875
1 0.3860703953125 0.4234220203125 0.3392596359375 0.420968771875 0.3368271046875 0.4673842421875 0.3836378640625 0.4698374890625 0.3860703953125 0.4234220203125
1 0.318073403125 0.6413182015625 0.28686622968750003 0.639682703125 0.2856079859375 0.6636914218750001 0.31681515937500004 0.6653269203125001 0.318073403125 0.6413182015625
1 0.8028089546875 0.5784553171875 0.7487893390625 0.5756242687500001 0.7464407625 0.62043776875 0.8004603796875 0.6232688171875 0.8028089546875 0.5784553171875