1 0.51803125 0.4294895828125 0.453125 0.4294895828125 0.453125 0.5048020828124999 0.51803125 0.5048020828124999 0.51803125 0.4294895828125
1 0.6153906250000001 0.7804479171875001 0.548078125 0.7804479171875001 0.548078125 0.8830104171875 0.6153906250000001 0.8830104171875 0.6153906250000001 0.7804479171875001
1 0.17428125 0.580125 0.03365625 0.580125 0.03365625 0.6490416671875 0.17428125 0.6490416671875 0.17428125 0.580125
1 0.197109375 0.0576875 0.132203125 0.0576875 0.132203125 0.0993541671875 0.197109375 0.0993541671875 0.197109375 0.0576875
1 0.30167968749999996 0.1858958328125 0.2716328125 0.1858958328125 0.2716328125 0.21793749999999998 0.30167968749999996 0.21793749999999998 0.30167968749999996 0.1858958328125
1 0.362984375 0.41185416718749995 0.340140625 0.41185416718749995 0.340140625 0.4775625 0.362984375 0.4775625 0.362984375 0.41185416718749995
0 0.2944765625 0.5817395828125 0.15264843749999998 0.5817395828125 0.15264843749999998 0.72596875 0.2944765625 0.72596875 0.2944765625 0.5817395828125
1 0.46274218749999996 0.5737291671875 0.38582031250000004 0.5737291671875 0.38582031250000004 0.6330208328125 0.46274218749999996 0.6330208328125 0.46274218749999996 0.5737291671875
1 0.3786015625 0.2660208328125 0.3124921875 0.2660208328125 0.3124921875 0.3253125 0.3786015625 0.3253125 0.3786015625 0.2660208328125
1 0.9471171875 0.7900520828125 0.8569765625000001 0.7900520828125 0.8569765625000001 0.8605729171875 0.9471171875 0.8605729171875 0.9471171875 0.7900520828125
1 1 0.8557708328125001 0.8581875 0.8557708328125001 0.8581875 0.9391041671875 1 0.9391041671875 1 0.8557708328125001
1 0.7091328125 0.794875 0.6478359375 0.794875 0.6478359375 0.8878333328125001 0.7091328125 0.8878333328125001 0.7091328125 0.794875
1 0.7091406250000001 0.8605729171875 0.608171875 0.8605729171875 0.608171875 0.9599270828125 0.7091406250000001 0.9599270828125 0.7091406250000001 0.8605729171875
1 0.8125 0.5961458328125 0.71875 0.5961458328125 0.71875 0.6410208328125 0.8125 0.6410208328125 0.8125 0.5961458328125
1 0.6670703125 0.4503125 0.5925546875000001 0.4503125 0.5925546875000001 0.5160208328125 0.6670703125 0.5160208328125 0.6670703125 0.4503125
1 0.730765625 0.5336458328125 0.659859375 0.5336458328125 0.659859375 0.5849375 0.730765625 0.5849375 0.730765625 0.5336458328125
0 0.27403125 0.1426145828125 0.11778124999999999 0.1426145828125 0.11778124999999999 0.2131354171875 0.27403125 0.2131354171875 0.27403125 0.1426145828125
0 0 0.4871875 0.2848515625 0.4871875 0.2848515625 0.2612291671875 0 0.2612291671875 0 0.4871875
1 0.858171875 0.6249895828125 0.7908593749999999 0.6249895828125 0.7908593749999999 0.68909375 0.858171875 0.68909375 0.858171875 0.6249895828125
1 0.8942265624999999 0.6843020828124999 0.8509609375 0.6843020828124999 0.8509609375 0.73878125 0.8942265624999999 0.73878125 0.8942265624999999 0.6843020828124999
1 0.9230859375 0.7259583328125 0.8882265625000001 0.7259583328125 0.8882265625000001 0.77725 0.9230859375 0.77725 0.9230859375 0.7259583328125
1 0.8593828125 0.7339687500000001 0.7908671875 0.7339687500000001 0.7908671875 0.8221145828124999 0.8593828125 0.8221145828124999 0.8593828125 0.7339687500000001