0 0.5865390625 0.4615416671875 0.3401484375 0.4615416671875 0.3401484375 0.669875 0.5865390625 0.669875 0.5865390625 0.4615416671875
1 0.875 0.7980833328125 0.78965625 0.7980833328125 0.78965625 0.9295 0.875 0.9295 0.875 0.7980833328125
1 0.764421875 0.6394375 0.704328125 0.6394375 0.704328125 0.6923125 0.764421875 0.6923125 0.764421875 0.6394375
1 0.6454296875 0.4567395828125 0.6129765625 0.4567395828125 0.6129765625 0.4968020828125 0.6454296875 0.4968020828125 0.6454296875 0.4567395828125
1 0.6826953125 0.4150625 0.6262109375 0.4150625 0.6262109375 0.4567291671875 0.6826953125 0.4567291671875 0.6826953125 0.4150625
1 0.9543359375 0.7564166671875 0.9038515625000001 0.7564166671875 0.9038515625000001 0.8045 0.9543359375 0.8045 0.9543359375 0.7564166671875
1 0.969953125 0.8012812500000001 0.938703125 0.8012812500000001 0.938703125 0.8381354171875 0.969953125 0.8381354171875 0.969953125 0.8012812500000001
1 1 0.8301354171875 0.9519296875000001 0.8301354171875 0.9519296875000001 0.8878229171875001 1 0.8878229171875001 1 0.8301354171875
1 0.16105468750000002 0.43589583281250005 0.10216406250000001 0.43589583281250005 0.10216406250000001 0.47114583281250005 0.16105468750000002 0.47114583281250005 0.16105468750000002 0.43589583281250005
1 0 0.7083333328125 0.03846875 0.7083333328125 0.03846875 0.6570416671875 0 0.6570416671875 0 0.7083333328125
1 0.5901484375 0.21475 0.5528828125 0.21475 0.5528828125 0.2564166671875 0.5901484375 0.2564166671875 0.5901484375 0.21475