1 0.8822012984375001 0.644843534375 0.9951090375 0.6487863593750001 0.9980173296875 0.565503790625 0.8851095890625 0.561560965625 0.8822012984375001 0.644843534375
1 0.7530273671875001 0.555343409375 0.8947690953125 0.5602931390625 0.89683834375 0.501037590625 0.7550966171875 0.4960878609375 0.7530273671875001 0.555343409375
1 0.6309005734375 0.401935709375 0.7209862874999999 0.405081571875 0.7228875828125 0.3506355921875 0.63280186875 0.3474897296875 0.6309005734375 0.401935709375
1 0.212461865625 0.43384142968750006 0.2665226625 0.4357292734375 0.268200746875 0.3876752296875 0.21413995 0.3857873859375 0.212461865625 0.43384142968750006
1 0.201731534375 0.7413417671875 0.3434732609375 0.746291496875 0.3455425109375 0.6870359484375 0.2038007828125 0.6820862187500001 0.201731534375 0.7413417671875
1 0.2950888984375 0.61632581875 0.3635627859375 0.6187169796875 0.36568802031250003 0.5578582421875 0.29721413281250003 0.55546708125 0.2950888984375 0.61632581875
1 0.3558331078125 0.5991957421875 0.41228307500000005 0.60116701875 0.41407312812499997 0.549906596875 0.35762316250000004 0.5479353203125 0.3558331078125 0.5991957421875
1 0.045117778125 0.439212809375 0.10156774375 0.4411840859375 0.103525025 0.3851349171875 0.0470750578125 0.38316364062499997 0.045117778125 0.439212809375
1 0.496101484375 0.129450715625 0.5381383609375 0.130918675 0.5399284140625 0.079658253125 0.4978915375 0.07819029375 0.496101484375 0.129450715625
1 0.41134101718749994 0.2146799546875 0.460592246875 0.2163998453125 0.4614872734375 0.19076963281249998 0.41223604375 0.18904974218749998 0.41134101718749994 0.2146799546875
1 0.375112525 0.253501746875 0.4075458796875 0.2546343453125 0.40883207187500004 0.217802628125 0.376398715625 0.21667002968750002 0.375112525 0.253501746875
0 0.3875476 0.3453458390625 0.601354775 0.35281215 0.605773196875 0.22628510937500002 0.3919660203125 0.2188187984375 0.3875476 0.3453458390625
0 0.5879765046875 0.2192534796875 0.7129003578125 0.22361591718749999 0.71592061875 0.13712696875 0.590996765625 0.13276453125 0.5879765046875 0.2192534796875
0 0.5252353921874999 0.1561191375 0.6117139296875 0.15913903437500002 0.613336028125 0.1126881796875 0.526857490625 0.1096682828125 0.5252353921874999 0.1561191375
0 0.052140353125000004 0.72007690625 0.21910108281250001 0.725907303125 0.2242465765625 0.5785596171875 0.057285846875000004 0.5727292203125 0.052140353125000004 0.72007690625