1 0.1484584984375 0.4894262421875 0.15105905625 0.5638964750000001 0.20710822499999998 0.5619391953124999 0.2045076671875 0.48746896250000005 0.1484584984375 0.4894262421875
1 0.32774084062500003 0.342462665625 0.3297541046875 0.40011502343750005 0.3874064640625 0.398101759375 0.3853931984375 0.3404494 0.32774084062500003 0.342462665625
1 0.352125265625 0.3981221296875 0.353971121875 0.4509805359375 0.398818784375 0.4494144203125 0.39697292812499996 0.396556015625 0.352125265625 0.3981221296875
1 0.4144470296875 0.25403123125 0.41629288593749997 0.3068896359375 0.46434692968749997 0.3052115515625 0.4625010734375 0.252353146875 0.4144470296875 0.25403123125
1 0.5429201406249999 0.12207657499999999 0.5451433484375 0.18574089375 0.6140180328125 0.1833357375 0.6117948265625001 0.11967141875000001 0.5429201406249999 0.12207657499999999
1 0.6495738046875 0.2831087625 0.6518809875 0.34917786562500003 0.727147609375 0.346549496875 0.724840425 0.28048039375 0.6495738046875 0.2831087625
1 0.857160209375 0.21211773125 0.9900895999999999 0.207475734375 0.9863984328125 0.1017745390625 0.8534690421875 0.1064165359375 0.857160209375 0.21211773125
1 0.7663687671875 0 0.7690536031249999 0.0768836640625 0.8987870250000001 0.0723532734375 0.8962603937500001 0 0.7663687671875 0
0 0.42137528125 0.315131346875 0.43253330468750006 0.6346553328125 0.6647667484374999 0.6265455609374999 0.653608725 0.307021575 0.42137528125 0.315131346875
0 0.21679686875 0.42569775937500004 0.22250184687500002 0.5890669281250001 0.29937165781249997 0.586382575 0.29366668125 0.42301340625000006 0.21679686875 0.42569775937500004
0 0.24490513125 0.5882924046875 0.2496869078125 0.7252245640625 0.4050505390625 0.719799146875 0.4002687625 0.5828669875 0.24490513125 0.5882924046875
0 0.7180670796874999 0.4996080796875 0.7238974765624999 0.666568809375 0.8952721828125 0.6605842734375 0.889441784375 0.49362354374999995 0.7180670796874999 0.4996080796875