1 0.6365840703125001 0.588224528125 0.566907790625 0.590657678125 0.568585875 0.6387117203125 0.6382621546875 0.6362785703125 0.6365840703125001 0.588224528125
1 0.771691653125 0.5658915703125 0.6876022828125 0.5688280359375 0.68944759375 0.621670825 0.7735369624999999 0.6187343609375 0.771691653125 0.5658915703125
1 0.726958259375 0.7310116640625 0.6608891578125 0.7333188484375001 0.6636854796875 0.8133950375 0.7297545828125 0.8110878546875 0.726958259375 0.7310116640625
1 0.9959399093749999 0.3752305234375 0.9370851578125 0.3772857765625 0.9395463 0.4477636515625 0.99840105 0.4457083984375 0.9959399093749999 0.3752305234375
1 0.9654441796875 0.3282036609375 0.994270359375 0.32719702968750003 0.9921451250000001 0.2663382921875 0.9633189468750001 0.267344925 0.9654441796875 0.3282036609375
1 0.801738703125 0.048486087500000004 0.710450596875 0.05167393906249999 0.7166583453125 0.2294405828125 0.80794645 0.22625273125 0.801738703125 0.048486087500000004
1 0.9459134015625 0.14768155624999998 0.987950278125 0.146213596875 0.985433153125 0.0741325328125 0.9433962765624999 0.07560049375 0.9459134015625 0.14768155624999998
0 0.264836734375 0.240423953125 0.105074740625 0.24600296406250002 0.1075918671875 0.31808402812500003 0.2673538609375 0.312505015625 0.264836734375 0.240423953125
1 0.2249810765625 0.3043538390625 0.132490578125 0.3075836796875 0.1344478578125 0.36363284687499997 0.22693835624999997 0.3604030078125 0.2249810765625 0.3043538390625
1 0.2779604140625 0.7883830781250001 0.23351875312499998 0.7899350140625 0.23536406406250002 0.8427778046875 0.279805725 0.8412258671874999 0.2779604140625 0.7883830781250001
1 0.23326665468750002 0.8861378343749999 0.19482133906250002 0.887480375 0.1962195 0.92751846875 0.23466481562500002 0.9261759296875001 0.23326665468750002 0.8861378343749999
1 0.22608863281249997 0.783784325 0.1648290984375 0.78592355625 0.166003321875 0.8195488937500001 0.22726285625 0.8174096640625 0.22608863281249997 0.783784325
1 0.20444045625 0.7492479640624999 0.15278444375 0.7510518328125 0.1536794703125 0.7766820421875 0.20533548281249997 0.774878175 0.20444045625 0.7492479640624999
1 0.088469025 0.631431871875 0.042824971875 0.6330257968749999 0.04495020625 0.6938845359375 0.090594259375 0.692290609375 0.088469025 0.631431871875
0 0.615192365625 0.3548601796875 0.4902685125 0.359222615625 0.49519006875000005 0.50015754375 0.620113921875 0.49579510625 0.615192365625 0.3548601796875
0 0.5490554875 0.6650447796875001 0.372475621875 0.671211084375 0.377621115625 0.81855876875 0.5542009828125 0.8123924640625001 0.5490554875 0.6650447796875001
0 0.6590638625 0.7846950968749999 0.52573888125 0.7893509078125 0.5277521453125 0.847003265625 0.661077128125 0.8423474546874999 0.6590638625 0.7846950968749999
0 0.8261835921875 0.369953803125 0.6580204703125 0.3758261890625 0.6646760953124999 0.566418346875 0.8328392171875001 0.5605459625 0.8261835921875 0.369953803125
1 0.8651884093750001 0.5225292500000001 0.81954435625 0.5241231749999999 0.8210544875 0.5673676484375 0.866698540625 0.5657737234375 0.8651884093750001 0.5225292500000001