0 0.5204296875 0.1746770828125 0.3653828125 0.1746770828125 0.3653828125 0.2499895828125 0.5204296875 0.2499895828125 0.5204296875 0.1746770828125
0 0.3761953125 0.1955104171875 0.21033593750000001 0.1955104171875 0.21033593750000001 0.3253229171875 0.3761953125 0.3253229171875 0.3761953125 0.1955104171875
0 0.6153906250000001 0.3413541671875 0.32092187499999997 0.3413541671875 0.32092187499999997 0.5320625 0.6153906250000001 0.5320625 0.6153906250000001 0.3413541671875
0 0.49759374999999995 0.5833437499999999 0.32571875 0.5833437499999999 0.32571875 0.7003229171875 0.49759374999999995 0.7003229171875 0.49759374999999995 0.5833437499999999
1 0.3052890625 0.7483958328125 0.1478359375 0.7483958328125 0.1478359375 0.8910208328125 0.3052890625 0.8910208328125 0.3052890625 0.7483958328125
1 0.8665859375 0.5416562500000001 0.7896640625 0.5416562500000001 0.7896640625 0.6474270828125 0.8665859375 0.6474270828125 0.8665859375 0.5416562500000001
1 0.7860625 0.6458229171875 0.70071875 0.6458229171875 0.70071875 0.7724270828125 0.7860625 0.7724270828125 0.7860625 0.6458229171875
1 0.776453125 0.42467708281250005 0.706734375 0.42467708281250005 0.706734375 0.47115625000000005 0.776453125 0.47115625000000005 0.776453125 0.42467708281250005
1 0.6586640625 0.3269166671875 0.6057734375 0.3269166671875 0.6057734375 0.3621666671875 0.6586640625 0.3621666671875 0.6586640625 0.3269166671875
1 0.594953125 0.2628229171875 0.5408593749999999 0.2628229171875 0.5408593749999999 0.29646875 0.594953125 0.29646875 0.594953125 0.2628229171875
1 0.543265625 0.2804479171875 0.48557812499999997 0.2804479171875 0.48557812499999997 0.3205104171875 0.543265625 0.3205104171875 0.543265625 0.2804479171875
1 0.43870312499999997 0.1282083328125 0.38101562499999997 0.1282083328125 0.38101562499999997 0.1634583328125 0.43870312499999997 0.1634583328125 0.43870312499999997 0.1282083328125
1 0.6718671875 0.8044791671875 0.5973515625 0.8044791671875 0.5973515625 0.8942291671874999 0.6718671875 0.8942291671874999 0.6718671875 0.8044791671875
1 0.9447109375 1 0.9447109375 0.8717916671875001 0.8569765625000001 0.8717916671875001 0.8569765625000001 1 0.9447109375 1
1 0.3773984375 0.7676354171875001 0.3112890625 0.7676354171875001 0.3112890625 0.8285312499999999 0.3773984375 0.8285312499999999 0.3773984375 0.7676354171875001