0 0.631 0.4919895828125 0.40384374999999995 0.4919895828125 0.40384374999999995 0.6955104171875 0.631 0.6955104171875 0.631 0.4919895828125
1 0.9423125000000001 0.8141041671875 0.8485625000000001 0.8141041671875 0.8485625000000001 0.9567291671874999 0.9423125000000001 0.9567291671874999 0.9423125000000001 0.8141041671875
1 0.8136953124999999 0.6666666671875 0.7572109375 0.6666666671875 0.7572109375 0.7115416671875 0.8136953124999999 0.7115416671875 0.8136953124999999 0.6666666671875
1 0.6935156250000001 0.4679479171875 0.659859375 0.4679479171875 0.659859375 0.5224270828125 0.6935156250000001 0.5224270828125 0.6935156250000001 0.4679479171875
1 0.727171875 0.43909374999999995 0.6778906250000001 0.43909374999999995 0.6778906250000001 0.48878125 0.727171875 0.48878125 0.727171875 0.43909374999999995
1 1 0.78846875 0.9651484375000001 0.78846875 0.9651484375000001 0.8461562499999999 1 0.8461562499999999 1 0.78846875
1 0.1045703125 0.6682708328125 0.0564921875 0.6682708328125 0.0564921875 0.7307708328125 0.1045703125 0.7307708328125 0.1045703125 0.6682708328125
1 0.0973515625 0.5 0.0564921875 0.5 0.0564921875 0.552875 0.0973515625 0.552875 0.0973515625 0.5
1 0.206734375 0.4406979171875 0.152640625 0.4406979171875 0.152640625 0.4775520828125 0.206734375 0.4775520828125 0.206734375 0.4406979171875
1 0.2536015625 0.5368541671875 0.2055234375 0.5368541671875 0.2055234375 0.5688958328125 0.2536015625 0.5688958328125 0.2536015625 0.5368541671875
1 0.6298046875 0.2403958328125 0.5889453125 0.2403958328125 0.5889453125 0.2788541671875 0.6298046875 0.2788541671875 0.6298046875 0.2403958328125
1 0.659859375 0.2900729171875 0.602171875 0.2900729171875 0.602171875 0.3301354171875 0.659859375 0.3301354171875 0.659859375 0.2900729171875