1 0 0.8092916671875001 0.13221875 0.8092916671875001 0.13221875 0.642625 0 0.642625 0 0.8092916671875001
1 0.3545625 0.5464791671875 0.1875 0.5464791671875 0.1875 0.6442291671875 0.3545625 0.6442291671875 0.3545625 0.5464791671875
1 0.49759374999999995 0.4295 0.36778125 0.4295 0.36778125 0.5689166671875 0.49759374999999995 0.5689166671875 0.49759374999999995 0.4295
1 0.9014374999999999 0.6826979171875001 0.8076874999999999 0.6826979171875001 0.8076874999999999 0.7820520828124999 0.9014374999999999 0.7820520828124999 0.9014374999999999 0.6826979171875001
1 0.8798046875000001 0.7724375 0.8076953124999999 0.7724375 0.8076953124999999 0.8445625 0.8798046875000001 0.8445625 0.8798046875000001 0.7724375
1 0.8701953124999999 0.8108958328125 0.7644296875000001 0.8108958328125 0.7644296875000001 0.9150625 0.8701953124999999 0.9150625 0.8701953124999999 0.8108958328125
1 0.784859375 0.3718020828125 0.673078125 0.3718020828125 0.673078125 0.48878125 0.784859375 0.48878125 0.784859375 0.3718020828125
1 0.6911015625 0.4679479171875 0.6225859375 0.4679479171875 0.6225859375 0.5801354171875001 0.6911015625 0.5801354171875001 0.6911015625 0.4679479171875
1 0.9999921875 0.5144166671875 0.9567265624999999 0.5144166671875 0.9567265624999999 0.6185833328125 0.9999921875 0.6185833328125 0.9999921875 0.5144166671875
0 0.54446875 0.22915625 0.33053125 0.22915625 0.33053125 0.42467708281250005 0.54446875 0.42467708281250005 0.54446875 0.22915625
0 0.431484375 0.15225 0.264421875 0.15225 0.264421875 0.3333333328125 0.431484375 0.3333333328125 0.431484375 0.15225
0 0.5432734375 0.1041666671875 0.3834140625 0.1041666671875 0.3834140625 0.1810833328125 0.5432734375 0.1810833328125 0.5432734375 0.1041666671875