0 0.6358125 0.1378229171875 0.4951875 0.1378229171875 0.4951875 0.2500104171875 0.6358125 0.2500104171875 0.6358125 0.1378229171875
0 0.735578125 0.0849270828125 0.612984375 0.0849270828125 0.612984375 0.1522395828125 0.735578125 0.1522395828125 0.735578125 0.0849270828125
0 0.9266796875000001 0.29167708281250004 0.7331640625 0.29167708281250004 0.7331640625 0.4326979171875 0.9266796875000001 0.4326979171875 0.9266796875000001 0.29167708281250004
0 0.7536015625 0.3557708328125 0.6225859375 0.3557708328125 0.6225859375 0.4455208328125 0.7536015625 0.4455208328125 0.7536015625 0.3557708328125
0 0.45192187500000003 0.4423020828125 0.324515625 0.4423020828125 0.324515625 0.5448645828124999 0.45192187500000003 0.5448645828124999 0.45192187500000003 0.4423020828125
0 1 0.8285312499999999 0.7463984375 0.8285312499999999 0.7463984375 1 1 1 1 0.8285312499999999
0 0.6237890625 0.8205104171875 0.44230468749999996 0.8205104171875 0.44230468749999996 0.9999895828125 0.6237890625 0.9999895828125 0.6237890625 0.8205104171875
1 0.1971171875 0.3477604171875 0.12260156250000001 0.3477604171875 0.12260156250000001 0.41507291718749995 0.1971171875 0.41507291718749995 0.1971171875 0.3477604171875
1 0.60696875 0.6250104171875 0.5516875 0.6250104171875 0.5516875 0.7035312499999999 0.60696875 0.7035312499999999 0.60696875 0.6250104171875
1 0.376203125 0.7307604171875 0.33414062499999997 0.7307604171875 0.33414062499999997 0.77403125 0.376203125 0.77403125 0.376203125 0.7307604171875
1 0.0721171875 0.8301354171875 0.0216328125 0.8301354171875 0.0216328125 0.8701979171875 0.0721171875 0.8701979171875 0.0721171875 0.8301354171875
1 0.6959140625 0.8509583328125 0.6298046875 0.8509583328125 0.6298046875 0.927875 0.6959140625 0.927875 0.6959140625 0.8509583328125
1 0.7932734375 0.8381354171875 0.6983203125 0.8381354171875 0.6983203125 0.91665625 0.7932734375 0.91665625 0.7932734375 0.8381354171875
1 0.8810156250000001 0.5624895828125 0.820921875 0.5624895828125 0.820921875 0.6121770828125 0.8810156250000001 0.6121770828125 0.8810156250000001 0.5624895828125
1 0.7175390625 0.26603125 0.6766796875 0.26603125 0.6766796875 0.2948854171875 0.7175390625 0.2948854171875 0.7175390625 0.26603125
1 0.7860546875 0.13621875 0.7427890625 0.13621875 0.7427890625 0.1730729171875 0.7860546875 0.1730729171875 0.7860546875 0.13621875
1 0 0.2403854171875 0.055281250000000004 0.2403854171875 0.055281250000000004 0.21153125 0 0.21153125 0 0.2403854171875
1 0.3305234375 0.046468749999999996 0.2896640625 0.046468749999999996 0.2896640625 0.08653125 0.3305234375 0.08653125 0.3305234375 0.046468749999999996
1 0.2656328125 0.2548125 0.2175546875 0.2548125 0.2175546875 0.2756458328125 0.2656328125 0.2756458328125 0.2656328125 0.2548125
1 0.105765625 0.3541666671875 0.066109375 0.3541666671875 0.066109375 0.384625 0.105765625 0.384625 0.105765625 0.3541666671875