1 0.3265152296875 0.146860240625 0.3745640671875 0.1451823390625 0.3733338609375 0.1099538125 0.3252850234375 0.11163171406250001 0.3265152296875 0.146860240625
1 0.21016865 0.29364551250000004 0.27984492968749997 0.2912123640625 0.27833479843750003 0.24796789062500002 0.20865852031249998 0.2504010390625 0.21016865 0.29364551250000004
1 0.31396819531250003 0.3044462078125 0.37883490625 0.3021810125 0.377660684375 0.2685556734375 0.3127939734375 0.27082086875 0.31396819531250003 0.3044462078125
1 0.3985128859375 0.31432457343750003 0.45736763593749996 0.3122693203125 0.456137428125 0.27704079375 0.397282678125 0.279096046875 0.3985128859375 0.31432457343750003
1 0.24969733593750001 0.49592045156250003 0.3181712234375 0.493529290625 0.3166051078125 0.448681628125 0.24813122031249998 0.4510727890625 0.24969733593750001 0.49592045156250003
0 0.50684283125 0.523806940625 0.6666048250000001 0.5182279296875001 0.6638644859375 0.43975492968749996 0.5041024937499999 0.445333940625 0.50684283125 0.523806940625
1 0.7702171734375 0.7647620921875 0.9239672046875 0.7593930234374999 0.9216180328125001 0.692121528125 0.767868 0.697490596875 0.7702171734375 0.7647620921875
1 1 0.7743840671875 0.894561909375 0.7780660453125 0.8970790359375 0.850147109375 1 0.8465530296875 1 0.7743840671875
1 0.8628036140625 0.4199875125 0.9637108578125 0.41646375312500006 0.9612497156250001 0.345985878125 0.8603424734375 0.3495096375 0.8628036140625 0.4199875125
1 0.1975623875 1 0.193355365625 0.8795266906249999 0.0924481234375 0.88305045 0.096532090625 1 0.1975623875 1
1 0.2001625828125 0.937011640625 0.2782399921875 0.9342851171875 0.27577885 0.86380724375 0.19770144218750002 0.8665337671875 0.2001625828125 0.937011640625
1 0.292884828125 0.9401942875 0.364950275 0.93767770625 0.36209796875 0.8559983265625 0.2900325203125 0.8585149062499999 0.292884828125 0.9401942875
1 0.0249244734375 0.567912934375 0.002094640625 0.5687101703125 0.0057300046875 0.6728133796875 0.0285598375 0.6720161453125 0.0249244734375 0.567912934375
1 0.1350640890625 0.6570713453125 0.23836050000000003 0.65346415625 0.2351722859375 0.562165640625 0.131875875 0.56577283125 0.1350640890625 0.6570713453125
1 0.0152767859375 0.4640092546875 0.084953065625 0.4615761046875 0.0827158625 0.397510990625 0.0130395828125 0.3999441390625 0.0152767859375 0.4640092546875
1 0.16220397656250002 0.3322075296875 0.2090504203125 0.330571615625 0.20821137968749998 0.3065445953125 0.161364934375 0.30818050937499997 0.16220397656250002 0.3322075296875
0 0.2233871734375 0.4310804140625 0.4672229203125 0.4225654828125 0.4629164671875 0.29924481875 0.219080721875 0.3077597515625 0.2233871734375 0.4310804140625
0 0.3365462671875 0.193017446875 0.45066420625000003 0.1890323609375 0.44837101874999996 0.12336405624999999 0.3342530796875 0.1273491421875 0.3365462671875 0.193017446875
0 0.44333789375 0.2550261640625 0.6043022796875 0.2494051640625 0.5999958265625 0.1260845 0.4390314421875 0.1317055 0.44333789375 0.2550261640625