1 1 0.18491615156250002 0.9091511625 0.1705271109375 0.8976825609375 0.24293701093750003 1 0.2591425015625 1 0.18491615156250002
1 0.935063890625 0.15028466093749998 0.9486003609375 0.06481875468750001 0.8346458171875 0.046770128125 0.8211093484375 0.132236034375 0.935063890625 0.15028466093749998
1 0.694307084375 0.28739600468750004 0.680205984375 0.3764268484375 0.73718325625 0.3854511625 0.75128435625 0.2964203171875 0.694307084375 0.28739600468750004
1 0.6053883546875001 0.0907683625 0.5897815734375 0.1893057078125 0.667335684375 0.20158907187500003 0.6829424656249999 0.103051728125 0.6053883546875001 0.0907683625
1 0.47372707500000005 0.1843159140625 0.4660177890625 0.2329904296875 0.51667796875 0.2410142140625 0.5243872546875 0.1923396984375 0.47372707500000005 0.1843159140625
1 0.44421616718749996 0.24778549375 0.4363186703125 0.2976483234375 0.47588793437500004 0.303915478125 0.48378543125 0.25405265 0.44421616718749996 0.24778549375
1 0.356696690625 0.2984209640625 0.34635490468749996 0.36371642187500003 0.38909300468749997 0.370485471875 0.39943478906249996 0.3051900125 0.356696690625 0.2984209640625
1 0.158680428125 0.4422859234375 0.1502183 0.495713690625 0.202442321875 0.5039851625 0.2109044484375 0.450557396875 0.158680428125 0.4422859234375
0 0.2315031296875 0.3820298015625 0.20912811250000002 0.5233000999999999 0.28509780625 0.5353325171875001 0.30747282343750004 0.39406221874999997 0.2315031296875 0.3820298015625
0 0.219339803125 0.5407293296875 0.19640015625 0.685564565625 0.3499445390625 0.7098836078125 0.3728841859375 0.565048371875 0.219339803125 0.5407293296875
0 0.4420026828125 0.292457971875 0.3867250984375 0.64146690625 0.636816015625 0.681077415625 0.6920936015625 0.33206848125 0.4420026828125 0.292457971875
0 0.7081315140625 0.50741586875 0.6746643156250001 0.71871944375 0.8598558796875 0.7480509046875 0.893323078125 0.53674733125 0.7081315140625 0.50741586875