0 0.584125 0.1378229171875 0.43509374999999995 0.1378229171875 0.43509374999999995 0.2403854171875 0.584125 0.2403854171875 0.584125 0.1378229171875
0 0.6766875 0.09775 0.56490625 0.09775 0.56490625 0.1842916671875 0.6766875 0.1842916671875 0.6766875 0.09775
0 0.7139453125 0.7852604171875 0.47355468749999996 0.7852604171875 0.47355468749999996 0.9919895828125 0.7139453125 0.9919895828125 0.7139453125 0.7852604171875
0 0.8221093749999999 0.2964791671875 0.663453125 0.2964791671875 0.663453125 0.4455208328125 0.8221093749999999 0.4455208328125 0.8221093749999999 0.2964791671875
0 0.6454296875 0.34775 0.5264453125 0.34775 0.5264453125 0.4246666671875 0.6454296875 0.4246666671875 0.6454296875 0.34775
1 0.4230703125 0.7820625 0.33292968749999996 0.7820625 0.33292968749999996 0.8766041671875 0.4230703125 0.8766041671875 0.4230703125 0.7820625
1 0.3593671875 0.44711458281249994 0.2355703125 0.44711458281249994 0.2355703125 0.53846875 0.3593671875 0.53846875 0.3593671875 0.44711458281249994
1 0.140625 0.3557708328125 0.06971875 0.3557708328125 0.06971875 0.4150625 0.140625 0.4150625 0.140625 0.3557708328125
1 0.9999921875 0.5833229171875 0.9122578125 0.5833229171875 0.9122578125 0.65384375 0.9999921875 0.65384375 0.9999921875 0.5833229171875
1 1 0.7564166671875 0.90625 0.7564166671875 0.90625 0.8365416671875 1 0.8365416671875 1 0.7564166671875
1 0.9122578125 1 0.9122578125 0.93590625 0.7884609375 0.93590625 0.7884609375 1 0.9122578125 1
1 0.4206796875 1 0.4206796875 0.9102499999999999 0.33894531250000004 0.9102499999999999 0.33894531250000004 1 0.4206796875 1
1 0.7343828125 0.1490416671875 0.6838984375 0.1490416671875 0.6838984375 0.1907083328125 0.7343828125 0.1907083328125 0.7343828125 0.1490416671875
1 0.85215625 0.3141145828125 0.8100937500000001 0.3141145828125 0.8100937500000001 0.3477604171875 0.85215625 0.3477604171875 0.85215625 0.3141145828125
1 0.936296875 0.44712500000000005 0.866578125 0.44712500000000005 0.866578125 0.5032083328125 0.936296875 0.5032083328125 0.936296875 0.44712500000000005
1 0.40746093749999995 0.6185937499999999 0.35457031250000004 0.6185937499999999 0.35457031250000004 0.6730729171875 0.40746093749999995 0.6730729171875 0.40746093749999995 0.6185937499999999
1 0.1490390625 0.7259583328125 0.11177343749999999 0.7259583328125 0.11177343749999999 0.7644166671875 0.1490390625 0.7644166671875 0.1490390625 0.7259583328125
1 0.1826875 0.8541666671874999 0.13340625 0.8541666671874999 0.13340625 0.8990416671875 0.1826875 0.8990416671875 0.1826875 0.8541666671874999