0 0.323724253125 0.14105648906249998 0.1615574765625 0.1353935 0.157978096875 0.237893521875 0.3201448734375 0.24355651093750003 0.323724253125 0.14105648906249998
0 0.3164253640625 0.24664733437500003 0.013719251562500001 0.23607660468749997 0.00538554375 0.47472280624999996 0.3080916546875 0.4852935359375 0.3164253640625 0.24664733437500003
0 0.22509306406250001 0.5545432796875 0.0833513359375 0.54959355 0.08044304531249999 0.6328761187499999 0.222184771875 0.6378258484375 0.22509306406250001 0.5545432796875
0 0.3344492390625 0.6257156109374999 0.183103990625 0.62043051875 0.1805316078125 0.69409395 0.33187685624999996 0.69937904375 0.3344492390625 0.6257156109374999
0 0 0.7599481875 0.0674962734375 0.762305209375 0.07129959062499999 0.65339243125 0 0.6509025953124999 0 0.7599481875
1 0.56699158125 0.44141686875 0.49612852500000004 0.43894227499999994 0.4935001578125 0.514208896875 0.5643632125 0.5166834890625001 0.56699158125 0.44141686875
1 0.662254921875 0.77825920625 0.58537990625 0.7755746718750001 0.5815765875000001 0.8844874515625 0.6584516046875 0.8871719859375 0.662254921875 0.77825920625
1 0.979800903125 0.81180975625 0.8993187109375 0.8089992562500001 0.8967463265625 0.8826626875000001 0.9772285187499999 0.8854731875 0.979800903125 0.81180975625
1 0.752104134375 0.8230992984375 0.677633903125 0.820498740625 0.6751167765625 0.8925798031250001 0.7495870078125 0.8951803609375 0.752104134375 0.8230992984375
1 0.738682053125 0.8627175078124999 0.6642118203125 0.8601169499999999 0.6604644875 0.9674265406250001 0.73493471875 0.9700270984375001 0.738682053125 0.8627175078124999
1 0.8392541515625 0.600046578125 0.751573221875 0.5969846921874999 0.7495039734375 0.6562402406250001 0.8371849031249999 0.6593021265625 0.8392541515625 0.600046578125
1 0.5024603953125 0.5674394484375 0.42919255625 0.5648808796875 0.42734724531249996 0.61772366875 0.500615084375 0.6202822390625 0.5024603953125 0.5674394484375
1 0.41544314687500006 0.2693564234375 0.3673943109375 0.267678521875 0.3662200875 0.3013038578125 0.414268925 0.3029817609375 0.41544314687500006 0.2693564234375