0 0.6153828125 0.1394166671875 0.47355468749999996 0.1394166671875 0.47355468749999996 0.240375 0.6153828125 0.240375 0.6153828125 0.1394166671875
0 0.715140625 0.09615625 0.6033593749999999 0.09615625 0.6033593749999999 0.15384375 0.715140625 0.15384375 0.715140625 0.09615625
0 0.907453125 0.29328125 0.7403906250000001 0.29328125 0.7403906250000001 0.45513541718750006 0.907453125 0.45513541718750006 0.907453125 0.29328125
0 0.7295625 0.37340625 0.59615625 0.37340625 0.59615625 0.45834374999999994 0.7295625 0.45834374999999994 0.7295625 0.37340625
0 0.967546875 1 0.967546875 0.919875 0.735578125 0.919875 0.735578125 1 0.967546875 1
1 0.4038515625 0.49840625000000005 0.2824609375 0.49840625000000005 0.2824609375 0.5528854171875001 0.4038515625 0.5528854171875001 0.4038515625 0.49840625000000005
1 0.16827343749999998 0.3477604171875 0.07813281250000001 0.3477604171875 0.07813281250000001 0.4326979171875 0.16827343749999998 0.4326979171875 0.16827343749999998 0.3477604171875
1 0.6045625 1 0.6045625 0.8461562499999999 0.5108125 0.8461562499999999 0.5108125 1 0.6045625 1
1 0.673078125 0.8814062500000001 0.5997656250000001 0.8814062500000001 0.5997656250000001 0.9775520828125 0.673078125 0.9775520828125 0.673078125 0.8814062500000001
1 0.7884609375 0.8894375 0.6730703124999999 0.8894375 0.6730703124999999 0.9631458328125 0.7884609375 0.9631458328125 0.7884609375 0.8894375
1 0.8653828125 0.5625 0.7932734375 0.5625 0.7932734375 0.6634583328125 0.8653828125 0.6634583328125 0.8653828125 0.5625
1 0.77884375 0.1298020828125 0.72115625 0.1298020828125 0.72115625 0.1906979171875 0.77884375 0.1906979171875 0.77884375 0.1298020828125
1 0.6983125 0.2740416671875 0.65865625 0.2740416671875 0.65865625 0.3045 0.6983125 0.3045 0.6983125 0.2740416671875
1 0.3365390625 0.7692395828125 0.2932734375 0.7692395828125 0.2932734375 0.8125104171875 0.3365390625 0.8125104171875 0.3365390625 0.7692395828125
1 0.5625078125 0.6586458328125 0.5276484375 0.6586458328125 0.5276484375 0.7419791671875 0.5625078125 0.7419791671875 0.5625078125 0.6586458328125
1 0.31009375 0.0448645828125 0.26803125 0.0448645828125 0.26803125 0.09134375 0.31009375 0.09134375 0.31009375 0.0448645828125