0 0.3668134265625 0.5767901828124999 0.75168610625 0.5498772625 0.7337993843749999 0.2940852140625 0.3489267046875 0.320998134375 0.3668134265625 0.5767901828124999
0 0.4245062578125 0.78159796875 0.6271364546875 0.767428684375 0.61919875 0.653914209375 0.41656855156250006 0.66808349375 0.4245062578125 0.78159796875
1 0.064679321875 0.35694504375 0.1534001734375 0.3507410765625 0.1452401203125 0.2340468671875 0.0565192671875 0.2402508328125 0.064679321875 0.35694504375
1 0.39041885781249996 0.17350491875000001 0.62062235 0.157407521875 0.613691753125 0.0582953765625 0.3834882609375 0.0743927734375 0.39041885781249996 0.17350491875000001
1 0.0662631765625 0.1383541671875 0.1861579046875 0.1299703109375 0.179339209375 0.032458425 0.05944448125 0.04084228125 0.0662631765625 0.1383541671875
1 0.7888449671875 0.099062028125 0.8583938859375 0.0941986953125 0.8538103046875 0.0286504234375 0.7842613859374999 0.0335137578125 0.7888449671875 0.099062028125
1 0.9277633968749999 0.1214887 0.9745242109375001 0.1182188640625 0.9684873703125 0.031888009375 0.9217265546875 0.03515784375 0.9277633968749999 0.1214887
1 0.2557166671875 0.3837362984375 0.307278259375 0.3801307609375 0.3029184796875 0.3177830078125 0.25135688749999996 0.3213885453125 0.2557166671875 0.3837362984375
1 0.7383630828125 0.7210987171875 0.7875242859375 0.71766103125 0.78484156875 0.67929638125 0.7356803640625 0.6827340671875 0.7383630828125 0.7210987171875
1 0.9006487406250001 0.2679556578125 0.970197659375 0.2630923234375 0.9620376046875 0.1463981125 0.8924886859375001 0.151261446875 0.9006487406250001 0.2679556578125
1 0.32892231875 0.60352971875 0.37688332812500003 0.6001759578125 0.3743125109375 0.5634115656249999 0.3263515015625 0.5667653265625 0.32892231875 0.60352971875
1 0.275720721875 0.6008176015625 0.3068945984375 0.5986377109375 0.30287052187499997 0.541090734375 0.2716966453125 0.543270625 0.275720721875 0.6008176015625
1 0 0.375919734375 0.041712265625 0.373002928125 0.032657004687500005 0.24350664375000003 0 0.2457902453125 0 0.375919734375
1 0.3375029609375 0.088864965625 0.38666416406250004 0.0854272796875 0.38118682656249997 0.0070977203125 0.3320256234375 0.01053540625 0.3375029609375 0.088864965625
1 0.587939859375 0.8617363796875 0.62511470625 0.8591368609375 0.6231019421874999 0.8303529828125 0.58592709375 0.8329525015625 0.587939859375 0.8617363796875