1 0.51321875 0.15865625 0.453125 0.15865625 0.453125 0.2051354171875 0.51321875 0.2051354171875 0.51321875 0.15865625
1 0.6694765625 0.2980833328125 0.6081796875000001 0.2980833328125 0.6081796875000001 0.3429583328125 0.6694765625 0.3429583328125 0.6694765625 0.2980833328125
1 0.608171875 0.330125 0.554078125 0.330125 0.554078125 0.3605833328125 0.608171875 0.3605833328125 0.608171875 0.330125
1 0.742796875 0.3846145828125 0.688703125 0.3846145828125 0.688703125 0.43909374999999995 0.742796875 0.43909374999999995 0.742796875 0.3846145828125
1 0.9879765624999999 0.705125 0.8930234374999999 0.705125 0.8930234374999999 0.8397500000000001 0.9879765624999999 0.8397500000000001 0.9879765624999999 0.705125
1 0.7295703125 0.6041770828125 0.6105859375 0.6041770828125 0.6105859375 0.6794895828125 0.7295703125 0.6794895828125 0.7295703125 0.6041770828125
1 0.2812578125 0.9006354171875 0.0769296875 0.9006354171875 0.0769296875 0.9999895828125 0.2812578125 0.9999895828125 0.2812578125 0.9006354171875
1 0.3545625 0.9439062500000001 0.28965625 0.9439062500000001 0.28965625 0.9727604171875001 0.3545625 0.9727604171875001 0.3545625 0.9439062500000001
1 0.8617812499999999 0.7804583328125 0.76321875 0.7804583328125 0.76321875 0.9054583328125 0.8617812499999999 0.9054583328125 0.8617812499999999 0.7804583328125
1 0.8798125000000001 0.5 0.80409375 0.5 0.80409375 0.5657083328125 0.8798125000000001 0.5657083328125 0.8798125000000001 0.5
0 0.5877343749999999 0.21634375 0.44470312500000003 0.21634375 0.44470312500000003 0.27403125 0.5877343749999999 0.27403125 0.5877343749999999 0.21634375
0 0.43149218749999996 0.2211458328125 0.2968828125 0.2211458328125 0.2968828125 0.3766041671875 0.43149218749999996 0.3766041671875 0.43149218749999996 0.2211458328125
0 0.6959140625 0.41185416718749995 0.3846171875 0.41185416718749995 0.3846171875 0.6137708328125 0.6959140625 0.6137708328125 0.6959140625 0.41185416718749995
0 0.5108125 0.6458333328125 0.33053125 0.6458333328125 0.33053125 0.8237083328124999 0.5108125 0.8237083328124999 0.5108125 0.6458333328125