0 0.655046875 0.4375 0.44470312500000003 0.4375 0.44470312500000003 0.6217916671875 0.655046875 0.6217916671875 0.655046875 0.4375
1 0.9134609375 0.72115625 0.8341328125 0.72115625 0.8341328125 0.8237187499999999 0.9134609375 0.8237187499999999 0.9134609375 0.72115625
1 0 0.47917708281250004 0.0685078125 0.47917708281250004 0.0685078125 0.43590625000000005 0 0.43590625000000005 0 0.47917708281250004
1 0 0.5496770828125 0.055281250000000004 0.5496770828125 0.055281250000000004 0.4999895828125 0 0.4999895828125 0 0.5496770828125
1 0 0.68428125 0.07090625 0.68428125 0.07090625 0.5881354171875001 0 0.5881354171875001 0 0.68428125
1 0.644234375 0.22596875 0.605765625 0.22596875 0.605765625 0.2628229171875 0.644234375 0.2628229171875 0.644234375 0.22596875
1 0.70071875 0.4310833328125 0.671875 0.4310833328125 0.671875 0.47275 0.70071875 0.47275 0.70071875 0.4310833328125
1 0.8137109375 0.59615625 0.7608203125 0.59615625 0.7608203125 0.6394270828125 0.8137109375 0.6394270828125 0.8137109375 0.59615625
1 0.7908593749999999 0.7019270828125 0.733171875 0.7019270828125 0.733171875 0.7451979171875001 0.7908593749999999 0.7451979171875001 0.7908593749999999 0.7019270828125
1 0.68509375 0.8429583328125 0.60696875 0.8429583328125 0.60696875 0.9166666671874999 0.68509375 0.9166666671874999 0.68509375 0.8429583328125
1 1 0.6842916671875 0.921875 0.6842916671875 0.921875 0.8509583328125 1 0.8509583328125 1 0.6842916671875
1 0.735578125 0.4054375 0.688703125 0.4054375 0.688703125 0.4503125 0.735578125 0.4503125 0.735578125 0.4054375
1 0.567296875 0.3156979171875 0.527640625 0.3156979171875 0.527640625 0.34134375 0.567296875 0.34134375 0.567296875 0.3156979171875
1 0.175484375 0.4567291671875 0.137015625 0.4567291671875 0.137015625 0.4871875 0.175484375 0.4871875 0.175484375 0.4567291671875