1 0.25240625 0.4535208328125 0.16346875 0.4535208328125 0.16346875 0.49839583281250005 0.25240625 0.49839583281250005 0.25240625 0.4535208328125
1 0.316109375 0.4326875 0.27164062499999997 0.4326875 0.27164062499999997 0.47114583281250005 0.316109375 0.47114583281250005 0.316109375 0.4326875
1 0.516828125 0.6923020828124999 0.48317187500000003 0.6923020828124999 0.48317187500000003 0.7531979171875001 0.516828125 0.7531979171875001 0.516828125 0.6923020828124999
1 0.5492734375 0.7516145828125 0.5011953124999999 0.7516145828125 0.5011953124999999 0.8269270828125 0.5492734375 0.8269270828125 0.5492734375 0.7516145828125
1 0.7908593749999999 0.8717916671875001 0.699515625 0.8717916671875001 0.699515625 0.9695416671875 0.7908593749999999 0.9695416671875 0.7908593749999999 0.8717916671875001
1 0.8581796875000001 0.8766041671875 0.7896640625 0.8766041671875 0.7896640625 0.9487291671875001 0.8581796875000001 0.9487291671875001 0.8581796875000001 0.8766041671875
1 0.9999921875 0.9246770828124999 0.9411015624999999 0.9246770828124999 0.9411015624999999 0.9999895828125 0.9999921875 0.9999895828125 0.9999921875 0.9246770828124999
1 0.9375 0.740375 0.875 0.740375 0.875 0.7820416671875 0.9375 0.7820416671875 0.9375 0.740375
1 0.9122578125 0.5031979171875001 0.8593671875 0.5031979171875001 0.8593671875 0.5608854171875 0.9122578125 0.5608854171875 0.9122578125 0.5031979171875001
1 0.85096875 0.43909374999999995 0.79928125 0.43909374999999995 0.79928125 0.45832291718749996 0.85096875 0.45832291718749996 0.85096875 0.43909374999999995
1 0.8185078125 0.7708333328125 0.7656171875 0.7708333328125 0.7656171875 0.8269166671875 0.8185078125 0.8269166671875 0.8185078125 0.7708333328125
1 0.2596171875 0.7564062500000001 0.22235156250000002 0.7564062500000001 0.22235156250000002 0.7964687500000001 0.2596171875 0.7964687500000001 0.2596171875 0.7564062500000001
1 0.140625 0.4567395828125 0.01803125 0.4567395828125 0.01803125 0.51121875 0.140625 0.51121875 0.140625 0.4567395828125
1 0.3016875 0.1746875 0.25240625 0.1746875 0.25240625 0.2131458328125 0.3016875 0.2131458328125 0.3016875 0.1746875
1 0.22115625 0.10736458281250001 0.1875 0.10736458281250001 0.1875 0.1330104171875 0.22115625 0.1330104171875 0.22115625 0.10736458281250001
1 0.717546875 0.1762916671875 0.679078125 0.1762916671875 0.679078125 0.20833333281250002 0.717546875 0.20833333281250002 0.717546875 0.1762916671875
1 0.765625 0.3253229171875 0.73678125 0.3253229171875 0.73678125 0.35096875 0.765625 0.35096875 0.765625 0.3253229171875
1 0.7956640625 0.3092916671875 0.7548046875 0.3092916671875 0.7548046875 0.330125 0.7956640625 0.330125 0.7956640625 0.3092916671875
1 0.109375 0.3717916671875 0.055281250000000004 0.3717916671875 0.055281250000000004 0.3990416671875 0.109375 0.3990416671875 0.109375 0.3717916671875
1 0.27404687499999997 0.32371875 0.209140625 0.32371875 0.209140625 0.3493645828125 0.27404687499999997 0.3493645828125 0.27404687499999997 0.32371875
1 0.3065 0.36378125 0.22115625 0.36378125 0.22115625 0.3974270828125 0.3065 0.3974270828125 0.3065 0.36378125
1 0.30409375 0.6907083328125 0.26803125 0.6907083328125 0.26803125 0.77725 0.30409375 0.77725 0.30409375 0.6907083328125
1 0.4567265625 0.1698645828125 0.3978359375 0.1698645828125 0.3978359375 0.19871875 0.4567265625 0.19871875 0.4567265625 0.1698645828125
0 0.730765625 0.30609375 0.567296875 0.30609375 0.567296875 0.43911458281250004 0.730765625 0.43911458281250004 0.730765625 0.30609375
1 0.96275 0.6666770828125 0.9086562499999999 0.6666770828125 0.9086562499999999 0.7003229171875 0.96275 0.7003229171875 0.96275 0.6666770828125
1 0.9999921875 0.5160208328125 0.9278828125 0.5160208328125 0.9278828125 0.5817291671875 0.9999921875 0.5817291671875 0.9999921875 0.5160208328125
1 0.4338984375 0.7275729171875 0.38582031250000004 0.7275729171875 0.38582031250000004 0.7708437499999999 0.4338984375 0.7708437499999999 0.4338984375 0.7275729171875
1 0.2944765625 0.8862083328124999 0.2127421875 0.8862083328124999 0.2127421875 0.9310833328125 0.2944765625 0.9310833328125 0.2944765625 0.8862083328124999
1 0.8016875000000001 0.5897395828125 0.72596875 0.5897395828125 0.72596875 0.63621875 0.8016875000000001 0.63621875 0.8016875000000001 0.5897395828125
1 0.2524140625 0.5705 0.23077343749999998 0.5705 0.23077343749999998 0.6009583328125 0.2524140625 0.6009583328125 0.2524140625 0.5705
1 0.173078125 0.1923020828125 0.134609375 0.1923020828125 0.134609375 0.22115625 0.173078125 0.22115625 0.173078125 0.1923020828125