0 0.699494865625 0.52110518125 0.22217411875 0.41964752499999997 0.1332139046875 0.8381724296874999 0.61053465 0.9396300859375 0.699494865625 0.52110518125
0 0.6349761218750001 0.2927530203125 0.46921067031249997 0.25751848593750004 0.45021707187500004 0.3468763453125 0.6159825234375 0.3821108796875 0.6349761218750001 0.2927530203125
1 0.3480197875 0.2727160890625 0.2751325078125 0.25722341875 0.2648018953125 0.305825128125 0.337689175 0.321317796875 0.3480197875 0.2727160890625
1 0.75035759375 0.5188069984375 0.6868697015625 0.50531223125 0.6735416953125 0.5680155671875 0.7370295890625 0.5815103359375 0.75035759375 0.5188069984375
1 0.8118610671875001 0.6514725171875 0.7601262296875 0.6404759375 0.746131175 0.7063174984375 0.7978660125 0.717314078125 0.8118610671875001 0.6514725171875
1 0.797943071875 0.5666097640625 0.7567997390625 0.5578644781250001 0.7468026515624999 0.6048970765624999 0.7879459843750001 0.6136423625 0.797943071875 0.5666097640625
1 0.7411895125 0.8625478265625001 0.7000461796875 0.853802540625 0.6893820421875 0.9039733609375 0.7305253765625 0.912718646875 0.7411895125 0.8625478265625001
1 0.904892015625 1 0.912772375 0.9629258249999999 0.8927814843749999 0.9586766296875 0.88399793125 1 0.904892015625 1
1 0.7636932421875 0.4561052859375 0.7319492953125 0.44935790156250005 0.7242868828125 0.4854067171875 0.7560308296875 0.49215410156250006 0.7636932421875 0.4561052859375
1 0.659450325 0.3684221265625 0.6335905484375 0.3629254625 0.6285920046875 0.3864417609375 0.6544517812499999 0.3919384265625 0.659450325 0.3684221265625
1 0.7251795000000001 0.4233401671875 0.6981428890625 0.4175933578125 0.6934778703125 0.43954054375 0.7205144812500001 0.445287353125 0.7251795000000001 0.4233401671875
1 0.5526537312500001 0.1540223 0.5032725609375001 0.14352600937499999 0.4956101484375 0.179574821875 0.54499131875 0.1900711140625 0.5526537312500001 0.1540223
1 0.5414586515625001 0.189330871875 0.5050073703125 0.1815829140625 0.5000088265625 0.20509921250000002 0.5364601078125 0.21284717187500002 0.5414586515625001 0.189330871875