0 0.59134375 0.49037499999999995 0.36178125 0.49037499999999995 0.36178125 0.677875 0.59134375 0.677875 0.59134375 0.49037499999999995
1 0.8930312499999999 0.81409375 0.80409375 0.81409375 0.80409375 0.9406979171875 0.8930312499999999 0.9406979171875 0.8930312499999999 0.81409375
1 0.600953125 0.22916666718749998 0.561296875 0.22916666718749998 0.561296875 0.267625 0.600953125 0.267625 0.600953125 0.22916666718749998
1 0.6201875 0.2788333328125 0.5733125 0.2788333328125 0.5733125 0.3092916671875 0.6201875 0.3092916671875 0.6201875 0.2788333328125
1 0.6550546875000001 0.3541666671875 0.6226015625 0.3541666671875 0.6226015625 0.3782083328125 0.6550546875000001 0.3782083328125 0.6550546875000001 0.3541666671875
1 0.6923046875 0.4294895828125 0.6394140625 0.4294895828125 0.6394140625 0.4695520828125 0.6923046875 0.4695520828125 0.6923046875 0.4294895828125
1 0.6574609375 0.46635416718749995 0.6201953125 0.46635416718749995 0.6201953125 0.49839583281250005 0.6574609375 0.49839583281250005 0.6574609375 0.46635416718749995
1 0.780046875 0.6650625 0.719953125 0.6650625 0.719953125 0.7099375 0.780046875 0.7099375 0.780046875 0.6650625
1 0.9723515624999999 0.7724479171875 0.9218671875 0.7724479171875 0.9218671875 0.8301354171875 0.9723515624999999 0.8301354171875 0.9723515624999999 0.7724479171875
1 1 0.8189166671875 0.9519296875000001 0.8189166671875 0.9519296875000001 0.9022500000000001 1 0.9022500000000001 1 0.8189166671875
1 0.173078125 0.4423020828125 0.123796875 0.4423020828125 0.123796875 0.47115625000000005 0.173078125 0.47115625000000005 0.173078125 0.4423020828125
1 0.264421875 0.35896875 0.206734375 0.35896875 0.206734375 0.39582291718749996 0.264421875 0.39582291718749996 0.264421875 0.35896875
1 0.735578125 0.42146875 0.717546875 0.42146875 0.717546875 0.45032291718749995 0.735578125 0.45032291718749995 0.735578125 0.42146875