0 0.561296875 0.2227604171875 0.427890625 0.2227604171875 0.427890625 0.3493645828125 0.561296875 0.3493645828125 0.561296875 0.2227604171875
0 0.692296875 0.1618541671875 0.558890625 0.1618541671875 0.558890625 0.2419791671875 0.692296875 0.2419791671875 0.692296875 0.1618541671875
0 0.9266796875000001 0.4711666671875 0.7403828125 0.4711666671875 0.7403828125 0.6907083328125 0.9266796875000001 0.6907083328125 0.9266796875000001 0.4711666671875
0 0.71634375 0.5656979171875001 0.56009375 0.5656979171875001 0.56009375 0.7067187500000001 0.71634375 0.7067187500000001 0.71634375 0.5656979171875001
0 0.33053125 0.7708333328125 0.16346875 0.7708333328125 0.16346875 0.8717916671875001 0.33053125 0.8717916671875001 0.33053125 0.7708333328125
1 0.32090625 0.705125 0.1983125 0.705125 0.1983125 0.77725 0.32090625 0.77725 0.32090625 0.705125
1 0.15025 0.3605729171875 0.08053125 0.3605729171875 0.08053125 0.43588541718749996 0.15025 0.43588541718749996 0.15025 0.3605729171875
1 0 0.6025625 0.02403125 0.6025625 0.02403125 0.49839583281250005 0 0.49839583281250005 0 0.6025625
1 0.24879687499999997 0.49359374999999994 0.209140625 0.49359374999999994 0.209140625 0.5368645828124999 0.24879687499999997 0.5368645828124999 0.24879687499999997 0.49359374999999994
1 0.38821875 0.4375 0.3185 0.4375 0.3185 0.5032083328125 0.38821875 0.5032083328125 0.38821875 0.4375
1 0.8389374999999999 0.4166666671875 0.76803125 0.4166666671875 0.76803125 0.4679583328125 0.8389374999999999 0.4679583328125 0.8389374999999999 0.4166666671875
1 0.6947109375 0.4022395828125 0.6310078125 0.4022395828125 0.6310078125 0.45192708281250005 0.6947109375 0.45192708281250005 0.6947109375 0.4022395828125
1 0.7536015625 0.20193750000000002 0.6971171875 0.20193750000000002 0.6971171875 0.2756458328125 0.7536015625 0.2756458328125 0.7536015625 0.20193750000000002
1 0.9278828125 0.9214687500000001 0.8401484375000001 0.9214687500000001 0.8401484375000001 0.9999895828125 0.9278828125 0.9999895828125 0.9278828125 0.9214687500000001
1 0.251203125 0.0977604171875 0.222359375 0.0977604171875 0.222359375 0.1474479171875 0.251203125 0.1474479171875 0.251203125 0.0977604171875