1 0.7458208234375 0.55509175 0.8347041453124999 0.558195625 0.8362702593750001 0.5133479609375 0.7473869375 0.5102440875 0.7458208234375 0.55509175
1 0.68142943125 0.5736891859375 0.7258710921875 0.575241121875 0.72721326875 0.5368062171875 0.6827716078125 0.5352542796875001 0.68142943125 0.5736891859375
1 0.48989337187500004 0.30722776875 0.5235291203125 0.30840235625 0.525654353125 0.2475436171875 0.49201860625 0.24636903124999998 0.48989337187500004 0.30722776875
1 0.4595378015625 0.24681907656250002 0.5075866375 0.248496978125 0.5102150062499999 0.17323035625 0.46216616874999994 0.1715524546875 0.4595378015625 0.24681907656250002
1 0.22229315 0.11828397187499999 0.31358125625 0.1214718234375 0.3169926828125 0.0237813703125 0.2257045765625 0.02059351875 0.22229315 0.11828397187499999
1 0.1551818015625 0.111124959375 0.22365568906250002 0.1135161203125 0.22617281562499997 0.041435056250000005 0.157698928125 0.0390438953125 0.1551818015625 0.111124959375
1 0.017163429687500002 0 0.0151334109375 0.05813214375 0.0739881609375 0.060187396875 0.07608995156250001 0 0.017163429687500002 0
1 0.0711554796875 0.2445029 0.13361740625000001 0.24668411875000001 0.1350715515625 0.205042834375 0.072609625 0.202861615625 0.0711554796875 0.2445029
1 0.0881049296875 0.48241644062500005 0.140963334375 0.484262296875 0.1429766 0.42660993906250005 0.09011819374999999 0.4247640828125 0.0881049296875 0.48241644062500005
1 0.14711945312500002 0.5486205140625 0.1987754671875 0.5504243828125001 0.1994465546875 0.5312069296875 0.1477905421875 0.5294030609375 0.14711945312500002 0.5486205140625
1 0.1911381609375 0.21821588906249997 0.243996565625 0.2200617453125 0.245953846875 0.164012575 0.193095440625 0.16216671875 0.1911381609375 0.21821588906249997
1 0.7491848265625001 0.252139184375 0.78642775 0.2534397359375 0.7878259125 0.21340164218750002 0.7505829875 0.212101090625 0.7491848265625001 0.252139184375
1 0.8576463109375 0.5557760703125 0.98016538125 0.56005453125 0.9820666765625001 0.5056085515625 0.8595476078125 0.501330090625 0.8576463109375 0.5557760703125
1 0.6868384515625 0.832035334375 0.7360896796875 0.833755225 0.73743185625 0.7953203203125 0.6881806265625 0.7936004296875 0.6868384515625 0.832035334375
1 0.7649711078125 0.902127740625 0.7986068546875 0.9033023265625 0.79950188125 0.877672115625 0.7658661343750001 0.8764975296875 0.7649711078125 0.902127740625
1 0.271288390625 0.8159188625 0.30973370624999996 0.8172614015624999 0.3108519453125 0.7852392546875 0.272406628125 0.783896715625 0.271288390625 0.8159188625
1 0.22844066875000002 0.6653004953125 0.2572668484375 0.6663071281249999 0.258161875 0.6406769171875 0.2293356953125 0.6396702859375 0.22844066875000002 0.6653004953125
1 0.19786042343750002 0.6802736312500001 0.23869490781249997 0.681699603125 0.23942198124999997 0.6608789609375 0.1985874953125 0.6594529890625 0.19786042343750002 0.6802736312500001
1 0.8859126359375 0.6417628484375 0.9399734328125 0.6436506921875 0.94092444375 0.6164172921875 0.886863646875 0.614529446875 0.8859126359375 0.6417628484375
1 0.719663353125 0.6840595140625 0.7845300640625 0.686324709375 0.785425090625 0.6606945 0.7205583796874999 0.6584293046874999 0.719663353125 0.6840595140625
1 0.688628159375 0.642888821875 0.7739199203125 0.645867275 0.7750941421875 0.6122419390625 0.68980238125 0.609263484375 0.688628159375 0.642888821875
1 0.702442534375 0.3162448703125 0.738483065625 0.317503434375 0.7415033265625001 0.23101448593749999 0.7054627953125 0.2297559234375 0.702442534375 0.3162448703125
1 0.5317255171874999 0.831444528125 0.5905802671875 0.8334997812499999 0.5915872625 0.8046631921875 0.5327325125 0.8026079390625 0.5317255171874999 0.831444528125
0 0.2626077203125 0.6857345234375 0.425976890625 0.6914395 0.43061925 0.5584997 0.26725008125 0.5527947234374999 0.2626077203125 0.6857345234375
1 0.043348840625 0.3172747109375 0.0974096390625 0.3191625546875 0.0985838609375 0.2855372171875 0.0445230640625 0.283649371875 0.043348840625 0.3172747109375
1 0.0008715125 0.4665394515625 0.07293696093749999 0.46905603124999995 0.0752301484375 0.403387725 0.0031647015624999995 0.40087114375 0.0008715125 0.4665394515625
1 0.574003475 0.274872625 0.6220523124999999 0.276550528125 0.6235624421875 0.23330605468750001 0.57551360625 0.2316281515625 0.574003475 0.274872625
1 0.7188767140625 0.1211996 0.8005613 0.1240520875 0.8021274140625 0.079204425 0.7204428296875001 0.0763519359375 0.7188767140625 0.1211996
1 0.201628146875 0.3997863421875 0.2773007703125 0.40242888906249996 0.2789228703125 0.355978034375 0.20325024531250002 0.3533354890625 0.201628146875 0.3997863421875
1 0.7498955296875 0.43818357187499996 0.771522971875 0.43893881874999996 0.7725859515625 0.4084990390625 0.750958509375 0.4077437921875 0.7498955296875 0.43818357187499996
1 0.8159842203125001 0.8189198843750001 0.8544295359375 0.8202624249999999 0.8554365328125 0.791425834375 0.8169912171875 0.7900832953125 0.8159842203125001 0.8189198843750001