1 1 0.43860771718749997 0.987861925 0.3899245578125 0.87357928125 0.4184184203125 0.899943728125 0.524160440625 1 0.4992136109375 1 0.43860771718749997
1 0.3900708234375 0.39197935 0.5195143375 0.35970545625 0.4830698125 0.21353445 0.3536262984375 0.2458083421875 0.3900708234375 0.39197935
1 0.6256223328125 0.37783453749999996 0.69210275 0.3612591078125 0.6719425921875 0.28040112968750003 0.605462175 0.296976559375 0.6256223328125 0.37783453749999996
1 0.2100564140625 0.49963279375 0.358162959375 0.46270568437500004 0.341490509375 0.3958361375 0.1933839625 0.432763246875 0.2100564140625 0.49963279375
1 0.0354054375 0.70336344375 0.0797206640625 0.6923144171875 0.0692525015625 0.6503289125 0.0249372765625 0.6613779390625 0.0354054375 0.70336344375
1 0.13903313281250002 0.9401501281250001 0.1903526796875 0.927354728125 0.18104876718750001 0.890038771875 0.1297292203125 0.9028341734374999 0.13903313281250002 0.9401501281250001
1 0.3361990765625 1 0.3617127328125 0.9936387312500001 0.35240881874999996 0.956322775 0.301089271875 0.969118175 0.308788975 1 0.3361990765625 1
1 0.08819389062500001 0.8206925203125 0.0660286984375 0.8262189234375 0.07882031874999999 0.877523309375 0.1009855109375 0.87199690625 0.08819389062500001 0.8206925203125
1 0.58863803125 0.47790005625000004 0.6586054484375 0.4604552203125 0.6411568328125 0.390472640625 0.5711894140625 0.407917478125 0.58863803125 0.47790005625000004
0 0.0696593921875 0.622153978125 0.231759421875 0.5817379015624999 0.20074301874999997 0.457337903125 0.0386429890625 0.4977539796875 0.0696593921875 0.622153978125
0 0.14334776875 0.8730077406250001 0.3707608296875 0.816307296875 0.31609656249999996 0.5970608921875 0.0886835015625 0.6537613359375001 0.14334776875 0.8730077406250001
0 0.2789831296875 0.9052566750000001 0.4597461921875 0.8601873828125 0.41593816875 0.6844829984375 0.23517510625 0.7295522921875001 0.2789831296875 0.9052566750000001
0 0.2054783671875 0.963219153125 0.3512501390625 0.9268741687500001 0.3369061875 0.86934371875 0.1911344140625 0.9056887031249999 0.2054783671875 0.963219153125