1 0.5236545703125 0.5882423671875 0.5431368421875 0.6663814953125 0.6644238078125 0.6361412578125 0.6449415359375 0.5580021296875 0.5236545703125 0.5882423671875
1 0.8396846312499999 0.37194887187500003 0.86846955625 0.487398903125 0.9773246078125 0.460258290625 0.9485396828124999 0.34480825937500004 0.8396846312499999 0.37194887187500003
1 0.8550042015624999 0.135258903125 0.9203071250000001 0.11897705624999999 0.89239160625 0.0070140265625 0.8270886828125 0.0232958734375 0.8550042015624999 0.135258903125
1 0.7958203640625 0.136383615625 0.8141383875000001 0.20985319531250002 0.9183238906250001 0.1838768328125 0.9000058671875 0.110407253125 0.7958203640625 0.136383615625
1 0.7407177265625 0.153834065625 0.749150971875 0.18765796875000001 0.79269299375 0.1768017234375 0.784259746875 0.14297782187500002 0.7407177265625 0.153834065625
1 0.64757303125 0.22413575468750002 0.66065949375 0.276622690625 0.7461870203125 0.2552982828125 0.7331005578124999 0.20281134843749998 0.64757303125 0.22413575468750002
1 0.6374312828125 0.276206296875 0.6528424625 0.33801716718749997 0.6979409999999999 0.3267728390625 0.6825298203125 0.26496196875 0.6374312828125 0.276206296875
1 0.587248478125 0.3531316265625 0.6102197171875 0.4452642390625 0.7004167906250001 0.4227755828125 0.6774455500000001 0.3306429703125 0.587248478125 0.3531316265625
1 0.5286827453125 0.4494823 0.5417692078125 0.501969234375 0.6070822390624999 0.485684865625 0.5939957765625 0.43319793124999995 0.5286827453125 0.4494823
1 0.4009176015625 0.7650060765625 0.41313087812499993 0.81399085 0.4566728984375 0.8031346046875001 0.444459621875 0.7541498328125 0.4009176015625 0.7650060765625
1 0.3292609703125 0.8088950765625 0.34728793125 0.88119726875 0.393942984375 0.8695648578125 0.37591602343749997 0.797262665625 0.3292609703125 0.8088950765625
1 0.6930178578125 0.896576971875 0.7095913984375 0.9630498093750001 0.805994321875 0.9390138609375001 0.78942078125 0.8725410234375 0.6930178578125 0.896576971875
1 0.6625580078125 0.6551816546875 0.6779691890625 0.716992525 0.741725703125 0.701096240625 0.726314521875 0.6392853703125 0.6625580078125 0.6551816546875
1 0.720286534375 0.64822000625 0.7354066515625 0.7088634890625001 0.7882675531250001 0.6956837874999999 0.7731474359375 0.635040303125 0.720286534375 0.64822000625
1 0.8407856468749999 0.495549284375 0.84950995625 0.5305405750000001 0.9319244484375 0.5099923328125 0.9232001406249999 0.47500104375 0.8407856468749999 0.495549284375
1 1 0.43860772031249995 0.9932900468750001 0.4116955671875 0.9233074671875 0.429144184375 0.9395918359375001 0.49445721562499995 1 0.47939576875 1 0.43860772031249995
1 0.516428240625 0.49962385 0.5283504531250001 0.5474412375 0.5843243890625 0.5334853671875 0.572402175 0.48566798125000005 0.516428240625 0.49962385
0 0.3802260671875 1 0.3524466171875 0.8885827109375001 0.27314515625 0.9083547859375001 0.29599487343750003 1 0.3802260671875 1
0 0.5613922796875 1 0.6411653359375 0.9801103437500001 0.5978386359375001 0.80633644375 0.40036324062500006 0.8555725890625 0.4363730375 1 0.5613922796875 1