0 0.321939209375 0.9172706765624999 0.46462204218750003 0.9072933203125 0.45802714843750003 0.812981953125 0.315344315625 0.822959309375 0.321939209375 0.9172706765624999
0 0.0631129703125 0.4550537109375 0.274128940625 0.4402980375 0.2627266640625 0.27723788125 0.05171069375 0.2919935546875 0.0631129703125 0.4550537109375
0 0.21713499687499999 0.762349903125 0.33582953125000004 0.7540499734375 0.3306878984375 0.6805211890625 0.21199336249999998 0.68882111875 0.21713499687499999 0.762349903125
0 0.07807421718749999 0.7897420187499999 0.229142821875 0.7791782734375 0.222100325 0.67846586875 0.07103171875 0.6890296140625 0.07807421718749999 0.7897420187499999
0 0.25648332812499997 0.945948171875 0.3428037921875 0.9399120562500001 0.3384440125 0.877564303125 0.2521235484375 0.8836004187500001 0.25648332812499997 0.945948171875
1 0.4637847640625 0.6712141484374999 0.5585065874999999 0.664590553125 0.553475403125 0.592641246875 0.45875357812499995 0.5992648421875 0.4637847640625 0.6712141484374999
1 0.8470583296875001 0.4146867828125 0.9837401921875 0.40512905625 0.97770335 0.3187982 0.8410214890625 0.3283559265625 0.8470583296875001 0.4146867828125
1 0.48275733593750003 0.11566239375000001 0.58348013125 0.10861916875 0.5769956859375001 0.015887278125 0.47627289062499994 0.0229305015625 0.48275733593750003 0.11566239375000001
1 0.269150403125 0.33460661406250003 0.3362989328125 0.32991113125 0.33059779375 0.2483810515625 0.2634492640625 0.253076534375 0.269150403125 0.33460661406250003
1 0 0.2682929765625 0.0354152921875 0.2658164984375 0.030384106249999997 0.19386719218749998 0 0.19599185624999999 0 0.2682929765625
1 0.2100507515625 0.454406440625 0.2927862203125 0.4486210125 0.28920829531250003 0.397454290625 0.2064728265625 0.4032397171875 0.2100507515625 0.454406440625
1 0.09359086718750001 0.6151718875000001 0.16672478125 0.6100578671875 0.1638182625 0.568492696875 0.09068434843749999 0.57360671875 0.09359086718750001 0.6151718875000001
1 0.2783702125 0.43196104062499996 0.3227306390625 0.42885905625 0.319042265625 0.37611285781250003 0.2746818390625 0.379214840625 0.2783702125 0.43196104062499996
1 0.326666925 0.43340805624999995 0.3974004515625 0.42846188593749995 0.39281686875 0.3629136140625 0.32208334375000003 0.367859784375 0.326666925 0.43340805624999995
1 0.3577886171875 0.3444683796875 0.42013637031249995 0.3401086 0.4158884921875 0.27936110625 0.3535407390625 0.2837208859375 0.3577886171875 0.3444683796875
1 0.48238074375 0.3341584078125 0.517155203125 0.331726740625 0.5142486828124999 0.2901615734375 0.47947422343749996 0.292593240625 0.48238074375 0.3341584078125
1 0.51976895625 0.45523068125000005 0.5641293828125 0.45212869843750003 0.5615585656250001 0.41536430625 0.5171981390625 0.4184662890625 0.51976895625 0.45523068125000005
1 0.6746120765625 0.73999805 0.7537469625 0.7344644 0.7494990828125 0.6737169062499999 0.6703641984375001 0.67925055625 0.6746120765625 0.73999805