1 0.3557533 0.123398471875 0.394198615625 0.12205593125 0.3931916203125 0.0932193421875 0.3547463046875 0.09456188125000001 0.3557533 0.123398471875
1 0.0042829390624999995 0.631151003125 0.078753171875 0.6285504453125 0.07461467187500001 0.51003935 0.000144440625 0.5126399078125 0.0042829390624999995 0.631151003125
1 0.15679495625 0.5905536796875 0.2396819328125 0.5876592015625001 0.23654970312499998 0.49796387500000006 0.1536627265625 0.5008583515625 0.15679495625 0.5905536796875
1 0.14309715 0.9213582421875 0.239194825 0.9180024375 0.23483238750000002 0.793078584375 0.1387347125 0.7964343890625 0.14309715 0.9213582421875
1 0.23013552499999998 0.8654219890625001 0.2877878828125 0.863408725 0.285326740625 0.7929308515625 0.2276743828125 0.794944115625 0.23013552499999998 0.8654219890625001
1 0.28855801406250003 0.8505406765625001 0.3750365515625 0.8475207796875001 0.372687378125 0.780249284375 0.28620884062499996 0.78326918125 0.28855801406250003 0.8505406765625001
1 0.75019145 0.70773874375 0.902739090625 0.7024116625 0.8997748140624999 0.617525903125 0.7472271734375 0.6228529843749999 0.75019145 0.70773874375
1 1 0.7038202453125 0.888493590625 0.7077141359375 0.8915138515625 0.794203084375 1 0.7904146640625 1 0.7038202453125
1 0.8860524203125 0.3967140453125 0.9713441812499999 0.3937355921875 0.9691629624999999 0.331273665625 0.8838712015624999 0.33425211875 0.8860524203125 0.3967140453125
1 0.197293496875 0.303715565625 0.23092924374999999 0.3025409796875 0.22947509843749997 0.26089969687500003 0.19583935 0.2620742828125 0.197293496875 0.303715565625
1 0.24165099375 0.26527951562499996 0.2957117921875 0.2633916703125 0.2944256 0.226559953125 0.2403648015625 0.22844779843750002 0.24165099375 0.26527951562499996
1 0.352321903125 0.266230234375 0.400370740625 0.2645523328125 0.39919651875 0.2309269953125 0.35114768125 0.23260489843749999 0.352321903125 0.266230234375
0 0.37626214999999996 0.15955891875 0.48316573749999997 0.1558257625 0.48165560625000003 0.1125812875 0.37475201875 0.11631444375 0.37626214999999996 0.15955891875
0 0.46182603593750005 0.233544934375 0.61918324375 0.22804989999999997 0.6155478796875 0.12394668906249999 0.4581906703125 0.1294417234375 0.46182603593750005 0.233544934375
0 0.24286121249999998 0.40313375625000003 0.46748991562500003 0.39528954843749997 0.46256835937499996 0.254354621875 0.23793965625000002 0.2621988296875 0.24286121249999998 0.40313375625000003
0 0.5191666734375 0.497725540625 0.654896440625 0.49298575156249996 0.6512610765625 0.3888825421875 0.515531309375 0.3936223296875 0.5191666734375 0.497725540625