0 0.399266825 0.24310133281250002 0.5307612671874999 0.2292807109375 0.5192021609374999 0.1193031640625 0.38770771875 0.13312378593750002 0.399266825 0.24310133281250002
0 0.2843477171875 0.17298998906250002 0.394320084375 0.161431428125 0.3872840125 0.0944876734375 0.2773116453125 0.106046234375 0.2843477171875 0.17298998906250002
0 0.1653515515625 0.4320350515625 0.3147629265625 0.4163312828125 0.2996868734375 0.2728922203125 0.15027549843750002 0.2885959890625 0.1653515515625 0.4320350515625
0 0.330591071875 0.44046525000000003 0.4381703703125 0.42915821093749995 0.42761734999999995 0.3287529375 0.320038053125 0.340059978125 0.330591071875 0.44046525000000003
0 0.3421431890625 1 0.52635354375 0.9806387109375001 0.5047444609375 0.775042028125 0.282406659375 0.7984106718749999 0.3035945515625 1 0.3421431890625 1
1 0.43058264843750005 0.805408315625 0.5357688781250001 0.7943527968749999 0.528565125 0.7258136625 0.4233788953125 0.7368691796875 0.43058264843750005 0.805408315625
1 0.5205248953125 0.8217421015624999 0.5826825140625 0.8152090718749999 0.5751433984375 0.74347918125 0.5129857796875 0.750012209375 0.5205248953125 0.8217421015624999
1 0.57444010625 0.8402285296875001 0.6628903968750001 0.8309320296875 0.6545150546875 0.7512459640625 0.5660647625 0.7605424640625 0.57444010625 0.8402285296875001
1 0.6539651390625 0.9414600421875001 0.76393750625 0.9299014812499999 0.7500330421875 0.7976093484375 0.6400606765625 0.809167909375 0.6539651390625 0.9414600421875001
1 0.5592833781250001 0.9030528328124999 0.5690001703124999 0.9955019296875 0.6514833296875 0.9868326 0.6417665390625 0.894383503125 0.5592833781250001 0.9030528328124999
1 0.0743258109375 0.6124234359375 0.009775124999999999 0.6192079859375 0.019491915625 0.711657084375 0.084042603125 0.7048725328125001 0.0743258109375 0.6124234359375
1 0.1082845 0.5331164171875 0.0019017359375 0.544297696875 0.011115484375 0.631960659375 0.11749824843750001 0.6207793796875001 0.1082845 0.5331164171875
1 0.24519437656249998 0.6282955890624999 0.319301796875 0.6205065859375 0.31025572968750004 0.5344390046874999 0.236148309375 0.5422280078124999 0.24519437656249998 0.6282955890624999
1 0.6413943078125001 0.4883648640625 0.7441874687500001 0.47756086875000003 0.736648353125 0.4058309765625 0.6338551921875 0.4166349734375 0.6413943078125001 0.4883648640625
1 0.8517754796875 0.37440601562500003 0.9282759687500001 0.366365490625 0.9182259921875 0.2707463546875 0.841725503125 0.27878687968750004 0.8517754796875 0.37440601562500003
1 0.65093585 0.073228759375 0.7107004 0.066947253125 0.704670415625 0.009575770312499999 0.6449058640625001 0.015857278125 0.65093585 0.073228759375
1 0.8125095421875 0.8861157078125 0.877060228125 0.8793311562499999 0.8693556093750001 0.8060266046875 0.804804921875 0.8128111546874999 0.8125095421875 0.8861157078125
1 0.8252730546875 0.731685571875 0.8754808703125001 0.72640851875 0.869618565625 0.6706324140625 0.81941075 0.67590946875 0.8252730546875 0.731685571875
1 0.5660973312500001 0.6574115968750001 0.6390082171875 0.6497483546875 0.6306328734375 0.5700622875 0.5577219875 0.57772553125 0.5660973312500001 0.6574115968750001
1 0.1270287 0.8034610078125001 0.0302104390625 0.8136370171875 0.043611859375 0.9411430109375001 0.14043011875 0.9309670015625 0.1270287 0.8034610078125001
1 0.2332387890625 0.20414885312500003 0.2870362078125 0.1984945171875 0.280000134375 0.1315507609375 0.226202715625 0.1372050984375 0.2332387890625 0.20414885312500003
1 0.1021421671875 0.359725278125 0.171478990625 0.352437684375 0.16729131875 0.3125946515625 0.0979544953125 0.3198822453125 0.1021421671875 0.359725278125
1 0.050426060937499996 0.5230780296875001 0.1113871453125 0.5166707609375 0.1070317921875 0.47523235 0.0460707078125 0.48163961874999994 0.050426060937499996 0.5230780296875001
1 0.3649966296875 0.307934540625 0.40325464375 0.3039134609375 0.399234653125 0.26566580625 0.3609766390625 0.2696868859375 0.3649966296875 0.307934540625
1 0.42340582343750005 0.3001929578125 0.460467303125 0.2962976390625 0.457451221875 0.2676015375 0.4203897421875 0.27149685625000003 0.42340582343750005 0.3001929578125