1 0.4899551046875 0.58007344375 0.42464207343749993 0.5637890750000001 0.404481915625 0.644647053125 0.469794946875 0.6609314203125 0.4899551046875 0.58007344375
1 0.5722878734375 1 0.5807459296874999 0.9660765921875001 0.4652958984375 0.9372916671875 0.4496609546875 1 0.5722878734375 1
1 0.46176865468750006 0.8967658078125 0.39645562343749996 0.8804814406249999 0.3797831734375 0.9473509859375 0.44509620468750005 0.963635353125 0.46176865468750006 0.8967658078125
1 0.376918125 0.6955856109375 0.32443119062500003 0.6824991484375 0.313963028125 0.7244846546875 0.3664499625 0.7375711171875 0.376918125 0.6955856109375
1 0.389326703125 0.6458175265625 0.3520006390625 0.63651109375 0.34153247656249996 0.6784965984375 0.378858540625 0.68780303125 0.389326703125 0.6458175265625
1 0.247903940625 0.139856303125 0.2047561015625 0.12909833906249998 0.1962283546875 0.1633012640625 0.23937619375 0.17405922812500002 0.247903940625 0.139856303125
1 0.37515261875 0.36481228125 0.33667432812500003 0.3552185671875 0.3296938734375 0.38321564218750004 0.36817216406250003 0.39280935625 0.37515261875 0.36481228125
1 0.77108125 0.7789927671875 0.668457315625 0.7534057468750001 0.65062565625 0.8249246265625001 0.7532495906250001 0.8505116484374999 0.77108125 0.7789927671875
1 0.8061026828125 0.8273817453125 0.7419570390625 0.8113884406249999 0.7241253796875 0.8829073203125001 0.7882710234375 0.8989006265624999 0.8061026828125 0.8273817453125
1 0.829464590625 0.907518059375 0.781647203125 0.8955958453124999 0.771567125 0.936024834375 0.8193845109375 0.9479470484375 0.829464590625 0.907518059375
1 0.8283292484375 0.9419108421875 0.7805118625 0.929988628125 0.768103284375 0.9797567125000001 0.815920671875 0.9916789265625001 0.8283292484375 0.9419108421875
1 0.3184983875 0.517506640625 0.260189678125 0.502968646875 0.2477811 0.5527367328125 0.306089809375 0.5672747265625 0.3184983875 0.517506640625
0 0.30858189999999996 0.2094787140625 0.1593079671875 0.1722605421875 0.1457401796875 0.22667796093749998 0.2950141140625 0.26389613125 0.30858189999999996 0.2094787140625
0 0.151548915625 0.18355220156250002 0.0687402390625 0.1629056796875 0.0284199234375 0.324621634375 0.11122859843749999 0.34526815625 0.151548915625 0.18355220156250002
0 0.33627745 0.34686396875000003 0.061047003125 0.27824131093750004 0.006382734375 0.49748771718749996 0.28161318125 0.5661103749999999 0.33627745 0.34686396875000003