0 0.2815881234375 0.6213278125 0.41607890625 0.602426365625 0.40113519374999995 0.49609633124999997 0.2666444125 0.5149977781249999 0.2815881234375 0.6213278125
0 0.4975179984375 0.922719725 0.5998714859375001 0.9083348796875 0.588050471875 0.8242239859374999 0.4856969828125 0.8386088296875001 0.4975179984375 0.922719725
0 0.41449247343750006 0.95382738125 0.49543141406249996 0.9424521546875001 0.488962765625 0.8964253203125001 0.4080238234375 0.907800546875 0.41449247343750006 0.95382738125
0 0.2746462703125 0.83105371875 0.39604694687499997 0.8139919671875001 0.38801839843749997 0.756865878125 0.266617721875 0.7739276296875001 0.2746462703125 0.83105371875
0 0.40156669999999994 0.8099868718750001 0.4729743125 0.7999511859374999 0.463382965625 0.7317052125 0.3919753546875 0.7417408984375 0.40156669999999994 0.8099868718750001
1 0.606462003125 0.35070963593750004 0.6755022546875 0.3410066625 0.6692568624999999 0.2965683828125 0.6002166109375 0.30627135625 0.606462003125 0.35070963593750004
1 0.8682953796874999 0.5210522359375 0.9504257375 0.5095095671875 0.9426204468750001 0.45397203125 0.8604900890625 0.46551470000000006 0.8682953796874999 0.5210522359375
1 0.8750992312499999 0.120383121875 0.9239008796875 0.11352449687499999 0.9120798640625001 0.029413603125 0.8632782171875 0.036272226562499996 0.8750992312499999 0.120383121875
1 0.5181028640625 0.110681328125 0.571670178125 0.10315293437499999 0.5607421890625 0.025396259375 0.5071748765625 0.0329246546875 0.5181028640625 0.110681328125
1 0.2443289453125 0.40808384531249997 0.27527482187499996 0.4037346859375 0.2690294296875 0.35929640625000003 0.23808355312499999 0.363645565625 0.2443289453125 0.40808384531249997
1 0.1908475546875 0.5110919843749999 0.2729779140625 0.4995493140625 0.26628600625 0.45193392499999996 0.1841556484375 0.46347659375 0.1908475546875 0.5110919843749999
1 0.1010522484375 0.6062442578125 0.1665182515625 0.5970436109375 0.15737341875 0.531974746875 0.091907415625 0.54117539375 0.1010522484375 0.6062442578125
1 0.0578336015625 0.57508085 0.09354514375 0.5700619203125 0.0872997515625 0.525623640625 0.051588209375000006 0.5306425703125 0.0578336015625 0.57508085
1 0.0904047890625 0.7032114421875 0.1630038171875 0.6930083140625001 0.158097965625 0.658101365625 0.08549893750000001 0.66830449375 0.0904047890625 0.7032114421875
1 0 0.482888775 0.10351654531250001 0.4683404734375 0.0937019421875 0.3985059453125 0 0.41167489375 0 0.482888775
1 0.5910355234375 0.7331934765625 0.68029890625 0.7206483265625 0.6713773296875 0.6571680171875001 0.5821139468750001 0.6697131671875 0.5910355234375 0.7331934765625
1 0.4543195984375 0.5290674484375 0.5114456875 0.5210389 0.502970625 0.46073570156250004 0.4458445359375 0.46876425 0.4543195984375 0.5290674484375
1 0.432679453125 0.5822845796875 0.4731411875 0.5765980546875 0.46845859375 0.543279659375 0.427996859375 0.5489661859375 0.432679453125 0.5822845796875
1 0.3918272765625 0.602594846875 0.4394375078125 0.5959036656250001 0.4349781703125 0.564173825 0.3873679375 0.57086500625 0.3918272765625 0.602594846875
1 0.5117482234375 0.54042504375 0.554592790625 0.5344036328125 0.549240425 0.496319571875 0.5063958578125 0.502340984375 0.5117482234375 0.54042504375
1 0.47500092499999996 0.5811859625 0.515462659375 0.5754994359375 0.5096637796875 0.534238265625 0.4692020453125 0.5399247921875 0.47500092499999996 0.5811859625
1 0.7813105124999999 0.7485282203125 0.8408194343750001 0.7401647875 0.8352438125000001 0.700492171875 0.775734890625 0.70885560625 0.7813105124999999 0.7485282203125
1 0.3111025609375 0.7191198187500001 0.356329959375 0.712763521875 0.3507543375 0.6730909078125 0.3055269375 0.6794472046875 0.3111025609375 0.7191198187500001
1 0.11896404375 0.750982921875 0.2332316953125 0.73492365 0.22765607187499998 0.6952510359375 0.1133884203125 0.7113103062499999 0.11896404375 0.750982921875
1 0.35929226875000003 0.93244753125 0.3961952265625 0.9272611578125 0.39151263125 0.8939427640625001 0.3546096734375 0.8991291374999999 0.35929226875000003 0.93244753125
1 0.1212254859375 0.3525721328125 0.16883571875 0.3458809515625 0.1630368390625 0.30461978125 0.1154266078125 0.3113109625 0.1212254859375 0.3525721328125