1 0.22356250000000003 0.7435937499999999 0.03365625 0.7435937499999999 0.03365625 0.87340625 0.22356250000000003 0.87340625 0.22356250000000003 0.7435937499999999
1 0.683890625 0.6410312499999999 0.614171875 0.6410312499999999 0.614171875 0.7468020828124999 0.683890625 0.7468020828124999 0.683890625 0.6410312499999999
1 0.7680234375 0.5256458328125 0.6935078125 0.5256458328125 0.6935078125 0.6298125 0.7680234375 0.6298125 0.7680234375 0.5256458328125
1 0.967546875 1 0.967546875 0.9743645828125 0.8653906250000001 0.9743645828125 0.8653906250000001 1 0.967546875 1
1 0.8341328125 0.865375 0.7439921875 0.865375 0.7439921875 0.990375 0.8341328125 0.990375 0.8341328125 0.865375
1 0.59134375 0.3076979171875 0.5264375 0.3076979171875 0.5264375 0.3573854171875 0.59134375 0.3573854171875 0.59134375 0.3076979171875
1 0.358171875 0.1089791671875 0.316109375 0.1089791671875 0.316109375 0.1506458328125 0.358171875 0.1506458328125 0.358171875 0.1089791671875
1 0.5288515625 0.4951875 0.46274218749999996 0.4951875 0.46274218749999996 0.5400625 0.5288515625 0.5400625 0.5288515625 0.4951875
1 0.284859375 0.7596041671875 0.21395312500000002 0.7596041671875 0.21395312500000002 0.8108958328125 0.284859375 0.8108958328125 0.284859375 0.7596041671875
0 0.40024218749999996 0.5480729171875 0.24278906249999999 0.5480729171875 0.24278906249999999 0.6858854171875 0.40024218749999996 0.6858854171875 0.40024218749999996 0.5480729171875
0 0.51321875 0.3060833328125 0.240375 0.3060833328125 0.240375 0.4871666671875 0.51321875 0.4871666671875 0.51321875 0.3060833328125
0 0.28365625 0.142625 0.125 0.142625 0.125 0.3333333328125 0.28365625 0.3333333328125 0.28365625 0.142625
0 0.427890625 0.1586458328125 0.295671875 0.1586458328125 0.295671875 0.2307708328125 0.427890625 0.2307708328125 0.427890625 0.1586458328125
1 0.6802890625 0.4070416671875 0.6238046875000001 0.4070416671875 0.6238046875000001 0.4519166671875 0.6802890625 0.4519166671875 0.6802890625 0.4070416671875
1 0.9098515624999999 0.5256458328125 0.8665859375 0.5256458328125 0.8665859375 0.6153958328125 0.9098515624999999 0.6153958328125 0.9098515624999999 0.5256458328125
1 1 0.6458333328125 0.9170624999999999 0.6458333328125 0.9170624999999999 0.7115416671875 1 0.7115416671875 1 0.6458333328125