0 0.18249532968749999 0.5916678453124999 0.17884614999999998 0.4871690421875 0.076346128125 0.4907484203125 0.0799953078125 0.5952472249999999 0.18249532968749999 0.5916678453124999
0 0.1314048828125 0.68965900625 0.1275457625 0.5791482421875 0.057067887500000004 0.581609384375 0.0609270078125 0.6921201484374999 0.1314048828125 0.68965900625
0 0.320450309375 0.8225720703125001 0.315458590625 0.6796279515625 0.1921379265625 0.6839344046875 0.1971296453125 0.8268785234375 0.320450309375 0.8225720703125001
0 0.3250673171875 0.6792924078125 0.32196344374999997 0.5904090859375 0.24509363281250002 0.5930934390625 0.24819750625 0.6819767609375 0.3250673171875 0.6792924078125
0 0.63527423125 0.7923320781250001 0.6299891375 0.6409868296875 0.5130812328125 0.64506934375 0.518366325 0.7964145921875 0.63527423125 0.7923320781250001
1 0.7696834109374999 0.8754340765625 0.76628561875 0.7781340109375 0.6797966703125 0.7811542703125001 0.6831944625 0.8784543375 0.7696834109374999 0.8754340765625
1 0.8892165000000001 0.30360940468750003 0.8855673218750001 0.1991106015625 0.8022847531249999 0.2020188921875 0.80593393125 0.3065176953125 0.8892165000000001 0.30360940468750003
1 0.4912724703125 0 0.49054537812500004 0.000025390625000000002 0.49390118281250006 0.0961230640625 0.565982246875 0.0936059390625 0.56271345625 0 0.4912724703125 0
1 0.2925204328125 0.2522931609375 0.28954197812500004 0.16700140000000002 0.2030530296875 0.17002166093749999 0.20603148437500002 0.255313421875 0.2925204328125 0.2522931609375
1 0.367111178125 0.46013690625 0.3634200109375 0.3544357109375 0.2865502015625 0.35712006406249996 0.29024136875 0.46282125937499996 0.367111178125 0.46013690625
1 0.6588022671875 0.5473773671875 0.656705025 0.48732022500000005 0.5686128890625 0.49039646875000004 0.5707101296875 0.5504536124999999 0.6588022671875 0.5473773671875
1 0.5660786546875001 0.5554229625 0.564316775 0.5049693421875 0.49544208906250004 0.5073744984374999 0.49720396874999995 0.5578281203125 0.5660786546875001 0.5554229625
1 0.5549518609375 0.60391895 0.553273959375 0.5558701125 0.5116326734375 0.5573242578125 0.5133105765625 0.6053730953125 0.5549518609375 0.60391895
1 0.5493685171875 0.6738595359375 0.54697735625 0.60538565 0.487721809375 0.6074548984375 0.4901129703125 0.6759287859375 0.5493685171875 0.6738595359375
1 0.48538876562500005 1 0.4828163609375 0.926335975 0.4123384859375 0.9287971171875 0.41482494531249997 1 0.48538876562500005 1
1 0.42285066875000005 1 0.41825719218749996 0.8684600515625001 0.35739845312499996 0.8705852859375 0.361917715625 1 0.42285066875000005 1
1 0.4456244015625 0.779708696875 0.4436951140625 0.7244611234375 0.366825303125 0.727145475 0.368754590625 0.78239305 0.4456244015625 0.779708696875
1 0.5338989625 0.9197523328124999 0.5366672015625 0.999024325 0.6888244546875 0.9937108765625 0.6860562156250001 0.9144388843750001 0.5338989625 0.9197523328124999
1 0.856682646875 0.7497275203125 0.8553820953125 0.712484596875 0.8073280531249999 0.7141626796875 0.8086286046875 0.7514056046875 0.856682646875 0.7497275203125
1 0.9979879531250001 0.8927112625 0.9950514874999999 0.80862189375 0.9213880546875 0.8111942781250001 0.9243245203124999 0.8952836468750001 0.9979879531250001 0.8927112625
1 0.8085359078125001 0.426695409375 0.807319334375 0.3918572703125 0.7672812390625 0.39325543125 0.7684978140625 0.42809357031250006 0.8085359078125001 0.426695409375
1 0.633974225 0.38708370625 0.6325062640625 0.3450468296875 0.58124584375 0.3468368828125 0.5827138046875 0.388873759375 0.633974225 0.38708370625
1 0.46677460000000004 0.5588907375 0.46455139218749997 0.49522641875 0.3972798984375 0.497575590625 0.3995031046875 0.561239909375 0.46677460000000004 0.5588907375
1 0.0532681375 0.3352012640625 0.051674212500000004 0.28955721093750003 0.010032926562499999 0.29101135624999996 0.0116268515625 0.336655409375 0.0532681375 0.3352012640625
1 0.5028470109375001 0.3976664265625 0.5013790515625 0.35562955 0.46294414531249994 0.3569717265625 0.4644121046875 0.399008603125 0.5028470109375001 0.3976664265625
1 0.8894198187500001 0.0799035328125 0.8876159515625 0.02824751875 0.850784234375 0.029533710937500002 0.8525881015625 0.081189725 0.8894198187500001 0.0799035328125