0 0.5817265625 0.16346875 0.43149218749999996 0.16346875 0.43149218749999996 0.30128125 0.5817265625 0.30128125 0.5817265625 0.16346875
0 0.688703125 0.1169895828125 0.5685156250000001 0.1169895828125 0.5685156250000001 0.2051354171875 0.688703125 0.2051354171875 0.688703125 0.1169895828125
0 0.7271640625 0.4439166671875 0.5648984375 0.4439166671875 0.5648984375 0.580125 0.7271640625 0.580125 0.7271640625 0.4439166671875
0 0.91465625 0.3653854171875 0.71634375 0.3653854171875 0.71634375 0.5304479171875001 0.91465625 0.5304479171875001 0.91465625 0.3653854171875
1 0.40865625000000005 0.6089791671875 0.27884375 0.6089791671875 0.27884375 0.6682708328125 0.40865625000000005 0.6682708328125 0.40865625000000005 0.6089791671875
1 0.412265625 0.5432708328125 0.316109375 0.5432708328125 0.316109375 0.6233958328125 0.412265625 0.6233958328125 0.412265625 0.5432708328125
1 0.126203125 0.41185416718749995 0.019234375 0.41185416718749995 0.019234375 0.5128125 0.126203125 0.5128125 0.126203125 0.41185416718749995
1 0.28365625 0.0657083328125 0.23678125 0.0657083328125 0.23678125 0.11699999999999999 0.28365625 0.11699999999999999 0.28365625 0.0657083328125
1 0.7523984375 0.15384375 0.7043203124999999 0.15384375 0.7043203124999999 0.2179479171875 0.7523984375 0.2179479171875 0.7523984375 0.15384375
1 0.8509609375 0.3221041671875 0.7716328125 0.3221041671875 0.7716328125 0.3669791671875 0.8509609375 0.3669791671875 0.8509609375 0.3221041671875
1 0.71034375 0.3317395828125 0.65865625 0.3317395828125 0.65865625 0.3653854171875 0.71034375 0.3653854171875 0.71034375 0.3317395828125
1 0.9591406250000001 0.7211458328125 0.8653906250000001 0.7211458328125 0.8653906250000001 0.8429375 0.9591406250000001 0.8429375 0.9591406250000001 0.7211458328125
1 0.6863046875000001 0.85415625 0.6334140625 0.85415625 0.6334140625 0.9631354171875 0.6863046875000001 0.9631354171875 0.6863046875000001 0.85415625
1 0.41465625 0.8733958328125 0.34375 0.8733958328125 0.34375 0.9919791671875 0.41465625 0.9919791671875 0.41465625 0.8733958328125
1 0.9266875000000001 0.9406979171875 0.884625 0.9406979171875 0.884625 0.9983854171875001 0.9266875000000001 0.9983854171875001 0.9266875000000001 0.9406979171875
1 0.97596875 0.8461562499999999 0.8954375000000001 0.8461562499999999 0.8954375000000001 0.9006354171875 0.97596875 0.9006354171875 0.97596875 0.8461562499999999
1 0.1983125 0.2852604171875 0.1514375 0.2852604171875 0.1514375 0.3317395828125 0.1983125 0.3317395828125 0.1983125 0.2852604171875
1 0.3004765625 0.15545833281250002 0.2391796875 0.15545833281250002 0.2391796875 0.1939166671875 0.3004765625 0.1939166671875 0.3004765625 0.15545833281250002
1 0.284859375 0.197125 0.23317187499999997 0.197125 0.23317187499999997 0.22916666718749998 0.284859375 0.22916666718749998 0.284859375 0.197125