1 0.7860546875 0.11378124999999999 0.7067265625 0.11378124999999999 0.7067265625 0.1778854171875 0.7860546875 0.1778854171875 0.7860546875 0.11378124999999999
1 0.9411093749999999 0.2996875 0.8557656250000001 0.2996875 0.8557656250000001 0.3557708328125 0.9411093749999999 0.3557708328125 0.9411093749999999 0.2996875
1 0.7992734375 0.3125 0.7355703124999999 0.3125 0.7355703124999999 0.3509583328125 0.7992734375 0.3509583328125 0.7992734375 0.3125
1 1 0.3749895828125 0.92909375 0.3749895828125 0.92909375 0.42467708281250005 1 0.42467708281250005 1 0.3749895828125
1 0.9386953124999999 0.56571875 0.8173046875000001 0.56571875 0.8173046875000001 0.6618645828124999 0.9386953124999999 0.6618645828124999 0.9386953124999999 0.56571875
1 0.1466328125 0.4182604171875 0.0624921875 0.4182604171875 0.0624921875 0.5096145828124999 0.1466328125 0.5096145828124999 0.1466328125 0.4182604171875
1 0.637015625 1 0.637015625 0.9439166671875 0.592546875 0.9439166671875 0.592546875 1 0.637015625 1
1 0.21874218750000002 1 0.21874218750000002 0.9567395828124999 0.0372578125 0.9567395828124999 0.0372578125 1 0.21874218750000002 1
0 0.5492890625 0.5528854171875001 0.3870234375 0.5528854171875001 0.3870234375 0.68590625 0.5492890625 0.68590625 0.5492890625 0.5528854171875001
0 0.947125 0.3701979171875 0.6141875 0.3701979171875 0.6141875 0.5320520828124999 0.947125 0.5320520828124999 0.947125 0.3701979171875
0 0.64903125 0.1602708328125 0.5 0.1602708328125 0.5 0.2756458328125 0.64903125 0.2756458328125 0.64903125 0.1602708328125
0 0.7223515625 0.12498958281250001 0.6225859375 0.12498958281250001 0.6225859375 0.18909375 0.7223515625 0.18909375 0.7223515625 0.12498958281250001