0 0.6981169046875 0.5315170109375 0.22676019374999998 0.4052173609375 0.11601799531250001 0.818512875 0.58737470625 0.944812525 0.6981169046875 0.5315170109375
0 0.6456376109375 0.30010115000000004 0.48194336875 0.256239409375 0.4582991703125 0.344480759375 0.6219934125 0.3883424984375 0.6456376109375 0.30010115000000004
1 0.3601231921875 0.26507354375 0.288146625 0.2457874796875 0.27528655468749996 0.2937819203125 0.3472631203125 0.3130679828125 0.3601231921875 0.26507354375
1 0.7490302062499999 0.531883928125 0.6863355828125 0.5150849546875 0.6697442031249999 0.577004825 0.7324388265625 0.5938037984375 0.7490302062499999 0.531883928125
1 0.8035062140625 0.6675864765624999 0.7524177937500001 0.653897375 0.7349960359375001 0.7189162578125 0.7860844578124999 0.732605359375 0.8035062140625 0.6675864765624999
1 0.794048665625 0.5821116125 0.7534194109375 0.5712250375 0.740974528125 0.6176699718750001 0.7816037828125 0.628556546875 0.794048665625 0.5821116125
1 0.721884684375 0.8746738515624999 0.681255428125 0.863787275 0.66798016875 0.91333121875 0.7086094234375 0.9242177953124999 0.721884684375 0.8746738515624999
1 0.76562913125 0.46996607968750004 0.7342818203125 0.46156659375000003 0.7247432593750001 0.497164984375 0.7560905703125 0.505564471875 0.76562913125 0.46996607968750004
1 0.6661180578125 0.3769474359375 0.64058139375 0.37010490625000003 0.634358953125 0.3933273734375 0.6598956171875 0.400169903125 0.6661180578125 0.3769474359375
1 0.728882965625 0.4352302109375 0.702184171875 0.42807629062499997 0.6963769203125 0.4497492515625 0.7230757125 0.45690317187499996 0.728882965625 0.4352302109375
1 0.5706886453125 0.15725213437500002 0.5219244828125 0.1441858171875 0.5123859234375 0.17978420781249999 0.561150084375 0.192850525 0.5706886453125 0.15725213437500002
1 0.557661 0.1919264125 0.5216651703124999 0.182281359375 0.5154427296875 0.2055038265625 0.551438559375 0.2151488796875 0.557661 0.1919264125