1 0.503609375 0.12340625000000001 0.46154687499999997 0.12340625000000001 0.46154687499999997 0.20834375 0.503609375 0.20834375 0.503609375 0.12340625000000001
1 0.390625 0.2580208328125 0.2920625 0.2580208328125 0.2920625 0.3108958328125 0.390625 0.3108958328125 0.390625 0.2580208328125
1 1 0.5881354171875001 0.9266875000000001 0.5881354171875001 0.9266875000000001 0.6971145828124999 1 0.6971145828124999 1 0.5881354171875001
1 0.688703125 0.7708437499999999 0.519234375 0.7708437499999999 0.519234375 0.87340625 0.688703125 0.87340625 0.688703125 0.7708437499999999
1 0.5048046875 1 0.5048046875 0.8862083328124999 0.3629765625 0.8862083328124999 0.3629765625 1 0.5048046875 1
1 0.1730859375 0.8108958328125 0.10697656250000001 0.8108958328125 0.10697656250000001 0.9118541671875 0.1730859375 0.9118541671875 0.1730859375 0.8108958328125
1 0.2079296875 0.6826979171875001 0.13582031249999998 0.6826979171875001 0.13582031249999998 0.7852604171875 0.2079296875 0.7852604171875 0.2079296875 0.6826979171875001
1 0.9711562499999999 0.75159375 0.91346875 0.75159375 0.91346875 0.7980729171875 0.9711562499999999 0.7980729171875 0.9711562499999999 0.75159375
1 1 0.8237291671875001 0.9170624999999999 0.8237291671875001 0.9170624999999999 0.9214791671875 1 0.9214791671875 1 0.8237291671875001
1 0.8353359375 0.5592916671875 0.7872578125 0.5592916671875 0.7872578125 0.6217916671875 0.8353359375 0.6217916671875 0.8353359375 0.5592916671875
1 0.7572109375 0.375 0.7091328125 0.375 0.7091328125 0.41025 0.7572109375 0.41025 0.7572109375 0.375
1 0.6766796875 0.2692395828125 0.6261953124999999 0.2692395828125 0.6261953124999999 0.3269270828125 0.6766796875 0.3269270828125 0.6766796875 0.2692395828125
0 0.641828125 0.23396875 0.47717187499999997 0.23396875 0.47717187499999997 0.2948645828125 0.641828125 0.2948645828125 0.641828125 0.23396875
0 0.5889453125 0.3397291671875 0.3353359375 0.3397291671875 0.3353359375 0.5785208328125 0.5889453125 0.5785208328125 0.5889453125 0.3397291671875
0 0.6935078125 0.3509583328125 0.5312421875 0.3509583328125 0.5312421875 0.6362083328125 0.6935078125 0.6362083328125 0.6935078125 0.3509583328125
0 0.8569765625000001 0.7227604171875 0.6838984375 0.7227604171875 0.6838984375 0.9503229171875001 0.8569765625000001 0.9503229171875001 0.8569765625000001 0.7227604171875