0 0.310836009375 0.327053234375 0.3306112140625 0.48810935625 0.45627169062500006 0.47268019062500005 0.4364964859375 0.31162406875 0.310836009375 0.327053234375
1 0.48409042500000005 0.120500784375 0.4908275140625 0.1753699765625 0.54967723125 0.168144140625 0.5429401406250001 0.1132749484375 0.48409042500000005 0.120500784375
1 0.77186366875 0.46541505 0.7790406296875 0.5238667125 0.8537917625 0.514688428125 0.8466148 0.45623676562500004 0.77186366875 0.46541505
1 0.8758906468750001 0.3133696515625 0.9792808718750001 0.30067492812499996 0.968588740625 0.2135945125 0.8651985156249999 0.2262892359375 0.8758906468750001 0.3133696515625
1 0.8556680875 0.148755590625 0.8662135937500001 0.23464184999999999 0.9505179828125 0.22429057343749997 0.9399724765625 0.1384043140625 0.8556680875 0.148755590625
1 0.8729284125 0 0.8833411390625001 0.084804853125 0.9517441124999999 0.0764060234375 0.9423626328125 0 0.8729284125 0
1 0.70241583125 0.08400438437499999 0.7114970015625001 0.15796458124999999 0.7671622984375001 0.1511297421875 0.758081128125 0.0771695453125 0.70241583125 0.08400438437499999
1 0.6407653171875001 0.0552565359375 0.6482355265625 0.1160965125 0.683222778125 0.11180061875 0.67575256875 0.050960640625 0.6407653171875001 0.0552565359375
1 0.4825097515625 0.0419831625 0.48382746406250005 0.0527150671875 0.5219991359375 0.048028175 0.5206814234375 0.037296270312500004 0.4825097515625 0.0419831625
1 0.4130292015625 0.18614244062500002 0.4191816984375 0.2362505125 0.4525767421875 0.23215011562500001 0.44642424375 0.18204204375 0.4130292015625 0.18614244062500002
1 0.5795643187499999 0.22744383125 0.588060896875 0.2966429078125 0.64372619375 0.28980806875 0.635229615625 0.2206089921875 0.5795643187499999 0.22744383125
1 0.763810078125 0.5971834046875 0.7686429593749999 0.6365440625 0.81955230625 0.63029318125 0.814719425 0.590932521875 0.763810078125 0.5971834046875
1 0.7283757390625001 0.5058679875000001 0.73350186875 0.5476169609375 0.792351584375 0.5403911234375001 0.7872254546875 0.49864215156249997 0.7283757390625001 0.5058679875000001
1 0.4882127515625 0.7327337671875 0.49333887968749995 0.7744827390625 0.5315105499999999 0.7697958468749999 0.526384421875 0.728046875 0.4882127515625 0.7327337671875
1 0.5155132078125 0.79720756875 0.5243011296875 0.8687794515625 0.5783742171874999 0.8621401109375 0.5695862953125 0.7905682281249999 0.5155132078125 0.79720756875
1 0.5340478765625 0.90875679375 0.54488663125 0.9970313671875 0.6132896031249999 0.9886325390625 0.6024508484375 0.900357965625 0.5340478765625 0.90875679375
1 0.942601396875 0.71206301875 0.9540266484375 0.8051142203125 0.99856715625 0.799645334375 0.98714190625 0.7065941328124999 0.942601396875 0.71206301875
1 0.16643676875 0.84733385625 0.17126965 0.8866945140625001 0.1967243234375 0.8835690734374999 0.1918914421875 0.844208415625 0.16643676875 0.84733385625
1 0.2311000875 0.75582598125 0.23754583437500001 0.8083223671875001 0.280494134375 0.8030489796875001 0.2740483875 0.7505525937499999 0.2311000875 0.75582598125
1 0.26820259218750003 0.9002165265625001 0.27391521874999997 0.9467421265624999 0.3025543109375 0.9432256890625 0.296841684375 0.8967000875 0.26820259218750003 0.9002165265625001
1 0.3698092671875 0.76786286875 0.3787438140625 0.8406289078125001 0.41850769374999996 0.8357465171875 0.409573146875 0.762980478125 0.3698092671875 0.76786286875
1 0.4221454484375 0.7469066125 0.432546234375 0.8316142234375 0.46912569531250004 0.8271228296875 0.45872490781249997 0.7424152203125 0.4221454484375 0.7469066125
1 0.32176825937500003 0.2845447015625 0.32513680312500004 0.31197929687500003 0.3489992671875 0.30904935624999996 0.345630721875 0.28161475937499997 0.32176825937500003 0.2845447015625
1 0.296129459375 0.2598445484375 0.301108965625 0.3003993640625 0.3281558484375 0.297078425 0.3231763421875 0.25652360937499996 0.296129459375 0.2598445484375
1 0.3309710625 0.24102848593749998 0.3338997359375 0.26488061093750004 0.3688869875 0.2605847171875 0.3659583140625 0.2367325921875 0.3309710625 0.24102848593749998
1 0.1872076125 0.3458693734375 0.1908694046875 0.375692284375 0.21313965937499998 0.372957840625 0.20947786562499998 0.34313493125 0.1872076125 0.3458693734375
1 0.21394249531249998 0.3268444015625 0.218190784375 0.36144394062499996 0.24046103749999997 0.358709496875 0.2362127484375 0.324109959375 0.21394249531249998 0.3268444015625
1 0.7620443359375 0.20141736406250002 0.7687814265624999 0.25628655624999996 0.824446721875 0.2494517171875 0.8177096328125 0.194582525 0.7620443359375 0.20141736406250002
1 0.833623296875 0.7581406890625 0.8390426734374999 0.8022779765625 0.8644973484375 0.799152534375 0.8590779703125 0.7550152484375 0.833623296875 0.7581406890625
1 0.7599569578125001 0.723587365625 0.7652297109374999 0.7665304953125001 0.836817103125 0.75774066875 0.8315443484375 0.7147975390625 0.7599569578125001 0.723587365625
1 0.649949096875 0.9453894171874999 0.653464265625 0.9740181703124999 0.6789189390625 0.9708927296875001 0.6754037703125 0.9422639765625 0.649949096875 0.9453894171874999