0 0.395588709375 0.7880375921875 0.25754738593750004 0.8148701078125 0.26702820781250003 0.8636447078125 0.40506953125 0.8368121937499999 0.395588709375 0.7880375921875
0 0.21386133906250002 0.6845828875 0.07227695625 0.7121041046875 0.1004093578125 0.8568327625000001 0.24199374062499998 0.8293115453125001 0.21386133906250002 0.6845828875
0 0.3617326140625 0.494224465625 0.092736090625 0.5465120921875 0.1334062328125 0.7557418359375 0.40240275625 0.703454209375 0.3617326140625 0.494224465625
0 0.24272199218749999 0.3606452015625 0.07990992031250001 0.39229266093750004 0.0982554109375 0.4866720265625 0.26106748125 0.45502456562500004 0.24272199218749999 0.3606452015625
1 0.6061568265624999 0.076123178125 0.5200343796875 0.0928636859375 0.5411346734375 0.2014152921875 0.6272571218749999 0.184674784375 0.6061568265624999 0.076123178125
1 0.5618132218749999 0.024341290625 0.4745097546875 0.041311365625 0.48979832500000003 0.11996424375 0.57710179375 0.10299416875 0.5618132218749999 0.024341290625
1 0.451855478125 0 0.4246575078125 0.00528675 0.43994607812500003 0.083939628125 0.5473115515625 0.06306989375 0.53505200625 0 0.451855478125 0
1 0.84951699375 0.1186143859375 0.9321040484375 0.10256108906250001 0.9134524703125001 0.006607031250000001 0.8308654140625 0.022660328125 0.84951699375 0.1186143859375
1 0.8611398093749999 0.046159192187499996 0.7903552859375 0.059918309375 0.813900321875 0.1810470125 0.88468484375 0.1672878953125 0.8611398093749999 0.046159192187499996
1 0.825336734375 0.30289520468750003 0.7510091515624999 0.3173430234375 0.7598777937500001 0.36296823749999996 0.8342053765624999 0.34852041875 0.825336734375 0.30289520468750003
1 0.9250639375 0.15453642031249998 0.8047225812500001 0.1779284109375 0.8316306250000001 0.31635829531250004 0.95197198125 0.2929663046875 0.9250639375 0.15453642031249998
1 0.5700549953125 0.4194339 0.49336537187499996 0.434340853125 0.51079656875 0.5240165875 0.5874861921875 0.509109634375 0.5700549953125 0.4194339
1 0.44473781875 0.3164641171875 0.37748101875 0.329537515625 0.39949560625 0.4427927515625 0.46675240625000003 0.429719353125 0.44473781875 0.3164641171875