1 0.228359375 0.1474375 0.186296875 0.1474375 0.186296875 0.2163541671875 0.228359375 0.2163541671875 0.228359375 0.1474375
1 0.46034375 0.607375 0.40865625000000005 0.607375 0.40865625000000005 0.7291666671875 0.46034375 0.7291666671875 0.46034375 0.607375
1 0.6971171875 0.8541666671874999 0.5997578125 0.8541666671874999 0.5997578125 0.955125 0.6971171875 0.955125 0.6971171875 0.8541666671874999
1 0.65384375 0.9423020828125 0.59134375 0.9423020828125 0.59134375 0.9999895828125 0.65384375 0.9999895828125 0.65384375 0.9423020828125
1 0.5961484375 0.802875 0.5348515625 0.802875 0.5348515625 0.9166666671874999 0.5961484375 0.9166666671874999 0.5961484375 0.802875
1 0.5625 0.5128125 0.484375 0.5128125 0.484375 0.6137708328125 0.5625 0.6137708328125 0.5625 0.5128125
1 1 0.8589687500000001 0.9471171875 0.8589687500000001 0.9471171875 0.9503229171875001 1 0.9503229171875001 1 0.8589687500000001
1 0.9999921875 1 0.9999921875 0.9503229171875001 0.9435078125 0.9503229171875001 0.9435078125 1 0.9999921875 1
1 0.9579375000000001 0.7964791671875 0.890625 0.7964791671875 0.890625 0.9070625 0.9579375000000001 0.9070625 0.9579375000000001 0.7964791671875
1 1 0.7035312499999999 0.9194687500000001 0.7035312499999999 0.9194687500000001 0.8125104171875 1 0.8125104171875 1 0.7035312499999999
1 0.860578125 0.61378125 0.7560156250000001 0.61378125 0.7560156250000001 0.6810937499999999 0.860578125 0.6810937499999999 0.860578125 0.61378125
1 0.936296875 0.65384375 0.850953125 0.65384375 0.850953125 0.7355729171875 0.936296875 0.7355729171875 0.936296875 0.65384375
0 0.23317187499999997 0.62659375 0.063703125 0.62659375 0.063703125 0.7499895828125 0.23317187499999997 0.7499895828125 0.23317187499999997 0.62659375
0 0.31851562499999997 0.22756249999999997 0.159859375 0.22756249999999997 0.159859375 0.2868541671875 0.31851562499999997 0.2868541671875 0.31851562499999997 0.22756249999999997
0 0.1706796875 0.2756354171875 0.0000078125 0.2756354171875 0.0000078125 0.42628125 0.1706796875 0.42628125 0.1706796875 0.2756354171875
0 0.3257265625 0.3637708328125 0.0721171875 0.3637708328125 0.0721171875 0.5817291671875 0.3257265625 0.5817291671875 0.3257265625 0.3637708328125
1 0.40504687500000003 0.3525625 0.360578125 0.3525625 0.360578125 0.3878125 0.40504687500000003 0.3878125 0.40504687500000003 0.3525625