0 0.6045625 0.134625 0.45553125000000005 0.134625 0.45553125000000005 0.2532083328125 0.6045625 0.2532083328125 0.6045625 0.134625
0 0.734375 0.37659375 0.57090625 0.37659375 0.57090625 0.48236458281249994 0.734375 0.48236458281249994 0.734375 0.37659375
0 0.8966406250000001 0.2996666671875 0.701921875 0.2996666671875 0.701921875 0.4759583328125 0.8966406250000001 0.4759583328125 0.8966406250000001 0.2996666671875
1 0.8317343749999999 0.2820625 0.746390625 0.2820625 0.746390625 0.3349375 0.8317343749999999 0.3349375 0.8317343749999999 0.2820625
1 0.3954375 0.48237500000000005 0.26321875 0.48237500000000005 0.26321875 0.5865416671875 0.3954375 0.5865416671875 0.3954375 0.48237500000000005
1 0.1478359375 0.3413541671875 0.0444765625 0.3413541671875 0.0444765625 0.4455208328125 0.1478359375 0.4455208328125 0.1478359375 0.3413541671875
0 0.6983203125 0.09134375 0.5721171875 0.09134375 0.5721171875 0.1618645828125 0.6983203125 0.1618645828125 0.6983203125 0.09134375
1 0.858171875 0.5961458328125 0.784859375 0.5961458328125 0.784859375 0.6762708328125 0.858171875 0.6762708328125 0.858171875 0.5961458328125
1 0.5829296875 1 0.5829296875 0.8878229171875001 0.48316406250000005 0.8878229171875001 0.48316406250000005 1 0.5829296875 1
1 0.6682734375 0.9455104171875 0.5552890625 0.9455104171875 0.5552890625 0.9999895828125 0.6682734375 0.9999895828125 0.6682734375 0.9455104171875
1 0.7704296875 0.9182604171875001 0.6442265625 0.9182604171875001 0.6442265625 0.9999895828125 0.7704296875 0.9999895828125 0.7704296875 0.9182604171875001
1 0.8870156250000001 0.9663437500000001 0.766828125 0.9663437500000001 0.766828125 0.9999895828125 0.8870156250000001 0.9999895828125 0.8870156250000001 0.9663437500000001
1 0.28967187499999997 0.0496770828125 0.25601562499999997 0.0496770828125 0.25601562499999997 0.0833229171875 0.28967187499999997 0.0833229171875 0.28967187499999997 0.0496770828125