0 0.58134235625 0.703534240625 0.434308509375 0.6880803609374999 0.4212424515625 0.812395596875 0.5682762968749999 0.827849478125 0.58134235625 0.703534240625
0 0.6812569765625 0.8107111218749999 0.5581382734375 0.7977708234375 0.54909220625 0.88383840625 0.672210909375 0.8967787046875 0.6812569765625 0.8107111218749999
0 0.9500054171875 0.48444273281249994 0.7336502859375 0.4617028921875 0.720416546875 0.587613509375 0.936771678125 0.61035335 0.9500054171875 0.48444273281249994
0 0.7661483953125 0.40550032031249994 0.60357514375 0.38841318281250004 0.5910121296875 0.507942284375 0.7535853796875001 0.5250294203125 0.7661483953125 0.40550032031249994
0 0.42149664062500003 0.258093978125 0.29000219843749997 0.2442733546875 0.2824630828125 0.316003246875 0.413957525 0.3298238703125 0.42149664062500003 0.258093978125
1 0.385943596875 0.32041700156249997 0.30585350624999996 0.31199919375 0.2991527953125 0.375752190625 0.3792428875 0.3841699984375 0.385943596875 0.32041700156249997
1 0.10133582968749999 0.4065349859375 0.026031875 0.398620221875 0.0159819 0.49423935781250006 0.0912858546875 0.5021541218750001 0.10133582968749999 0.4065349859375
1 1 0.1126422453125 0.92346305 0.10459788750000001 0.9100616296874999 0.23210388124999998 0.998511921875 0.24140038281249998 1 0.22724226406249998 1 0.1126422453125
1 0.7413568890625 0.8138018718750001 0.695935209375 0.8090278609375 0.69191521875 0.8472755140625001 0.7373368984375 0.852049525 0.7413568890625 0.8138018718750001
1 0.2758758640625 0.8615742234375 0.2173078484375 0.8554184765624999 0.2126171328125 0.9000476468749999 0.27118515 0.9062033921875001 0.2758758640625 0.8615742234375
1 0.8588030890624999 0.6392261640625 0.7787129968750001 0.63080835625 0.7736869203125 0.678628284375 0.8537770124999999 0.6870460921875 0.8588030890624999 0.6392261640625
1 0.710612103125 0.634931209375 0.6639938890625 0.6300314375 0.65947085625 0.6730652296875 0.70608906875 0.6779650015625001 0.710612103125 0.634931209375
1 0.1982336765625 0.6229847203125 0.1348795234375 0.61632593125 0.1315302578125 0.64819206875 0.194884409375 0.6548508578125001 0.1982336765625 0.6229847203125
1 0.22328294375 0.43062221562499997 0.18145086562499999 0.4262254875 0.17726319375 0.4660685203125 0.21909527187500002 0.4704652484375 0.22328294375 0.43062221562499997
1 0.710507075 0.0725372953125 0.7160340171875 0.01995195 0.6646296656249999 0.014549135937499999 0.6591027234375 0.06713448125 0.710507075 0.0725372953125
1 1 0.0530239828125 0.9714927937500001 0.0500277546875 0.9668020796875 0.094656925 1 0.0981461671875 1 0.0530239828125
1 0.635300378125 0.627015628125 0.5826994937500001 0.621487053125 0.578511821875 0.6613300859375 0.6311127078125 0.6668586624999999 0.635300378125 0.627015628125