1 0.41105468749999996 0.9054583328125 0.3677890625 0.9054583328125 0.3677890625 0.9679583328125 0.41105468749999996 0.9679583328125 0.41105468749999996 0.9054583328125
1 0.9963906250000001 0.6730729171875 0.929078125 0.6730729171875 0.929078125 0.7580104171875 0.9963906250000001 0.7580104171875 0.9963906250000001 0.6730729171875
1 0.9074609375 0.5705 0.8569765625000001 0.5705 0.8569765625000001 0.6009583328125 0.9074609375 0.6009583328125 0.9074609375 0.5705
1 0.8064921875 0.42787499999999995 0.7788515625 0.42787499999999995 0.7788515625 0.45512499999999995 0.8064921875 0.45512499999999995 0.8064921875 0.42787499999999995
1 0.8317343749999999 0.4022395828125 0.789671875 0.4022395828125 0.789671875 0.43109374999999994 0.8317343749999999 0.43109374999999994 0.8317343749999999 0.4022395828125
1 0.2367734375 0.5512916671875 0.19110156250000002 0.5512916671875 0.19110156250000002 0.5929583328125 0.2367734375 0.5929583328125 0.2367734375 0.5512916671875
1 0.2439921875 0.46153125 0.15625781249999998 0.46153125 0.15625781249999998 0.49838541718749996 0.2439921875 0.49838541718749996 0.2439921875 0.46153125
1 0.237984375 0.4022395828125 0.152640625 0.4022395828125 0.152640625 0.44871875 0.237984375 0.44871875 0.237984375 0.4022395828125
1 0.08052343749999999 0.43910416718749995 0.0348515625 0.43910416718749995 0.0348515625 0.46635416718749995 0.08052343749999999 0.46635416718749995 0.08052343749999999 0.43910416718749995
1 0.9302890625 1 0.9302890625 0.9375 0.8617734374999999 0.9375 0.8617734374999999 1 0.9302890625 1
0 0.765625 0.4182708328125 0.5733125 0.4182708328125 0.5733125 0.5785208328125 0.765625 0.5785208328125 0.765625 0.4182708328125
1 0.28605468749999996 0.2419895828125 0.2331640625 0.2419895828125 0.2331640625 0.2820520828125 0.28605468749999996 0.2820520828125 0.28605468749999996 0.2419895828125
1 0.228359375 0.2227604171875 0.199515625 0.2227604171875 0.199515625 0.2596145828125 0.228359375 0.2596145828125 0.228359375 0.2227604171875
1 0.75 0.24359375 0.70553125 0.24359375 0.70553125 0.2724479171875 0.75 0.2724479171875 0.75 0.24359375
1 0.76321875 0.27884375 0.7235625 0.27884375 0.7235625 0.3124895828125 0.76321875 0.3124895828125 0.76321875 0.27884375
1 0.1201875 0.2580208328125 0.07090625 0.2580208328125 0.07090625 0.2964791671875 0.1201875 0.2964791671875 0.1201875 0.2580208328125
1 0.364171875 0.5480729171875 0.340140625 0.5480729171875 0.340140625 0.57371875 0.364171875 0.57371875 0.364171875 0.5480729171875
1 0.1622578125 0.5657083328125 0.0564921875 0.5657083328125 0.0564921875 0.6314166671875 0.1622578125 0.6314166671875 0.1622578125 0.5657083328125
1 0.07811718749999999 0.40385416718749995 0.0348515625 0.40385416718749995 0.0348515625 0.42789583281250004 0.07811718749999999 0.42789583281250004 0.07811718749999999 0.40385416718749995