0 0.54293473125 0.584407709375 0.5300396421875 0.3383547546875 0.3219918234375 0.3492580796875 0.33488691249999997 0.595311034375 0.54293473125 0.584407709375
1 0.22195116406249998 0.8900865515625 0.2174846171875 0.8048597624999999 0.08624805156250001 0.8117375796875 0.0907145984375 0.89696436875 0.22195116406249998 0.8900865515625
1 0.374592365625 0.7713570890625 0.3714473015625 0.7113456953124999 0.318644765625 0.714112959375 0.32178982968750003 0.774124353125 0.374592365625 0.7713570890625
1 0.5508123328125001 0.6429663062500001 0.5491138671875 0.6105576562499999 0.5091062703125 0.612654365625 0.5108047359375 0.645063015625 0.5508123328125001 0.6429663062500001
1 0.5943826296875 0.6779996500000001 0.591426465625 0.621592684375 0.5498169015625 0.62377335 0.5527730656250001 0.6801803140625 0.5943826296875 0.6779996500000001
1 0.2677128484375 0.967133096875 0.2650707 0.9167179093750001 0.21705326406249997 0.9192343968750001 0.2196954125 0.969649584375 0.2677128484375 0.967133096875
1 0.2237270921875 0.9850769125 0.22209159375 0.953869740625 0.1852879328125 0.9557985375 0.18692343125 0.9870057109375001 0.2237270921875 0.9850769125
1 0.1956154125 1 0.19396919375 0.9685882859375001 0.136360753125 0.9716074171875 0.1378487453125 1 0.1956154125 1
1 0.5462772874999999 0.158164246875 0.543195190625 0.09935432968749999 0.5079935 0.10119917187500001 0.511075596875 0.1600090890625 0.5462772874999999 0.158164246875
1 0.3190188734375 0.047320189062500004 0.317005575 0.0089041578125 0.265784203125 0.01158855625 0.2677975015625 0.050004587499999996 0.3190188734375 0.047320189062500004
1 0.7895770796875 0.5750960609375 0.787626746875 0.53788150625 0.7460171828125 0.540062171875 0.747967515625 0.577276725 0.7895770796875 0.5750960609375