0 0.37487885312499997 0.2837388515625 0.396124609375 0.41787927343750003 0.5021776453125 0.40108212343750005 0.48093188906249995 0.2669417 0.37487885312499997 0.2837388515625
0 0.077301340625 0.5048958515625 0.093470309375 0.6069827015625 0.1773620875 0.59369555 0.16119311875 0.4916087 0.077301340625 0.5048958515625
0 0.0447494265625 0.42242587656249997 0.057535499999999996 0.5031539656249999 0.10344243125000001 0.495883021875 0.0906563578125 0.41515493281250004 0.0447494265625 0.42242587656249997
0 0.1650637375 0.2804582765625 0.18424162500000002 0.4015426953125 0.2412188953125 0.39251838125 0.2220410078125 0.2714339640625 0.1650637375 0.2804582765625
0 0.18834244375 0.406991709375 0.199622834375 0.4782132984375 0.267691021875 0.46743235624999996 0.2564106296875 0.39621076718750003 0.18834244375 0.406991709375
1 0.65112564375 0.6038403125 0.662032059375 0.672700709375 0.7063545734375001 0.6656807125 0.6954481578125 0.596820315625 0.65112564375 0.6038403125
1 0.4853786109375 0.8686067 0.49835289375 0.9505231015625 0.55374575 0.941749734375 0.5407714671875 0.8598333328125 0.4853786109375 0.8686067
1 0.8861054453125 0.868416875 0.89381473125 0.917091390625 0.977706509375 0.9038042374999999 0.9699972234375001 0.8551297218749999 0.8861054453125 0.868416875
1 0.889575315625 0.511305559375 0.8980374421875 0.564733325 0.975591553125 0.5524499609375 0.9671294265625001 0.4990221953125 0.889575315625 0.511305559375
1 0.58744008125 0.2427637265625 0.5923286578125 0.27362898750000003 0.636651171875 0.266608990625 0.6317625953125 0.23574373125 0.58744008125 0.2427637265625
1 0.4835142515625 0.19108822187500002 0.49648853437499996 0.273004625 0.5439798828125 0.26548273437500003 0.5310055984375001 0.1835663328125 0.4835142515625 0.19108822187500002
1 0.386809325 0.102967228125 0.3971511109375 0.1682626859375 0.46205046406249994 0.1579836390625 0.45170867968749995 0.09268817968750001 0.386809325 0.102967228125
1 0.4172137171875 0.0592112875 0.42285513437500005 0.0948297984375 0.4671776484375 0.0878098015625 0.46153623125000004 0.052191290625 0.4172137171875 0.0592112875
1 0.2896710859375 0.0940137015625 0.3011396875 0.16642360312499999 0.3359557015625 0.1609092875 0.3244871 0.0884993859375 0.2896710859375 0.0940137015625
1 0.5084176515625 0 0.5247351140625 0.10302439687500001 0.59438771875 0.0919925078125 0.5798175359375 0 0.5084176515625 0
1 0.26843082812499997 0.5950914453125 0.2825319296875 0.6841222890624999 0.3458468671875 0.6740941890625 0.33174576718750004 0.58506334375 0.26843082812499997 0.5950914453125
1 0.47013974531249997 0.45483385312499997 0.47916405937500006 0.5118111234375 0.5393101625 0.5022849171875 0.5302858500000001 0.4453076453125 0.47013974531249997 0.45483385312499997
1 0.416553046875 0.4341257703125 0.4229448609375 0.4744820984375 0.45617645781249994 0.46921873124999997 0.44978464375 0.428862403125 0.416553046875 0.4341257703125
1 0.3955329046875 0.393634278125 0.40305398124999997 0.44112048125000003 0.43470116093750005 0.4361080609375 0.4271800859375 0.38862185781249997 0.3955329046875 0.393634278125
1 0.45978614687499997 0.5124519484375 0.4665543828125 0.555184903125 0.50453923125 0.54916869375 0.4977709953125 0.506435740625 0.45978614687499997 0.5124519484375
1 0.41839010937500004 0.47642162343749994 0.4247819234375 0.5167779515625 0.46593560468749995 0.5102598484375 0.459543790625 0.4699035203125 0.41839010937500004 0.47642162343749994
1 0.2564191765625 0.7856050828125001 0.2658199109375 0.8449589796874999 0.305389175 0.8386918234375 0.295988440625 0.779337928125 0.2564191765625 0.7856050828125001
1 0.2776168390625 0.3149554984375 0.2847614953125 0.36006507656250003 0.324330759375 0.3537979203125 0.317186103125 0.3086883421875 0.2776168390625 0.3149554984375
1 0.242405309375 0.12340233281249999 0.26045638125 0.2373723078125 0.3000256453125 0.2311051515625 0.281974575 0.11713517656250001 0.242405309375 0.12340233281249999
1 0.06516264375 0.3668609484375 0.070992271875 0.403667771875 0.10422386875 0.3984044046875 0.09839424062499999 0.36159758124999997 0.06516264375 0.3668609484375
1 0.6407948859375 0.1187102046875 0.6483159625 0.1661964078125 0.6894696437500001 0.1596783046875 0.6819485671875001 0.1121921015625 0.6407948859375 0.1187102046875