1 0.2860625 0.05609375 0.23918750000000003 0.05609375 0.23918750000000003 0.10578125000000001 0.2860625 0.10578125000000001 0.2860625 0.05609375
1 0.19110156250000002 0.2724479171875 0.1430234375 0.2724479171875 0.1430234375 0.30609375 0.19110156250000002 0.30609375 0.19110156250000002 0.2724479171875
1 0.1045703125 0.3685833328125 0.0276484375 0.3685833328125 0.0276484375 0.47275 0.1045703125 0.47275 0.1045703125 0.3685833328125
1 0.3449453125 0.5480625 0.23436718750000002 0.5480625 0.23436718750000002 0.6201875 0.3449453125 0.6201875 0.3449453125 0.5480625
1 0.3557734375 0.4999895828125 0.2656328125 0.4999895828125 0.2656328125 0.5705104171875 0.3557734375 0.5705104171875 0.3557734375 0.4999895828125
1 0.27884375 0.8589791671875 0.234375 0.8589791671875 0.234375 0.9102708328125001 0.27884375 0.9102708328125001 0.27884375 0.8589791671875
1 0.5288515625 0.7548020828124999 0.4831796875 0.7548020828124999 0.4831796875 0.8156979171875 0.5288515625 0.8156979171875 0.5288515625 0.7548020828124999
1 0.84975 0.62659375 0.77884375 0.62659375 0.77884375 0.7083229171875 0.84975 0.7083229171875 0.84975 0.62659375
1 0.8533671875 0.7211458328125 0.7968828125 0.7211458328125 0.7968828125 0.7724375 0.8533671875 0.7724375 0.8533671875 0.7211458328125
1 0.8136953124999999 0.3092916671875 0.7367734375 0.3092916671875 0.7367734375 0.34775 0.8136953124999999 0.34775 0.8136953124999999 0.3092916671875
1 0.6826875 0.3028854171875 0.631 0.3028854171875 0.631 0.33653125 0.6826875 0.33653125 0.6826875 0.3028854171875
1 0.7523984375 0.1506458328125 0.7043203124999999 0.1506458328125 0.7043203124999999 0.20193750000000002 0.7523984375 0.20193750000000002 0.7523984375 0.1506458328125
0 0.6923125 0.10257291718749999 0.56971875 0.10257291718749999 0.56971875 0.1843020828125 0.6923125 0.1843020828125 0.6923125 0.10257291718749999
0 0.5877421875 0.15865625 0.4411015625 0.15865625 0.4411015625 0.2676354171875 0.5877421875 0.2676354171875 0.5877421875 0.15865625
0 0.8725937500000001 0.3429479171875 0.6983125 0.3429479171875 0.6983125 0.48396875 0.8725937500000001 0.48396875 0.8725937500000001 0.3429479171875
0 0.7199453124999999 0.40225 0.5648984375 0.40225 0.5648984375 0.517625 0.7199453124999999 0.517625 0.7199453124999999 0.40225
1 0.9002343749999999 0.3493541671875 0.8533593749999999 0.3493541671875 0.8533593749999999 0.3910208328125 0.9002343749999999 0.3910208328125 0.9002343749999999 0.3493541671875
1 0.563703125 1 0.563703125 0.9679583328125 0.496390625 0.9679583328125 0.496390625 1 0.563703125 1
1 0.27284375 0.1426354171875 0.22596875 0.1426354171875 0.22596875 0.1794895828125 0.27284375 0.1794895828125 0.27284375 0.1426354171875