0 0.28167918125 0.589559184375 0.2915726109375 0.44807654531249996 0.1636765875 0.439133184375 0.15378315781250002 0.580615821875 0.28167918125 0.589559184375
0 0.181506309375 0.6897843703125 0.1899740921875 0.568689446875 0.12122530312499999 0.5638820640625 0.11275752187500002 0.6849769875 0.181506309375 0.6897843703125
0 0.5255293375 0.9620469843749999 0.55219156875 0.5807593 0.3603475328125 0.5673442578125 0.3336853 0.9486319421875 0.5255293375 0.9620469843749999
1 0.6912357328125001 0.45312418125000004 0.7012970140625 0.309241153125 0.6277682312499999 0.3040995203125 0.61770695 0.44798254687499994 0.6912357328125001 0.45312418125000004
1 0.6348522359375 0.4323122453125 0.6414758296875 0.33759042031250003 0.5919093671875 0.334124396875 0.585285771875 0.4288462203125 0.6348522359375 0.4323122453125
1 0.54820273125 0.15517090312499998 0.55759260625 0.0208894296875 0.4408983953125 0.0127293765625 0.43150851875 0.14701085 0.54820273125 0.15517090312499998
1 0.96878839375 0.7339897625 0.9728124703125 0.6764427859375 0.8608982546874999 0.6686169828125 0.8568741781250001 0.7261639578125 0.96878839375 0.7339897625
1 0.8007919765624999 1 0.8069563671875001 0.911845115625 0.7238260296875 0.9060320765625001 0.7172551515625 1 0.8007919765624999 1
1 0.3342607125 0.87156246875 0.3402139921875 0.7864266125 0.316230890625 0.78474955 0.3102776109375 0.8698854078125 0.3342607125 0.87156246875
1 0.343214353125 0.7203734421875 0.345813871875 0.68319859375 0.3122499984375 0.6808515796875 0.30965048125 0.7180264281250001 0.343214353125 0.7203734421875
1 0.1872381609375 0.7684931234375 0.1914300890625 0.7085457578125001 0.138683890625 0.704857384375 0.1344919625 0.7648047499999999 0.1872381609375 0.7684931234375
1 0.131920378125 0.29595201250000003 0.1367837109375 0.22640309374999998 0.0840375125 0.2227147203125 0.07917417812500001 0.2922636390625 0.131920378125 0.29595201250000003
1 0.359924678125 0.2287399390625 0.3648708484375 0.1580064125 0.31530438437499997 0.15454038750000001 0.310358215625 0.22527391406250002 0.359924678125 0.2287399390625