0 0.6201953125 0.1250104171875 0.5324609375 0.1250104171875 0.5324609375 0.1650729171875 0.6201953125 0.1650729171875 0.6201953125 0.1250104171875
0 0.5516796875 0.13621875 0.3990390625 0.13621875 0.3990390625 0.2419895828125 0.5516796875 0.2419895828125 0.5516796875 0.13621875
0 0.7680234375 0.2516041671875 0.5084140625 0.2516041671875 0.5084140625 0.40864583281250005 0.7680234375 0.40864583281250005 0.7680234375 0.2516041671875
0 0.47115625000000005 0.4246666671875 0.359375 0.4246666671875 0.359375 0.517625 0.47115625000000005 0.517625 0.47115625000000005 0.4246666671875
1 0.9999921875 0.5352604171875 0.9567265624999999 0.5352604171875 0.9567265624999999 0.6025729171875 0.9999921875 0.6025729171875 0.9999921875 0.5352604171875
1 0.8798046875000001 0.5096041671875 0.7920703125 0.5096041671875 0.7920703125 0.6025625 0.8798046875000001 0.6025625 0.8798046875000001 0.5096041671875
1 0.8882187500000001 0.8253229171875001 0.8076874999999999 0.8253229171875001 0.8076874999999999 0.9519270828125 0.8882187500000001 0.9519270828125 0.8882187500000001 0.8253229171875001
1 0.7992890625 0.822125 0.7151484375 0.822125 0.7151484375 0.9022500000000001 0.7992890625 0.9022500000000001 0.7992890625 0.822125
1 0.7247578125 0.83653125 0.6526484375 0.83653125 0.6526484375 0.9006354171875 0.7247578125 0.9006354171875 0.7247578125 0.83653125
1 0.240375 0.6650625 0.10696874999999999 0.6650625 0.10696874999999999 0.7387708328125 0.240375 0.7387708328125 0.240375 0.6650625
1 0 0.8413437500000001 0.1045625 0.8413437500000001 0.1045625 0.7531979171875001 0 0.7531979171875001 0 0.8413437500000001
1 0.103359375 0.3669791671875 0.038453125 0.3669791671875 0.038453125 0.4262708328125 0.103359375 0.4262708328125 0.103359375 0.3669791671875
1 0.8016875000000001 0.2788541671875 0.7704375 0.2788541671875 0.7704375 0.3141041671875 0.8016875000000001 0.3141041671875 0.8016875000000001 0.2788541671875
1 0.6586484375 0.10096875000000001 0.6021640625 0.10096875000000001 0.6021640625 0.15865625 0.6586484375 0.15865625 0.6586484375 0.10096875000000001
1 0.75240625 0.4294791671875 0.65625 0.4294791671875 0.65625 0.4887708328125 0.75240625 0.4887708328125 0.75240625 0.4294791671875