0 1 0.1394551140625 0.9186975187499999 0.13519423125000002 0.9151746546874999 0.20241448125 1 0.206859990625 1 0.1394551140625
0 1 0.295105928125 0.927383215625 0.29130024374999997 0.9204214421874999 0.42413877656250004 1 0.42830931093749997 1 0.295105928125
1 0.653530115625 0.4871738171875 0.7255406671875 0.49094773125 0.7309083734375 0.3885257890625 0.658897821875 0.3847518765625 0.653530115625 0.4871738171875
1 0.8096638203125 0.2867372 0.854071628125 0.2890645140625 0.855832515625 0.255464790625 0.8114247078125001 0.25313747656249996 0.8096638203125 0.2867372
1 0.8248821656249999 0.47851524218749997 0.8608952421874999 0.4804026078125 0.8645020625000001 0.41158038750000003 0.828488984375 0.409693021875 0.8248821656249999 0.47851524218749997
1 0.7356611656250001 0.7113315078125 0.7992769890625 0.714665471875 0.8042249171875 0.620253371875 0.7406090953125 0.6169194078125 0.7356611656250001 0.7113315078125
1 0.7296357 0.619557053125 0.8316519484375 0.6249034984375 0.8350908562500001 0.559285215625 0.7330746078125 0.5539387703124999 0.7296357 0.619557053125
1 0.5843901328125 0.8879483078125 0.6395956218750001 0.8908415046875 0.64580179375 0.7724206859375 0.5905963046875 0.7695274890625 0.5843901328125 0.8879483078125
1 0.4781643171875 0.9626266390625 0.5693828843750001 0.9674072015625 0.5750864124999999 0.8585773874999999 0.48386784687500006 0.8537968250000001 0.4781643171875 0.9626266390625
1 0.4800115515625 0.8584138296875 0.54482885 0.8618107593750001 0.5496099562500001 0.770581790625 0.48479265937499993 0.767184859375 0.4800115515625 0.8584138296875
1 0.1481990390625 0.8971950015625 0.31983849062499997 0.9061902453125 0.32436773125 0.8197671796874999 0.1527282796875 0.8107719375 0.1481990390625 0.8971950015625
1 0.21531724843750003 0.8108602125000001 0.3125431953125 0.8159556078125 0.3163179265625 0.743929453125 0.2190919796875 0.73883405625 0.21531724843750003 0.8108602125000001
1 0.30908057968749997 0.7900722499999999 0.3810911328125 0.7938461640625001 0.38620697187499997 0.6962301265625 0.3141964203125 0.6924562140625 0.30908057968749997 0.7900722499999999
1 0.7542729718750001 0.3560478375 0.8166873171875 0.359318834375 0.818532159375 0.32411714375 0.7561178140625 0.320846146875 0.7542729718750001 0.3560478375
0 0.88118944375 0.7590862328125 0.9868101203125 0.764621578125 0.9926815609374999 0.6525878265625 0.8870608843750001 0.64705248125 0.88118944375 0.7590862328125
1 0 0.9744822828125 0.0381330765625 0.9764807531249999 0.042158584375 0.8996694968750001 0 0.8974600593750001 0 0.9744822828125
1 0.8801273359374999 0.20538640312499998 0.9137374609375 0.207147834375 0.9149957046875 0.1831391171875 0.8813855796875 0.1813776859375 0.8801273359374999 0.20538640312499998