0 0.48608443125 0.3419951109375 0.520568534375 0.5042300609375 0.658507725 0.47491018125 0.6240236218749999 0.31267523124999996 0.48608443125 0.3419951109375
1 0.3149175796875 0.18422887968749999 0.3266613421875 0.23947893593749997 0.39250290312499997 0.2254838796875 0.380759140625 0.1702338234375 0.3149175796875 0.18422887968749999
1 0.123584371875 0.6869160875 0.135828421875 0.7445198109375 0.215771609375 0.7275273609374999 0.20352755937499997 0.6699236375 0.123584371875 0.6869160875
1 0.074832084375 0.40359539531250005 0.0843278 0.44826923125 0.13918557812500001 0.43660885 0.12968986093749998 0.391935015625 0.074832084375 0.40359539531250005
1 0 0.552552115625 0.0011819640625000002 0.55811281875 0.056039740625 0.5464524374999999 0.039546496874999996 0.4688578234375 0 0.47726369062499996 0 0.552552115625
1 0 0.4674236625 0.0344071234375 0.4601102015625 0.0211624984375 0.39779914375000003 0 0.40229737187500003 0 0.4674236625
1 0.151811934375 0.17220584375 0.165056559375 0.2345169015625 0.2042435984375 0.2261874390625 0.1909989734375 0.16387638124999998 0.151811934375 0.17220584375
1 0.27003062187500004 0.10406749687500001 0.256535853125 0.0405796046875 0.1844382234375 0.055904428125 0.1979329921875 0.119392321875 0.27003062187500004 0.10406749687500001
1 0.2050689453125 0.7003221328125 0.21331394375 0.7391118 0.28229372812500003 0.72444969375 0.2740487296875 0.685660028125 0.2050689453125 0.7003221328125
1 0.0931273859375 0.2583999703125 0.1063720109375 0.3207110296875 0.16122978906250002 0.3090506484375 0.1479851640625 0.24673958906250001 0.0931273859375 0.2583999703125
1 0.5292953015624999 0.8845228484375 0.547536303125 0.9703400171875 0.608670528125 0.9573455359375 0.5904295265624999 0.87152836875 0.5292953015624999 0.8845228484375
1 0.6298150125 0.7869763765625 0.6463082578125 0.864570990625 0.6807879609375 0.8572421046875001 0.664294715625 0.7796474890625 0.6298150125 0.7869763765625
1 0.6770160671875 0.7855375328124999 0.6925087359375001 0.8584248125 0.731695775 0.8500953499999999 0.7162031046874999 0.7772080703124999 0.6770160671875 0.7855375328124999
1 0.8119979453124999 0.711392028125 0.8217438046875 0.757242696875 0.8530852843750001 0.7505808593750001 0.8433394234374999 0.7047301906250001 0.8119979453124999 0.711392028125
1 0.9072315296875001 0.758719828125 0.916977390625 0.804570496875 0.9467701359375 0.7982378531250001 0.937024275 0.7523871843750001 0.9072315296875001 0.758719828125
1 0.7305007453125001 0.2740687484375 0.7389958875 0.314035246875 0.7687886328125 0.3077026046875 0.760293490625 0.26773610468750003 0.7305007453125001 0.2740687484375
1 0.6994658453125 0.2745074140625 0.7064633734375 0.3074281953125 0.7315487843749999 0.3020961265625 0.72455125625 0.2691753453125 0.6994658453125 0.2745074140625
1 0.6824888296875 0.9269188906249999 0.691734403125 0.9704158921875001 0.7246449953125 0.9634205296875 0.715399421875 0.9199235281249999 0.6824888296875 0.9269188906249999
1 0.8228451640625 0.86267708125 0.8320907359374999 0.90617408125 0.8681395500000001 0.8985116703125 0.8588939765625 0.85501466875 0.8228451640625 0.86267708125
1 0.5457910859374999 0.792536178125 0.556787665625 0.844271015625 0.5959747046875 0.8359415531250001 0.584978125 0.784206715625 0.5457910859374999 0.792536178125
1 0.44523159687499997 0.2191880765625 0.4544771703125 0.26268507812499997 0.484269915625 0.256352434375 0.4750243421875 0.2128554328125 0.44523159687499997 0.2191880765625
1 0.5730196984375 0.273126240625 0.57776918125 0.29547080000000003 0.59971636875 0.29080578125 0.5949668859374999 0.268461221875 0.5730196984375 0.273126240625
1 0.5887197890625 0.2390709421875 0.5969647874999999 0.2778606078125 0.6189119734374999 0.273195590625 0.610666975 0.2344059234375 0.5887197890625 0.2390709421875
1 0.22619223906250002 0.9538614203125 0.2341903421875 0.9914895359375 0.315702640625 0.9741635625 0.3077045390625 0.936535446875 0.22619223906250002 0.9538614203125
1 0.20198363437500003 0.809106428125 0.21022863281249998 0.84789609375 0.2572612296875 0.8378990078124999 0.24901623125 0.7991093421875 0.20198363437500003 0.809106428125
1 0.544180875 0.684757934375 0.550177828125 0.712971378125 0.5830884203125 0.705976015625 0.5770914671875 0.677762571875 0.544180875 0.684757934375
1 0.6790111921875 0.6253807250000001 0.6850081453125 0.6535941703125 0.7100935546875 0.6482621015625 0.704096603125 0.62004865625 0.6790111921875 0.6253807250000001
1 0.380432759375 0.26123560156250003 0.38967833281250003 0.304732603125 0.4210198125 0.298070765625 0.4117742390625 0.254573765625 0.380432759375 0.26123560156250003
1 0.72065775625 0.9446119484375 0.7246551828125 0.9634183640625 0.7591348859375 0.9560894765624999 0.755137459375 0.9372830609375 0.72065775625 0.9446119484375