1 0.742738665625 0.451182190625 0.8300421328124999 0.434212115625 0.8214795796875001 0.39016159687499996 0.7341761124999999 0.40713167187500005 0.742738665625 0.451182190625
1 0.6750064015625 0.4365879796875 0.7186581359375 0.4281029421875 0.7113199390625 0.39035119687500003 0.66766820625 0.398836234375 0.6750064015625 0.4365879796875
1 0.5317934953125001 0.751756915625 0.5648313859375 0.7453350000000001 0.5532119125 0.68555799375 0.5201740218750001 0.691979909375 0.5317934953125001 0.751756915625
1 0.5140124828125 0.8303223265625 0.5612072765625 0.8211485875 0.546836975 0.747219790625 0.4996421796875 0.7563935296875 0.5140124828125 0.8303223265625
1 0.388517184375 1 0.3937428125 0.998984240625 0.3750912328125 0.9030301828124999 0.28542572499999996 0.9204593921875001 0.300886853125 1 0.388517184375 1
1 0.2794421375 1 0.30127944375000004 0.9957552578125 0.2875173453125 0.924955396875 0.2202605453125 0.93802879375 0.2323065265625 1 0.2794421375 1
1 0.12435419375000001 0.8603387031249999 0.18570589375 0.8484131406250001 0.17775551875 0.8075120078125 0.11640381875000001 0.8194375703125001 0.12435419375000001 0.8603387031249999
1 0.106934009375 0.6384292796875 0.1588528859375 0.628337271875 0.147845590625 0.5717096546875 0.095926715625 0.5818016609375001 0.106934009375 0.6384292796875
1 0.147527171875 0.5260566375 0.1982650265625 0.516194196875 0.1945959296875 0.4973183234375 0.14385807343749998 0.5071807640625 0.147527171875 0.5260566375
1 0.24972271406250002 0.8816844421875001 0.3016415890625 0.8715924359375 0.29094038437499997 0.8165395109375 0.23902150937500002 0.8266315171875 0.24972271406250002 0.8816844421875001
1 0.7925352078125 0.74515458125 0.8291161578124999 0.7380439640625001 0.8214718734374999 0.698717525 0.784890921875 0.7058281421875 0.7925352078125 0.74515458125
1 0.8549129078125001 0.442440646875 0.9752542656250001 0.41904865625000004 0.96485915 0.365570425 0.8445177921875 0.388962415625 0.8549129078125001 0.442440646875
1 0.6399345859375 0.18057634218750002 0.6883104 0.17117303749999999 0.6809722046875 0.1334212921875 0.6325963890625 0.1428245984375 0.6399345859375 0.18057634218750002
1 0.703695690625 0.086547153125 0.73673358125 0.08012523906249999 0.731840125 0.054950590625 0.6988022359375 0.06137250625 0.703695690625 0.086547153125
1 0.23079745 0.255201971875 0.2685594203125 0.24786178749999999 0.26244558281249997 0.21640881875 0.22468361250000002 0.22374900156250002 0.23079745 0.255201971875
1 0.21081877656249998 0.4043905125 0.23913258593750003 0.39888686562500003 0.2342391296875 0.3737122203125 0.2059253203125 0.3792158671875 0.21081877656249998 0.4043905125
1 0.177354440625 0.3896614453125 0.2174631140625 0.38186510937499996 0.21348792656249999 0.3614145421875 0.173379253125 0.3692108796875 0.177354440625 0.3896614453125
1 0.8641843609375 0.3263617921875 0.91728425625 0.31604021875 0.9120847109374999 0.289290878125 0.858984815625 0.2996124515625 0.8641843609375 0.3263617921875
1 0.6930591374999999 0.30901829062499997 0.7567728765624999 0.2966335953125 0.7518794203125 0.27145894843749996 0.68816568125 0.28384364375 0.6930591374999999 0.30901829062499997
1 0.670373025 0.3623900953125 0.7541487703125 0.346105740625 0.7477288421875 0.3130780765625 0.663953096875 0.32936243125 0.670373025 0.3623900953125
1 0.74520869375 0.7347754625 0.780608625 0.7278944125 0.764095696875 0.642942759375 0.728695765625 0.6498238093750001 0.74520869375 0.7347754625
1 0.48499120937500007 0.1959971734375 0.5427998484375001 0.1847603125 0.5372942140625 0.156436278125 0.479485575 0.1676731390625 0.48499120937500007 0.1959971734375
0 0.2618567046875 0.4842653765625 0.42232207343750006 0.45307406875 0.3969405015625 0.322497203125 0.23647513281250002 0.3536885109375 0.2618567046875 0.4842653765625
1 0.0839754359375 0.7849392828124999 0.13707533125 0.774617709375 0.13065540312499999 0.74159004375 0.07755550781250001 0.7519116171875 0.0839754359375 0.7849392828124999
1 0.024788737499999998 0.6756305796875 0.0955732609375 0.6618714625 0.08303551875000001 0.597370375 0.012250996875 0.6111294921875 0.024788737499999998 0.6756305796875
1 0.6165665140625001 0.7532548140624999 0.663761309375 0.7440810765625 0.6555048453125 0.70160525 0.6083100499999999 0.7107789890625 0.6165665140625001 0.7532548140624999
1 0.7840019703125 0.8839473968749999 0.8642346546875 0.8683517437500001 0.8556721015625 0.8243012234375 0.7754394171875 0.8398968765625 0.7840019703125 0.8839473968749999
1 0.22984711249999998 0.6912807171875001 0.3041746953125 0.6768328984374999 0.2953060515625 0.631207684375 0.22097846875 0.645655503125 0.22984711249999998 0.6912807171875001
1 0.7623008453125 0.5518618203125001 0.7835438703125 0.5477325937499999 0.777732146875 0.5178338671875 0.7564891203124999 0.5219630921875 0.7623008453125 0.5518618203125001
1 0.7677095031250001 0.1638997609375 0.805471475 0.1565595765625 0.7999658390625 0.1282355421875 0.76220386875 0.13557572499999998 0.7677095031250001 0.1638997609375