0 0.81655510625 0.44944422656249994 0.7961466749999999 0.3042306984375 0.72948925625 0.31359878750000003 0.7498976859375001 0.458812315625 0.81655510625 0.44944422656249994
0 0.7695897296875 0.29946628125 0.7488485875 0.1518853921875 0.61553375 0.170621571875 0.636274890625 0.318202459375 0.7695897296875 0.29946628125
0 0.655035803125 0.5668077296875 0.61589336875 0.2882948359375 0.43339521562499994 0.313943278125 0.47253765000000003 0.592456171875 0.655035803125 0.5668077296875
0 0.4038586265625 0.49530333593750003 0.37809855468750003 0.31201090468750003 0.24637227031250003 0.3305238265625 0.27213234218750004 0.5138162578125 0.4038586265625 0.49530333593750003
1 0.19391783437500001 0.32576210781250003 0.1721720375 0.17103272187500002 0.0309350546875 0.1908822859375 0.0526808515625 0.345611671875 0.19391783437500001 0.32576210781250003
1 0.362809390625 0.7790195796875 0.3539436296875 0.715936409375 0.277775509375 0.726641140625 0.2866412703125 0.7897243109375001 0.362809390625 0.7790195796875
1 0.5089939984375 0.8288785890625 0.4994584671875 0.761029753125 0.3804406234375 0.7777566203124999 0.38997615625000004 0.84560545625 0.5089939984375 0.8288785890625
1 0.6123112500000001 0.7463921671875 0.6026082749999999 0.6773519140625 0.5597585515625 0.6833740500000001 0.5694615265625 0.752414303125 0.6123112500000001 0.7463921671875
1 0.688964065625 0.6008941171875 0.6837776921875001 0.563991159375 0.6425165234375 0.5697900375 0.647702896875 0.606692996875 0.688964065625 0.6008941171875
1 0.7460766750000001 0.5467388546875 0.73737835625 0.4848471015625 0.6913515234375 0.49131574999999994 0.7000498421875 0.5532075046875 0.7460766750000001 0.5467388546875
1 0.7174288953125 0.51557096875 0.70822825 0.450104965625 0.68124344375 0.45389743281249995 0.690444090625 0.5193634359375 0.7174288953125 0.51557096875
1 0.8566421484375001 0.3661325296875 0.8499509671875 0.3185222984375 0.8007470218750001 0.32543746093750003 0.8074382046874999 0.37304769375 0.8566421484375001 0.3661325296875
1 0.1807525296875 0.39315649218750004 0.17355902031249998 0.3419720109375 0.129120740625 0.348217403125 0.13631425156250002 0.399401884375 0.1807525296875 0.39315649218750004
1 0.186682003125 0.9421348249999999 0.177816240625 0.8790516546875 0.0619755078125 0.8953320078125 0.07084126874999999 0.9584151796875 0.186682003125 0.9421348249999999