0 0.12406399531250001 0.34655334843749996 0.154337034375 0.5022946375 0.3037897734375 0.47324396718750006 0.273516734375 0.3175026796875 0.12406399531250001 0.34655334843749996
0 0.0701578625 0.2456174609375 0.09515682187499999 0.37422595937500003 0.16123260156250002 0.361382128125 0.1362336421875 0.23277362968749998 0.0701578625 0.2456174609375
0 0.45185547656249997 0 0.393572646875 0.011329034375 0.4437971515625 0.2697117140625 0.5554981453125001 0.247999240625 0.5072919765624999 0 0.45185547656249997 0
0 0.6130860874999999 0.367821796875 0.6424408578125 0.518839003125 0.7352455265625 0.500799603125 0.70589075625 0.349782396875 0.6130860874999999 0.367821796875
1 0.4518634625 0.739539015625 0.47617372031249994 0.8646044546875 0.60832528125 0.83891679375 0.584015021875 0.7138513546875 0.4518634625 0.739539015625
1 0.5630366640625 0.39591119531249996 0.580695440625 0.4867577234375 0.657773625 0.4717752421875 0.6401148484375 0.3809287140625 0.5630366640625 0.39591119531249996
1 0.26753235000000003 0.1607170859375 0.275558253125 0.20200677968749997 0.3337605640625 0.190693396875 0.3257346609375 0.149403703125 0.26753235000000003 0.1607170859375
1 0.33757704843749997 0.067514534375 0.3290920109375 0.0238628 0.264590925 0.036400540625 0.2730759625 0.08005227499999999 0.33757704843749997 0.067514534375
1 0.50892616875 0 0.5224439890625 0.06954315625 0.5806462984375 0.058229771875 0.569327578125 0 0.50892616875 0
1 0.093083184375 0.1787091203125 0.102486490625 0.22708493437500002 0.16541288437499999 0.2148532828125 0.156009578125 0.16647746875 0.093083184375 0.1787091203125
1 0.0872376046875 0.6610378078125 0.099392734375 0.723570528125 0.1387191734375 0.7159262421875 0.12656404375000002 0.6533935234375 0.0872376046875 0.6610378078125
1 0.1638068 0.62656784375 0.1791728875 0.7056195093750001 0.2342258125 0.6949183046875 0.218859725 0.6158666390625 0.1638068 0.62656784375
1 0.21374830625 0.6315520046875001 0.22727785625000002 0.70115550625 0.2729030703125 0.6922868640625001 0.2593735203125 0.6226833609375 0.21374830625 0.6315520046875001
1 0.6820875703125 0.8405042640625 0.690343040625 0.8829749765624999 0.7343935609375001 0.8744124234375 0.726138090625 0.8319417093749999 0.6820875703125 0.8405042640625
1 0.4842863828125 0.6291763203125 0.49047873124999997 0.6610331890625 0.532954559375 0.6527767250000001 0.5267622109375 0.6209198546875 0.4842863828125 0.6291763203125
1 0.30409629374999997 0.25645240937499997 0.31441786718750003 0.3095523046875 0.3647671609375 0.29976539375 0.35444558593750003 0.2466654984375 0.30409629374999997 0.25645240937499997