1 1 0.51368166875 0.8921634734375001 0.5425763796874999 0.93529998125 0.7035640171875001 1 0.6862276984375 1 0.51368166875
1 0.6778110921875 0.6016726828125 0.8391810765625 0.5584337265625 0.8138815140625001 0.4640144765625 0.6525115312499999 0.5072534328125 0.6778110921875 0.6016726828125
1 0.5201612046874999 0.5659456046875 0.6455504515625 0.5323476578124999 0.6094667625 0.3976814984375 0.484077515625 0.4312794453125 0.5201612046874999 0.5659456046875
1 0.1852416015625 0.8763410609375001 0.27579714843750003 0.8520767765624999 0.2500823984375 0.756108021875 0.1595268515625 0.7803723078125 0.1852416015625 0.8763410609375001
1 0.22231618125 0.9311225046875 0.29196848750000004 0.9124592249999999 0.2733011640625 0.8427918249999999 0.20364885625 0.8614551031250001 0.22231618125 0.9311225046875
1 0.24984486718749999 0.9967331859374999 0.352006615625 0.969359028125 0.3250462984375 0.868741753125 0.22288455 0.8961159109375 0.24984486718749999 0.9967331859374999
1 0.221943346875 0.5628905515625 0.32991574218749997 0.533959434375 0.29963930625 0.4209662359375 0.1916669109375 0.4498973515625 0.221943346875 0.5628905515625
1 0.33615063749999996 0.6268655937500001 0.4023316484375 0.60913244375 0.3732953875 0.500767640625 0.3071143765625 0.5185007890625 0.33615063749999996 0.6268655937500001
1 0.0477362578125 0.7439502046875 0.0895276421875 0.7327522359375 0.062567325 0.6321349640625 0.020775940625 0.64333293125 0.0477362578125 0.7439502046875
0 0.43755147968749997 0.4387530078125 0.6441992375 0.383381909375 0.593594721875 0.1945232875 0.38694696562500003 0.24989438593750002 0.43755147968749997 0.4387530078125
0 0.5230445046875001 0.3212792125 0.6844144875 0.27804025625 0.637546671875 0.1031271890625 0.4761766890625 0.1463661453125 0.5230445046875001 0.3212792125
0 0.3756593625 0.20315014374999998 0.5300716609375 0.16177549375 0.5101641625 0.08747970000000001 0.35575186406250003 0.12885435 0.3756593625 0.20315014374999998