1 0.2167927171875 0.8719888875 0.180735709375 0.8726182640625 0.1813229109375 0.9062589750000001 0.21737991874999998 0.905629596875 0.2167927171875 0.8719888875
1 0.165804825 0.7750931578125 0.1249516734375 0.7758062531250001 0.125762846875 0.822278340625 0.1666159984375 0.8215652468749999 0.165804825 0.7750931578125
1 0.3078275109375 0.78544943125 0.26577141718749997 0.786183521875 0.266778203125 0.8438622359375 0.308834296875 0.8431281437499999 0.3078275109375 0.78544943125
1 0.2530020796875 0.8120457343749999 0.2217568390625 0.8125911218749999 0.2222884109375 0.843044815625 0.2535336515625 0.8424994281249999 0.2530020796875 0.8120457343749999
1 0.17347023749999999 0.7316819328124999 0.11458858281249999 0.7327097171875 0.11509215625 0.7615594875 0.1739738125 0.7605317046875 0.17347023749999999 0.7316819328124999
1 0.19468035156250002 0.7072767984375 0.152624259375 0.708010890625 0.15298784999999998 0.72884105 0.19504394375 0.728106959375 0.19468035156250002 0.7072767984375
1 0.1315390484375 0.6715295718750001 0.075063275 0.6725153609375 0.0757624625 0.7125717593750001 0.13223823437499999 0.7115859703125 0.1315390484375 0.6715295718750001
1 0.2802274453125 0.6496916921875 0.2033172859375 0.6510341640624999 0.20429607500000002 0.70710895625 0.28120623437500003 0.705766484375 0.2802274453125 0.6496916921875
1 0.291590234375 0.6126335734375 0.2290997546875 0.6137243484375 0.2297709453125 0.652176825 0.292261425 0.6510860484375 0.291590234375 0.6126335734375
1 0.341795128125 0.5267963875 0.2516682328125 0.5283695578125001 0.2527310109375 0.589256115625 0.3428579078125 0.5876829453125 0.341795128125 0.5267963875
1 0.24170147343749998 0.50932185 0.15277751875 0.5108740234375 0.153700315625 0.5637409703125 0.24262427031249997 0.562188796875 0.24170147343749998 0.50932185
1 0.1308684 0.4952331765625 0.0022786125 0.49747771875 0.0032014078125 0.5503446656250001 0.1317911953125 0.5481001234375 0.1308684 0.4952331765625
1 0.1100575046875 0.6109994234375 0.0415523140625 0.6121951859375 0.042139515625 0.6458358953125 0.11064470468750001 0.6446401328125 0.1100575046875 0.6109994234375
1 0.24938725156250002 0.3985875171875 0.21693906875 0.39915390156249997 0.21786186562499998 0.4520208484375 0.250310046875 0.4514544640625 0.24938725156250002 0.3985875171875
1 0.301842965625 0.23578265781250002 0.2285416328125 0.2370621375 0.23013598281249997 0.328402390625 0.303437315625 0.32712291250000003 0.301842965625 0.23578265781250002
1 0.4113491015625 0.241893278125 0.3500615625 0.24296305624999998 0.3509287296875 0.2926429875 0.41221626875000006 0.291573209375 0.4113491015625 0.241893278125
1 0.543680065625 0.178678321875 0.43432172500000005 0.180587178125 0.436531271875 0.3071720640625 0.5458896140625 0.30526320625 0.543680065625 0.178678321875
1 0.27026267187499997 0.0792578875 0.1741210671875 0.080936046875 0.17501623125000002 0.13221990156250002 0.2711578359375 0.13054174375 0.27026267187499997 0.0792578875
1 0.3472369984375 0.012206371875 0.2631091890625 0.013674828125 0.26405998125 0.068145696875 0.348187790625 0.066677240625 0.3472369984375 0.012206371875
1 0.767061628125 0.028934053124999998 0.6721229640625 0.0305912140625 0.6741365359375 0.1459486421875 0.7690752 0.14429148125 0.767061628125 0.028934053124999998
1 0.8384602890625 0.056525509375000005 0.7507392765625001 0.0580566859375 0.7519980312500001 0.1301707015625 0.8397190437500001 0.128639525 0.8384602890625 0.056525509375000005
1 0.9083984984375 0 0.9099509343750001 0.0889390125 0.9928758015625 0.0874915546875 0.99134863125 0 0.9083984984375 0
1 0.76654876875 0 0.7674172265625 0.049753934374999996 0.8611529484375 0.0481177703125 0.86031305 0 0.76654876875 0
1 0.9218120125 0.2169598390625 0.85932153125 0.218050615625 0.8602723234375 0.272521484375 0.9227628046874999 0.271430709375 0.9218120125 0.2169598390625
1 0.8045366515625 0.17892786875 0.7336412 0.18016535312499998 0.7349835812500001 0.2570703046875 0.8058790312499999 0.2558328203125 0.8045366515625 0.17892786875
1 0.7874025859375 0.3683599171875 0.7165071359375 0.3695974015625 0.7174022984375 0.42088125625000006 0.78829775 0.419643771875 0.7874025859375 0.3683599171875
1 0.9099013062499999 0.430335625 0.8462078843749999 0.43144739843749996 0.8474106453125 0.50035356875 0.9111040687499999 0.499241796875 0.9099013062499999 0.430335625
1 0.8398166671875 0.5469619515625 0.78933998125 0.5478430249999999 0.7899271828125001 0.5814837328125 0.84040386875 0.580602659375 0.8398166671875 0.5469619515625
1 0.81941045625 0.4799953890625 0.7665278875 0.48091845781250003 0.7672270734375 0.52097485625 0.8201096437500001 0.5200517875 0.81941045625 0.4799953890625
1 0.7611232718750001 0.6525076656250001 0.7274721468750001 0.6530950484375 0.727947725 0.680340896875 0.7615988484375 0.6797535156250001 0.7611232718750001 0.6525076656250001
1 0.7890116546875 0.6664605703125 0.7469555625 0.6671946625 0.7474871328125 0.69764835625 0.7895432265625 0.696914265625 0.7890116546875 0.6664605703125
0 0.721038396875 0.5602556921875 0.5515954578125 0.5632133296874999 0.5540286140624999 0.7026087624999999 0.723471553125 0.699651125 0.721038396875 0.5602556921875