0 0.648329990625 0.42121497343750003 0.6565704515624999 0.5784523140625 0.7781952078125001 0.57207823125 0.769954746875 0.414840890625 0.648329990625 0.42121497343750003
0 0.7544297921875 0.3025150890625 0.7612866203124999 0.4333511625 0.8269049031250001 0.4299122546875 0.8200480750000001 0.29907618125 0.7544297921875 0.3025150890625
0 0.15022715 0.7157185187499999 0.15821574375 0.8681499546874999 0.24463880625 0.8636207140625001 0.23665021406250003 0.711189278125 0.15022715 0.7157185187499999
0 0.32215353593749996 0.10733212656249999 0.3320924609375 0.2969781171875 0.524141403125 0.2869132578125 0.514202478125 0.09726726875 0.32215353593749996 0.10733212656249999
0 0.30310974218750003 0.294882709375 0.3131746 0.4869316515625 0.4299934515625 0.48080943437499996 0.41992859375 0.2887604921875 0.30310974218750003 0.294882709375
1 0.53696905625 0.3175182296875 0.5398001046875 0.3715378453125 0.5862155734375001 0.36910531406249997 0.5833845265625001 0.315085696875 0.53696905625 0.3175182296875
1 0.51798679375 0.169277275 0.5218236734375 0.242489303125 0.5746262093750001 0.23972203906249998 0.5707893296875 0.1665100109375 0.51798679375 0.169277275
1 0.723893984375 0.2403326796875 0.7262212984375 0.2847404859375 0.775840703125 0.28214004375 0.7735133890625 0.23773223593749998 0.723893984375 0.2403326796875
1 0.864723365625 0.7228109578125 0.8667988125000001 0.7624128609375 0.9116123140625 0.7600642843750001 0.909536865625 0.7204623828125001 0.864723365625 0.7228109578125
1 0.5247091312500001 0.6347117546875001 0.5269734796875001 0.6779180859375 0.574990915625 0.6754015984375 0.5727265671875 0.6321952671875 0.5247091312500001 0.6347117546875001
1 0 0.1976285890625 0.0651400578125 0.19421474218749998 0.060673512500000006 0.10898795312500001 0 0.1121677171875 0 0.1976285890625
1 0.46550650156250006 0.7605686 0.4673938671875 0.796581678125 0.5122073671875 0.7942331015625 0.5103200015625 0.758220025 0.46550650156250006 0.7605686