0 0.5180234375 0.4791666671875 0.2644140625 0.4791666671875 0.2644140625 0.6730833328125 0.5180234375 0.6730833328125 0.5180234375 0.4791666671875
1 0.7067265625 0.6314062500000001 0.6273984375 0.6314062500000001 0.6273984375 0.7019270828125 0.7067265625 0.7019270828125 0.7067265625 0.6314062500000001
1 0.798078125 0.8157083328124999 0.711546875 0.8157083328124999 0.711546875 0.9375 0.798078125 0.9375 0.798078125 0.8157083328124999
1 0.8858124999999999 0.7644166671875 0.84375 0.7644166671875 0.84375 0.830125 0.8858124999999999 0.830125 0.8858124999999999 0.7644166671875
1 0.9435156250000001 0.8413437500000001 0.889421875 0.8413437500000001 0.889421875 0.9086562499999999 0.9435156250000001 0.9086562499999999 0.9435156250000001 0.8413437500000001
1 0.9855703124999999 0.8990416671875 0.9242734374999999 0.8990416671875 0.9242734374999999 0.9647500000000001 0.9855703124999999 0.9647500000000001 0.9855703124999999 0.8990416671875
1 0.9651406250000001 0.9439062500000001 0.926671875 0.9439062500000001 0.926671875 0.9871770828124999 0.9651406250000001 0.9871770828124999 0.9651406250000001 0.9439062500000001
1 0.6574453124999999 0.7932708328125 0.5829296875 0.7932708328125 0.5829296875 0.8445625 0.6574453124999999 0.8445625 0.6574453124999999 0.7932708328125
1 0.579328125 0.45832291718749996 0.545671875 0.45832291718749996 0.545671875 0.5048020828124999 0.579328125 0.5048020828124999 0.579328125 0.45832291718749996
1 0.6153906250000001 0.41346875 0.561296875 0.41346875 0.561296875 0.47115625000000005 0.6153906250000001 0.47115625000000005 0.6153906250000001 0.41346875
1 0.5312421875 0.21795833281250002 0.4879765625 0.21795833281250002 0.4879765625 0.259625 0.5312421875 0.259625 0.5312421875 0.21795833281250002
1 0.5528828125 0.2804375 0.4915859375 0.2804375 0.4915859375 0.3108958328125 0.5528828125 0.3108958328125 0.5528828125 0.2804375
1 0.6622656250000001 0.4150625 0.633421875 0.4150625 0.633421875 0.4423125 0.6622656250000001 0.4423125 0.6622656250000001 0.4150625