0 0.1555777546875 0.6240127921874999 0.1820727703125 0.50925026875 0.11648548593750001 0.49410825 0.0899904703125 0.608870775 0.1555777546875 0.6240127921874999
0 0.25434780468749996 0.566643665625 0.2838199078125 0.4389859625 0.16983890937499999 0.41267137500000006 0.14036680625 0.540329078125 0.25434780468749996 0.566643665625
0 0.4354358625 0.900795465625 0.50167691875 0.61387393125 0.32210863437500004 0.5724173265625 0.25586757968749996 0.8593388609374999 0.4354358625 0.900795465625
0 0.6383917 0.5701961046874999 0.67164930625 0.42614158125 0.548289996875 0.397661840625 0.5150323890624999 0.5417163640625 0.6383917 0.5701961046874999
1 0.579582040625 0.17668585625 0.6039154171875001 0.07128641875 0.47899305625000005 0.042445818749999996 0.45465967812499997 0.14784525625 0.579582040625 0.17668585625
1 0.1315581984375 0.692489625 0.1445350625 0.6362806515625 0.078947778125 0.621138634375 0.0659709140625 0.6773476078125 0.1315581984375 0.692489625
1 0.25450596718749996 0.8651903515624999 0.270727046875 0.794929134375 0.222313034375 0.7837518796875 0.20609195468750002 0.8540130953125 0.25450596718749996 0.8651903515624999
1 0.2790755671875 0.7302429921875 0.28989079218749997 0.6833971062499999 0.25710730000000004 0.6758284406249999 0.246292075 0.7226743265625 0.2790755671875 0.7302429921875
1 0.31078026406250003 0.93493370625 0.3205129125 0.8927769765625 0.25805173125 0.8783566765625 0.2483190828125 0.9205134062500001 0.31078026406250003 0.93493370625
1 0.54118018125 0.9128687624999999 0.5614574109375 0.8250384359374999 0.46933884062500003 0.8037711875 0.44906161093749997 0.8916015140625 0.54118018125 0.9128687624999999
1 0.8925909937500001 0.9865977265625 0.9085414281249999 0.9175087984375001 0.8320330796875 0.8998454546874999 0.8160826437500001 0.9689343812500001 0.8925909937500001 0.9865977265625
1 0.9361802015625 0.726526621875 0.954566434375 0.6468870921875001 0.907715475 0.636070696875 0.889329240625 0.715710225 0.9361802015625 0.726526621875