0 0.674568634375 0.2073630453125 0.2693475796875 0.164772596875 0.22663245937499998 0.571179825 0.6318535125 0.6137702734375 0.674568634375 0.2073630453125
1 0.26537837343750004 0.6509795265625 0.2020242203125 0.6443207359375 0.1968304625 0.69373604375 0.26018461406250004 0.7003948328125 0.26537837343750004 0.6509795265625
1 1 0.1593774328125 0.9269570843749999 0.1517003125 0.9132203015625 0.2823970640625 1 0.291517978125 1 0.1593774328125
1 0.4884980984375 0 0.4812032828125 0.069405534375 0.6389903968749999 0.085989628125 0.6465295125 0.0142597359375 0.5108571859375 0 0.4884980984375 0
1 0.1281944484375 0.012946774999999999 0.051693959375 0.00490625 0.0367855875 0.14674993593750002 0.11328607500000001 0.15479046093749999 0.1281944484375 0.012946774999999999
1 0.413920509375 0.8245091046875 0.3720884328125 0.8201123765625 0.36890466875 0.85040385625 0.41073674687499995 0.854800584375 0.413920509375 0.8245091046875
1 0.1898248828125 0.8748919859375001 0.143532996875 0.8700265125 0.14131394375 0.8911393828125 0.18760583125000002 0.89600485625 0.1898248828125 0.8748919859375001
1 0.7913318546875 0.2499786609375 0.739352546875 0.244515415625 0.7307028171875001 0.32681210156249996 0.782682125 0.3322753484375 0.7913318546875 0.2499786609375
1 0.793280959375 0.44616336875 0.7437413375 0.44095654375000004 0.7390179578125 0.4858965015625 0.7885575796875 0.4911033265625 0.793280959375 0.44616336875
1 0.35053543593750003 0.0973480125 0.279644671875 0.0898970921875 0.2733620765625 0.149672003125 0.34425283906250004 0.15712292187500002 0.35053543593750003 0.0973480125
1 0.4384903890625 0.07286602812500001 0.35925496562500003 0.0645380484375 0.3539958765625 0.11457493125 0.4332313015625 0.12290291093750001 0.4384903890625 0.07286602812500001
1 0.685135203125 0.6146151890625 0.659075621875 0.6118762171875 0.654691959375 0.6535839796875 0.680751540625 0.6563229515625 0.685135203125 0.6146151890625
1 0.586669159375 0.66892226875 0.55747061875 0.665853378125 0.5548399859375001 0.6908821796875 0.5840385265625 0.6939510703125 0.586669159375 0.66892226875
0 0.574945625 0.6901778484375 0.3758081546875 0.6692476562499999 0.3679184328125 0.744313340625 0.567055903125 0.7652435328125 0.574945625 0.6901778484375