0 0.5551787546875 0.6800568453125 0.415947953125 0.6873536234375 0.422573903125 0.8137842828125 0.5618047046875 0.8064875046875001 0.5551787546875 0.6800568453125
0 0.6679552140625 0.7880734484375 0.552722728125 0.7941125265625 0.5562455921875 0.8613327765625 0.671478078125 0.8552936984375 0.6679552140625 0.7880734484375
0 0.8436962890625 0.4210082375 0.66125915625 0.4305693625 0.6688914828125 0.5762028359375 0.8513286156250001 0.5666417109374999 0.8436962890625 0.4210082375
0 0.6692690984375 0.3996494453125 0.5072258515625 0.408141771875 0.512845425 0.51536961875 0.6748886703125 0.5068772921875 0.6692690984375 0.3996494453125
0 0.3057938890625 0.30798414375 0.1497580234375 0.3161616375 0.153029021875 0.3785759828125 0.3090648859375 0.370398490625 0.3057938890625 0.30798414375
1 0.8037917984374999 0.164735046875 0.7209679625 0.169075659375 0.725413246875 0.25389675624999997 0.8082370843750001 0.24955614218750002 0.8037917984374999 0.164735046875
1 0.27126264375 0.3611350453125 0.18004407656250002 0.3659156078125 0.18381880781249998 0.4379417640625 0.2750373734375 0.4331612015625 0.27126264375 0.3611350453125
1 0 0.5130929656250001 0.0037883187499999998 0.5853783875 0.0541957046875 0.5827366484375001 0.0474857984375 0.4547040203125 0 0.45719264531250003 0 0.5130929656250001
1 0.7593121125 0.7399554203125 0.68249565625 0.7439812 0.685682696875 0.8047935781250001 0.762499153125 0.800767796875 0.7593121125 0.7399554203125
1 0.7839127218749999 0.589419953125 0.7058947890625 0.5935087 0.7083273203125 0.63992416875 0.786345253125 0.635835421875 0.7839127218749999 0.589419953125
1 0.9747002734375 0.41735534531249996 0.9386871953125 0.4192427109375 0.9419581921875 0.48165705625 0.9779712703125 0.4797696921875 0.9747002734375 0.41735534531249996
1 0.9813584578125001 0.13135451250000002 0.935749175 0.13374479374999998 0.9398586375000001 0.2121580171875 0.985467921875 0.2097677359375 0.9813584578125001 0.13135451250000002
1 0.44865400781250003 0.048547709375 0.407850628125 0.050686123437499994 0.4131343796875 0.151506096875 0.4539377578125 0.14936768281249999 0.44865400781250003 0.048547709375
1 0.2660283484375 0.881351090625 0.2216205421875 0.8836784062499999 0.2241370296875 0.93169584375 0.2685448359375 0.9293685296875 0.2660283484375 0.881351090625
1 0.1457602875 0.6533746687499999 0.11935901874999999 0.6547583 0.1204493515625 0.6755630828125 0.14685061875 0.67417945 0.1457602875 0.6533746687499999