0 0.702733634375 0.558763709375 0.5359000875000001 0.550020334375 0.528938315625 0.682858865625 0.6957718625 0.6916022421875 0.702733634375 0.558763709375
1 0.8920480390625001 0.437098671875 0.8368425500000001 0.434205475 0.83323573125 0.5030276921875 0.8884412203125001 0.505920890625 0.8920480390625001 0.437098671875
1 0.9102441765625 0.227826684375 0.8406209734375001 0.2241778875 0.8376857984375 0.280184359375 0.9073090015625 0.28383315625 0.9102441765625 0.227826684375
1 0.5186384484375 0.16719644843749998 0.47062621250000003 0.1646802328125 0.4666846609375 0.2398895203125 0.5146968968750001 0.242405734375 0.5186384484375 0.16719644843749998
1 0.7648791546875 0.0388765828125 0.670056159375 0.0339071203125 0.664772409375 0.1347270953125 0.7595954046875 0.1396965578125 0.7648791546875 0.0388765828125
1 0.827992334375 0.051801551562500006 0.7595706078125 0.048215721875 0.7552092781249999 0.1314348484375 0.8236310046875 0.1350206796875 0.827992334375 0.051801551562500006
1 0.9918702296875 0.0941028984375 0.9954770484375001 0.025280678125 0.9042584828125 0.020500115625000002 0.9006516625 0.0893223359375 0.9918702296875 0.0941028984375
1 0.7889571890625 0.1765441484375 0.74334790625 0.1741538671875 0.7398250421875 0.2413741171875 0.785434325 0.24376439843750003 0.7889571890625 0.1765441484375
1 0.48631971093750004 0.232897140625 0.452709584375 0.231135709375 0.4494385875 0.2935500546875 0.48304871250000003 0.29531148749999997 0.48631971093750004 0.232897140625
1 0.40355264062499996 0.2044848421875 0.354338928125 0.2019056609375 0.3516545296875 0.253127034375 0.4008682421875 0.255706215625 0.40355264062499996 0.2044848421875
1 0.26743519375 0 0.2666819078125 0.014373540625 0.3434983640625 0.018399320312500002 0.34446263125 0 0.26743519375 0
1 0.8023371921875 0.47251460468750006 0.750720528125 0.469809490625 0.748707775 0.5082151171875 0.8003244390625 0.5109202328125 0.8023371921875 0.47251460468750006
1 0.737890796875 0.6456498500000001 0.7066836234375 0.6440143515625001 0.7050895578125 0.6744309421875 0.7362967312500001 0.676066440625 0.737890796875 0.6456498500000001
1 0.213100875 0.46249596249999997 0.1350829421875 0.45840721562500003 0.13214776718750001 0.5144136875 0.21016569999999998 0.518502434375 0.213100875 0.46249596249999997
1 0 0.5042962421875 0.0987122640625 0.5094695328125 0.10248699531250001 0.43744337812499995 0.002865896875 0.43222245781249996 0 0.48690704374999993 0 0.5042962421875
1 0.292179559375 0.49232132812499996 0.2369740703125 0.48942813125000006 0.234289671875 0.5406495046875001 0.2894951609375 0.5435427015625 0.292179559375 0.49232132812499996
1 0.079886646875 0.5469940375 0.0246811578125 0.5441008390625 0.022164670312500002 0.5921182765624999 0.077370159375 0.5950114734375 0.079886646875 0.5469940375
1 0.24089448125000001 0.621220175 0.17367423125 0.6176973109375 0.17233203125000002 0.643308 0.23955228125 0.6468308640625 0.24089448125000001 0.621220175
1 0.2709370140625 0.5762621171875 0.19412055781249998 0.5722363374999999 0.192107803125 0.610641965625 0.268924259375 0.6146677453125 0.2709370140625 0.5762621171875
1 0.23462423124999998 0.1667483453125 0.1902164234375 0.16442103125000002 0.18828762500000001 0.201224690625 0.2326954328125 0.20355200468749998 0.23462423124999998 0.1667483453125