1 0.261964446875 0.33031853906249997 0.3352322875 0.32775996875 0.3338341265625 0.2877218734375 0.26056628593750003 0.29028044375 0.261964446875 0.33031853906249997
1 0.08460973125 0.5898641546875 0.0029329546875000003 0.5927163703125 0.005002204687499999 0.6519719187499999 0.08667898125 0.649119703125 0.08460973125 0.5898641546875
1 0.00654013125 0.5925904046875 0.1182532875 0.5886892953125 0.1153449953125 0.5054067265625 0.0036318390625000004 0.5093078359375001 0.00654013125 0.5925904046875
1 0.2420582421875 1 0.23953036874999997 0.927611165625 0.1386231265625 0.9311349234374999 0.141027946875 1 0.2420582421875 1
1 0.6189360984375 0.9095570140625 0.621956359375 0.9960459625 0.6940218078125 0.9935293812499999 0.691001546875 0.9070404328125001 0.6189360984375 0.9095570140625
1 0.4807655515625 0.8101518765625 0.5564381765624999 0.8075093296875 0.554480896875 0.751460159375 0.478808271875 0.7541027062500001 0.4807655515625 0.8101518765625
1 0.5548160859375 0.830006728125 0.61246844375 0.8279934624999999 0.6104551796875 0.7703411046875 0.5528028218750001 0.7723543687500001 0.5548160859375 0.830006728125
1 0.6581966140625 0.518542396875 0.7675049859375 0.5147252640625 0.76504384375 0.444247390625 0.6557354734375 0.44806452343750003 0.6581966140625 0.518542396875
1 0.620997521875 0.8309163328125001 0.6786498796875 0.8289030671875001 0.6763566921875 0.7632347625 0.618704334375 0.765248028125 0.620997521875 0.8309163328125001
1 0.6053460359375 0.65828448125 0.6557996562499999 0.656522603125 0.65417755625 0.6100717515625 0.6037239359375 0.6118336296875 0.6053460359375 0.65828448125
1 0.8448917171874999 0.8712104171874999 0.90374646875 0.8691551640625 0.9021803531250001 0.8243075 0.843325603125 0.826362753125 0.8448917171874999 0.8712104171874999
1 0.879205615625 0.7513356890625 0.9188377078125001 0.74995170625 0.9173835625000001 0.7083104203125 0.8777514703125 0.7096944046875 0.879205615625 0.7513356890625
1 0.86197274375 0.395970628125 0.9184227093749999 0.393999353125 0.91663265625 0.34273893125 0.8601826906250001 0.3447102078125 0.86197274375 0.395970628125
1 0.2559446609375 0.1926322515625 0.3015887140625 0.191038325 0.300302521875 0.15420661093750002 0.25465846875000003 0.1558005359375 0.2559446609375 0.1926322515625
1 0.134160490625 0.35562758437499997 0.1882212890625 0.3537397390625 0.186935096875 0.3169080234375 0.1328742984375 0.3187958671875 0.134160490625 0.35562758437499997
1 0.3851905828125 0.31158993437500004 0.4260250671875 0.3101639625 0.42501807031250005 0.281327371875 0.3841835859375 0.28275334375 0.3851905828125 0.31158993437500004
0 0.4033702578125 0.24680142031250002 0.5439095921875 0.24189367812499998 0.5404981671875 0.144203225 0.39995883125 0.1491109671875 0.4033702578125 0.24680142031250002
0 0.31282176875 0.1681948828125 0.4137290125 0.1646711234375 0.411715746875 0.10701876562499998 0.3108085046875 0.1105425234375 0.31282176875 0.1681948828125
0 0.3579861484375 0.42798525937500004 0.46368734375000004 0.4242940921875 0.46145014062499995 0.3602289765625 0.3557489453125 0.36392014375000004 0.3579861484375 0.42798525937500004
0 0.18439835468750002 0.4164113359375 0.32373529687499997 0.41154558281250003 0.32138612499999997 0.3442740875 0.18204918125 0.34913984062500003 0.18439835468750002 0.4164113359375
0 0.011610015625000001 0.840971025 0.177368353125 0.8351826156250001 0.1740129125 0.739095353125 0.008254575 0.7448837609375001 0.011610015625000001 0.840971025
0 0.3267081734375 0.9790896453125001 0.534519003125 0.9718327312499999 0.527751409375 0.77803419375 0.319940578125 0.7852911078125 0.3267081734375 0.9790896453125001
1 0.6662226125 0.9207468890625 0.77793576875 0.9168457796875 0.7749155078125 0.8303568312499999 0.663202353125 0.8342579406249999 0.6662226125 0.9207468890625
1 0.2571634515625 0.6063000453125 0.33403846718749997 0.6036155109375 0.3314100984375 0.5283488890625 0.25453508281250004 0.5310334234375 0.2571634515625 0.6063000453125
1 0.069645321875 0.5054078734375 0.1248928953125 0.5034785859375 0.12338276562499999 0.4602341109375 0.068135190625 0.46216339843750004 0.069645321875 0.5054078734375