0 0.777640625 0.4054479171875 0.639421875 0.4054479171875 0.639421875 0.48717708281250005 0.777640625 0.48717708281250005 0.777640625 0.4054479171875
0 0.6069765625 0.0753125 0.5012109375 0.0753125 0.5012109375 0.1618541671875 0.6069765625 0.1618541671875 0.6069765625 0.0753125
0 0.6766796875 0.05288541718749999 0.5889453125 0.05288541718749999 0.5889453125 0.09615625 0.6766796875 0.09615625 0.6766796875 0.05288541718749999
0 0.813703125 0.15865625 0.683890625 0.15865625 0.683890625 0.2468020828125 0.813703125 0.2468020828125 0.813703125 0.15865625
0 0.7055234375 0.1923125 0.5997578125 0.1923125 0.5997578125 0.2660208328125 0.7055234375 0.2660208328125 0.7055234375 0.1923125
1 0.5228359375 0.8044895828125 0.4459140625 0.8044895828125 0.4459140625 0.8894270828125 0.5228359375 0.8894270828125 0.5228359375 0.8044895828125
1 0.168265625 0.8060937499999999 0.105765625 0.8060937499999999 0.105765625 0.9022395828124999 0.168265625 0.9022395828124999 0.168265625 0.8060937499999999
1 0.2043203125 0.4150520828125 0.09614843749999999 0.4150520828125 0.09614843749999999 0.46153125 0.2043203125 0.46153125 0.2043203125 0.4150520828125
1 0.045679687499999996 0.4871875 0.0000078125 0.4871875 0.0000078125 0.5464791671875 0.045679687499999996 0.5464791671875 0.045679687499999996 0.4871875
1 0.44471875 0.5977604171875 0.3641875 0.5977604171875 0.3641875 0.65865625 0.44471875 0.65865625 0.44471875 0.5977604171875
1 0.8629765624999999 0.5048125 0.7572109375 0.5048125 0.7572109375 0.5608958328125 0.8629765624999999 0.5608958328125 0.8629765624999999 0.5048125
1 0.9651406250000001 0.330125 0.8942343749999999 0.330125 0.8942343749999999 0.3685833328125 0.9651406250000001 0.3685833328125 0.9651406250000001 0.330125
1 1 0.4599375 0.94471875 0.4599375 0.94471875 0.5160208328125 1 0.5160208328125 1 0.4599375
1 1 0.5416666671875 0.9242812499999999 0.5416666671875 0.9242812499999999 0.6137916671875 1 0.6137916671875 1 0.5416666671875
1 0.9639453124999999 0.4150625 0.8954296875000001 0.4150625 0.8954296875000001 0.4679375 0.9639453124999999 0.4679375 0.9639453124999999 0.4150625
1 0.48557812499999997 0.26121875 0.40504687500000003 0.26121875 0.40504687500000003 0.3044895828125 0.48557812499999997 0.3044895828125 0.48557812499999997 0.26121875
1 0.59134375 0.4102604171875 0.53365625 0.4102604171875 0.53365625 0.44711458281249994 0.59134375 0.44711458281249994 0.59134375 0.4102604171875
1 0.608171875 0.46153125 0.538453125 0.46153125 0.538453125 0.5224270828125 0.608171875 0.5224270828125 0.608171875 0.46153125
1 0.42067187500000003 0.7419895828125 0.389421875 0.7419895828125 0.389421875 0.7820520828124999 0.42067187500000003 0.7820520828124999 0.42067187500000003 0.7419895828125