1 0.41780518750000006 0.20368855937500002 0.365318253125 0.19060209687500002 0.355238175 0.2310310859375 0.407725109375 0.2441175484375 0.41780518750000006 0.20368855937500002
1 0.36803423749999997 0.174767978125 0.34354943125 0.16866323125 0.33579785 0.199753121875 0.36028265625 0.20585787031249997 0.36803423749999997 0.174767978125
0 0.8186879125000001 0.473766246875 0.6437617859375 0.43015226406249996 0.6053818859375 0.5840856390625 0.7803080125 0.6276996203125 0.8186879125000001 0.473766246875
1 0.8873332359375 0.8294594953125 0.930481075 0.8402174609375 0.95025315 0.7609159984375 0.9071053125 0.750158034375 0.8873332359375 0.8294594953125
1 0.32931266406250004 0.399631884375 0.25000615000000004 0.3798585484375 0.240314153125 0.41873102187500005 0.31962066875 0.43850435625 0.32931266406250004 0.399631884375
1 0.333541353125 0.34288596718750003 0.2589043875 0.32427688125 0.24921239062499997 0.3631493546875 0.3238493578125 0.381758440625 0.333541353125 0.34288596718750003
1 0.40421478437499997 0.8493934375000001 0.3622343328125 0.8389265359375001 0.347114215625 0.8995700187500001 0.389094665625 0.9100369203125 0.40421478437499997 0.8493934375000001
1 0.419418928125 0.917586871875 0.372768928125 0.9059557203124999 0.3545491859375 0.9790311171875 0.40119918437499996 0.9906622687500001 0.419418928125 0.917586871875
1 0.155029653125 0.785589859375 0.10022310625 0.7719250515625 0.0726944109375 0.8823366203124999 0.12750095781249998 0.896001428125 0.155029653125 0.785589859375
1 0 0.49425378125 0.0860748109375 0.51571464375 0.10313534531249999 0.44728857812499995 0.0075005734375 0.4234441515625 0 0.4535273078125 0 0.49425378125
1 0.2321763234375 0.46625737031250003 0.1412110984375 0.44357719375000004 0.1222151890625 0.5197656234375 0.2131804140625 0.5424458015625 0.2321763234375 0.46625737031250003
1 0.312652146875 0.4813731546875 0.2636673734375 0.46915987968749995 0.252811128125 0.5127018999999999 0.30179590156249997 0.5249151765625 0.312652146875 0.4813731546875
1 0.848920746875 0.31282028125 0.8127620703125 0.3038049109375 0.803846240625 0.33956435156250003 0.8400049171875 0.348579721875 0.848920746875 0.31282028125
1 0.856719953125 0.361013628125 0.8112373421875001 0.3496735390625 0.8042568859375001 0.3776706140625 0.8497394984375 0.38901070312499997 0.856719953125 0.361013628125
1 0.8571882375 0.4982234671875 0.8303686562499999 0.4915365953125 0.8233882015624999 0.5195336703125 0.85020778125 0.5262205421874999 0.8571882375 0.4982234671875
1 0.8964421843749999 0.479937090625 0.8486247984374999 0.46801487656249996 0.83854471875 0.508443865625 0.8863621046875 0.5203660796875 0.8964421843749999 0.479937090625
1 0.92181984375 0.6514202859375 0.871667684375 0.6389159484375 0.8615876046875 0.6793449375 0.911739765625 0.691849275 0.92181984375 0.6514202859375
1 0.3664393203125 0.1016905875 0.31862193437499997 0.089768375 0.3100941875 0.12397129843750002 0.3579115734375 0.13589351249999998 0.3664393203125 0.1016905875
1 0.254550303125 0.18279165 0.21023507812500003 0.1717426234375 0.20054308125000003 0.21061509687500002 0.24485830625 0.2216641234375 0.254550303125 0.18279165
1 0.1874028265625 0.3378188421875 0.1500767625 0.328512409375 0.1430963078125 0.3565094828125 0.18042237187500001 0.365815915625 0.1874028265625 0.3378188421875
1 0.1345097078125 0.2816996078125 0.0901944828125 0.27065058125 0.084378278125 0.2939781078125 0.128693503125 0.305027134375 0.1345097078125 0.2816996078125
1 0.1310539578125 0.35020043749999996 0.0669083140625 0.33420713125 0.0579924828125 0.369966571875 0.122138128125 0.385959878125 0.1310539578125 0.35020043749999996
1 0.7290368859374999 0.65950106875 0.6800521125000001 0.6472877921875 0.6691958671875 0.6908298125 0.718180640625 0.7030430890625 0.7290368859374999 0.65950106875
1 0.4280990390625 0.5051974703125001 0.3966099109375 0.49734634843750003 0.3892413734375 0.5268999390625 0.42073050156249997 0.5347510609375 0.4280990390625 0.5051974703125001
1 0.0711289296875 0.8637817374999999 0.027981090625 0.8530237734374999 0.0202295109375 0.8841136640625 0.06337734843750001 0.894871628125 0.0711289296875 0.8637817374999999
1 0.8860899140624999 0.7251004671875 0.8277812046875 0.7105624734375 0.819641540625 0.74320888125 0.8779502499999999 0.757746875 0.8860899140624999 0.7251004671875
1 0.28295915781250003 0.86869488125 0.2433134796875 0.8588101046875 0.23168106875 0.90546515625 0.27132674687499997 0.9153499343749999 0.28295915781250003 0.86869488125