1 0.5420625 0.8189166671875 0.396625 0.8189166671875 0.396625 0.9134583328125 0.5420625 0.9134583328125 0.5420625 0.8189166671875
1 0.9182734375000001 0.6730625 0.8052890625 0.6730625 0.8052890625 0.7868541671875 0.9182734375000001 0.7868541671875 0.9182734375000001 0.6730625
1 0.734375 0.6313958328125 0.6670625 0.6313958328125 0.6670625 0.6826875 0.734375 0.6826875 0.734375 0.6313958328125
1 0.099765625 0.7083333328125 0.024046875000000002 0.7083333328125 0.024046875000000002 0.8060833328125 0.099765625 0.8060833328125 0.099765625 0.7083333328125
1 0.0432734375 0.8317395828124999 0.0060078125 0.8317395828124999 0.0060078125 0.9487187499999999 0.0432734375 0.9487187499999999 0.0432734375 0.8317395828124999
1 0.6310156250000001 1 0.6310156250000001 0.8942395828124999 0.581734375 0.8942395828124999 0.581734375 1 0.6310156250000001 1
1 0.2776484375 0.259625 0.2139453125 0.259625 0.2139453125 0.3012916671875 0.2776484375 0.3012916671875 0.2776484375 0.259625
1 0.43028125 0.13140625 0.390625 0.13140625 0.390625 0.17146875 0.43028125 0.17146875 0.43028125 0.13140625
1 0.671875 0.41346875 0.6358125 0.41346875 0.6358125 0.43911458281250004 0.671875 0.43911458281250004 0.671875 0.41346875
1 0.7247656250000001 0.4166666671875 0.688703125 0.4166666671875 0.688703125 0.4615416671875 0.7247656250000001 0.4615416671875 0.7247656250000001 0.4166666671875
0 0.5889375 0.2307708328125 0.38821875 0.2307708328125 0.38821875 0.2900625 0.5889375 0.2900625 0.5889375 0.2307708328125
0 0.6081796875000001 0.3685833328125 0.24278906249999999 0.3685833328125 0.24278906249999999 0.6987083328125 0.6081796875000001 0.6987083328125 0.6081796875000001 0.3685833328125
1 0.8858124999999999 0.8830104171875 0.8076874999999999 0.8830104171875 0.8076874999999999 0.96153125 0.8858124999999999 0.96153125 0.8858124999999999 0.8830104171875