0 0.7421633937500001 0.3996407359375 0.7481416609375 0.057146032812500004 0.47734957656250004 0.0524193390625 0.471371309375 0.39491404218750004 0.7421633937500001 0.3996407359375
0 0.8422572140625 0.3593267875 0.8448374421875 0.21150555468749999 0.7342709515625 0.209575609375 0.7316907234375 0.3573968421875 0.8422572140625 0.3593267875
0 0.3412741703125 0.41068499843749995 0.34412709218750004 0.24724114687499998 0.26241037500000003 0.245814775 0.2595574515625 0.409258628125 0.3412741703125 0.41068499843749995
0 0.1929815265625 0 0.1907061140625 0.1303582796875 0.31729099843749997 0.1325678265625 0.319604978125 0 0.1929815265625 0
1 0.537937703125 0.6220791343750001 0.5390494765625 0.5583857125 0.4621445234375 0.5570433312499999 0.4610327515625 0.6207367546875 0.537937703125 0.6220791343750001
1 0.176957478125 0.7347807015625001 0.178153240625 0.6662755109375 0.08520906406249999 0.664653165625 0.0840133015625 0.7331583546875 0.176957478125 0.7347807015625001
1 0 0.8182519546875 0.09210555468750001 0.8198596640625 0.09353201562499999 0.7381377375 0 0.7365051312500001 0 0.8182519546875
1 0.1478867609375 0.8388516984375001 0.149271228125 0.7595356546875001 0.0659505859375 0.7580812875 0.06456611875 0.83739733125 0.1478867609375 0.8388516984375001
1 0.37253106406250003 0.916104359375 0.3740205171875 0.8307736078125 0.3179457265625 0.8297948187499999 0.31645627187500003 0.9151255703125001 0.37253106406250003 0.916104359375
1 0.41383795156250003 0.5694130875 0.41511743125 0.496111753125 0.35262695 0.4950209765625 0.3513474703125 0.5683223109375 0.41383795156250003 0.5694130875
1 0.7122120953125 0.464034071875 0.7128624703125 0.426774121875 0.6840127 0.426270546875 0.6833623249999999 0.463530496875 0.7122120953125 0.464034071875
1 0.4169955359375 0.29659851875 0.41944978125 0.1559949359375 0.339336984375 0.1545965625 0.3368827390625 0.29520014375 0.4169955359375 0.29659851875
1 0.2144647015625 0.9722448968749999 0.21570218593749999 0.9013494468750001 0.1147592296875 0.89958748125 0.1135217453125 0.97048293125 0.2144647015625 0.9722448968749999