0 0.7812578125 0.3846145828125 0.5925546875000001 0.3846145828125 0.5925546875000001 0.5560937499999999 0.7812578125 0.5560937499999999 0.7812578125 0.3846145828125
1 1 0.6490416671875 0.9350937500000001 0.6490416671875 0.9350937500000001 0.7259583328125 1 0.7259583328125 1 0.6490416671875
1 0.2632265625 0.3669791671875 0.1790859375 0.3669791671875 0.1790859375 0.40864583281250005 0.2632265625 0.40864583281250005 0.2632265625 0.3669791671875
1 0.2656328125 0.4246875 0.18389843749999998 0.4246875 0.18389843749999998 0.46635416718749995 0.2656328125 0.46635416718749995 0.2656328125 0.4246875
1 0 0.6057708328125 0.055281250000000004 0.6057708328125 0.055281250000000004 0.5336458328125 0 0.5336458328125 0 0.6057708328125
1 0.2764375 0.5240416671875 0.22115625 0.5240416671875 0.22115625 0.5592916671875 0.2764375 0.5592916671875 0.2764375 0.5240416671875
1 0.16105468750000002 0.8701979171875 0.1153828125 0.8701979171875 0.1153828125 0.9695520828124999 0.16105468750000002 0.9695520828124999 0.16105468750000002 0.8701979171875
1 0.441109375 0.8653854171875001 0.39664062499999997 0.8653854171875001 0.39664062499999997 0.9294895828125 0.441109375 0.9294895828125 0.441109375 0.8653854171875001
1 0.46996093749999995 1 0.46996093749999995 0.9326979171875 0.41707031250000004 0.9326979171875 0.41707031250000004 1 0.46996093749999995 1
1 0.9038437500000001 0.6250104171875 0.85215625 0.6250104171875 0.85215625 0.65865625 0.9038437500000001 0.65865625 0.9038437500000001 0.6250104171875
1 0.9302890625 0.5432812499999999 0.8713984375000001 0.5432812499999999 0.8713984375000001 0.5769270828125 0.9302890625 0.5769270828125 0.9302890625 0.5432812499999999
1 0.8305312499999999 0.40385416718749995 0.796875 0.40385416718749995 0.796875 0.43910416718749995 0.8305312499999999 0.43910416718749995 0.8305312499999999 0.40385416718749995
1 0.8617812499999999 0.3798020828125 0.8076874999999999 0.3798020828125 0.8076874999999999 0.4134479171875 0.8617812499999999 0.4134479171875 0.8617812499999999 0.3798020828125
1 0.77284375 0.21475 0.73678125 0.21475 0.73678125 0.259625 0.77284375 0.259625 0.77284375 0.21475
1 0.32210937500000003 0.21475 0.25960937500000003 0.21475 0.25960937500000003 0.25 0.32210937500000003 0.25 0.32210937500000003 0.21475
1 0.2596171875 0.1874895828125 0.2295703125 0.1874895828125 0.2295703125 0.2307604171875 0.2596171875 0.2307604171875 0.2596171875 0.1874895828125
1 0.23436718750000002 0.11538541718749999 0.1935078125 0.11538541718749999 0.1935078125 0.1554479171875 0.23436718750000002 0.1554479171875 0.23436718750000002 0.11538541718749999
1 0 0.3846041671875 0.054093749999999996 0.3846041671875 0.054093749999999996 0.3525625 0 0.3525625 0 0.3846041671875
1 0.105765625 0.3493541671875 0.063703125 0.3493541671875 0.063703125 0.3910208328125 0.105765625 0.3910208328125 0.105765625 0.3493541671875
1 0.396625 0.5144166671875 0.35696875 0.5144166671875 0.35696875 0.5416666671875 0.396625 0.5416666671875 0.396625 0.5144166671875
1 0.1478359375 0.2195520828125 0.0997578125 0.2195520828125 0.0997578125 0.26603125 0.1478359375 0.26603125 0.1478359375 0.2195520828125
1 0.487984375 0.302875 0.448328125 0.302875 0.448328125 0.3333333328125 0.487984375 0.3333333328125 0.487984375 0.302875
1 0.484375 0.2067291671875 0.4170625 0.2067291671875 0.4170625 0.2387708328125 0.484375 0.2387708328125 0.484375 0.2067291671875
1 0.15264843749999998 0.1041666671875 0.09375781250000001 0.1041666671875 0.09375781250000001 0.134625 0.15264843749999998 0.134625 0.15264843749999998 0.1041666671875
1 0.1887109375 0.5192291671875 0.0889453125 0.5192291671875 0.0889453125 0.5961458328125 0.1887109375 0.5961458328125 0.1887109375 0.5192291671875
1 0.9591406250000001 0.9166666671874999 0.8786093749999999 0.9166666671874999 0.8786093749999999 0.9855833328125 0.9591406250000001 0.9855833328125 0.9591406250000001 0.9166666671874999
1 0.7980859375 1 0.7980859375 0.9583333328125001 0.7451953125 0.9583333328125001 0.7451953125 1 0.7980859375 1
1 0.31971875 0.9230729171875 0.2704375 0.9230729171875 0.2704375 0.9695520828124999 0.31971875 0.9695520828124999 0.31971875 0.9230729171875