0 0.830536690625 0.138120959375 0.3803801171875 0.025884318750000003 0.26988733125 0.46904667812499995 0.7200439046875 0.5812833171875 0.830536690625 0.138120959375
0 0.6162976890625 0.63469858125 0.40754766093750006 0.5826513531249999 0.37575509218750003 0.710164384375 0.5845051203125 0.7622116109375 0.6162976890625 0.63469858125
1 0.9506832749999999 0.2027741921875 0.8830354703125 0.1859077 0.8632633953125 0.2652091609375 0.9309112 0.282075653125 0.9506832749999999 0.2027741921875
1 0.78024975625 0.523625325 0.7219410484375001 0.50908733125 0.7083732625 0.56350475 0.7666819703125001 0.57804274375 0.78024975625 0.523625325
1 0.41391374374999995 0.8055521359375 0.36843113125000004 0.7942120484374999 0.35796296875 0.836197553125 0.40344558125 0.8475376421874999 0.41391374374999995 0.8055521359375
1 0.2870763984375 0.6038123718749999 0.22876768906249997 0.589274378125 0.2155879859375 0.6421352812500001 0.2738966953125 0.656673275 0.2870763984375 0.6038123718749999
1 0.9002903515625 0.42471736718750003 0.8443164171875001 0.4107614984375 0.832295921875 0.45897306718750003 0.8882698578125 0.47292893593749996 0.9002903515625 0.42471736718750003
1 0.738733325 0.615669875 0.7189029062500001 0.6107255968749999 0.71153436875 0.6402791859375 0.7313647875 0.645223465625 0.738733325 0.615669875
1 0.6882219 0.6542738406249999 0.6730610296874999 0.6504938109375 0.6676329062499999 0.672264821875 0.6827937765625001 0.6760448515624999 0.6882219 0.6542738406249999
1 0.8505915109375 0.5097941921875 0.8074436734375 0.49903622812500004 0.7930997203125 0.5565666796875 0.8362475593750001 0.5673246437499999 0.8505915109375 0.5097941921875
1 0.17254786093750002 0.82961479375 0.12706525 0.8182747046875001 0.118537503125 0.852477628125 0.1640201140625 0.8638177171875 0.17254786093750002 0.82961479375