1 0.59589974375 0.17443873906250001 0.6360084171875 0.166642403125 0.6256133015625001 0.11316417187500001 0.585504628125 0.1209605078125 0.59589974375 0.17443873906250001
1 0.281762978125 0.7252700140624999 0.35727158281250004 0.710592628125 0.33311436875 0.5863145375000001 0.25760576562500004 0.6009919234375001 0.281762978125 0.7252700140624999
1 0.392436425 0.8033474453125 0.453788125 0.7914218828124999 0.4311613578125 0.675017259375 0.369809659375 0.686942821875 0.392436425 0.8033474453125
1 0.520599796875 0.88943268125 0.5760463953125 0.8786549546875 0.5680960203125001 0.8377538234375 0.5126494234375001 0.84853155 0.520599796875 0.88943268125
1 0.7916179062500001 0.78453225625 0.8553316453124999 0.772147559375 0.8498260109375 0.743823525 0.786112271875 0.7562082218749999 0.7916179062500001 0.78453225625
1 1 0.691764590625 0.8561565906249999 0.7197249171875 0.8818442515625 0.8518764765625001 1 0.8289093265625 1 0.691764590625
1 0.3572027859375 1 0.34397456718749997 0.9319467171875001 0.264922903125 0.9473128031250001 0.27516425624999996 1 0.3572027859375 1
1 0.12899891875 0.7141520015625 0.183264496875 0.7036038421875 0.17103284531250001 0.64067745 0.1167672671875 0.6512256109375001 0.12899891875 0.7141520015625
1 0.314326075 0.5148787015625 0.39219671875 0.49974218125 0.383328075 0.45411696875 0.30545743125 0.4692534890625 0.314326075 0.5148787015625
1 0.42348877500000004 0.408755953125 0.47893537343750003 0.397978225 0.467621990625 0.339775915625 0.41217539218750004 0.3505536421875 0.42348877500000004 0.408755953125
1 0.45539500000000005 0.3209293359375 0.5132036375 0.30969247499999997 0.5025024328125001 0.25463955 0.44469379531250003 0.2658764109375 0.45539500000000005 0.3209293359375
1 0.492721834375 0.3365311890625 0.5776632625 0.3200202484375 0.569100709375 0.2759697296875 0.48415928125 0.29248067031249997 0.492721834375 0.3365311890625
1 0.0747513484375 0.81937364375 0.156165053125 0.8035484234375 0.14179475156250002 0.7296196265625 0.060381046875 0.745444846875 0.0747513484375 0.81937364375
1 0.1780236015625 0.670336384375 0.246461421875 0.6570334203125 0.234535859375 0.595681721875 0.1660980390625 0.6089846859375 0.1780236015625 0.670336384375
0 0.528469540625 0.24959205624999997 0.6759436859375 0.22092598593749999 0.662793765625 0.1532755125 0.5153196203125 0.1819415828125 0.528469540625 0.24959205624999997
0 0.694636615625 0.323398159375 0.8468348421874999 0.293813821875 0.8180902624999999 0.1459357765625 0.6658920359375 0.175520115625 0.694636615625 0.323398159375
0 0.4831642890625 0.5457190609375 0.7793089390625 0.488154371875 0.7416957156249999 0.2946511125 0.445551065625 0.3522158015625 0.4831642890625 0.5457190609375
0 0.63816368125 0.7131151515624999 0.816313678125 0.6784863015625 0.7863487140625 0.5243299312499999 0.60819871875 0.5589587828125 0.63816368125 0.7131151515624999