0 0.5413984109375 0.7497644921875 0.39817043281250003 0.7245095359375 0.3798035203125 0.828673471875 0.5230314984375 0.8539284281249999 0.5413984109375 0.7497644921875
0 0.6177176359375001 0.8429643515624999 0.520652521875 0.825849153125 0.507853203125 0.898437690625 0.60491831875 0.9155528890625 0.6177176359375001 0.8429643515624999
0 0.6306255234375 0.56208441875 0.53002125625 0.544345171875 0.50581180625 0.6816437875 0.6064160734375 0.6993830328125 0.6306255234375 0.56208441875
0 0.811316028125 0.6102235874999999 0.6408673484375 0.5801688859375 0.61832564375 0.7080092437500001 0.7887743234375 0.7380639437500001 0.811316028125 0.6102235874999999
0 0.7980973 0.23524178125 0.8306563328125 0.050590326562499996 0.5773453140625 0.005924759375 0.5447862812500001 0.1905762140625 0.7980973 0.23524178125
0 1 0.414049559375 0.9547120874999999 0.406064078125 0.9430233953125 0.47235395 1 0.48240046249999996 1 0.414049559375
1 1 0.46936915468749996 0.9038284031250001 0.4524115078125 0.888522040625 0.5392182062499999 0.997412540625 0.558418540625 1 0.5437443296875 1 0.46936915468749996
1 0.374455553125 0.416027878125 0.24307604375 0.392862125 0.22665905625 0.48596749062500005 0.35803856562499997 0.5091332421875 0.374455553125 0.416027878125
1 0.129305659375 0.4981113265625 0.039349626562500004 0.4822496515625 0.02515750625 0.5627371671875 0.11511353906249999 0.57859884375 0.129305659375 0.4981113265625
1 0.5082992749999999 0.12067840625 0.4372854046875 0.1081567453125 0.42337184375000003 0.187064465625 0.494385715625 0.199586128125 0.5082992749999999 0.12067840625
1 0.5542559921875 0.13691580625 0.51164766875 0.12940280937499998 0.499958975 0.19569268125 0.5425672984375 0.203205678125 0.5542559921875 0.13691580625
1 0.6379519859375 0.1744678796875 0.5503656453125 0.15902404375 0.5364520859375 0.237931765625 0.624038425 0.2533756 0.6379519859375 0.1744678796875
1 0.4856450671875 0 0.47765820625 0.0452957421875 0.529745303125 0.05448010156250001 0.539351615625 0 0.4856450671875 0
1 0.36847435625 0 0.3512176890625 0.097867425 0.4624855765625 0.11748695625000001 0.48113105 0.0117432234375 0.414531921875 0 0.36847435625 0
1 0.2994727203125 0.01061900625 0.256864396875 0.003106009375 0.24434002187499998 0.07413526875000001 0.2869483453125 0.08164826562500001 0.2994727203125 0.01061900625
1 0.260436846875 0.14206665000000002 0.2166436765625 0.13434473281249998 0.202730115625 0.2132524546875 0.2465232859375 0.220974371875 0.260436846875 0.14206665000000002
1 0.48353248437499996 0.2888069484375 0.42435169375 0.278371778125 0.41405580468750003 0.336762671875 0.4732365953125 0.3471978421875 0.48353248437499996 0.2888069484375
1 0.7817674546875 0.417878715625 0.7012748078125 0.403685690625 0.6870826875 0.48417320625000004 0.767575334375 0.49836623125 0.7817674546875 0.417878715625
1 0.9413568 0.5648129578125001 0.8798063140625001 0.5539599468749999 0.8736852171875 0.5886744203125 0.9352357015624999 0.5995274312500001 0.9413568 0.5648129578125001
1 0.6776542203125 0.8144705968749999 0.6314913578125 0.8063308390625 0.6228632140625 0.8552634734375 0.6690260765625 0.8634032312500001 0.6776542203125 0.8144705968749999
1 0.24432163281250002 0.8357019843750001 0.160274446875 0.8208821984375 0.14942143593749999 0.8824326828125001 0.233468621875 0.8972524703125 0.24432163281250002 0.8357019843750001