0 0.7704375 0.7884583328125 0.52884375 0.7884583328125 0.52884375 0.9759583328125 0.7704375 0.9759583328125 0.7704375 0.7884583328125
0 0.5841328125 0.1394166671875 0.44230468749999996 0.1394166671875 0.44230468749999996 0.23716666718749999 0.5841328125 0.23716666718749999 0.5841328125 0.1394166671875
0 0.6766796875 0.0977604171875 0.5709140625 0.0977604171875 0.5709140625 0.1554479171875 0.6766796875 0.1554479171875 0.6766796875 0.0977604171875
0 0.858171875 0.3285208328125 0.6346093749999999 0.3285208328125 0.6346093749999999 0.3974375 0.858171875 0.3974375 0.858171875 0.3285208328125
0 0.647828125 0.3156979171875 0.5408593749999999 0.3156979171875 0.5408593749999999 0.4182604171875 0.647828125 0.4182604171875 0.647828125 0.3156979171875
1 0.9999921875 0.5737291671875 0.9254765624999999 0.5737291671875 0.9254765624999999 0.6506458328125 0.9999921875 0.6506458328125 0.9999921875 0.5737291671875
1 0.36539062499999997 0.4343020828125 0.266828125 0.4343020828125 0.266828125 0.4951979171875 0.36539062499999997 0.4951979171875 0.36539062499999997 0.4343020828125
1 0.75840625 0.5208437499999999 0.69590625 0.5208437499999999 0.69590625 0.5817395828125 0.75840625 0.5817395828125 0.75840625 0.5208437499999999
1 0.449515625 0.6073645828124999 0.400234375 0.6073645828124999 0.400234375 0.65384375 0.449515625 0.65384375 0.449515625 0.6073645828124999
1 0.21875 0.7195625 0.17428125 0.7195625 0.17428125 0.7548125 0.21875 0.7548125 0.21875 0.7195625
1 0.15144531249999998 0.3445625 0.11058593750000001 0.3445625 0.11058593750000001 0.40385416718749995 0.15144531249999998 0.40385416718749995 0.15144531249999998 0.3445625
1 0.116578125 0.3397395828125 0.056484374999999996 0.3397395828125 0.056484374999999996 0.3894270828125 0.116578125 0.3894270828125 0.116578125 0.3397395828125
1 0.0733125 0.2996875 0.03125 0.2996875 0.03125 0.3317291671875 0.0733125 0.3317291671875 0.0733125 0.2996875
1 0 0.2243645828125 0.026437500000000003 0.2243645828125 0.026437500000000003 0.19071875 0 0.19071875 0 0.2243645828125
1 0.9350937500000001 0.4423125 0.8798125000000001 0.4423125 0.8798125000000001 0.49039583281250004 0.9350937500000001 0.49039583281250004 0.9350937500000001 0.4423125
1 0.6069609375 0.73878125 0.5036015625 0.73878125 0.5036015625 0.7964687500000001 0.6069609375 0.7964687500000001 0.6069609375 0.73878125
1 0.514421875 0.7708437499999999 0.462734375 0.7708437499999999 0.462734375 0.8317395828124999 0.514421875 0.8317395828124999 0.514421875 0.7708437499999999
1 0.24639843749999998 0.8717916671875001 0.18750781249999998 0.8717916671875001 0.18750781249999998 0.9342916671875001 0.24639843749999998 0.9342916671875001 0.24639843749999998 0.8717916671875001
1 0.7343671875 0.2692395828125 0.6598515625 0.2692395828125 0.6598515625 0.30609375 0.7343671875 0.30609375 0.7343671875 0.2692395828125
1 0.609375 0.2628229171875 0.57571875 0.2628229171875 0.57571875 0.29646875 0.609375 0.29646875 0.609375 0.2628229171875
1 0.1201875 0.9326979171875 0.0625 0.9326979171875 0.0625 0.97596875 0.1201875 0.97596875 0.1201875 0.9326979171875
1 0.49278125 0.3365416671875 0.46634374999999995 0.3365416671875 0.46634374999999995 0.3782083328125 0.49278125 0.3782083328125 0.49278125 0.3365416671875
1 0.75240625 0.6041666671875 0.71275 0.6041666671875 0.71275 0.642625 0.75240625 0.642625 0.75240625 0.6041666671875
1 0.9639374999999999 0.3894270828125 0.94590625 0.3894270828125 0.94590625 0.41186458281249994 0.9639374999999999 0.41186458281249994 0.9639374999999999 0.3894270828125
1 0.7247578125 0.1330104171875 0.6838984375 0.1330104171875 0.6838984375 0.1826979171875 0.7247578125 0.1826979171875 0.7247578125 0.1330104171875
1 0.2980703125 0.0496875 0.25480468749999996 0.0496875 0.25480468749999996 0.0849375 0.2980703125 0.0849375 0.2980703125 0.0496875
1 0.2944765625 0.13460416718749998 0.2512109375 0.13460416718749998 0.2512109375 0.1618541671875 0.2944765625 0.1618541671875 0.2944765625 0.13460416718749998
1 0.2836484375 0.17146875 0.24278906249999999 0.17146875 0.24278906249999999 0.2003229171875 0.2836484375 0.2003229171875 0.2836484375 0.17146875
1 0.2199453125 0.24679166718749998 0.1742734375 0.24679166718749998 0.1742734375 0.27725 0.2199453125 0.27725 0.2199453125 0.24679166718749998
0 0.45432812499999997 0.7644270828125 0.33654687499999997 0.7644270828125 0.33654687499999997 0.98078125 0.45432812499999997 0.98078125 0.45432812499999997 0.7644270828125
0 0.4891875 0.9214687500000001 0.44471875 0.9214687500000001 0.44471875 0.9999895828125 0.4891875 0.9999895828125 0.4891875 0.9214687500000001
0 0.9984375 0.4887916671875 0.8725937500000001 0.4887916671875 0.8725937500000001 0.58975 0.9984375 0.58975 0.9984375 0.4887916671875
0 0.9999921875 0.7980729171875 0.8966328125 0.7980729171875 0.8966328125 0.93909375 0.9999921875 0.93909375 0.9999921875 0.7980729171875