1 0.8461562499999999 0.5160208328125 0.7860625 0.5160208328125 0.7860625 0.5785208328125 0.8461562499999999 0.5785208328125 0.8461562499999999 0.5160208328125
1 0.889421875 1 0.889421875 0.927875 0.804078125 0.927875 0.804078125 1 0.889421875 1
1 0.6526484375 0.8862083328124999 0.5685078125 0.8862083328124999 0.5685078125 0.990375 0.6526484375 0.990375 0.6526484375 0.8862083328124999
1 0.7271640625 0.8830104171875 0.6430234375 0.8830104171875 0.6430234375 0.9679479171875001 0.7271640625 0.9679479171875001 0.7271640625 0.8830104171875
1 0.6935078125 0.7820625 0.6502421875 0.7820625 0.6502421875 0.8413541671875 0.6935078125 0.8413541671875 0.6935078125 0.7820625
1 0.8221093749999999 0.742 0.7596093749999999 0.742 0.7596093749999999 0.794875 0.8221093749999999 0.794875 0.8221093749999999 0.742
1 0.88340625 0.6826979171875001 0.8257187500000001 0.6826979171875001 0.8257187500000001 0.7227604171875 0.88340625 0.7227604171875 0.88340625 0.6826979171875001
1 0.3918203125 0.7115416671875 0.34855468749999996 0.7115416671875 0.34855468749999996 0.7628333328125 0.3918203125 0.7628333328125 0.3918203125 0.7115416671875
1 0.41586718749999996 0.7644166671875 0.3629765625 0.7644166671875 0.3629765625 0.8365416671875 0.41586718749999996 0.8365416671875 0.41586718749999996 0.7644166671875
1 0.28845312500000003 0.7532083328125 0.246390625 0.7532083328125 0.246390625 0.7884583328125 0.28845312500000003 0.7884583328125 0.28845312500000003 0.7532083328125
1 0.137015625 0.4695520828125 0.048078125 0.4695520828125 0.048078125 0.5160312499999999 0.137015625 0.5160312499999999 0.137015625 0.4695520828125
1 0.2139453125 0.44871875 0.1634609375 0.44871875 0.1634609375 0.48236458281249994 0.2139453125 0.48236458281249994 0.2139453125 0.44871875
0 0.6622578125 0.3141041671875 0.49399218749999996 0.3141041671875 0.49399218749999996 0.4487291671875 0.6622578125 0.4487291671875 0.6622578125 0.3141041671875
1 0.78125 0.4407083328125 0.73678125 0.4407083328125 0.73678125 0.4679583328125 0.78125 0.4679583328125 0.78125 0.4407083328125
1 0.6694765625 0.1810833328125 0.6322109375 0.1810833328125 0.6322109375 0.21633333281249997 0.6694765625 0.21633333281249997 0.6694765625 0.1810833328125
1 0.2355859375 0.1875 0.1851015625 0.1875 0.1851015625 0.22275 0.2355859375 0.22275 0.2355859375 0.1875
1 0.1790859375 0.1730729171875 0.1574453125 0.1730729171875 0.1574453125 0.2019270828125 0.1790859375 0.2019270828125 0.1790859375 0.1730729171875
1 0.20192187499999997 0.3717916671875 0.132203125 0.3717916671875 0.132203125 0.41025 0.20192187499999997 0.41025 0.20192187499999997 0.3717916671875
1 0.1971171875 0.3381354171875 0.11778906250000001 0.3381354171875 0.11778906250000001 0.36378125 0.1971171875 0.36378125 0.1971171875 0.3381354171875
1 0.15985156250000002 0.7259583328125 0.11177343749999999 0.7259583328125 0.11177343749999999 0.802875 0.15985156250000002 0.802875 0.15985156250000002 0.7259583328125
1 0.144234375 0.9246770828124999 0.032453125 0.9246770828124999 0.032453125 0.96153125 0.144234375 0.96153125 0.144234375 0.9246770828124999
1 0.7644296875000001 0.5032083328125 0.7115390625 0.5032083328125 0.7115390625 0.5336666671875 0.7644296875000001 0.5336666671875 0.7644296875000001 0.5032083328125
1 0.7031171875 0.3301354171875 0.6778828125 0.3301354171875 0.6778828125 0.35578125 0.7031171875 0.35578125 0.7031171875 0.3301354171875
1 0.730765625 0.3124895828125 0.699515625 0.3124895828125 0.699515625 0.34134375 0.730765625 0.34134375 0.730765625 0.3124895828125
1 1 0.6586458328125 0.97715625 0.6586458328125 0.97715625 0.7003125 1 0.7003125 1 0.6586458328125
1 0.9278906250000001 0.5304479171875001 0.905046875 0.5304479171875001 0.905046875 0.5593020828124999 0.9278906250000001 0.5593020828124999 0.9278906250000001 0.5304479171875001
1 0.15264843749999998 0.11056250000000001 0.11778906250000001 0.11056250000000001 0.11778906250000001 0.1410208328125 0.15264843749999998 0.1410208328125 0.15264843749999998 0.11056250000000001
1 0.08534375 0.2067395828125 0.04928125 0.2067395828125 0.04928125 0.2403854171875 0.08534375 0.2403854171875 0.08534375 0.2067395828125