0 0.0526768625 0.743646634375 0.020111132812499998 0.9111827859374999 0.1349410609375 0.9335034625 0.167506790625 0.7659673109375 0.0526768625 0.743646634375
0 0.1628906265625 0.7981226015625 0.135598978125 0.9385259640625 0.3857298546875 0.9871464812499999 0.4130215046875 0.8467431187500001 0.1628906265625 0.7981226015625
0 0.6150531015625 1 0.641447553125 0.864212321875 0.5549212078125 0.847393303125 0.5252574703125 1 0.6150531015625 1
1 0.3974701015625 0.5572141203125 0.383710984375 0.6279986421875 0.45606508906250004 0.64206285625 0.46982420625000004 0.5712783328125 0.3974701015625 0.5572141203125
1 0.902461821875 0.1680539265625 0.871729646875 0.3261572546875 0.9535319124999999 0.34205800468750003 0.9842640859375 0.1839546765625 0.902461821875 0.1680539265625
1 0.816336884375 0.2247799171875 0.8021186328125 0.29792648125 0.8791968171875 0.3129089625 0.8934150687500001 0.2397623984375 0.816336884375 0.2247799171875
1 0.7434191578125 0.2975233734375 0.7301161921875 0.36596119374999997 0.8213666187499999 0.3836984796875 0.8346695828125 0.315260659375 0.7434191578125 0.2975233734375
1 0.7528021703125 0.5515830921875 0.738124784375 0.6270916953125 0.8262258234375001 0.644216803125 0.840903209375 0.5687082 0.7528021703125 0.5515830921875
1 0.7214902546874999 0.6287608453125 0.7024540765625 0.72669349375 0.7559323078125 0.737088609375 0.7749684859375 0.639155959375 0.7214902546874999 0.6287608453125
1 0.7981255734375 0.461227365625 0.78436645625 0.5320118890625001 0.8693181093750001 0.5485248171875 0.8830772265625001 0.47774029531249995 0.7981255734375 0.461227365625
1 0.5704168140625 0.6753054546875 0.559179953125 0.7331140921875 0.618956959375 0.744733565625 0.6301938203125 0.6869249265625 0.5704168140625 0.6753054546875
1 0.513360846875 0.6580946390625 0.49845389375 0.7347842625000001 0.5519321265625 0.745179378125 0.566839078125 0.668489753125 0.513360846875 0.6580946390625
1 0.3545995125 0.7105066921875001 0.34588490781250003 0.755339446875 0.39308481562500003 0.7645141796875 0.40179942031250004 0.719681425 0.3545995125 0.7105066921875001
1 0.5915490984375 0.31453748593749997 0.575494309375 0.397132209375 0.625843603125 0.406919121875 0.641898390625 0.324324396875 0.5915490984375 0.31453748593749997