1 0.9519140625 0.8397395828124999 0.7836484375 0.8397395828124999 0.7836484375 0.9358854171875001 0.9519140625 0.9358854171875001 0.9519140625 0.8397395828124999
1 0.8846093749999999 0.7724375 0.795671875 0.7724375 0.795671875 0.8461458328125 0.8846093749999999 0.8461458328125 0.8846093749999999 0.7724375
1 0.79446875 0.6858958328125 0.6875 0.6858958328125 0.6875 0.8108958328125 0.79446875 0.8108958328125 0.79446875 0.6858958328125
1 0.79928125 0.5496770828125 0.64303125 0.5496770828125 0.64303125 0.6826979171875001 0.79928125 0.6826979171875001 0.79928125 0.5496770828125
1 0.641828125 0.7932604171875 0.5877343749999999 0.7932604171875 0.5877343749999999 0.8814062500000001 0.641828125 0.8814062500000001 0.641828125 0.7932604171875
1 0.5601015625 0.7708229171875 0.45433593749999995 0.7708229171875 0.45433593749999995 0.87659375 0.5601015625 0.87659375 0.5601015625 0.7708229171875
1 0.62740625 0.8621770828124999 0.5420625 0.8621770828124999 0.5420625 0.9583229171875001 0.62740625 0.9583229171875001 0.62740625 0.8621770828124999
1 0.487984375 0.7516041671875 0.38342187499999997 0.7516041671875 0.38342187499999997 0.8141041671875 0.487984375 0.8141041671875 0.487984375 0.7516041671875
0 0.22957812500000002 0.6410208328125 0.052890625000000004 0.6410208328125 0.052890625000000004 0.7339791671875 0.22957812500000002 0.7339791671875 0.22957812500000002 0.6410208328125
1 0.0901484375 0.56090625 0.0000078125 0.56090625 0.0000078125 0.6810937499999999 0.0901484375 0.6810937499999999 0.0901484375 0.56090625
1 0.453125 0.43590625000000005 0.38821875 0.43590625000000005 0.38821875 0.5000104171875 0.453125 0.5000104171875 0.453125 0.43590625000000005
1 0.6226015625 0.41986458281249994 0.5228359375 0.41986458281249994 0.5228359375 0.49838541718749996 0.6226015625 0.49838541718749996 0.6226015625 0.41986458281249994
1 0.31009375 0.2660208328125 0.25840625 0.2660208328125 0.25840625 0.3012708328125 0.31009375 0.3012708328125 0.31009375 0.2660208328125
1 0.34855468749999996 0.3188958328125 0.3052890625 0.3188958328125 0.3052890625 0.3493541671875 0.34855468749999996 0.3493541671875 0.34855468749999996 0.3188958328125
0 0.22475 0.133 0.0576875 0.133 0.0576875 0.20191666718749998 0.22475 0.20191666718749998 0.22475 0.133
0 0 0.49039583281250004 0.209125 0.49039583281250004 0.209125 0.2548125 0 0.2548125 0 0.49039583281250004