0 0 0.18109375 0.10096875000000001 0.18109375 0.10096875000000001 0.11378124999999999 0 0.11378124999999999 0 0.18109375
0 0 0.4022395828125 0.084125 0.4022395828125 0.084125 0.26921875 0 0.26921875 0 0.4022395828125
1 0.3473515625 0.37659375 0.2752421875 0.37659375 0.2752421875 0.47915625000000006 0.3473515625 0.47915625000000006 0.3473515625 0.37659375
1 0.20192187499999997 0.2371770828125 0.157453125 0.2371770828125 0.157453125 0.27082291718749996 0.20192187499999997 0.27082291718749996 0.20192187499999997 0.2371770828125
1 0.1766875 0.392625 0.140625 0.392625 0.140625 0.4615416671875 0.1766875 0.4615416671875 0.1766875 0.392625
1 0.2536015625 0.6041666671875 0.1898984375 0.6041666671875 0.1898984375 0.6987083328125 0.2536015625 0.6987083328125 0.2536015625 0.6041666671875
1 0.264421875 0.5416666671875 0.162265625 0.5416666671875 0.162265625 0.607375 0.264421875 0.607375 0.264421875 0.5416666671875
1 0.395421875 0.7644166671875 0.340140625 0.7644166671875 0.340140625 0.883 0.395421875 0.883 0.395421875 0.7644166671875
1 0.49759374999999995 0.85415625 0.40625 0.85415625 0.40625 0.9631354171875 0.49759374999999995 0.9631354171875 0.49759374999999995 0.85415625
1 0.501203125 0.7676145828125 0.43629687500000003 0.7676145828125 0.43629687500000003 0.8589687500000001 0.501203125 0.8589687500000001 0.501203125 0.7676145828125
1 0.8305312499999999 0.8285208328125 0.65865625 0.8285208328125 0.65865625 0.9150625 0.8305312499999999 0.9150625 0.8305312499999999 0.8285208328125
1 0.7680234375 0.7532083328125 0.6706640625 0.7532083328125 0.6706640625 0.8253333328125001 0.7680234375 0.8253333328125001 0.7680234375 0.7532083328125
1 0.6754765625 0.7019166671875 0.6033671875 0.7019166671875 0.6033671875 0.7996666671875 0.6754765625 0.7996666671875 0.6754765625 0.7019166671875
1 0.253609375 0.3076875 0.191109375 0.3076875 0.191109375 0.3429375 0.253609375 0.3429375 0.253609375 0.3076875
0 0.10577343749999998 0.62659375 0.0000078125 0.62659375 0.0000078125 0.73878125 0.10577343749999998 0.73878125 0.10577343749999998 0.62659375
1 0.998796875 1 0.998796875 0.9230833328125 0.936296875 0.9230833328125 0.936296875 1 0.998796875 1
1 0.1358125 0.1618541671875 0.10215624999999999 0.1618541671875 0.10215624999999999 0.1858958328125 0.1358125 0.1858958328125 0.1358125 0.1618541671875