1 0.384944490625 0.1417493203125 0.45935799531250004 0.1378494734375 0.454912709375 0.053028378125 0.38049920625 0.0569282234375 0.384944490625 0.1417493203125
1 0.487317703125 0.3498120796875 0.579737746875 0.34496855000000004 0.5775570812499999 0.3033589859375 0.4851370390625 0.308202515625 0.487317703125 0.3498120796875
1 0.33470320625 0.5150778796875 0.407915234375 0.511241 0.4043923703125 0.44402074843749995 0.33118034218750003 0.44785762812499996 0.33470320625 0.5150778796875
1 0.056987009374999995 0.4750784375 0.1542129578125 0.469983040625 0.1511938265625 0.4123746 0.0539678796875 0.41746999531249995 0.056987009374999995 0.4750784375
1 0.04693234375 0.3520402046875 0.1045407859375 0.349021075 0.10085001093749998 0.2785968890625 0.04324156875 0.28161601875 0.04693234375 0.3520402046875
1 0.0530310640625 0.6293302062499999 0.0062203046875 0.6317834546875 0.0083170140625 0.6717910500000001 0.055127773437500006 0.6693378015625 0.0530310640625 0.6293302062499999
1 0 0.5130929515625 0.0027819421875 0.5661755734375 0.0291832109375 0.5647919421875 0.0260801234375 0.50558153125 0 0.506948334375 0 0.5130929515625
1 0.179902634375 0.7077456421874999 0.23991402812499998 0.704600578125 0.2380691859375 0.6693988875 0.1780577921875 0.6725439515625 0.179902634375 0.7077456421874999
1 0.22046618593749998 0.83881275 0.273284325 0.8360446687499999 0.2719421265625 0.8104339828124999 0.2191239859375 0.8132020640625001 0.22046618593749998 0.83881275
1 0.3135651296875 0.8467741562500001 0.34236935 0.845264590625 0.340775284375 0.8148479984374999 0.3119710640625 0.8163575640625 0.3135651296875 0.8467741562500001
1 0.23510207656249998 0.93432349375 0.2843157890625 0.9317443125 0.282386990625 0.8949406546875001 0.23317327968749998 0.8975198359375 0.23510207656249998 0.93432349375
1 0.7764953343750001 0.5625317171875001 0.8809145359375 0.5570593390624999 0.8783980484375 0.5090418999999999 0.773978846875 0.5145142796875 0.7764953343750001 0.5625317171875001
1 0.936397778125 0.46751201406250004 0.9988121234375 0.46424101718750005 0.9952053046874999 0.3954187984375 0.9327909578125 0.398689796875 0.936397778125 0.46751201406250004
1 0.4835252578125 0.7367700390625 0.5699379203125 0.7322413437499999 0.5679251671875 0.6938357171875 0.4815125046875 0.6983644124999999 0.4835252578125 0.7367700390625
1 0.664259028125 0.7866607875 0.7002721046875 0.7847734234375 0.6980074843749999 0.741561890625 0.6619944078125 0.74344925625 0.664259028125 0.7866607875
0 0.3630048203125 0.940460909375 0.4794387828125 0.9343588640625 0.47507745312500005 0.8511397374999999 0.358643490625 0.8572417828125 0.3630048203125 0.940460909375
0 0.286252934375 0.9685579671875001 0.38347888124999996 0.9634625703124999 0.38020788437499997 0.901048225 0.2829819359375 0.9061436203125 0.286252934375 0.9685579671875001
0 0.1405128265625 0.599074884375 0.3109508015625 0.5901426078124999 0.305331228125 0.4829147609375 0.134893253125 0.49184703750000003 0.1405128265625 0.599074884375
1 0.323640990625 0.5798601953125 0.372854703125 0.5772810140625 0.3701703046875 0.5260596421875 0.3209565921875 0.5286388234375 0.323640990625 0.5798601953125
1 0.36027565781250004 0.566695678125 0.416682621875 0.5637395140625 0.41466986875 0.5253338859375 0.35826290312500003 0.5282900500000001 0.36027565781250004 0.566695678125
1 0.751825578125 0 0.7549575484375 0.059761554687499996 0.83417695625 0.055609840625 0.83126256875 0 0.751825578125 0
0 0.2614802671875 0.8174077375 0.3646979921875 0.811998325 0.36008479531250004 0.7239732937500001 0.2568670703125 0.7293827046875 0.2614802671875 0.8174077375
0 0.1436769171875 0.8203688140625 0.28290771875 0.8130720359374999 0.27921694375 0.74264785 0.1399861421875 0.7499446265625 0.1436769171875 0.8203688140625