0 0.722359375 0.16025 0.563703125 0.16025 0.563703125 0.3125 0.722359375 0.3125 0.722359375 0.16025
0 0.8317265624999999 0.12659375 0.7007109375 0.12659375 0.7007109375 0.19390625 0.8317265624999999 0.19390625 0.8317265624999999 0.12659375
0 1 0.4887708328125 0.73678125 0.4887708328125 0.73678125 0.6025625 1 0.6025625 1 0.4887708328125
0 0.608171875 0.6362291671875 0.45432812499999997 0.6362291671875 0.45432812499999997 0.7307708328125 0.608171875 0.7307708328125 0.608171875 0.6362291671875
1 0.27404687499999997 0.4070416671875 0.146640625 0.4070416671875 0.146640625 0.5416666671875 0.27404687499999997 0.5416666671875 0.27404687499999997 0.4070416671875
1 0.5901484375 0.5817395828125 0.4976015625 0.5817395828125 0.4976015625 0.6602604171875 0.5901484375 0.6602604171875 0.5901484375 0.5817395828125
1 0.8774062499999999 0.3365416671875 0.83534375 0.3365416671875 0.83534375 0.3958333328125 0.8774062499999999 0.3958333328125 0.8774062499999999 0.3365416671875
1 1 0.357375 0.9555312499999999 0.357375 0.9555312499999999 0.4230833328125 1 0.4230833328125 1 0.357375
1 0.998796875 0.6041666671875 0.9182656250000001 0.6041666671875 0.9182656250000001 0.6634583328125 0.998796875 0.6634583328125 0.998796875 0.6041666671875
1 0.8930312499999999 0.1618645828125 0.84375 0.1618645828125 0.84375 0.22596875 0.8930312499999999 0.22596875 0.8930312499999999 0.1618645828125
1 0.4206796875 0.06409375 0.3569765625 0.06409375 0.3569765625 0.10415624999999999 0.4206796875 0.10415624999999999 0.4206796875 0.06409375
1 0.43990625000000005 0.1458333328125 0.359375 0.1458333328125 0.359375 0.20191666718749998 0.43990625000000005 0.20191666718749998 0.43990625000000005 0.1458333328125
1 0.425484375 0.19390625 0.354578125 0.19390625 0.354578125 0.2403854171875 0.425484375 0.2403854171875 0.425484375 0.19390625
1 0.1310078125 0.6137708328125 0.0877421875 0.6137708328125 0.0877421875 0.6586458328125 0.1310078125 0.6586458328125 0.1310078125 0.6137708328125
1 0.3761953125 0.45992708281250005 0.3437421875 0.45992708281250005 0.3437421875 0.5031979171875001 0.3761953125 0.5031979171875001 0.3761953125 0.45992708281250005
1 0.776453125 0.3541666671875 0.722359375 0.3541666671875 0.722359375 0.4054583328125 0.776453125 0.4054583328125 0.776453125 0.3541666671875