0 0.6605505859374999 0.5097085781249999 0.6341669484375 0.25868503593750003 0.43176102343749995 0.27995875625 0.4581446609375 0.5309822984375 0.6605505859374999 0.5097085781249999
1 0.7139892890625 0.6962618593750001 0.7054457203125 0.6149752328125 0.6480742390625001 0.6210052187499999 0.6566178078125 0.7022918453125 0.7139892890625 0.6962618593750001
1 0.48648050468750004 0.5860250515625001 0.48296246875 0.5525531734375 0.4510963296875 0.5559024406249999 0.454614365625 0.5893743171875 0.48648050468750004 0.5860250515625001
1 0.45753111718749995 0.6325716984375 0.45099808750000003 0.5704140796875 0.41115505468749997 0.5746017515624999 0.41768808281250003 0.6367593703125001 0.45753111718749995 0.6325716984375
1 0.2525659546875 0.5683084140625 0.247540421875 0.520493665625 0.19335969687500001 0.5261882890625 0.1983852296875 0.5740030375 0.2525659546875 0.5683084140625
1 0.2917138375 0.572654215625 0.287317109375 0.5308221375 0.24747407500000002 0.535009809375 0.251870803125 0.5768418859375 0.2917138375 0.572654215625
1 0.9611362531250001 0.763342315625 0.9523411625 0.679662621875 0.8104974781250001 0.69457099375 0.8192925671875001 0.7782506875 0.9611362531250001 0.763342315625
1 0.8462432765625 0.8660551984374999 0.841469265625 0.82063351875 0.7856931640625 0.8264958234374999 0.7904671750000001 0.8719175031249999 0.8462432765625 0.8660551984374999
1 0.8731303562500001 0.8765208156250001 0.8702411250000001 0.8490316078125 0.83994964375 0.852215371875 0.8428388765625 0.879704578125 0.8731303562500001 0.8765208156250001
1 0.9380901406250001 0.9119953140625 0.9315571125 0.8498376953125 0.8518710453124999 0.8582130390625 0.8584040734375 0.9203706578125 0.9380901406250001 0.9119953140625
1 1 0.88493825 0.972616475 0.8878163750000001 0.97776776875 0.93682765625 1 0.9344909546875 1 0.88493825
1 0.9969286578125001 0.950516978125 0.9891396531250001 0.8764095578125 0.90466745 0.8852879437500001 0.912456453125 0.9593953640624999 0.9969286578125001 0.950516978125
1 0.40967750468749997 0.085294471875 0.404274690625 0.0338901203125 0.3596455203125 0.0385808359375 0.365048334375 0.0899851859375 0.40967750468749997 0.085294471875
1 0.3258767796875 0.45303731562499994 0.32235874375 0.4195654390625 0.2936626453125 0.4225815203125 0.29718068125 0.4560533984375 0.3258767796875 0.45303731562499994