1 0.23826250937500001 0.43234795625 0.1559432125 0.42224041718749994 0.1512563203125 0.46041208749999996 0.2335756171875 0.4705196265625 0.23826250937500001 0.43234795625
1 0.24271030312500003 0.376379071875 0.1544357296875 0.3655403171875 0.1491623421875 0.40848861562499994 0.23743691562499997 0.41932737031249995 0.24271030312500003 0.376379071875
1 0.07695909375 0.3850982390625 0.022089903124999997 0.37836115000000003 0.017598509374999998 0.414940609375 0.0724677015625 0.42167770000000004 0.07695909375 0.3850982390625
1 0.22336029062499999 0.5241641328125 0.167296940625 0.51728041875 0.16241455 0.5570443 0.21847789999999997 0.5639280140625 0.22336029062499999 0.5241641328125
1 0.2563233203125 0.5120598421875 0.212186034375 0.506640465625 0.20671714687499998 0.5511809734375 0.250854434375 0.5566003515625 0.2563233203125 0.5120598421875
1 0.3670848953125 0.527265371875 0.3086332328125 0.5200884109375 0.302968846875 0.566221128125 0.361420509375 0.5733980890625 0.3670848953125 0.527265371875
1 0.8032551968750001 0.46619511874999997 0.7722381296874999 0.46238670156249995 0.7677467359375 0.49896616250000003 0.7987638031250001 0.5027745796875001 0.8032551968750001 0.46619511874999997
1 0.888252353125 0.6122569734375001 0.8357559671875 0.6058112265625 0.8306780781249999 0.647167315625 0.8831744640625001 0.6536130609375 0.888252353125 0.6122569734375001
1 0.9661980828125 0.7170896578125 0.9005814781250001 0.7090329515625 0.88847325 0.8076465484375 0.9540898562500001 0.8157032546874999 0.9661980828125 0.7170896578125
1 0.8562577156250001 0.705196396875 0.8073438015625 0.6991905234375 0.80304790625 0.734177775 0.851961821875 0.7401836484375 0.8562577156250001 0.705196396875
1 0.8588022859375 1 0.8610269390624999 0.98188165625 0.7834842703125 0.9723606140625 0.7800905796875 1 0.8588022859375 1
1 0.3464064703125 0.8928662734374999 0.303463340625 0.8875935203124999 0.2938940578125 0.9655290703125001 0.33683718749999997 0.9708018234375 0.3464064703125 0.8928662734374999
1 0.1616552625 0.9379891875 0.1587253203125 0.9618516515625 0.2195652984375 0.9693218609375001 0.22249524062499998 0.945459396875 0.1616552625 0.9379891875
1 0 0.9423521375 0.0477707859375 0.9482176515624999 0.05441012656250001 0.894144565625 0.0054962109375 0.8881386921875001 0 0.9329017343749999 0 0.9423521375
1 0.343159059375 0.4064699890625 0.3002159296875 0.4011972359375 0.2957245375 0.437776696875 0.3386676671875 0.4430494515625 0.343159059375 0.4064699890625
1 0.2502542546875 0.1867915421875 0.22520797343750001 0.1837162453125 0.22052108124999997 0.221887915625 0.24556736250000002 0.2249632125 0.2502542546875 0.1867915421875
1 0.306175996875 0.2146371625 0.25726208125 0.2086312890625 0.25198869375 0.2515795875 0.300902609375 0.2575854609375 0.306175996875 0.2146371625
1 0.7743900375 0.26728847031249997 0.7278644375 0.2615758453125 0.7227865484375 0.302931934375 0.7693121484375001 0.30864456093750003 0.7743900375 0.26728847031249997
1 0.7778891812500001 0.3177682609375 0.7385285234375 0.31293537968749996 0.735012084375 0.341574471875 0.7743727421875 0.346407353125 0.7778891812500001 0.3177682609375
1 0.66479056875 0.4104466515625 0.5991739640625 0.4023899453125 0.5942915734375 0.442153825 0.659908178125 0.45021053125000005 0.66479056875 0.4104466515625
0 0.7624682093749999 0.4531060375 0.568022215625 0.429231071875 0.54790615625 0.5930632203124999 0.7423521515625 0.6169381875 0.7624682093749999 0.4531060375
1 0.1319378421875 0.529090509375 0.0376924828125 0.517518634375 0.030857643750000004 0.57318393125 0.125103003125 0.58475580625 0.1319378421875 0.529090509375
1 0.13065486875 0.21407566406249998 0.0710090484375 0.206752078125 0.0661266578125 0.246515959375 0.125772478125 0.2538395453125 0.13065486875 0.21407566406249998
1 0.07424448593750001 0.3282289328125 0.0301071984375 0.3228095546875 0.0238563171875 0.3737189015625 0.067993603125 0.37913827968749997 0.07424448593750001 0.3282289328125
1 0.47335270625000003 0.2238608796875 0.4077361 0.21580417343749997 0.40344020625 0.25079142499999996 0.46905681093749996 0.25884813125 0.47335270625000003 0.2238608796875
1 0.8366010296875 0.44122910937500004 0.7864929578125001 0.43507661249999996 0.781806065625 0.473248284375 0.8319141390624999 0.47940078125 0.8366010296875 0.44122910937500004