1 0 0.48878125 0.11778124999999999 0.48878125 0.11778124999999999 0.3798020828125 0 0.3798020828125 0 0.48878125
1 0.58053125 0.6314062500000001 0.44712500000000005 0.6314062500000001 0.44712500000000005 0.7820520828124999 0.58053125 0.7820520828124999 0.58053125 0.6314062500000001
1 0.34855468749999996 0.5881458328125 0.2800390625 0.5881458328125 0.2800390625 0.6714791671875 0.34855468749999996 0.6714791671875 0.34855468749999996 0.5881458328125
1 0.7812421875 0.5705 0.6286015625 0.5705 0.6286015625 0.6394166671875 0.7812421875 0.6394166671875 0.7812421875 0.5705
1 0.9999921875 0.41507291718749995 0.9543203124999999 0.41507291718749995 0.9543203124999999 0.45834374999999994 0.9999921875 0.45834374999999994 0.9999921875 0.41507291718749995
1 0.9567265624999999 0.16025 0.9038359375 0.16025 0.9038359375 0.1987083328125 0.9567265624999999 0.1987083328125 0.9567265624999999 0.16025
1 0.8064921875 0.0544791671875 0.7536015625 0.0544791671875 0.7536015625 0.09293749999999999 0.8064921875 0.09293749999999999 0.8064921875 0.0544791671875
1 1 0.23558333281250002 0.97715625 0.23558333281250002 0.97715625 0.2884583328125 1 0.2884583328125 1 0.23558333281250002
1 0.4086484375 0.5 0.3365390625 0.5 0.3365390625 0.572125 0.4086484375 0.572125 0.4086484375 0.5
0 0.9471093749999999 0.4855833328125 0.780046875 0.4855833328125 0.780046875 0.6137916671875 0.9471093749999999 0.6137916671875 0.9471093749999999 0.4855833328125
0 0.936296875 0.2243541671875 0.701921875 0.2243541671875 0.701921875 0.4503125 0.936296875 0.4503125 0.936296875 0.2243541671875
0 0.8124921875 0.16025 0.6261953124999999 0.16025 0.6261953124999999 0.3413333328125 0.8124921875 0.3413333328125 0.8124921875 0.16025
0 0.8978359375 0.12179166718750001 0.7476015625 0.12179166718750001 0.7476015625 0.1810833328125 0.8978359375 0.1810833328125 0.8978359375 0.12179166718750001