0 0.6530025890625 0.561470909375 0.47762511406249997 0.5553465937500001 0.4732066921875 0.6818736375000001 0.6485841671875 0.687997953125 0.6530025890625 0.561470909375
1 0.844911315625 0.4382704609375 0.7872589578125 0.4362571953125 0.78496576875 0.5019255015625 0.842618128125 0.5039387671875 0.844911315625 0.4382704609375
1 0.41489221875000004 0.14746085625 0.3608314203125 0.14557301250000002 0.3579231296875 0.22885558281249999 0.4119839265625 0.2307434265625 0.41489221875000004 0.14746085625
1 0.6542699375 0.008292740625 0.5737877453125 0.005482240625 0.5699284421875 0.1159982109375 0.6504106359375 0.1188087109375 0.6542699375 0.008292740625
1 0.7266431140625 0.0364711109375 0.6533752749999999 0.0339125421875 0.6504109984374999 0.1187983 0.7236788390625 0.1213568703125 0.7266431140625 0.0364711109375
1 0.9037182984375001 0.097177509375 0.9066265906250001 0.013894940625 0.8033301796875 0.0102877515625 0.8004218875 0.09357031875 0.9037182984375001 0.097177509375
1 0.8311133578125001 0.213308128125 0.7578455171875 0.2107495578125 0.755384375 0.2812274328125 0.8286522156249999 0.283786003125 0.8311133578125001 0.213308128125
1 0.892157115625 0.290798228125 0.8260880125 0.28849104531249997 0.82435394375 0.3381482765625 0.8904230468750001 0.3404554609375 0.892157115625 0.290798228125
1 0.698271875 0.160556559375 0.647818253125 0.1587946796875 0.64546908125 0.226066175 0.6959227015625 0.227828053125 0.698271875 0.160556559375
1 0.3812564609375 0.21523452187499997 0.3428111453125 0.21389198125000003 0.3404619734375 0.2811634765625 0.3789072890625 0.2825060171875 0.3812564609375 0.21523452187499997
1 0.216188809375 0.49970953749999997 0.152524490625 0.49748633125 0.150902390625 0.543937184375 0.21456670937500003 0.5461603921875 0.216188809375 0.49970953749999997
1 0.6980159125000001 0.6496268046875 0.6679873421875 0.6485781828125 0.6668691046874999 0.68060033125 0.696897675 0.6816489531250001 0.6980159125000001 0.6496268046875
1 1 0.31862050625 0.978999003125 0.3178871359375 0.9776008421875 0.35792523125 1 0.3587074265625 1 0.31862050625
1 0.14585783125000001 0.1717323125 0.10021377812500001 0.1701383859375 0.0970815484375 0.2598337125 0.1427256015625 0.2614276390625 0.14585783125000001 0.1717323125
1 0.1236067125 0.46440487968750005 0.0407197359375 0.46151040312499997 0.038538517187499996 0.5239723296875 0.12142549531249999 0.5268668062499999 0.1236067125 0.46440487968750005
1 0.164245028125 0.78171435 0.1402284171875 0.780875671875 0.13883025625 0.8209137671875 0.16284686718750002 0.8217524453125 0.164245028125 0.78171435
1 0.21771036562499999 0.7659560796875 0.1672567453125 0.7641942 0.16569062968749998 0.8090418640625 0.2161442515625 0.81080374375 0.21771036562499999 0.7659560796875
1 0.650897334375 0.7939036125000001 0.614856803125 0.7926450484374999 0.6136265953125 0.8278735749999999 0.6496671265625 0.8291321390625 0.650897334375 0.7939036125000001
1 0.07390720625 0.7513139203125 0.0294655453125 0.7497619828125 0.028067384374999997 0.7898000781250001 0.07250904531249999 0.7913520140625 0.07390720625 0.7513139203125
1 0 0.63967700625 0.035666203125000004 0.640922496875 0.0375115140625 0.5880797078125 0 0.5867697765625 0 0.63967700625
1 0.1979442328125 0.5744516765625 0.1138548640625 0.5715152109375 0.112568671875 0.6083469265625 0.196658040625 0.6112833921874999 0.1979442328125 0.5744516765625
1 0.1733885 0.623301534375 0.103712221875 0.6208683859375 0.10248201406249999 0.6560969125 0.17215829375 0.6585300609375 0.1733885 0.623301534375
1 0.77750674375 0.5433779375000001 0.731862690625 0.5417840125 0.730744453125 0.573806159375 0.77638850625 0.575400084375 0.77750674375 0.5433779375000001