1 0.3450233609375 0.9772467015625 0.4423234265625 0.9806444953125 0.4451757328125 0.8989651171874999 0.34787566718749996 0.8955673234375 0.3450233609375 0.9772467015625
1 0.02248729375 0.9836192374999999 0.1029694859375 0.9864297375 0.105709825 0.9079567374999999 0.02522763125 0.9051462375 0.02248729375 0.9836192374999999
1 0.22630726406249999 0.7261693703125001 0.30558706406249997 0.72893788125 0.3075443453125 0.6728887140625 0.22826454375 0.6701202015625001 0.22630726406249999 0.7261693703125001
1 0.1546967640625 0.7797966187500001 0.2255598203125 0.7822712109375 0.22802096249999998 0.7117933375 0.15715790624999998 0.7093187453125 0.1546967640625 0.7797966187500001
1 0.0875775984375 0.8415855828125001 0.15484909375 0.84393475625 0.15714228125000002 0.77826645 0.0898707859375 0.775917278125 0.0875775984375 0.8415855828125001
1 0.0905411203125 0.9635654 0.168618528125 0.9662919234375 0.1724218453125 0.85737914375 0.0943444375 0.8546526203125 0.0905411203125 0.9635654
1 0.33042235625 0.6720824859375 0.379673584375 0.6738023765625 0.3814636375 0.6225419578125 0.33221240937499996 0.620822065625 0.33042235625 0.6720824859375
1 0.4988253953125 0.67153225 0.5793075875 0.67434275 0.582047925 0.5958697500000001 0.5015657328125 0.59305925 0.4988253953125 0.67153225
1 0.598094559375 0.7215167250000001 0.6401314359375 0.7229846859375 0.6410824468749999 0.6957512859375 0.5990455703124999 0.694283325 0.598094559375 0.7215167250000001
1 0.575999596875 0.768847371875 0.650469828125 0.7714479296875 0.651979959375 0.7282034562499999 0.5775097265625 0.7256028984375 0.575999596875 0.768847371875
0 0.818269590625 0.82219955625 0.9888374984375 0.8281559187499999 0.99370306875 0.6888241828125 0.8231351625000001 0.6828678203125 0.818269590625 0.82219955625
0 1 0.44850171093749996 0.7210219 0.4387595796875 0.7141423375 0.635764496875 0.9952210078125001 0.6455799796874999 1 0.508727534375 1 0.44850171093749996
0 0.7937106328125 0.354703509375 0.9462582734374999 0.360030590625 0.9489426265625 0.28316077968750003 0.7963949859375 0.2778336984375 0.7937106328125 0.354703509375
0 1 0.318610084375 0.9513833875 0.316912353125 0.9459579703125 0.47227598750000005 1 0.47416317656249996 1 0.318610084375
1 0.6641804046875001 0.44800021875 0.7266423328125 0.45018143750000006 0.7278165546875 0.4165561015625 0.665354628125 0.4143748828125 0.6641804046875001 0.44800021875
1 0.8579340796875 0.271967390625 0.9059829171875 0.27364529375 0.9074930468750001 0.2304008203125 0.8594442093750001 0.22872291718749999 0.8579340796875 0.271967390625