0 0.4687421875 0.1298020828125 0.3293203125 0.1298020828125 0.3293203125 0.2948645828125 0.4687421875 0.2948645828125 0.4687421875 0.1298020828125
0 0.6310156250000001 0.11217708281250001 0.459140625 0.11217708281250001 0.459140625 0.1906979171875 0.6310156250000001 0.1906979171875 0.6310156250000001 0.11217708281250001
0 0.6490390625 0.22917708281250002 0.3665859375 0.22917708281250002 0.3665859375 0.3942395828125 0.6490390625 0.3942395828125 0.6490390625 0.22917708281250002
1 0.441109375 0.5208333328125 0.222359375 0.5208333328125 0.222359375 0.607375 0.441109375 0.607375 0.441109375 0.5208333328125
0 0.56009375 0.41507291718749995 0.41224999999999995 0.41507291718749995 0.41224999999999995 0.53846875 0.56009375 0.53846875 0.56009375 0.41507291718749995
1 0.1971171875 0.5977604171875 0.031257812499999996 0.5977604171875 0.031257812499999996 0.7660312499999999 0.1971171875 0.7660312499999999 0.1971171875 0.5977604171875
1 0.8149062499999999 0.384625 0.7451875 0.384625 0.7451875 0.4583333328125 0.8149062499999999 0.4583333328125 0.8149062499999999 0.384625
1 0.7427890625 0.44711458281249994 0.6658671875 0.44711458281249994 0.6658671875 0.56409375 0.7427890625 0.56409375 0.7427890625 0.44711458281249994
1 0.9435078125 0.6410312499999999 0.8533671875 0.6410312499999999 0.8533671875 0.7435937499999999 0.9435078125 0.7435937499999999 0.9435078125 0.6410312499999999
1 0.9399062499999999 0.7275625 0.8798125000000001 0.7275625 0.8798125000000001 0.8012708328124999 0.9399062499999999 0.8012708328124999 0.9399062499999999 0.7275625
1 0.9266796875000001 0.7628125 0.8317265624999999 0.7628125 0.8317265624999999 0.8766041671875 0.9266796875000001 0.8766041671875 0.9266796875000001 0.7628125