0 0.5048095109374999 0 0.518493084375 0.1114437703125 0.6871018624999999 0.09074121562500001 0.6759602421875 0 0.5048095109374999 0
0 0.5482685046875 0 0.3606983171875 0.0230307234375 0.39468082187500003 0.2997960140625 0.6094223171875 0.2734290734375 0.5758494484375001 0 0.5482685046875 0
0 0.33286493125 0.2565382890625 0.30752372499999997 0.0501507234375 0.181863246875 0.065579890625 0.207204453125 0.27196745624999996 0.33286493125 0.2565382890625
0 0.7399779109375 0.2453008734375 0.721668946875 0.0961863234375 0.6628192296875 0.10341215937499999 0.6811281953125 0.252526709375 0.7399779109375 0.2453008734375
1 0.1981115234375 1 0.190453071875 0.9376269109375001 0.08865505625 0.950126134375 0.094778796875 1 0.1981115234375 1
1 0.41291140468750004 0.8558124765624999 0.39899545000000003 0.7424761140625 0.34173794375 0.7495064515625 0.3556538984375 0.8628428156249999 0.41291140468750004 0.8558124765624999
1 0.2545257953125 0.946698528125 0.24778870625 0.8918293359374999 0.1412140640625 0.9049150562499999 0.147951153125 0.9597842484375001 0.2545257953125 0.946698528125
1 0.1770882828125 0.710397875 0.16141474375 0.582747134375 0.061208937500000005 0.5950508609375 0.0768824765625 0.7227016015625 0.1770882828125 0.710397875
1 0.072165225 0.6712051421874999 0.058982390625000006 0.5638395640625 0.004909304687499999 0.5704789046875 0.018092139062500002 0.6778444828125 0.072165225 0.6712051421874999
1 0.20133270625000002 0.592368134375 0.19430236875 0.5351106296875 0.1163668171875 0.5446799109375 0.12339715625 0.6019374171874999 0.20133270625000002 0.592368134375
1 0.36900861093750004 0.43252337343749997 0.3630027375 0.383609459375 0.30415302187500004 0.3908352953125 0.310158896875 0.4397492109375 0.36900861093750004 0.43252337343749997
1 0.3250836890625 0.45608333749999996 0.3155626453125 0.3785406703125 0.25193630312500004 0.386353003125 0.2614573453125 0.4638956703125 0.3250836890625 0.45608333749999996
1 0.486432325 0.5210447234375 0.47779102656249994 0.450666996875 0.39667105625 0.4606272765625 0.4053123546875 0.531005003125 0.486432325 0.5210447234375
1 0.1093142265625 1 0.10282797968749999 0.9471737593749999 0.0519186328125 0.953424640625 0.0576373671875 1 0.1093142265625 1
1 0.397097234375 0.9110420375 0.3894804 0.849007903125 0.317893009375 0.8577977296875 0.32550984375 0.9198318640625001 0.397097234375 0.9110420375
1 0.6261628531250001 0.344040240625 0.6210367234375 0.30229126875 0.586049471875 0.3065871625 0.5911755999999999 0.348336134375 0.6261628531250001 0.344040240625
1 0.148641990625 0.0975071484375 0.141611653125 0.04024964375 0.07957751874999999 0.047866476562499996 0.08660785625 0.10512398281249999 0.148641990625 0.0975071484375