0 0.5943538546875 0.49547675937499996 0.36392367812500004 0.4464973125 0.32260989218749997 0.6408633921875 0.5530400703125 0.6898428390625 0.5943538546875 0.49547675937499996
1 0.8110637171875 0.8806800562499999 0.731115434375 0.8636865234375 0.7057935234375 0.9828167515624999 0.78574180625 0.9998102828125001 0.8110637171875 0.8806800562499999
1 0.6517656374999999 0.49130126250000006 0.629421078125 0.4865517796875 0.6230884343749999 0.5163445249999999 0.64543299375 0.5210940078124999 0.6517656374999999 0.49130126250000006
1 0.7089745265625 0.47068259218749997 0.6478403015625 0.4576881109375 0.6421747078125 0.4843426328125 0.7033089328125001 0.4973371140625 0.7089745265625 0.47068259218749997
1 0.73215839375 0.6853287390625 0.672201003125 0.6725844015625 0.658205946875 0.7384259625 0.7181633374999999 0.7511703 0.73215839375 0.6853287390625
1 0.8996651796874999 0.856926003125 0.8514608421875 0.8466798546875 0.8394669374999999 0.9031067437500001 0.8876712734375 0.9133528921874999 0.8996651796874999 0.856926003125
1 0.8585732515625001 0.9808829343750001 0.9067775890625001 0.9911290828125001 0.9231029875000001 0.9143241171875 0.8748986515625001 0.90407796875 0.8585732515625001 0.9808829343750001
1 0 0.6050693390624999 0.0126186234375 0.6077515109375 0.0242790046875 0.55289373125 0 0.54773306875 0 0.6050693390624999
1 0.0737182421875 0.40120164062499997 0.0184681859375 0.389457878125 0.0094716734375 0.43178314218749997 0.0647217296875 0.443526903125 0.0737182421875 0.40120164062499997
1 0.1869930640625 0.35974265625 0.138788728125 0.34949650781249997 0.131793365625 0.3824070984375 0.1799977015625 0.39265324687500003 0.1869930640625 0.35974265625
1 0.20375706249999997 0.44850100312499996 0.1614368953125 0.4395055734375 0.1531074328125 0.4786926125 0.19542759999999998 0.48768804218749995 0.20375706249999997 0.44850100312499996