1 0.43638490625 0.508688590625 0.4228553546875 0.4390850890625 0.3316049296875 0.45682237499999995 0.3451344796875 0.5264258765625 0.43638490625 0.508688590625
1 0.1162567203125 0.7178491734375 0.0963052546875 0.6152077796875 0.0270800875 0.6286637890625 0.047031553125 0.73130518125 0.1162567203125 0.7178491734375
1 0.053298498437499994 0.6039730671875 0.012397365625 0.6119234421875 0.022945525 0.6661890203125 0.063846659375 0.6582386453125 0.053298498437499994 0.6039730671875
1 0.14496483437500002 1 0.139002171875 0.9693247625 0.0839492484375 0.9800259671875 0.0878318078125 1 0.14496483437500002 1
1 0.126133821875 1 0.20092730312499998 0.9854616203125 0.1867090515625 0.9123150578124999 0.0954586234375 0.9300523437500001 0.10905507031249999 1 0.126133821875 1
1 0.377733528125 0.8200774546874999 0.3600747515625 0.7292309265625 0.297148359375 0.7414625781249999 0.31480713437499996 0.83230910625 0.377733528125 0.8200774546874999
1 0.36967788281249997 0.88776439375 0.3545413625 0.80989375 0.2664403234375 0.8270188578125 0.28157684375 0.9048895015625 0.36967788281249997 0.88776439375
1 0.2934599046875 0.95766995625 0.28038650625 0.89041315625 0.2001589359375 0.9060078171875 0.2132323328125 0.9732646171875 0.2934599046875 0.95766995625
1 0.6025482625 0.32212575625 0.5924562546875001 0.27020688125 0.5342539421875 0.28152026406249997 0.5443459500000001 0.3334391390625 0.6025482625 0.32212575625
1 0.667091221875 0.259360325 0.6528729703125 0.1862137625 0.588371884375 0.198751503125 0.6025901359375 0.2718980671875 0.667091221875 0.259360325
0 0.708643890625 0.1876135109375 0.682500078125 0.05311525 0.624297765625 0.0644286328125 0.6504415781249999 0.19892689531250002 0.708643890625 0.1876135109375
0 0.46321125625 0 0.4781639015625 0.0769246890625 0.6527708375 0.0429845390625 0.6444154890625 0 0.46321125625 0
0 0.48334147656250004 0 0.3129167265625 0.033127215625 0.36176681093749996 0.2844391125 0.5694218609374999 0.244075059375 0.5219784765625 0 0.48334147656250004 0
1 0.3175595640625 0.4264919765625 0.3090745265625 0.38284024375 0.26187461875 0.39201497500000004 0.27035965625 0.43566670937499996 0.3175595640625 0.4264919765625
1 0.2811822390625 0.44090095625 0.2701749453125 0.3842733375 0.2151220203125 0.3949745421875 0.22612931406249998 0.45160216093749994 0.2811822390625 0.44090095625
1 0.43011560624999995 0.6948043 0.4197940328125 0.6417044046875 0.352143559375 0.6548543234374999 0.36246513281250003 0.7079542203125 0.43011560624999995 0.6948043