1 0.5483759046875 0.20883058281250003 0.6071564625 0.2213247765625 0.616820025 0.175861290625 0.5580394671875 0.163367096875 0.5483759046875 0.20883058281250003
1 0.36687770625 0.3111539109375 0.426835096875 0.32389824843750004 0.43616513437500004 0.280003875 0.37620774218749997 0.26725953750000003 0.36687770625 0.3111539109375
1 0.4231782953125 0.3411397234375 0.4760899671875 0.352386446875 0.4824226109375 0.3225937015625 0.4295109390625 0.311346978125 0.4231782953125 0.3411397234375
1 0.275171940625 0.3899443890625 0.3280836125 0.4011911125 0.33941046875 0.34790244531250003 0.286498796875 0.33665572187500004 0.275171940625 0.3899443890625
1 0 0.7410619359374999 0.0449270703125 0.7506114796875 0.07291718124999999 0.618928359375 0 0.6034293328125 0 0.7410619359374999
1 0.2381283671875 0.627836953125 0.35451264843749997 0.6525751953125 0.370170996875 0.5789084546875001 0.253786715625 0.5541702125 0.2381283671875 0.627836953125
1 0.8262436734374999 1 0.8305284234375 0.9798418359375001 0.630665359375 0.9373596296875 0.6173507375 1 0.8262436734374999 1
1 0.6087646734375001 1 0.6134539359375 0.9779387578125001 0.5499660421875 0.964443990625 0.5439669234375 0.9926676249999999 0.5784630390625 1 0.6087646734375001 1
1 0.0618250109375 0.82137954375 0.15823368437500002 0.8418718406249999 0.18422264531250002 0.719603390625 0.087813971875 0.69911109375 0.0618250109375 0.82137954375
1 0.11482578437499999 0.48530498906249997 0.188889896875 0.501047803125 0.202551428125 0.4367753546875 0.1284873140625 0.421032540625 0.11482578437499999 0.48530498906249997
0 0.4611643765625 0.2607282078125 0.6010700499999999 0.2904660765625 0.61306395625 0.2340391859375 0.4731582828125 0.20430131718750003 0.4611643765625 0.2607282078125
0 0.5926661890625 0.3935442375 0.7243340265625 0.4215311 0.75665563125 0.26946990312499997 0.62498779375 0.241483040625 0.5926661890625 0.3935442375
0 0.28471284375 0.57055184375 0.5892071343749999 0.635274103125 0.6311879703125001 0.4377698 0.3266936796875 0.373047540625 0.28471284375 0.57055184375
0 0.4221210328125 0.814386484375 0.5984627046875 0.8518690640625 0.635444996875 0.677881059375 0.45910332499999995 0.6403984796875 0.4221210328125 0.814386484375