0 0.505926753125 0.381715671875 0.45401578281250005 0.6065667890625 0.6507573375 0.6519881562500001 0.7026683078125 0.4271370390625 0.505926753125 0.381715671875
1 1 0.181227278125 0.90278861875 0.1587842625 0.8816994578124999 0.25013145625 1 0.2774432890625 1 0.181227278125
1 0.7266599874999999 0.2377824078125 0.712600546875 0.2986805375 0.75788845625 0.309136075 0.771947896875 0.2482379453125 0.7266599874999999 0.2377824078125
1 0.503352453125 0.314515815625 0.49578144375 0.3473094578125 0.5332540921875 0.3559607 0.5408251015625 0.3231670578125 0.503352453125 0.314515815625
1 0.6082574375 1 0.616658915625 0.9636091953125 0.5760601640624999 0.9542362343749999 0.5665981609374999 0.995220675 0.587299690625 1 0.6082574375 1
1 0.8873070265624999 0.0762728359375 0.877574378125 0.1184295671875 0.9290941953124999 0.130323853125 0.93882684375 0.0881671234375 0.8873070265624999 0.0762728359375
1 0.41990896875 0.918177871875 0.412067315625 0.952143803125 0.437055846875 0.9579128609374999 0.4448975 0.9239469296875 0.41990896875 0.918177871875
1 0.368332584375 0.7853911453125 0.3569760703125 0.834581609375 0.3960117703125 0.8435937109375 0.40736828437500006 0.794403246875 0.368332584375 0.7853911453125
1 0.1692505546875 0.8640211515624999 0.15627369062500002 0.920230125 0.20156159843750002 0.9306856625 0.21453846250000003 0.8744766890625 0.1692505546875 0.8640211515624999
1 0.3152191734375 0.6806092359375 0.30467459375 0.7262828328125 0.33902113749999996 0.7342123578125 0.34956571875 0.6885387609375 0.3152191734375 0.6806092359375
1 0.25974942031250003 0.3224116125 0.2500167734375 0.3645683421875 0.2906155265625 0.37394130312499996 0.300348175 0.3317845734375 0.25974942031250003 0.3224116125
1 0.0515083234375 0.8824766765625001 0.045561179687499995 0.9082365859375001 0.0799077234375 0.916166109375 0.08585486718749999 0.8904062015624999 0.0515083234375 0.8824766765625001
1 0.48049465468749997 0.27099281249999996 0.467517790625 0.3272017859375 0.497195478125 0.33405342031249996 0.5101723421875 0.277844446875 0.48049465468749997 0.27099281249999996
1 0.6000118921875 0.19497693437500002 0.593523459375 0.2230814203125 0.6232011484375 0.22993305468749997 0.62968958125 0.20182856875000002 0.6000118921875 0.19497693437500002
1 0.6737458937499999 0.203356365625 0.6677987515625 0.2291162734375 0.7021452953125 0.2370457984375 0.7080924390625001 0.2112858890625 0.6737458937499999 0.203356365625
1 1 0.1022820421875 0.9497496640625 0.0906808375 0.9362315125 0.1492343890625 1 0.1639565046875 1 0.1022820421875
1 0.187933734375 0.654919375 0.1725210734375 0.72167895 0.2084306703125 0.7299693328125 0.22384333281250002 0.663209759375 0.187933734375 0.654919375
1 0.1921062390625 0.6225839171875001 0.1861590953125 0.648343825 0.222068690625 0.656634209375 0.228015834375 0.6308743 0.1921062390625 0.6225839171875001
1 0.3116765359375 0.3183719484375 0.302755821875 0.3570118109375 0.3402284703125 0.36566305312499997 0.3491491859375 0.32702319062499996 0.3116765359375 0.3183719484375