0 0.7740390625 0.24679166718749998 0.6009609375 0.24679166718749998 0.6009609375 0.3509583328125 0.7740390625 0.3509583328125 0.7740390625 0.24679166718749998
0 0.766828125 0.3942395828125 0.46995312499999997 0.3942395828125 0.46995312499999997 0.6426354171875001 0.766828125 0.6426354171875001 0.766828125 0.3942395828125
0 0.8629765624999999 0.3974375 0.6538359375 0.3974375 0.6538359375 0.7195625 0.8629765624999999 0.7195625 0.8629765624999999 0.3974375
0 0.9999921875 1 0.9999921875 0.8397500000000001 0.8810078125 0.8397500000000001 0.8810078125 1 0.9999921875 1
1 0.8774062499999999 1 0.8774062499999999 0.9022500000000001 0.71634375 0.9022500000000001 0.71634375 1 0.8774062499999999 1
1 0.284859375 1 0.284859375 0.9054583328125 0.21154687499999997 0.9054583328125 0.21154687499999997 1 0.284859375 1
1 0.3305234375 0.7532083328125 0.2560078125 0.7532083328125 0.2560078125 0.875 0.3305234375 0.875 0.3305234375 0.7532083328125
1 1 0.6506458328125 0.9651484375000001 0.6506458328125 0.9651484375000001 0.6987291671875 1 0.6987291671875 1 0.6506458328125
1 0.9278828125 0.4070520828125 0.8665859375 0.4070520828125 0.8665859375 0.47115625000000005 0.9278828125 0.47115625000000005 0.9278828125 0.4070520828125
1 0.6478359375 0.12498958281250001 0.5913515625 0.12498958281250001 0.5913515625 0.21634375 0.6478359375 0.21634375 0.6478359375 0.12498958281250001
1 1 0.4999895828125 0.9399062499999999 0.4999895828125 0.9399062499999999 0.5496770828125 1 0.5496770828125 1 0.4999895828125
1 0.5048046875 0.2756458328125 0.41225781250000004 0.2756458328125 0.41225781250000004 0.3445625 0.5048046875 0.3445625 0.5048046875 0.2756458328125