0 0.3239603875 0.5452994171875 0.5198843203125 0.5941487390625 0.5602046359374999 0.432432784375 0.36428070468749996 0.38358346249999997 0.3239603875 0.5452994171875
1 0.033314559375000004 0.6776247890625 0.1079515265625 0.696233875 0.13237555781250002 0.5982744359375001 0.057738590624999996 0.57966535 0.033314559375000004 0.6776247890625
1 0.9011925296875001 0.6248062015625 0.9793316578125 0.644288475 0.9894117359375001 0.6038594859375 0.911272609375 0.5843772125 0.9011925296875001 0.6248062015625
1 1 0.53712625625 0.9217276218749999 0.5176107609375 0.9116475421875 0.5580397500000001 0.9932888312499999 0.578395209375 1 0.5514781828124999 1 0.53712625625
1 0.1645963640625 0.528689896875 0.218235525 0.542063640625 0.2298679359375 0.49540858749999994 0.1762287765625 0.4820348421875 0.1645963640625 0.528689896875
1 0.312201278125 0.4036426515625 0.3343664703125 0.40916905468750003 0.3417350078125 0.37961546562500004 0.31956981562500003 0.3740890625 0.312201278125 0.4036426515625
1 0.28575349375000003 0.36565770625 0.3324034921875 0.37728885624999997 0.3382196984375 0.3539613296875 0.29156969843749997 0.342330178125 0.28575349375000003 0.36565770625
1 0.864736778125 0.7412476484375 0.9358715828124999 0.7589835484375 0.9529321171875 0.690557484375 0.8817973109375 0.6728215859375 0.864736778125 0.7412476484375
1 0 0.5834340671875 0.02898233125 0.590660175 0.03828624375 0.5533442171875 0 0.5437983843749999 0 0.5834340671875
1 0 0.6396025109375 0.033293232812500004 0.6479034453125 0.045701809375 0.5981353609375 0 0.58674061875 0 0.6396025109375
1 0.883932059375 0.3611852640625 0.9410733812500001 0.3754321953125 0.9499892109375001 0.33967275625000004 0.8928478890625 0.3254258234375 0.883932059375 0.3611852640625
1 1 0.2497568234375 0.9973400578125 0.24909362499999999 0.9880361453125 0.28640958125 1 0.2893925046875 1 0.2497568234375
1 0.9496111390624999 0.361049609375 0.964772009375 0.3648296390625 0.9744640062500001 0.325957165625 0.9593031359375 0.32217713593749997 0.9496111390624999 0.361049609375
1 0.4092686453125 0.22798037031249999 0.45708603124999997 0.239902584375 0.4660018609375 0.20414314218750002 0.418184475 0.1922209296875 0.4092686453125 0.22798037031249999
1 0.38402203749999997 0.259678825 0.42716987656249994 0.270436790625 0.4337622484375 0.24399623125 0.390614409375 0.23323826718750001 0.38402203749999997 0.259678825
1 0.7554658640625 0.6677545640625 0.7846202171875001 0.6750235609375 0.7943122140625001 0.6361510874999999 0.765157859375 0.628882090625 0.7554658640625 0.6677545640625
1 0.7969755109375 0.5410217328125 0.84012335 0.551779696875 0.8474918875 0.52222610625 0.8043440500000001 0.5114681421875 0.7969755109375 0.5410217328125
1 0.47734398125000005 0.31763318906250004 0.5041635624999999 0.3243200625 0.509591684375 0.3025490515625 0.48277210468750004 0.2958621796875 0.47734398125000005 0.31763318906250004
1 0.16465713906249999 0.6327540828125 0.2182963 0.646127828125 0.22915254531249998 0.6025858078125 0.175513384375 0.5892120624999999 0.16465713906249999 0.6327540828125