1 0.4483125 0.3894375 0.35696875 0.3894375 0.35696875 0.4423125 0.4483125 0.4423125 0.4483125 0.3894375
1 0.8317343749999999 0.46475 0.760828125 0.46475 0.760828125 0.5208333328125 0.8317343749999999 0.5208333328125 0.8317343749999999 0.46475
1 1 0.8846145828124999 0.86778125 0.8846145828124999 0.86778125 0.97596875 1 0.97596875 1 0.8846145828124999
1 0.6033593749999999 0.7932708328125 0.543265625 0.7932708328125 0.543265625 0.8910208328125 0.6033593749999999 0.8910208328125 0.6033593749999999 0.7932708328125
1 0.6862890625 0.6410312499999999 0.5985546875 0.6410312499999999 0.5985546875 0.7019270828125 0.6862890625 0.7019270828125 0.6862890625 0.6410312499999999
1 0.5576953125 0.6714791671875 0.4915859375 0.6714791671875 0.4915859375 0.7451875 0.5576953125 0.7451875 0.5576953125 0.6714791671875
1 0.2511953125 0.2868645828125 0.16105468750000002 0.2868645828125 0.16105468750000002 0.3477604171875 0.2511953125 0.3477604171875 0.2511953125 0.2868645828125
0 0.6370234375 0.115375 0.5060078125 0.115375 0.5060078125 0.20191666718749998 0.6370234375 0.20191666718749998 0.6370234375 0.115375
0 0.717546875 0.0865416671875 0.623796875 0.0865416671875 0.623796875 0.1394166671875 0.717546875 0.1394166671875 0.717546875 0.0865416671875
0 0.8641796875000001 0.2804583328125 0.7091328125 0.2804583328125 0.7091328125 0.3605833328125 0.8641796875000001 0.3605833328125 0.8641796875000001 0.2804583328125
0 0.7199453124999999 0.2980729171875 0.6009609375 0.2980729171875 0.6009609375 0.3653854171875 0.7199453124999999 0.3653854171875 0.7199453124999999 0.2980729171875
0 0.8389453124999999 0.6570416671875 0.6189921875 0.6570416671875 0.6189921875 0.8445416671875 0.8389453124999999 0.8445416671875 0.8389453124999999 0.6570416671875