0 0.7139453125 0.3012916671875 0.5516796875 0.3012916671875 0.5516796875 0.4262916671875 0.7139453125 0.4262916671875 0.7139453125 0.3012916671875
1 0.8978359375 0.49037499999999995 0.8389453124999999 0.49037499999999995 0.8389453124999999 0.552875 0.8978359375 0.552875 0.8978359375 0.49037499999999995
1 1 0.8958333328125001 0.9158671875 0.8958333328125001 0.9158671875 1 1 1 1 0.8958333328125001
1 0.759625 0.8525625 0.67428125 0.8525625 0.67428125 0.9535208328125 0.759625 0.9535208328125 0.759625 0.8525625
1 0.8365390625 0.8461458328125 0.7548046875 0.8461458328125 0.7548046875 0.9326874999999999 0.8365390625 0.9326874999999999 0.8365390625 0.8461458328125
1 0.8413515625000001 1 0.8413515625000001 0.9487083328124999 0.7668359375 0.9487083328124999 0.7668359375 1 0.8413515625000001 1
1 0.9122656250000001 0.7211458328125 0.8497656250000001 0.7211458328125 0.8497656250000001 0.7692291671875 0.9122656250000001 0.7692291671875 0.9122656250000001 0.7211458328125
1 0.9411093749999999 0.6538333328125 0.8942343749999999 0.6538333328125 0.8942343749999999 0.6842916671875 0.9411093749999999 0.6842916671875 0.9411093749999999 0.6538333328125
1 0.7488046875000001 0.3205104171875 0.7319765625 0.3205104171875 0.7319765625 0.3397395828125 0.7488046875000001 0.3397395828125 0.7488046875000001 0.3205104171875
1 0.4891875 0.6826875 0.46034375 0.6826875 0.46034375 0.7307708328125 0.4891875 0.7307708328125 0.4891875 0.6826875
1 0.530046875 0.7403854171875001 0.46995312499999997 0.7403854171875001 0.46995312499999997 0.8076979171875 0.530046875 0.8076979171875 0.530046875 0.7403854171875001
1 0.23077343749999998 0.7580208328125 0.1935078125 0.7580208328125 0.1935078125 0.7820625 0.23077343749999998 0.7820625 0.23077343749999998 0.7580208328125
1 0.22717187499999997 0.43910416718749995 0.146640625 0.43910416718749995 0.146640625 0.4871875 0.22717187499999997 0.4871875 0.22717187499999997 0.43910416718749995
1 0.29446875 0.42789583281250004 0.25240625 0.42789583281250004 0.25240625 0.4599375 0.29446875 0.4599375 0.29446875 0.42789583281250004
1 0.8377421875 0.42146875 0.7896640625 0.42146875 0.7896640625 0.45032291718749995 0.8377421875 0.45032291718749995 0.8377421875 0.42146875
1 0.1153828125 0.45512499999999995 0.0023984375 0.45512499999999995 0.0023984375 0.508 0.1153828125 0.508 0.1153828125 0.45512499999999995
1 0.7980859375 0.7531979171875001 0.7451953125 0.7531979171875001 0.7451953125 0.8108854171875001 0.7980859375 0.8108854171875001 0.7980859375 0.7531979171875001
1 0.29207031250000004 0.1746770828125 0.2391796875 0.1746770828125 0.2391796875 0.20832291718749998 0.29207031250000004 0.20832291718749998 0.29207031250000004 0.1746770828125
1 0.152640625 0.19390625 0.105765625 0.19390625 0.105765625 0.2275520828125 0.152640625 0.2275520828125 0.152640625 0.19390625
1 0.21153906249999999 0.0977604171875 0.1706796875 0.0977604171875 0.1706796875 0.1346145828125 0.21153906249999999 0.1346145828125 0.21153906249999999 0.0977604171875
1 0.7091406250000001 0.169875 0.670671875 0.169875 0.670671875 0.20033333281250001 0.7091406250000001 0.20033333281250001 0.7091406250000001 0.169875
1 0.719953125 0.205125 0.683890625 0.205125 0.683890625 0.22916666718749998 0.719953125 0.22916666718749998 0.719953125 0.205125
1 0.7752421875 0.3012916671875 0.7379765625 0.3012916671875 0.7379765625 0.322125 0.7752421875 0.322125 0.7752421875 0.3012916671875
1 0.40504687500000003 0.71475 0.36898437500000003 0.71475 0.36898437500000003 0.7564166671875 0.40504687500000003 0.7564166671875 0.40504687500000003 0.71475
1 0.12860156250000002 0.33975 0.10096093749999999 0.33975 0.10096093749999999 0.3717916671875 0.12860156250000002 0.3717916671875 0.12860156250000002 0.33975
1 0.0697109375 0.31409375 0.0240390625 0.31409375 0.0240390625 0.3397395828125 0.0697109375 0.3397395828125 0.0697109375 0.31409375
1 0.2788515625 0.3685833328125 0.21514843749999998 0.3685833328125 0.21514843749999998 0.3958333328125 0.2788515625 0.3958333328125 0.2788515625 0.3685833328125
1 0.266828125 0.8685833328125 0.170671875 0.8685833328125 0.170671875 0.9102499999999999 0.266828125 0.9102499999999999 0.266828125 0.8685833328125