1 0.9627421875 0.865375 0.8726015625000001 0.865375 0.8726015625000001 0.9583333328125001 0.9627421875 0.9583333328125001 0.9627421875 0.865375
1 0.9014374999999999 0.8237187499999999 0.8100937500000001 0.8237187499999999 0.8100937500000001 0.9567395828124999 0.9014374999999999 0.9567395828124999 0.9014374999999999 0.8237187499999999
1 0.9867734374999999 1 0.9867734374999999 0.9583333328125001 0.8737890625 0.9583333328125001 0.8737890625 1 0.9867734374999999 1
1 0.6466328125 0.8798020828125 0.5408671875 0.8798020828125 0.5408671875 0.96153125 0.6466328125 0.96153125 0.6466328125 0.8798020828125
1 0.5949453124999999 0.93909375 0.5023984375 0.93909375 0.5023984375 0.9999895828125 0.5949453124999999 0.9999895828125 0.5949453124999999 0.93909375
1 0.764421875 0.66025 0.704328125 0.66025 0.704328125 0.72275 0.764421875 0.72275 0.764421875 0.66025
1 0.8461562499999999 0.6842916671875 0.77884375 0.6842916671875 0.77884375 0.7532083328125 0.8461562499999999 0.7532083328125 0.8461562499999999 0.6842916671875
1 0.50721875 0.5384583328125 0.421875 0.5384583328125 0.421875 0.6394166671875 0.50721875 0.6394166671875 0.50721875 0.5384583328125
1 0.3810078125 0.6570520828124999 0.3437421875 0.6570520828124999 0.3437421875 0.6971145828124999 0.3810078125 0.6971145828124999 0.3810078125 0.6570520828124999
1 0.42307812499999997 0.6923020828124999 0.33773437500000003 0.6923020828124999 0.33773437500000003 0.7676145828125 0.42307812499999997 0.7676145828125 0.42307812499999997 0.6923020828124999
0 0.1658671875 0.6682708328125 0.0000078125 0.6682708328125 0.0000078125 0.7660208328125 0.1658671875 0.7660208328125 0.1658671875 0.6682708328125
0 0 0.617 0.28125 0.617 0.28125 0.3605833328125 0 0.3605833328125 0 0.617
0 0 0.4423125 0.08053125 0.4423125 0.08053125 0.2788541671875 0 0.2788541671875 0 0.4423125
0 0.2403828125 0.2468020828125 0.08052343749999999 0.2468020828125 0.08052343749999999 0.31090625 0.2403828125 0.31090625 0.2403828125 0.2468020828125
1 0.1802890625 0.1875104171875 0.1322109375 0.1875104171875 0.1322109375 0.2419895828125 0.1802890625 0.2419895828125 0.1802890625 0.1875104171875
1 0.3677890625 0.3733958328125 0.2992734375 0.3733958328125 0.2992734375 0.4214791671875 0.3677890625 0.4214791671875 0.3677890625 0.3733958328125
1 0.62259375 0.5272395828125 0.5733125 0.5272395828125 0.5733125 0.59134375 0.62259375 0.59134375 0.62259375 0.5272395828125