1 1 0.509042034375 0.936491703125 0.4932076375 0.9171077109375 0.5709525828124999 0.9917446765625 0.5895616687499999 1 0.556451375 1 0.509042034375
1 0.7884365375 0.5454950953125 0.8875583109375 0.5702089296875 0.90461884375 0.5017828671875 0.8054970718750001 0.4770690328125 0.7884365375 0.5454950953125
1 0.11964653125 0.157433478125 0.0730041125 0.1458042171875 0.0536201203125 0.22354916249999998 0.1002625390625 0.2351784234375 0.11964653125 0.157433478125
1 0.6202274562500001 0.07744006875000001 0.6820383265625 0.0928512484375 0.6967703609375 0.033764282812500004 0.6349594921875 0.018353101562499998 0.6202274562500001 0.07744006875000001
1 0.631931271875 0.1596402578125 0.6692573359375 0.168946690625 0.6867059515625 0.0989641109375 0.6493798890625 0.089657678125 0.631931271875 0.1596402578125
1 0.150967096875 0.49390096406249995 0.1766192890625 0.5002967734375 0.18321166093750002 0.473856215625 0.15755946875 0.46746040468750005 0.150967096875 0.49390096406249995
1 0.15769173593750002 0.68055128125 0.19385041249999999 0.6895666515625 0.20160199374999999 0.6584767578124999 0.1654433171875 0.6494613874999999 0.15769173593750002 0.68055128125
1 0.64674926875 0.8355310671874999 0.6700666875 0.841344753125 0.6778182687500001 0.8102548609375001 0.65450085 0.804441175 0.64674926875 0.8355310671874999
1 0.5919206859374999 0.807002753125 0.6490620078125 0.8212496843749999 0.6599182531250001 0.7777076640625 0.60277693125 0.7634607328125 0.5919206859374999 0.807002753125
1 0.6816226546874999 0.665854671875 0.7585943953125 0.6850458828125 0.7698387234374999 0.639947346875 0.6928669828125 0.6207561359375 0.6816226546874999 0.665854671875
1 0.692470103125 0.6124015390624999 0.7671070703125 0.6310106249999999 0.7764109828125 0.59369466875 0.7017740171875 0.5750855828125 0.692470103125 0.6124015390624999
1 0.70951810625 0.5241652453125 0.7526659437500001 0.534923209375 0.76313410625 0.4929377046875 0.7199862687499999 0.482179740625 0.70951810625 0.5241652453125
1 0.271111140625 0.55853209375 0.34574810624999996 0.5771411796875 0.354275853125 0.5429382546875 0.2796388875 0.52432916875 0.271111140625 0.55853209375
1 0.257164684375 0.629387859375 0.2839842640625 0.6360747328125 0.2890243046875 0.6158602375 0.262204725 0.6091733640625 0.257164684375 0.629387859375
1 0.8857175890625 0.7315992687499999 0.9300328140625 0.7426482953125 0.936237103125 0.717764253125 0.891921878125 0.7067152265625001 0.8857175890625 0.7315992687499999
1 0.89861333125 0.21785444687500002 0.9370916218750001 0.2274481625 0.9619037359375 0.12793220624999999 0.9234254453125 0.1183384921875 0.89861333125 0.21785444687500002
1 0.76412910625 0.83177456875 0.7921160734375 0.8387525046875 0.7987084453125 0.8123119453125 0.7707214765625 0.8053340109375 0.76412910625 0.83177456875
1 0.654571725 0.9084971453125 0.686060853125 0.9163482671875001 0.6930413078125001 0.8883511921875 0.6615521796875 0.8805000703125 0.654571725 0.9084971453125
0 0.1968433609375 0.52846359375 0.37061726093749997 0.57179029375 0.40938524374999996 0.416300403125 0.23561134374999998 0.3729737046875 0.1968433609375 0.52846359375
1 0.089064003125 0.3446802578125 0.1380487765625 0.35689353281249997 0.14735268906250001 0.3195775765625 0.0983679171875 0.3073643015625 0.089064003125 0.3446802578125
1 0.8123257796875001 0.832229153125 0.8554736171874999 0.8429871171875 0.86167790625 0.818103075 0.8185300671875 0.8073451109375 0.8123257796875001 0.832229153125
1 0.4550847671875 0.774539003125 0.49706521875 0.7850059046875 0.5036575890625 0.758565346875 0.46167713906249996 0.7480984453125 0.4550847671875 0.774539003125
1 0.5940718109375001 0.5052794359375 0.623226165625 0.5125484328125001 0.6313658296875 0.479902025 0.602211475 0.472633028125 0.5940718109375001 0.5052794359375
1 0.7597898796875 0.13865709843750001 0.8052724921875001 0.1499971875 0.81768106875 0.1002291015625 0.77219845625 0.08888901406250001 0.7597898796875 0.13865709843750001
1 0.129047 0.26876466875 0.1791991609375 0.2812690078125 0.1892792390625 0.24084001875 0.1391270796875 0.22833567968750001 0.129047 0.26876466875
1 0.11599653593749999 0.50995949375 0.159144375 0.5207174578125 0.1665129125 0.4911638671875 0.1233650734375 0.480405903125 0.11599653593749999 0.50995949375
1 0.1580572765625 0.639364196875 0.1895464046875 0.64721531875 0.19575069375 0.622331275 0.164261565625 0.6144801546875 0.1580572765625 0.639364196875