0 0.3113046875 0.1474270828125 0.1490390625 0.1474270828125 0.1490390625 0.2499895828125 0.3113046875 0.2499895828125 0.3113046875 0.1474270828125
0 0.30769531250000004 0.2532083328125 0.0048046875 0.2532083328125 0.0048046875 0.492 0.30769531250000004 0.492 0.30769531250000004 0.2532083328125
0 0.22716406249999999 0.5641041671875 0.0853359375 0.5641041671875 0.0853359375 0.6474375 0.22716406249999999 0.6474375 0.22716406249999999 0.5641041671875
0 0.3389375 0.6314166671875 0.1875 0.6314166671875 0.1875 0.705125 0.3389375 0.705125 0.3389375 0.6314166671875
0 0.0769140625 0.6682604171875 0.0023984375 0.6682604171875 0.0023984375 0.7772395828125 0.0769140625 0.7772395828125 0.0769140625 0.6682604171875
1 0.56490625 0.43911458281250004 0.49400000000000005 0.43911458281250004 0.49400000000000005 0.5144270828125 0.56490625 0.5144270828125 0.56490625 0.43911458281250004
1 0.6718671875 0.7724270828125 0.5949453124999999 0.7724270828125 0.5949453124999999 0.8814062500000001 0.6718671875 0.8814062500000001 0.6718671875 0.7724270828125
1 0.9903906250000001 0.794875 0.9098593749999999 0.794875 0.9098593749999999 0.8685833328125 0.9903906250000001 0.8685833328125 0.9903906250000001 0.794875
1 0.7632265625 0.8141041671875 0.6887109375 0.8141041671875 0.6887109375 0.8862291671875001 0.7632265625 0.8862291671875001 0.7632265625 0.8141041671875
1 0.7511953124999999 0.8541666671874999 0.6766796875 0.8541666671874999 0.6766796875 0.9615416671875 0.7511953124999999 0.9615416671875 0.7511953124999999 0.8541666671874999
1 0.8425390625 0.5881458328125 0.7548046875 0.5881458328125 0.7548046875 0.6474375 0.8425390625 0.6474375 0.8425390625 0.5881458328125
1 0.5048125 0.5673125 0.43150000000000005 0.5673125 0.43150000000000005 0.6201875 0.5048125 0.6201875 0.5048125 0.5673125
1 0.4074453125 0.2724479171875 0.3593671875 0.2724479171875 0.3593671875 0.30609375 0.4074453125 0.30609375 0.4074453125 0.2724479171875