0 0.48210885625 0.415709428125 0.435784009375 0.654030103125 0.633990896875 0.69255761875 0.68031574375 0.4542369453125 0.48210885625 0.415709428125
1 0.4535152875 0.30240619375 0.441130590625 0.3661199328125 0.47888233593749996 0.37345812968750003 0.49126703281250006 0.30974439062500003 0.4535152875 0.30240619375
1 0.8733699359375 0.19177468749999999 0.8557111609374999 0.282621215625 0.9799892515625 0.3067784296875 0.9976480265625 0.2159319015625 0.8733699359375 0.19177468749999999
1 0.832941671875 0.11413413593749999 0.8246862015625 0.1566048484375 0.8876125921875 0.1688365 0.8958680625 0.1263657875 0.832941671875 0.11413413593749999
1 1 0.0878318078125 0.9053123796874999 0.06942639843750001 0.8828386578125 0.18504367500000002 0.9992432812500001 0.20767044218750003 1 0.2037774609375 1 0.0878318078125
1 0.67672498125 0.2711011359375 0.6650289859375 0.33127181562499997 0.721656603125 0.342279109375 0.7333525984375 0.28210843125 0.67672498125 0.2711011359375
1 0.47603282187499996 0.3545434625 0.46823648437500004 0.39465213593750004 0.5107123109375 0.40290860000000006 0.518508646875 0.36279992656250004 0.47603282187499996 0.3545434625
1 0.24501272031250002 0.3671792796875 0.236298115625 0.412012034375 0.26775108593749997 0.41812587187499994 0.276465690625 0.37329311875000004 0.24501272031250002 0.3671792796875
1 0.30466423125 0.35427740625 0.2915908328125 0.42153420625000004 0.3167654796875 0.4264276609375 0.3298388765625 0.3591708609375 0.30466423125 0.35427740625
1 0.3689592671875 0.8381862453125001 0.3597855296875 0.885381040625 0.3896842578125 0.8911927640625 0.398857996875 0.8439979703124999 0.3689592671875 0.8381862453125001
1 0.40265552031249996 0.9671651875 0.398296728125 0.9895892343750001 0.44864602187499997 0.9993761453125 0.45300481562500006 0.9769520999999999 0.40265552031249996 0.9671651875
1 0.30730000625 0.7270113203124999 0.29697843281249997 0.7801112156250001 0.34575303281249997 0.7895920375000001 0.3560746078125 0.7364921421874999 0.30730000625 0.7270113203124999
1 0.3217142375 0.484931178125 0.3159810234375 0.5144260078125 0.34900868906250004 0.5208459359375001 0.354741903125 0.49135110624999995 0.3217142375 0.484931178125