1 0.6348767640624999 0.439976021875 0.62978136875 0.342750075 0.5401543671875 0.3474472265625 0.5452497640625 0.444673175 0.6348767640624999 0.439976021875
1 0.740265715625 0.3381646125 0.73762356875 0.2877494234375 0.6912080984375 0.2901819546875 0.6938502468750001 0.34059714375 0.740265715625 0.3381646125
1 0.683619990625 0.3291011734375 0.6811037765625 0.28108893749999997 0.609077621875 0.28486366875 0.6115938359374999 0.3328759046875 0.683619990625 0.3291011734375
1 1 0.486907046875 0.99705041875 0.430625690625 0.9106273546875 0.43515493125000004 0.9162256671875 0.541977084375 1 0.5375866578124999 1 0.486907046875
1 0.9303964609375001 0.4449540390625 0.9277543125 0.39453885 0.85893209375 0.39814567031250003 0.861574240625 0.44856085781250005 0.9303964609375001 0.4449540390625
1 1 0.79274885 0.9743750234374999 0.794091796875 0.97846376875 0.8721097296875 1 0.8709810625 1 0.79274885
1 1 0.762370940625 0.9985677296875 0.735041596875 0.9121446656250001 0.7395708390625 0.9152897296875 0.7995822312499999 1 0.7951427546875001 1 0.762370940625
1 0.7719549859375 0.728869696875 0.7671114578125 0.636449653125 0.6870962656249999 0.640643071875 0.6919397953125 0.7330631140625 0.7719549859375 0.728869696875
1 0.8243420640625001 0.7790795921875 0.8213229328124999 0.72147115 0.7381038046875 0.7258324796875 0.741122934375 0.783440921875 0.8243420640625001 0.7790795921875
1 0.3761113390625 0.310317628125 0.373280290625 0.2562980125 0.3348746640625 0.258310765625 0.3377057125 0.31233038281250003 0.3761113390625 0.310317628125
1 0.2919775578125 0.266574965625 0.290027225 0.22936041093749998 0.26601850625 0.23061865468749998 0.2679688390625 0.267833209375 0.2919775578125 0.266574965625
1 0.1635593484375 0.143322253125 0.1609801671875 0.0941085421875 0.1305635765625 0.09570260781249999 0.1331427578125 0.14491632031249999 0.1635593484375 0.143322253125
0 0.3452371953125 0.057970435937499995 0.34259545625 0.00756305 0.23536761093749997 0.013182623437499999 0.23800935 0.063590009375 0.3452371953125 0.057970435937499995
0 0.244165321875 0.2113062078125 0.2369315109375 0.07327688125000001 0.1857101375 0.07596127968750001 0.1929439484375 0.21399060625000002 0.244165321875 0.2113062078125
0 0.48690704374999993 0 0.3265965796875 0.008401515625 0.3383594953125 0.23285130468749998 0.5576002875 0.22136138125000002 0.5459992296875 0 0.48690704374999993 0
0 0.5845312015624999 0 0.591560990625 0.13413635156249998 0.7019927734375 0.1283488671875 0.6952662953125001 0 0.5845312015624999 0
1 0.45882219687500003 0.3878138328125 0.45567713281250005 0.3278024390625 0.40445575937499995 0.33048683749999996 0.40760082343750004 0.39049823125 0.45882219687500003 0.3878138328125
1 0.6095891 0.5700871640625 0.6073247515625 0.5268808328125 0.5513182796875 0.5298160078125 0.5535826265625 0.5730223390625 0.6095891 0.5700871640625
1 0.9100144390624999 0.8215290218750001 0.907687125 0.7771212140625 0.8276719328125001 0.7813146328125 0.8299992484375001 0.825722440625 0.9100144390624999 0.8215290218750001