0 0.3749985765625 0.5708245171875 0.344266403125 0.41272118906250005 0.19323897031249998 0.44207794843750003 0.22397114375 0.6001812765625 0.3749985765625 0.5708245171875
0 0.26736628281249997 0.7141910874999999 0.24076333437500003 0.577330784375 0.1699634734375 0.5910928828124999 0.196566421875 0.7279531859375 0.26736628281249997 0.7141910874999999
0 0.741528475 0.8522134734375 0.703688665625 0.6575445328125 0.491309534375 0.698826853125 0.5291493421875 0.89349579375 0.741528475 0.8522134734375
0 0.73396450625 0.6369677 0.7027731984375001 0.47650233125 0.5407433609375001 0.507997740625 0.57193466875 0.668463109375 0.73396450625 0.6369677
0 0.7989736953125 0.2239357390625 0.75998605 0.023361696874999997 0.6656066875 0.0417071875 0.70459433125 0.24228122968750002 0.7989736953125 0.2239357390625
1 0.719532515625 0.2100018890625 0.6977445125 0.0979123359375 0.6127928609375 0.1144252640625 0.6345808640625 0.2265148171875 0.719532515625 0.2100018890625
1 0.0877242828125 0.310767303125 0.0792392453125 0.26711556875000003 0.0367634203125 0.2753720328125 0.0452484578125 0.3190237671875 0.0877242828125 0.310767303125
1 0.3333390421875 0.1381363296875 0.3223317484375 0.0815087125 0.283005309375 0.089152996875 0.294012603125 0.145780615625 0.3333390421875 0.1381363296875
1 0.47957164218750004 0.210110896875 0.47337929375 0.178254028125 0.42460469375 0.18773485 0.4307970421875 0.21959172031250002 0.47957164218750004 0.210110896875
1 0.44229040937499997 0.345922865625 0.43311667031249995 0.298728071875 0.3749143578125 0.3100414546875 0.384088096875 0.3572362484375 0.44229040937499997 0.345922865625
1 0.53754334375 0.0800743 0.530203159375 0.042312328125 0.48615263906250006 0.0508748828125 0.49349282343749995 0.088636853125 0.53754334375 0.0800743
1 0.5146912984374999 0.8191701984374999 0.4963438203125 0.724780609375 0.4444402828125 0.7348696359375 0.4627877609375 0.829259225 0.5146912984374999 0.8191701984374999
1 0.3267506140625 0.7761069671875 0.31551375312499996 0.718298328125 0.236860875 0.7335868984375 0.2480977359375 0.7913955374999999 0.3267506140625 0.7761069671875
1 0.46603081562500004 0.6780179421875 0.45364611874999994 0.614304203125 0.40959559843750004 0.62286675625 0.4219802953125 0.6865804953125 0.46603081562500004 0.6780179421875
1 1 0.6844293015625 0.9413090125 0.6958376734375 0.965389703125 0.8197220906249999 1 0.81299453125 1 0.6844293015625