0 0.5408671875 0.1185833328125 0.38582031250000004 0.1185833328125 0.38582031250000004 0.205125 0.5408671875 0.205125 0.5408671875 0.1185833328125
0 0.4363046875 0.1746770828125 0.2632265625 0.1746770828125 0.2632265625 0.3221145828125 0.4363046875 0.3221145828125 0.4363046875 0.1746770828125
0 0.5721171875 0.2531979171875 0.30769531250000004 0.2531979171875 0.30769531250000004 0.46634374999999995 0.5721171875 0.46634374999999995 0.5721171875 0.2531979171875
1 0.7764375 0.40385416718749995 0.68509375 0.40385416718749995 0.68509375 0.5112291671875 0.7764375 0.5112291671875 0.7764375 0.40385416718749995
1 0.1033671875 0.7179479171875001 0.0000078125 0.7179479171875001 0.0000078125 0.8862187499999999 0.1033671875 0.8862187499999999 0.1033671875 0.7179479171875001
1 0.3124921875 0.58975 0.1778828125 0.58975 0.1778828125 0.6875 0.3124921875 0.6875 0.3124921875 0.58975
1 0.9170624999999999 0.71475 0.8149062499999999 0.71475 0.8149062499999999 0.822125 0.9170624999999999 0.822125 0.9170624999999999 0.71475
1 0.8966406250000001 0.8076979171875 0.8161093749999999 0.8076979171875 0.8161093749999999 0.9038437500000001 0.8966406250000001 0.9038437500000001 0.8966406250000001 0.8076979171875
1 0.873796875 0.8525625 0.748796875 0.8525625 0.748796875 0.9631458328125 0.873796875 0.9631458328125 0.873796875 0.8525625
1 0.699515625 0.4919895828125 0.621390625 0.4919895828125 0.621390625 0.6458437499999999 0.699515625 0.6458437499999999 0.699515625 0.4919895828125
0 0.516828125 0.4951979171875 0.30289062499999997 0.4951979171875 0.30289062499999997 0.60096875 0.516828125 0.60096875 0.516828125 0.4951979171875