1 0.23196875 0.46475 0.14903125 0.46475 0.14903125 0.5032083328125 0.23196875 0.5032083328125 0.23196875 0.46475
1 0.22956249999999997 0.40865625000000005 0.140625 0.40865625000000005 0.140625 0.45192708281250005 0.22956249999999997 0.45192708281250005 0.22956249999999997 0.40865625000000005
1 0.066109375 0.4375104171875 0.010828125 0.4375104171875 0.010828125 0.47436458281249994 0.066109375 0.47436458281249994 0.066109375 0.4375104171875
1 0.2283671875 0.5576979171875001 0.17188281249999998 0.5576979171875001 0.17188281249999998 0.5977604171875 0.2283671875 0.5977604171875 0.2283671875 0.5576979171875001
1 0.25960937500000003 0.5416666671875 0.215140625 0.5416666671875 0.215140625 0.5865416671875 0.25960937500000003 0.5865416671875 0.25960937500000003 0.5416666671875
1 0.3713984375 0.5432604171875 0.3125078125 0.5432604171875 0.3125078125 0.5897395828125 0.3713984375 0.5897395828125 0.3713984375 0.5432604171875
1 0.796875 0.4294895828125 0.765625 0.4294895828125 0.765625 0.46634374999999995 0.796875 0.46634374999999995 0.796875 0.4294895828125
1 0.8990390625 0.5641041671875 0.8461484374999999 0.5641041671875 0.8461484374999999 0.6057708328125 0.8990390625 0.6057708328125 0.8990390625 0.5641041671875
1 0.9891796875000001 0.65865625 0.9230703124999999 0.65865625 0.9230703124999999 0.7580104171875 0.9891796875000001 0.7580104171875 0.9891796875000001 0.65865625
1 0.8786093749999999 0.66025 0.829328125 0.66025 0.829328125 0.6955 0.8786093749999999 0.6955 0.8786093749999999 0.66025
1 0.9170624999999999 1 0.9170624999999999 0.9342916671875001 0.8389374999999999 0.9342916671875001 0.8389374999999999 1 0.9170624999999999 1
1 0.39542968749999996 0.9086562499999999 0.3521640625 0.9086562499999999 0.3521640625 0.9871770828124999 0.39542968749999996 0.9871770828124999 0.39542968749999996 0.9086562499999999
1 0.2788515625 1 0.2788515625 0.9759583328125 0.2175546875 0.9759583328125 0.2175546875 1 0.2788515625 1
1 0.105765625 0.9455104171875 0.056484374999999996 0.9455104171875 0.056484374999999996 0.9999895828125 0.105765625 0.9999895828125 0.105765625 0.9455104171875
1 0.33292968749999996 0.42628125 0.2896640625 0.42628125 0.2896640625 0.46313541718750006 0.33292968749999996 0.46313541718750006 0.33292968749999996 0.42628125
1 0.2139453125 0.21956250000000002 0.1887109375 0.21956250000000002 0.1887109375 0.2580208328125 0.2139453125 0.2580208328125 0.2139453125 0.21956250000000002
1 0.27284375 0.2403854171875 0.22356250000000003 0.2403854171875 0.22356250000000003 0.28365625 0.27284375 0.28365625 0.27284375 0.2403854171875
1 0.7439843749999999 0.23558333281250002 0.6971093749999999 0.23558333281250002 0.6971093749999999 0.27725 0.7439843749999999 0.27725 0.7439843749999999 0.23558333281250002
1 0.753609375 0.2852604171875 0.713953125 0.2852604171875 0.713953125 0.3141145828125 0.753609375 0.3141145828125 0.753609375 0.2852604171875
1 0.6526484375 0.39103125 0.5865390625 0.39103125 0.5865390625 0.43109374999999994 0.6526484375 0.43109374999999994 0.6526484375 0.39103125
0 0.754796875 0.42146875 0.558890625 0.42146875 0.558890625 0.58653125 0.754796875 0.58653125 0.754796875 0.42146875
1 0.1382265625 0.5737291671875 0.0432734375 0.5737291671875 0.0432734375 0.6298125 0.1382265625 0.6298125 0.1382265625 0.5737291671875
1 0.0985625 0.26121875 0.03846875 0.26121875 0.03846875 0.30128125 0.0985625 0.30128125 0.0985625 0.26121875
1 0.056484374999999996 0.3813958328125 0.012015625 0.3813958328125 0.012015625 0.4326875 0.056484374999999996 0.4326875 0.056484374999999996 0.3813958328125
1 0.4398984375 0.22916666718749998 0.3737890625 0.22916666718749998 0.3737890625 0.2644166671875 0.4398984375 0.2644166671875 0.4398984375 0.22916666718749998
1 0.8269296875000001 0.40064583281250005 0.7764453125 0.40064583281250005 0.7764453125 0.43910416718749995 0.8269296875000001 0.43910416718749995 0.8269296875000001 0.40064583281250005