1 0.22715625 0.43590625000000005 0.1358125 0.43590625000000005 0.1358125 0.47917708281250004 0.22715625 0.47917708281250004 0.22715625 0.43590625000000005
1 0.515625 0.6554479171875001 0.42909375 0.6554479171875001 0.42909375 0.7195520828124999 0.515625 0.7195520828124999 0.515625 0.6554479171875001
1 0.625 0.8862291671875001 0.5420625 0.8862291671875001 0.5420625 0.9807708328125001 0.625 0.9807708328125001 0.625 0.8862291671875001
1 0.6851015625 0.49839583281250005 0.6346171875 0.49839583281250005 0.6346171875 0.5544791671875 0.6851015625 0.5544791671875 0.6851015625 0.49839583281250005
1 0.9723593749999999 0.5689062500000001 0.8713906250000001 0.5689062500000001 0.8713906250000001 0.6121770828125 0.9723593749999999 0.6121770828125 0.9723593749999999 0.5689062500000001
1 0.6526484375 0.43910416718749995 0.6045703125 0.43910416718749995 0.6045703125 0.4871875 0.6526484375 0.4871875 0.6526484375 0.43910416718749995
1 0.84375 0.3173020828125 0.8016875000000001 0.3173020828125 0.8016875000000001 0.35415625 0.84375 0.35415625 0.84375 0.3173020828125
1 0.21634375 0.9663437500000001 0.1670625 0.9663437500000001 0.1670625 0.9999895828125 0.21634375 0.9999895828125 0.21634375 0.9663437500000001
1 0 0.5897395828125 0.06490625 0.5897395828125 0.06490625 0.5144270828125 0 0.5144270828125 0 0.5897395828125
1 0.9747578125 0.7067291671875 0.9314921875 0.7067291671875 0.9314921875 0.7660208328125 0.9747578125 0.7660208328125 0.9747578125 0.7067291671875
1 0.691109375 0.4439166671875 0.655046875 0.4439166671875 0.655046875 0.4759583328125 0.691109375 0.4759583328125 0.691109375 0.4439166671875
1 0.7512109375 0.4262916671875 0.6826953125 0.4262916671875 0.6826953125 0.4615416671875 0.7512109375 0.4615416671875 0.7512109375 0.4262916671875
0 0.860578125 0.4262708328125 0.742796875 0.4262708328125 0.742796875 0.5400625 0.860578125 0.5400625 0.860578125 0.4262708328125
0 0.6754765625 0.0689166671875 0.5600859375 0.0689166671875 0.5600859375 0.1490416671875 0.6754765625 0.1490416671875 0.6754765625 0.0689166671875
0 0.748796875 0.0480625 0.6658593749999999 0.0480625 0.6658593749999999 0.0993541671875 0.748796875 0.0993541671875 0.748796875 0.0480625
0 0.7644296875000001 0.20191666718749998 0.6646640625 0.20191666718749998 0.6646640625 0.258 0.7644296875000001 0.258 0.7644296875000001 0.20191666718749998
0 0.8846093749999999 0.1955104171875 0.764421875 0.1955104171875 0.764421875 0.26603125 0.8846093749999999 0.26603125 0.8846093749999999 0.1955104171875
0 0.3617734375 0.20031249999999998 0.2824453125 0.20031249999999998 0.2824453125 0.24518749999999997 0.3617734375 0.24518749999999997 0.3617734375 0.20031249999999998