1 0.9068372609375001 0.59173560625 0.9118167671874999 0.632290421875 0.95954169375 0.6264305375 0.9545621875 0.585875721875 0.9068372609375001 0.59173560625
1 0.74310634375 0.11290934999999999 0.74779450625 0.151091359375 0.7907428046875 0.145817971875 0.78605464375 0.10763596093750001 0.74310634375 0.11290934999999999
1 0.5508939749999999 0.020268614062500002 0.5590973046875 0.087079378125 0.597268975 0.08239248593750001 0.5890656437499999 0.0155817234375 0.5508939749999999 0.020268614062500002
1 0.5813456828125 0.163059325 0.586765059375 0.2071966125 0.626528940625 0.20231422187499998 0.6211095624999999 0.158176934375 0.5813456828125 0.163059325
1 0.30959426093750003 0.0801768875 0.3211661359375 0.1744222453125 0.378423640625 0.1673919078125 0.366851765625 0.07314655 0.30959426093750003 0.0801768875
1 0 0.24534117187499999 0.0386560046875 0.24059481093750001 0.028695090625000003 0.15946967031249998 0 0.162992984375 0 0.24534117187499999
1 0.30166855625 0.47590498437499995 0.317342096875 0.603555725 0.38574506875000003 0.5951568953125 0.3700715296875 0.46750615624999997 0.30166855625 0.47590498437499995
1 0.3659395546875 0.51283194375 0.3739962609375 0.5784485484374999 0.44239923281250004 0.5700497203125 0.4343425265625 0.5044331140625 0.3659395546875 0.51283194375
1 0.5207996687499999 0.6693997125 0.5243148375 0.698028465625 0.5624865078125 0.6933415734375 0.5589713390625 0.6647128203125 0.5207996687499999 0.6693997125
1 0.69853024375 0.65725868125 0.707026821875 0.726457759375 0.7324814953125001 0.72333231875 0.7239849171875 0.654133240625 0.69853024375 0.65725868125
1 0.5236095875 0.797417746875 0.5322508859374999 0.867795471875 0.6054098078125 0.8588126859375 0.596768509375 0.7884349609375 0.5236095875 0.797417746875
1 0.601230015625 0.8641745406249999 0.608260353125 0.9214320468749999 0.6368994453125 0.917915609375 0.6298691078124999 0.860658103125 0.601230015625 0.8641745406249999
1 0.6513377218749999 0.8253252468750001 0.6579300921875 0.8790157890625 0.68816139375 0.875303853125 0.6815690234375 0.8216133093750001 0.6513377218749999 0.8253252468750001
1 0.3862450171875 0.9147988421875001 0.39327535468749997 0.9720563484375001 0.4553094890625 0.9644395156250001 0.44827915156250003 0.907182009375 0.3862450171875 0.9147988421875001
0 0.6780000296875001 0.2928648625 0.696895490625 0.44675604062499996 0.8273325953124999 0.430740378125 0.808437134375 0.2768491984375 0.6780000296875001 0.2928648625
0 0.7635877515625 0.17458394375 0.7786747953125001 0.29745805625 0.856610346875 0.2878887734375 0.841523303125 0.16501466250000002 0.7635877515625 0.17458394375
0 0.4694186921875 0 0.34681023125 0.0150544265625 0.3853333203125 0.328799815625 0.5348562640625001 0.31044070625 0.4967389375 0 0.4694186921875 0