1 0.632241928125 0.7644481859375001 0.654019125 0.8457217890625 0.771660840625 0.8141997859375 0.7498836437499999 0.732926184375 0.632241928125 0.7644481859375001
1 0.6276198828124999 0.5305091171874999 0.6571737828125 0.640805771875 0.8181614203124999 0.5976692640625 0.7886075203125 0.48737260937500004 0.6276198828124999 0.5305091171874999
1 0.49766794843750006 0.36125890312500003 0.534998553125 0.5005786109375 0.6572887875 0.4678110421875 0.6199581843749999 0.328491334375 0.49766794843750006 0.36125890312500003
1 0.32791200468750004 0.0682904421875 0.34906641875 0.1472397859375 0.46825764062499997 0.11530259375 0.4471032265625 0.03635325 0.32791200468750004 0.0682904421875
1 0.45830241875000005 0.06571290468749999 0.47665430625000005 0.13420308281249999 0.594296021875 0.1026810796875 0.575944134375 0.0341909015625 0.45830241875000005 0.06571290468749999
1 0.0695832609375 0.534448865625 0.0823381875 0.5820508984375 0.136510528125 0.5675354625 0.12375560156250001 0.51993343125 0.0695832609375 0.534448865625
1 0.20133652343750003 0.65467975625 0.2228023265625 0.7347912296875 0.280073678125 0.7194454171875 0.2586078734375 0.63933394375 0.20133652343750003 0.65467975625
0 0.11649483593750001 0.41238231562500005 0.15413683125 0.552864153125 0.23927916875 0.53005033125 0.20163717343749998 0.38956849375 0.11649483593750001 0.41238231562500005
0 0.21535603593750002 0.4655198328125 0.2613975171875 0.6373489828125 0.42858317812499996 0.59255171875 0.382541696875 0.42072257031250004 0.21535603593750002 0.4655198328125
0 0.211183421875 0.344701759375 0.262821865625 0.5374190546875 0.46250690624999996 0.48391360937499994 0.41086846250000003 0.2911963140625 0.211183421875 0.344701759375
0 0.45133881875000004 0.21314833125 0.49240207812500003 0.3663985015625 0.6177913234375 0.3328005546875 0.5767280640625 0.17955038437499998 0.45133881875000004 0.21314833125