0 0.8233124999999999 0.20353125 0.66465625 0.20353125 0.66465625 0.3573854171875 0.8233124999999999 0.3573854171875 0.8233124999999999 0.20353125
0 0.9194765625000001 0.1682604171875 0.7728359375 0.1682604171875 0.7728359375 0.2531979171875 0.9194765625000001 0.2531979171875 0.9194765625000001 0.1682604171875
0 1 0.5560937499999999 0.8713984375000001 0.5560937499999999 0.8713984375000001 0.6939062500000001 1 0.6939062500000001 1 0.5560937499999999
0 0.733171875 0.7355729171875 0.592546875 0.7355729171875 0.592546875 0.8108854171875001 0.733171875 0.8108854171875001 0.733171875 0.7355729171875
1 0.326921875 0.5160208328125 0.27164062499999997 0.5160208328125 0.27164062499999997 0.5817291671875 0.326921875 0.5817291671875 0.326921875 0.5160208328125
1 0.3485625 0.47114583281250005 0.23918750000000003 0.47114583281250005 0.23918750000000003 0.5224375 0.3485625 0.5224375 0.3485625 0.47114583281250005
1 0.3016875 0.41185416718749995 0.24159375 0.41185416718749995 0.24159375 0.46314583281250005 0.3016875 0.46314583281250005 0.3016875 0.41185416718749995
1 0 0.4343020828125 0.0949453125 0.4343020828125 0.0949453125 0.37340625 0 0.37340625 0 0.4343020828125
1 0.2367734375 0.68909375 0.19110156250000002 0.68909375 0.19110156250000002 0.7355729171875 0.2367734375 0.7355729171875 0.2367734375 0.68909375
1 0.1141875 0.5240416671875 0.03846875 0.5240416671875 0.03846875 0.5625 0.1141875 0.5625 0.1141875 0.5240416671875
1 0.4927890625 0.517625 0.4338984375 0.517625 0.4338984375 0.580125 0.4927890625 0.580125 0.4927890625 0.517625
1 0.7115390625 0.65384375 0.6057734375 0.65384375 0.6057734375 0.7451979171875001 0.7115390625 0.7451979171875001 0.7115390625 0.65384375
1 0.8810156250000001 0.4070520828125 0.8341406250000001 0.4070520828125 0.8341406250000001 0.45032291718749995 0.8810156250000001 0.45032291718749995 0.8810156250000001 0.4070520828125
1 0.991578125 0.3910208328125 0.951921875 0.3910208328125 0.951921875 0.44710416718749996 0.991578125 0.44710416718749996 0.991578125 0.3910208328125
1 0.9843671875 0.2035208328125 0.9411015624999999 0.2035208328125 0.9411015624999999 0.24518749999999997 0.9843671875 0.24518749999999997 0.9843671875 0.2035208328125
1 0.46394531250000004 0.0801354171875 0.4182734375 0.0801354171875 0.4182734375 0.1346145828125 0.46394531250000004 0.1346145828125 0.46394531250000004 0.0801354171875
1 0.5228359375 0.1906979171875 0.4302890625 0.1906979171875 0.4302890625 0.2307604171875 0.5228359375 0.2307604171875 0.5228359375 0.1906979171875
1 0.519234375 0.22595833281250002 0.427890625 0.22595833281250002 0.427890625 0.2788333328125 0.519234375 0.2788333328125 0.519234375 0.22595833281250002
1 0.6754765625 0.1378229171875 0.6454296875 0.1378229171875 0.6454296875 0.18109375 0.6754765625 0.18109375 0.6754765625 0.1378229171875