0 0.644234375 0.1474375 0.516828125 0.1474375 0.516828125 0.22756249999999997 0.644234375 0.22756249999999997 0.644234375 0.1474375
0 0.590140625 0.2323854171875 0.400234375 0.2323854171875 0.400234375 0.39103125 0.590140625 0.39103125 0.590140625 0.2323854171875
0 0.68990625 0.2564166671875 0.52284375 0.2564166671875 0.52284375 0.4342916671875 0.68990625 0.4342916671875 0.68990625 0.2564166671875
0 0.7391875 0.5063958328125 0.59134375 0.5063958328125 0.59134375 0.6201875 0.7391875 0.6201875 0.7391875 0.5063958328125
1 0.592546875 0.544875 0.487984375 0.544875 0.487984375 0.617 0.592546875 0.617 0.592546875 0.544875
1 0.42428125000000005 0.5977604171875 0.28125 0.5977604171875 0.28125 0.7275729171875 0.42428125000000005 0.7275729171875 0.42428125000000005 0.5977604171875
1 0.9110546875000001 0.45512499999999995 0.8521640625 0.45512499999999995 0.8521640625 0.517625 0.9110546875000001 0.517625 0.9110546875000001 0.45512499999999995
1 0.8846171875 0.5576979171875001 0.8028828125 0.5576979171875001 0.8028828125 0.6810937499999999 0.8846171875 0.6810937499999999 0.8846171875 0.5576979171875001
1 0.1658671875 0.5448645828124999 0.11778906250000001 0.5448645828124999 0.11778906250000001 0.6298020828124999 0.1658671875 0.6298020828124999 0.1658671875 0.5448645828124999
1 0.78846875 0.2772395828125 0.71034375 0.2772395828125 0.71034375 0.34134375 0.78846875 0.34134375 0.78846875 0.2772395828125
1 0.9242734374999999 1 0.9242734374999999 0.9359166671875 0.8786015624999999 0.9359166671875 0.8786015624999999 1 0.9242734374999999 1