1 0.080373384375 0.5540982 0.003556928125 0.5581239796874999 0.0077503468749999995 0.638139171875 0.084566803125 0.6341133906249999 0.080373384375 0.5540982
1 0.21086528750000003 0.54082350625 0.10884903906250001 0.5461699515625 0.112539815625 0.6165941375 0.2145560640625 0.6112476921875001 0.21086528750000003 0.54082350625
1 1 0.634266028125 0.9596971703125 0.6363782109375 0.9638905890625 0.7163934015625 1 0.7145009890625 1 0.634266028125
1 0.9220869171875 0.9063415546875 0.925861646875 0.9783677093750001 0.9978722 0.974593796875 0.99409746875 0.9025676421875 0.9220869171875 0.9063415546875
1 0.5117543984374999 1 0.5085704796875 0.939247178125 0.4449546578125 0.9425811421875 0.4479638515625 1 0.5117543984374999 1
1 0.47334505625 0.8640606109375 0.434929025 0.8660739109375 0.43870375624999997 0.938100065625 0.47711978593750004 0.9360867671875001 0.47334505625 0.8640606109375
1 0.8355650109375 0.40378519218750003 0.8091637421875 0.40516882499999995 0.8105898984375 0.4323814796875 0.836991165625 0.430997846875 0.8355650109375 0.40378519218750003
1 0.774562934375 0.2272567015625 0.73734838125 0.2292070328125 0.7390253125 0.2612047890625 0.776239865625 0.25925445625 0.774562934375 0.2272567015625
1 0.2615631859375 0.22203537812500002 0.2375648703125 0.2232930765625 0.23924180156250002 0.25529083125 0.26324011718749996 0.2540331328125 0.2615631859375 0.22203537812500002
1 0.3223368921875 0.23328681406250001 0.263526975 0.2363689125 0.26587554999999996 0.2811824125 0.3246854671875 0.27810031562500004 0.3223368921875 0.23328681406250001
1 0.277822178125 0.3944937125 0.1986027703125 0.3986454265625 0.2010353015625 0.44506089375 0.28025470937499997 0.44090918125 0.277822178125 0.3944937125
1 0.2830768953125 0.4487826859375 0.20626043906249997 0.4528084671875 0.20827319218749998 0.49121409375 0.2850896484375 0.4871883140625 0.2830768953125 0.4487826859375
1 0.2925716046875 0.5381478265624999 0.24816379687499998 0.540475140625 0.25042841718750003 0.583686675 0.294836225 0.581359359375 0.2925716046875 0.5381478265624999
1 0.7017743765625 0.3771048546875 0.6249579203125 0.381130634375 0.6268027640625 0.41633232500000006 0.7036192203125 0.4123065453125 0.7017743765625 0.3771048546875
1 0.69439521875 0.3052675984375 0.6667924734375 0.30671419843750003 0.66788280625 0.32751898125 0.69548555 0.3260723828125 0.69439521875 0.3052675984375
1 0.0634233625 0.3912934265625 0.017814078125 0.3936837078125 0.019156278125000002 0.4192943953125 0.0647655609375 0.41690411406249994 0.0634233625 0.3912934265625
1 0.20129555156249998 0.8863603937500001 0.1616936484375 0.8884358406249999 0.16706135625000001 0.9908577828125 0.2066632578125 0.9887823359375 0.20129555156249998 0.8863603937500001
1 0.150410584375 0.25994627812500004 0.12160636250000001 0.26145584374999997 0.1230325171875 0.2886684984375 0.1518367390625 0.2871589328125 0.150410584375 0.25994627812500004
1 0.2327493171875 0.1545446359375 0.20034066875 0.1562431 0.20185077968749998 0.185057725 0.23425942812499997 0.183359259375 0.2327493171875 0.1545446359375
0 0.7815881859375 0.38414570625 0.602739878125 0.3935187484375 0.611126715625 0.5535491312499999 0.7899750234375 0.5441760890625 0.7815881859375 0.38414570625
1 0.9383911453125 0.52838695 0.8879759578125 0.5310290984375 0.8899887109375 0.569434725 0.9404038984374999 0.5667925781250001 0.9383911453125 0.52838695
1 0.10418696875 0.2736029015625 0.0597791609375 0.275930215625 0.0611213609375 0.3015409015625 0.10552916718750001 0.2992135875 0.10418696875 0.2736029015625
1 0.4626852140625 0.2243251015625 0.41947888281249995 0.22658945 0.42090503906250004 0.2538021046875 0.46411136875 0.25153775624999997 0.4626852140625 0.2243251015625
1 0.408495121875 0.5224551859375001 0.378489425 0.52402771875 0.38025031249999997 0.5576274406249999 0.410256009375 0.556054909375 0.408495121875 0.5224551859375001
1 0.3572081421875 0.9215091453124999 0.3103973828125 0.9239623921875 0.31308178125 0.9751837671875 0.359892540625 0.97273051875 0.3572081421875 0.9215091453124999
1 0.7784506015625 0.9443693468750001 0.7806312671875 0.9859789109375001 0.8298449781249999 0.9833997296874999 0.8276643140625 0.9417901656250001 0.7784506015625 0.9443693468750001
1 0.9223507859375 0.6126752859375 0.8707341218750001 0.6153804 0.8729147859375 0.6569899640625 0.9245314499999999 0.65428485 0.9223507859375 0.6126752859375
1 0.8643124640625001 0.3782039421875 0.8199046578125 0.38053125625 0.8214987234375 0.41094784687499997 0.8659065296874999 0.4086205328125 0.8643124640625001 0.3782039421875
1 0.7862553046875 0.26675097812500004 0.75384665625 0.26844944375 0.7551888546875001 0.29406013125 0.7875975046875 0.292361665625 0.7862553046875 0.26675097812500004