1 1 0.1301256796875 0.9150494609375001 0.124185359375 0.9120314031250001 0.167345590625 0.9999625171875 0.17349433281249999 1 0.172958303125 1 0.1301256796875
1 0.5374584796875 0.171288809375 0.531756978125 0.252824084375 0.5845031781250001 0.2565124578125 0.5902046796875 0.174977184375 0.5374584796875 0.171288809375
1 0.45827781874999995 0.20068079375 0.45584615156249997 0.23545525312499999 0.494210803125 0.2381379703125 0.49664246875 0.2033635109375 0.45827781874999995 0.20068079375
1 0.3612111484375 0.30232925 0.3589473328125 0.334703321875 0.39891224375 0.337497940625 0.401176059375 0.30512386875 0.3612111484375 0.30232925
1 0.14895679374999998 0.46581199531250006 0.1459387359375 0.508972228125 0.1923046828125 0.5122144515625 0.195322740625 0.46905421875000003 0.14895679374999998 0.46581199531250006
1 0.693166834375 0.10385339375 0.68897490625 0.163800759375 0.7273395578125 0.1664834765625 0.7315314859375001 0.1065361109375 0.693166834375 0.10385339375
1 0.5644497937499999 0.1297971203125 0.5621020531250001 0.163371384375 0.626050065625 0.167843065625 0.62839780625 0.13426880000000002 0.5644497937499999 0.1297971203125
1 0.467538821875 0.91822314375 0.463682596875 0.97336973125 0.51484931875 0.9769476562499999 0.51870554375 0.92180106875 0.467538821875 0.91822314375
1 0.30979641875 0.6469494046875 0.3051009359375 0.7140979359374999 0.35466739999999997 0.717563959375 0.3593628828125 0.6504154296875 0.30979641875 0.6469494046875
1 0.1918740765625 0.449531721875 0.1875982234375 0.5106792796875 0.232363909375 0.5138096015625 0.23663976406249998 0.45266204375 0.1918740765625 0.449531721875
0 0.29912138593750004 0.31727668593749997 0.2847842515625 0.5223072734375 0.36951484843750004 0.5282322125000001 0.3838519828125 0.3232016265625 0.29912138593750004 0.31727668593749997
0 0.5337951484375 0.33851092656250004 0.5078043234375 0.71019705625 0.7731771421875 0.72875373125 0.79916796875 0.3570676015625 0.5337951484375 0.33851092656250004
0 0.61286851875 0.2645106078125 0.5955133265625 0.512701425 0.980780875 0.53964195625 0.9981360671875 0.2914511390625 0.61286851875 0.2645106078125