0 0.9274331453125001 0.323130715625 0.664254484375 0.31853691562500003 0.6621569234375 0.4387061109375 0.9253355843750001 0.44329991093750004 0.9274331453125001 0.323130715625
0 0.6519320046875 0.129199271875 0.516140190625 0.1268290171875 0.514070625 0.2453942890625 0.649862440625 0.24776454375 0.6519320046875 0.129199271875
0 0.7511152390625 0.09404990468749999 0.6381480734375 0.0920780546875 0.637252909375 0.14336190937499999 0.7502200765625 0.1453337578125 0.7511152390625 0.09404990468749999
0 0.99134081875 1 0.9943783515625 0.8259798234375 0.76605375625 0.8219944031249999 0.7629466578125 1 0.99134081875 1
1 0.797054840625 0.7680376453125 0.7165358562499999 0.76663218125 0.7150254953124999 0.8531606671875 0.79554448125 0.85456613125 0.797054840625 0.7680376453125
1 0.710325353125 0.7777442359375 0.63702401875 0.77646475625 0.6356536421875 0.8549736296875 0.7089549765625 0.856253109375 0.710325353125 0.7777442359375
1 0.6408488234374999 0.763706646875 0.5747495171875 0.7625528796875 0.5732951500000001 0.845873521875 0.63939445625 0.8470272890625001 0.6408488234374999 0.763706646875
1 0.581918984375 0.834824428125 0.4653429921875 0.8327895875 0.463916621875 0.9145063062500001 0.5804926140625 0.9165411484374999 0.581918984375 0.834824428125
1 0.609079471875 1 0.6106112734375 0.9122432187499999 0.5264834625 0.9107747625 0.5249260312499999 1 0.609079471875 1
1 0.3952234484375 0.9245277218749999 0.3183132890625 0.9231852500000001 0.31739049375 0.976052196875 0.394300653125 0.97739466875 0.3952234484375 0.9245277218749999
1 0.41136874375000004 0.6875963265625 0.3645008828125 0.68677824375 0.3639136828125 0.7204189546875 0.4107815421875 0.7212370359375 0.41136874375000004 0.6875963265625
1 0.49854490937499996 0.4454871359375 0.3687521796875 0.44322159531249994 0.3676054109375 0.508919921875 0.497398140625 0.5111854625000001 0.49854490937499996 0.4454871359375
1 0.2398060703125 0.323963428125 0.15808414375 0.32253696718749997 0.157021365625 0.383423525 0.23874329218749998 0.38484998593749997 0.2398060703125 0.323963428125
1 0.367571228125 0.02965883125 0.314688659375 0.0287357625 0.313541890625 0.0944340875 0.366424459375 0.09535715624999999 0.367571228125 0.02965883125
1 0.8913208656249999 0.5324802703125 0.8372353546875001 0.5315362046875001 0.8359489671875 0.6052333125 0.890034478125 0.606177378125 0.8913208656249999 0.5324802703125
1 0.8768441109375 0.259748578125 0.798731009375 0.258385109375 0.7980038265625 0.30004542968750003 0.8761169265625 0.30140889843749996 0.8768441109375 0.259748578125
1 0.802051696875 0.136632853125 0.7611985453125001 0.135919759375 0.7605273546875 0.174372234375 0.8013805078124999 0.17508532968749999 0.802051696875 0.136632853125
1 0.7314847546875 0.2540025 0.70505128125 0.2535411015625 0.7044360843749999 0.2887857328125 0.7308695578125 0.28924713125 0.7314847546875 0.2540025
1 0.6688342875 0.262524978125 0.6207634843750001 0.26168589999999997 0.620120290625 0.2985344546875 0.66819109375 0.2993735328125 0.6688342875 0.262524978125
1 0.299226746875 0.2256209015625 0.2547647703125 0.22484481406249998 0.2540935796875 0.263297290625 0.29855555625 0.26407337656249996 0.299226746875 0.2256209015625
1 0.081189246875 0.1833404328125 0.0439292984375 0.1826900578125 0.043230110937499996 0.22274645624999997 0.080490059375 0.22339683125 0.081189246875 0.1833404328125
1 0.6150938109374999 0.5869489890625 0.56822595 0.5861309078125 0.5669951906249999 0.6566410015625 0.6138630515625 0.6574590828125 0.6150938109374999 0.5869489890625
1 0.25119920625000003 0.9107828921875001 0.211548996875 0.9100907953125 0.2106262 0.9629577421875 0.2502764109375 0.9636498390625 0.25119920625000003 0.9107828921875001