0 0.6766875 0.16346875 0.52525 0.16346875 0.52525 0.39103125 0.6766875 0.39103125 0.6766875 0.16346875
0 0.7920625 0.24518749999999997 0.631 0.24518749999999997 0.631 0.4326875 0.7920625 0.4326875 0.7920625 0.24518749999999997
0 0.77884375 0.1218020828125 0.60696875 0.1218020828125 0.60696875 0.22115625 0.77884375 0.22115625 0.77884375 0.1218020828125
0 0.8377421875 0.48878125 0.6718828125 0.48878125 0.6718828125 0.6185937499999999 0.8377421875 0.6185937499999999 0.8377421875 0.48878125
1 0.6790859375 0.52725 0.5420703125 0.52725 0.5420703125 0.6137916671875 0.6790859375 0.6137916671875 0.6790859375 0.52725
1 0.49879687500000003 0.5977604171875 0.371390625 0.5977604171875 0.371390625 0.73878125 0.49879687500000003 0.73878125 0.49879687500000003 0.5977604171875
1 0.27644531250000004 0.5432604171875 0.2079296875 0.5432604171875 0.2079296875 0.61378125 0.27644531250000004 0.61378125 0.27644531250000004 0.5432604171875
1 1 0.44390625000000006 0.9423125000000001 0.44390625000000006 0.9423125000000001 0.5256354171875001 1 0.5256354171875001 1 0.44390625000000006
1 1 0.5576979171875001 0.9314921875 0.5576979171875001 0.9314921875 0.6778854171875001 1 0.6778854171875001 1 0.5576979171875001
1 0.8617734374999999 0.2692291671875 0.8161015624999999 0.2692291671875 0.8161015624999999 0.3141041671875 0.8617734374999999 0.3141041671875 0.8617734374999999 0.2692291671875
1 1 0.8974375 0.9639374999999999 0.8974375 0.9639374999999999 0.9951874999999999 1 0.9951874999999999 1 0.8974375
1 0.5060156250000001 0.1618541671875 0.427890625 0.1618541671875 0.427890625 0.2307708328125 0.5060156250000001 0.2307708328125 0.5060156250000001 0.1618541671875
1 0.6478359375 0.08333333281250001 0.6021640625 0.08333333281250001 0.6021640625 0.125 0.6478359375 0.125 0.6478359375 0.08333333281250001