0 0.528996253125 0.6629384218750001 0.361526396875 0.624274959375 0.3323249390625 0.7507603734375 0.49979479375 0.7894238359375 0.528996253125 0.6629384218750001
0 0.6133999203125 0.7942596203125001 0.49160366250000004 0.7661407375 0.47537906874999997 0.836417178125 0.5971753265624999 0.8645360609375 0.6133999203125 0.7942596203125001
0 0.92684158125 0.47848794375 0.683249065625 0.42225018125 0.6497219859375 0.56747191875 0.8933145015624999 0.6237096828124999 0.92684158125 0.47848794375
0 0.74847474375 0.3534190453125 0.566952646875 0.3115113671875 0.5352298609374999 0.44891784531249995 0.716751959375 0.49082552343749997 0.74847474375 0.3534190453125
1 0.374630475 0.1240157078125 0.217695996875 0.08778452812500001 0.2029148375 0.1518087609375 0.3598493171875 0.188039940625 0.374630475 0.1240157078125
1 0.3675051015625 0.1815862921875 0.23634575624999998 0.151305771875 0.2186824109375 0.227814121875 0.34984175624999997 0.25809464375 0.3675051015625 0.1815862921875
1 0.989843446875 0.114743790625 0.9418252718750001 0.103657921875 0.9241619265625 0.180166271875 0.9721801015624999 0.191252140625 0.989843446875 0.114743790625
1 0.94137210625 0.1216312203125 0.9485799140625 0.0904107796875 0.9064231843749999 0.08067813125 0.8992153765625 0.11189857343750001 0.94137210625 0.1216312203125
1 0.24479940312499998 0.4032587171875 0.20731660624999998 0.39460513124999996 0.1986653625 0.43207778125 0.23614816093750002 0.44073136718750006 0.24479940312499998 0.4032587171875
1 0.1506563140625 0.2926953140625 0.1108441625 0.2835039546875 0.1011103421875 0.3256657578125 0.1409224953125 0.33485711875 0.1506563140625 0.2926953140625
1 0.09964263749999999 0.50296305 0.0574859078125 0.49323040156250003 0.049195525000000004 0.529139996875 0.0913522546875 0.5388726453125 0.09964263749999999 0.50296305
1 0.6552968078125 0.5967043750000001 0.5955709687499999 0.582915578125 0.5854762906250001 0.6266404343749999 0.6452021296875 0.64042923125 0.6552968078125 0.5967043750000001
1 0.8023179609375 0.6224257578125 0.723850721875 0.60431016875 0.714116903125 0.6464719734375 0.7925841421875 0.6645875625000001 0.8023179609375 0.6224257578125
1 0.6742930312500001 0.7869472578125001 0.628619434375 0.7764026765625001 0.614199134375 0.8388638578125001 0.65987273125 0.8494084375 0.6742930312500001 0.7869472578125001
1 0.16393946406249998 0.79083610625 0.1346626890625 0.7840770296875 0.1260114453125 0.821549678125 0.155288221875 0.8283087546875001 0.16393946406249998 0.79083610625