0 0.873796875 0.5833333328125 0.701921875 0.5833333328125 0.701921875 0.71475 0.873796875 0.71475 0.873796875 0.5833333328125
0 0.6153828125 0.0913541671875 0.5048046875 0.0913541671875 0.5048046875 0.2067291671875 0.6153828125 0.2067291671875 0.6153828125 0.0913541671875
0 0.71634375 0.060895832812499995 0.6141875 0.060895832812499995 0.6141875 0.1201875 0.71634375 0.1201875 0.71634375 0.060895832812499995
0 0.8834140625 0.2355729171875 0.7055234375 0.2355729171875 0.7055234375 0.3445520828125 0.8834140625 0.3445520828125 0.8834140625 0.2355729171875
0 0.703125 0.2531979171875 0.6045625 0.2531979171875 0.6045625 0.3349270828125 0.703125 0.3349270828125 0.703125 0.2531979171875
1 0.983171875 0.7820416671875 0.8653906250000001 0.7820416671875 0.8653906250000001 0.8894166671875 0.983171875 0.8894166671875 0.983171875 0.7820416671875
1 0.8617734374999999 0.9423020828125 0.7800390625 0.9423020828125 0.7800390625 0.9999895828125 0.8617734374999999 0.9999895828125 0.8617734374999999 0.9423020828125
1 0.592546875 0.6778854171875001 0.522828125 0.6778854171875001 0.522828125 0.7531979171875001 0.592546875 0.7531979171875001 0.592546875 0.6778854171875001
1 0.59975 0.5833333328125 0.56009375 0.5833333328125 0.56009375 0.6362083328125 0.59975 0.6362083328125 0.59975 0.5833333328125
1 0.6550390625 0.5769270828125 0.6117734375 0.5769270828125 0.6117734375 0.6410312499999999 0.6550390625 0.6410312499999999 0.6550390625 0.5769270828125
1 0.71634375 0.5656979171875001 0.6610625 0.5656979171875001 0.6610625 0.62659375 0.71634375 0.62659375 0.71634375 0.5656979171875001
1 0.5408671875 0.6298020828124999 0.4663515625 0.6298020828124999 0.4663515625 0.68428125 0.5408671875 0.68428125 0.5408671875 0.6298020828124999
1 0.46754687500000003 0.3413541671875 0.371390625 0.3413541671875 0.371390625 0.4070625 0.46754687500000003 0.4070625 0.46754687500000003 0.3413541671875
1 0.262015625 0.2628125 0.183890625 0.2628125 0.183890625 0.3221041671875 0.262015625 0.3221041671875 0.262015625 0.2628125
1 0 0.6570625 0.08534375 0.6570625 0.08534375 0.5673125 0 0.5673125 0 0.6570625
1 0.40384374999999995 0.677875 0.365375 0.677875 0.365375 0.7291666671875 0.40384374999999995 0.7291666671875 0.40384374999999995 0.677875
1 0.421875 0.5256458328125 0.37740625 0.5256458328125 0.37740625 0.5576875 0.421875 0.5576875 0.421875 0.5256458328125
1 0.8245156250000001 0.40384374999999995 0.770421875 0.40384374999999995 0.770421875 0.45032291718749995 0.8245156250000001 0.45032291718749995 0.8245156250000001 0.40384374999999995
1 1 0.4070520828125 0.93028125 0.4070520828125 0.93028125 0.47436458281249994 1 0.47436458281249994 1 0.4070520828125
1 0.9891796875000001 0.3477604171875 0.9411015624999999 0.3477604171875 0.9411015624999999 0.39103125 0.9891796875000001 0.39103125 0.9891796875000001 0.3477604171875
1 0.7704296875 0.09134375 0.7223515625 0.09134375 0.7223515625 0.14103125 0.7704296875 0.14103125 0.7704296875 0.09134375
1 0.44711718749999996 0.8878125000000001 0.40144531250000004 0.8878125000000001 0.40144531250000004 0.9775625 0.44711718749999996 0.9775625 0.44711718749999996 0.8878125000000001
1 0.30648437500000003 1 0.30648437500000003 0.9711562499999999 0.20432812500000003 0.9711562499999999 0.20432812500000003 1 0.30648437500000003 1