1 0.2901761765625 0.7148894578125 0.3627752046875 0.7250925859375 0.37861194375 0.6124083312499999 0.306012915625 0.602205203125 0.2901761765625 0.7148894578125
1 0.165775178125 0.6326718812500001 0.24671411875000002 0.6440471078125001 0.2625508578125 0.5313628546875 0.181611915625 0.519987628125 0.165775178125 0.6326718812500001
1 0.8216108406249999 0.931984453125 0.9418201015625 0.9488787640625 0.958770225 0.8282723656250001 0.838560965625 0.81137805625 0.8216108406249999 0.931984453125
1 0.748638090625 0.8812725859375 0.8236199515625 0.8918105984375 0.8303118578124999 0.844195209375 0.755329996875 0.8336571968750001 0.748638090625 0.8812725859375
1 0.22151852343749998 0.95282683125 0.2881759421875 0.9621949203125 0.3066888640625 0.8304686374999999 0.2400314453125 0.8211005484375 0.22151852343749998 0.95282683125
1 0 0.5753761734375 0.0514505640625 0.582607078125 0.061488425 0.51118399375 0 0.502542359375 0 0.5753761734375
1 0.266863878125 0.4316279140625 0.340654321875 0.441998484375 0.3500224109375 0.3753410640625 0.2762319671875 0.36497049375 0.266863878125 0.4316279140625
1 0.35135256406250004 0.339942103125 0.39419713125 0.34596351406250003 0.400442525 0.301525234375 0.35759795781250003 0.2955038234375 0.35135256406250004 0.339942103125
1 0.42128080468749995 0.3173922796875 0.45580093125000004 0.3222437671875 0.46115329687499995 0.2841597078125 0.42663317031250003 0.2793082203125 0.42128080468749995 0.3173922796875
1 0.4534205953125 0.27013453125 0.5272110390625 0.280505103125 0.5339029453124999 0.2328897125 0.46011250156249994 0.222519140625 0.4534205953125 0.27013453125
1 0.5225908015625 0.29603404843750003 0.57139245 0.30289267343750004 0.5767448140625 0.2648086140625 0.5279431671875 0.257949990625 0.5225908015625 0.29603404843750003
1 0.61825559375 0.150872815625 0.664674409375 0.1573965546875 0.6720331859375 0.10503613125 0.6256143703125 0.09851239218749999 0.61825559375 0.150872815625
1 0.5943187625 0.338481834375 0.63358908125 0.3440009171875 0.6405042437499999 0.294796971875 0.6012339265625 0.28927788906249996 0.5943187625 0.338481834375
0 0.5397005765625 0.2175157171875 0.6944299625 0.23926151406249999 0.704244565625 0.1694269859375 0.5495151796875 0.1476811890625 0.5397005765625 0.2175157171875
0 0.682839940625 0.3217849421875 0.8316122453125001 0.3426935265625 0.8512385515625001 0.203045096875 0.702466246875 0.18213651250000001 0.682839940625 0.3217849421875
0 0.42285711406250004 0.4875488625 0.7370815515625 0.5317102265625 0.7658526906249999 0.32699293281249997 0.451628253125 0.28283156875 0.42285711406250004 0.4875488625
0 0.62395433125 0.6889651046874999 0.791773821875 0.7125505953125 0.8116233859375 0.5713136125 0.64380389375 0.5477281203125 0.62395433125 0.6889651046874999
1 0.6738744484375 0.8432474390625 0.7131447671875 0.8487665234374999 0.7198366734375 0.801151134375 0.6805663546875 0.79563205 0.6738744484375 0.8432474390625
1 0.48701191718750003 0.791077234375 0.5584195281250001 0.8011129203125 0.5660015625 0.7471639421875 0.49459395156249997 0.73712825625 0.48701191718750003 0.791077234375