1 0.71875 0.0961458328125 0.671875 0.0961458328125 0.671875 0.1554375 0.71875 0.1554375 0.71875 0.0961458328125
1 0.7175390625 0.259625 0.6742734375 0.259625 0.6742734375 0.3157083328125 0.7175390625 0.3157083328125 0.7175390625 0.259625
1 0.86778125 0.2644270828125 0.7764375 0.2644270828125 0.7764375 0.3253229171875 0.86778125 0.3253229171875 0.86778125 0.2644270828125
1 0.9290859375 0.31409375 0.8545703124999999 0.31409375 0.8545703124999999 0.38140625 0.9290859375 0.38140625 0.9290859375 0.31409375
1 0.8305312499999999 0.5032083328125 0.73678125 0.5032083328125 0.73678125 0.5753333328125 0.8305312499999999 0.5753333328125 0.8305312499999999 0.5032083328125
1 0.5961484375 0.8156979171875 0.5300390625 0.8156979171875 0.5300390625 0.9038437500000001 0.5961484375 0.9038437500000001 0.5961484375 0.8156979171875
1 0.3509609375 0.8990520828124999 0.2692265625 0.8990520828124999 0.2692265625 0.9535312499999999 0.3509609375 0.9535312499999999 0.3509609375 0.8990520828124999
1 0.1935078125 0.9278854171875001 0.13702343749999998 0.9278854171875001 0.13702343749999998 0.9775729171875 0.1935078125 0.9775729171875 0.1935078125 0.9278854171875001
1 0.1141796875 0.3942395828125 0.0192265625 0.3942395828125 0.0192265625 0.4695520828125 0.1141796875 0.4695520828125 0.1141796875 0.3942395828125
1 0.21634375 0.8285312499999999 0.01803125 0.8285312499999999 0.01803125 0.9278854171875001 0.21634375 0.9278854171875001 0.21634375 0.8285312499999999
1 1 0.6394166671875 0.875 0.6394166671875 0.875 0.7467916671875 1 0.7467916671875 1 0.6394166671875
0 0.5192265625 0.4839791671875 0.3725859375 0.4839791671875 0.3725859375 0.6025625 0.5192265625 0.6025625 0.5192265625 0.4839791671875
0 0.8545624999999999 0.3125104171875 0.54446875 0.3125104171875 0.54446875 0.47115625000000005 0.8545624999999999 0.47115625000000005 0.8545624999999999 0.3125104171875
0 0.5877421875 0.1506354171875 0.4459140625 0.1506354171875 0.4459140625 0.27082291718749996 0.5877421875 0.27082291718749996 0.5877421875 0.1506354171875
0 0.6851015625 0.09615625 0.5384609375 0.09615625 0.5384609375 0.1602604171875 0.6851015625 0.1602604171875 0.6851015625 0.09615625