1 0.8013757609375001 0.19217255 0.8069094124999999 0.2713074359375 0.870857425 0.2668357546875 0.865323775 0.18770086875 0.8013757609375001 0.19217255
1 0.613107596875 0.0499042265625 0.6190608765625 0.13504008437499998 0.67500759375 0.1311279078125 0.6690543140625 0.045992051562500004 0.613107596875 0.0499042265625
1 0.62780235 0.19105895625 0.6322460546875 0.254606903125 0.6706107046875001 0.2519241859375 0.666167 0.1883762390625 0.62780235 0.19105895625
1 0.5405434421875001 0 0.5452073671875 0.0666972390625 0.59477383125 0.063231215625 0.5903522734375 0 0.5405434421875001 0
1 0.3079278734375 0.0736644296875 0.3163956546875 0.19475935312499998 0.41230728125000005 0.188052559375 0.4038395 0.06695763593750001 0.3079278734375 0.0736644296875
1 0.5150584874999999 0.8531770828124999 0.520927840625 0.9371127453125 0.612059471875 0.9307402 0.6061901187500001 0.8468045375000001 0.5150584874999999 0.8531770828124999
1 0 0.44219054062499996 0.0507089484375 0.4386446265625 0.0476069640625 0.39428420000000003 0 0.39761320312500004 0 0.44219054062499996
1 0.063992565625 0.812433225 0.020837528124999997 0.8154509187500001 0.0334972375 0.9964932078125001 0.076652275 0.9934755140625 0.063992565625 0.812433225
0 0.3111083765625 0.46379916718749997 0.3224274546875 0.625669521875 0.45512425624999997 0.6163904578125 0.44380517812500003 0.454520103125 0.3111083765625 0.46379916718749997
0 0.43683613125000004 0.056200014062500005 0.4600606765625 0.38832649531249996 0.6215205734375 0.37703611875 0.5982960281249999 0.0449096390625 0.43683613125000004 0.056200014062500005
0 0.7134117578125 0.3356816265625 0.7238076515625 0.48434984375 0.8389016046875 0.476301690625 0.828505709375 0.3276334734375 0.7134117578125 0.3356816265625
0 0.7946384375 0.2565023515625 0.8015977359375 0.35602495156249997 0.8655457484375001 0.35155327187499996 0.85858645 0.25203067031250004 0.7946384375 0.2565023515625