0 0.748796875 0.3365416671875 0.569703125 0.3365416671875 0.569703125 0.48237500000000005 0.748796875 0.48237500000000005 0.748796875 0.3365416671875
1 0.9555234374999999 0.56090625 0.8894140625 0.56090625 0.8894140625 0.63621875 0.9555234374999999 0.63621875 0.9555234374999999 0.56090625
1 0.9999921875 0.7596041671875 0.9386953124999999 0.7596041671875 0.9386953124999999 0.8076874999999999 0.9999921875 0.8076874999999999 0.9999921875 0.7596041671875
1 0.884625 0.47115625000000005 0.8305312499999999 0.47115625000000005 0.8305312499999999 0.5080104171875 0.884625 0.5080104171875 0.884625 0.47115625000000005
1 0.78965625 0.8718020828125 0.73196875 0.8718020828125 0.73196875 0.9391145828124999 0.78965625 0.9391145828124999 0.78965625 0.8718020828125
1 0.4411015625 0.7788541671875 0.3978359375 0.7788541671875 0.3978359375 0.8525625 0.4411015625 0.8525625 0.4411015625 0.7788541671875
1 0.47474999999999995 0.8477604171875001 0.4170625 0.8477604171875001 0.4170625 0.9471145828124999 0.47474999999999995 0.9471145828124999 0.47474999999999995 0.8477604171875001
1 0.9362890625 0.8253125000000001 0.8617734374999999 0.8253125000000001 0.8617734374999999 0.8878125000000001 0.9362890625 0.8878125000000001 0.9362890625 0.8253125000000001
1 0.181484375 0.7980833328125 0.137015625 0.7980833328125 0.137015625 0.8878333328125001 0.181484375 0.8878333328125001 0.181484375 0.7980833328125
1 0.2608125 0.47757291718749995 0.21875 0.47757291718749995 0.21875 0.5144270828125 0.2608125 0.5144270828125 0.2608125 0.47757291718749995
1 0.2644296875 0.3958333328125 0.1851015625 0.3958333328125 0.1851015625 0.4375 0.2644296875 0.4375 0.2644296875 0.3958333328125
1 0.2523984375 0.3445520828125 0.1778828125 0.3445520828125 0.1778828125 0.38140625 0.2523984375 0.38140625 0.2523984375 0.3445520828125
1 0 0.5689062500000001 0.0528828125 0.5689062500000001 0.0528828125 0.49359374999999994 0 0.49359374999999994 0 0.5689062500000001
1 0.2992890625 0.1939166671875 0.24639843749999998 0.1939166671875 0.24639843749999998 0.22916666718749998 0.2992890625 0.22916666718749998 0.2992890625 0.1939166671875
1 0.21754687499999997 0.1041666671875 0.181484375 0.1041666671875 0.181484375 0.1362083328125 0.21754687499999997 0.1362083328125 0.21754687499999997 0.1041666671875
1 0.7908671875 0.35094791718749996 0.7632265625 0.35094791718749996 0.7632265625 0.3798020828125 0.7908671875 0.3798020828125 0.7908671875 0.35094791718749996
1 0.8245156250000001 0.3285208328125 0.782453125 0.3285208328125 0.782453125 0.3637708328125 0.8245156250000001 0.3637708328125 0.8245156250000001 0.3285208328125
1 0.8581796875000001 0.5512708328125 0.8076953124999999 0.5512708328125 0.8076953124999999 0.5817291671875 0.8581796875000001 0.5817291671875 0.8581796875000001 0.5512708328125
1 0.1826875 0.4968020828125 0.09975 0.4968020828125 0.09975 0.5576979171875001 0.1826875 0.5576979171875001 0.1826875 0.4968020828125
1 0.1045703125 0.3798125 0.0721171875 0.3798125 0.0721171875 0.40385416718749995 0.1045703125 0.40385416718749995 0.1045703125 0.3798125
1 0.3834140625 0.4695625 0.3509609375 0.4695625 0.3509609375 0.5016041671875 0.3834140625 0.5016041671875 0.3834140625 0.4695625
1 0.13821875 0.20993750000000003 0.09615625 0.20993750000000003 0.09615625 0.2548125 0.13821875 0.2548125 0.13821875 0.20993750000000003
1 0 0.3637708328125 0.03965625 0.3637708328125 0.03965625 0.3317291671875 0 0.3317291671875 0 0.3637708328125
1 0.052890625000000004 0.40063541718750006 0.001203125 0.40063541718750006 0.001203125 0.44711458281249994 0.052890625000000004 0.44711458281249994 0.052890625000000004 0.40063541718750006
1 0.753609375 0.18590625 0.7091406250000001 0.18590625 0.7091406250000001 0.22917708281250002 0.753609375 0.22917708281250002 0.753609375 0.18590625