1 0.33534375 0.5849479171875 0.1923125 0.5849479171875 0.1923125 0.7435937499999999 0.33534375 0.7435937499999999 0.33534375 0.5849479171875
1 0.5480703124999999 0.5096145828124999 0.39542968749999996 0.5096145828124999 0.39542968749999996 0.5945520828124999 0.5480703124999999 0.5945520828124999 0.5480703124999999 0.5096145828124999
1 0.9735625000000001 0.3717916671875 0.90025 0.3717916671875 0.90025 0.4583333328125 0.9735625000000001 0.4583333328125 0.9735625000000001 0.3717916671875
0 0.7175390625 0.0849270828125 0.5961484375 0.0849270828125 0.5961484375 0.1554479171875 0.7175390625 0.1554479171875 0.7175390625 0.0849270828125
0 0.61659375 0.1330208328125 0.453125 0.1330208328125 0.453125 0.2756458328125 0.61659375 0.2756458328125 0.61659375 0.1330208328125
0 0.75 0.2243541671875 0.49278125 0.2243541671875 0.49278125 0.3974375 0.75 0.3974375 0.75 0.2243541671875
0 0.7187421875 0.44711458281249994 0.5661015625 0.44711458281249994 0.5661015625 0.5496770828125 0.7187421875 0.5496770828125 0.7187421875 0.44711458281249994
1 0.9026484375000001 0.4695625 0.8149140625 0.4695625 0.8149140625 0.5849375 0.9026484375000001 0.5849375 0.9026484375000001 0.4695625
1 0.20553125 0.4711666671875 0.11178125000000001 0.4711666671875 0.11178125000000001 0.5689166671875 0.20553125 0.5689166671875 0.20553125 0.4711666671875
1 0.137015625 0.5721041671875 0.056484374999999996 0.5721041671875 0.056484374999999996 0.6618541671875 0.137015625 0.6618541671875 0.137015625 0.5721041671875
1 0 0.767625 0.0625 0.767625 0.0625 0.6746666671875 0 0.6746666671875 0 0.767625