0 0.17547656250000002 0.10738541718750001 0.0048046875 0.10738541718750001 0.0048046875 0.2243645828125 0.17547656250000002 0.2243645828125 0.17547656250000002 0.10738541718750001
0 0 0.48078125 0.14303125 0.48078125 0.14303125 0.22596875 0 0.22596875 0 0.48078125
0 0 0.7083437499999999 0.16946875 0.7083437499999999 0.16946875 0.6201979171875001 0 0.6201979171875001 0 0.7083437499999999
1 0.4242734375 0.4102708328125 0.3521640625 0.4102708328125 0.3521640625 0.4839791671875 0.4242734375 0.4839791671875 0.4242734375 0.4102708328125
1 0.9026406250000001 0.8317291671874999 0.741578125 0.8317291671874999 0.741578125 0.9150625 0.9026406250000001 0.9150625 0.9026406250000001 0.8317291671874999
1 0.8305234374999999 0.7580104171875 0.7560078125 0.7580104171875 0.7560078125 0.83653125 0.8305234374999999 0.83653125 0.8305234374999999 0.7580104171875
1 0.745203125 0.7003125 0.675484375 0.7003125 0.675484375 0.7932708328125 0.745203125 0.7932708328125 0.745203125 0.7003125
1 0.4976015625 0.758 0.4206796875 0.758 0.4206796875 0.8477499999999999 0.4976015625 0.8477499999999999 0.4976015625 0.758
1 0.41586718749999996 0.7419895828125 0.3161015625 0.7419895828125 0.3161015625 0.7964687500000001 0.41586718749999996 0.7964687500000001 0.41586718749999996 0.7419895828125
1 0.5949453124999999 0.78525 0.5228359375 0.78525 0.5228359375 0.8717916671875001 0.5949453124999999 0.8717916671875001 0.5949453124999999 0.78525
1 0.3413515625 0.6025729171875 0.2824609375 0.6025729171875 0.2824609375 0.66346875 0.3413515625 0.66346875 0.3413515625 0.6025729171875
1 0.347359375 0.5432812499999999 0.269234375 0.5432812499999999 0.269234375 0.5977604171875 0.347359375 0.5977604171875 0.347359375 0.5432812499999999
1 0.2656171875 0.3974375 0.2199453125 0.3974375 0.2199453125 0.4455208328125 0.2656171875 0.4455208328125 0.2656171875 0.3974375
1 0.6995234375 0.5544791671875 0.6153828125 0.5544791671875 0.6153828125 0.6057708328125 0.6995234375 0.6057708328125 0.6995234375 0.5544791671875