0 0.545671875 0.2099270828125 0.38460937500000003 0.2099270828125 0.38460937500000003 0.36378125 0.545671875 0.36378125 0.545671875 0.2099270828125
0 0.6658671875 0.1586458328125 0.5264453125 0.1586458328125 0.5264453125 0.2307708328125 0.6658671875 0.2307708328125 0.6658671875 0.1586458328125
0 0.891828125 0.45353125 0.6935156250000001 0.45353125 0.6935156250000001 0.6698854171875 0.891828125 0.6698854171875 0.891828125 0.45353125
0 0.67909375 0.53846875 0.515625 0.53846875 0.515625 0.7035312499999999 0.67909375 0.7035312499999999 0.67909375 0.53846875
0 0.28605468749999996 0.7500104171875 0.0817265625 0.7500104171875 0.0817265625 0.8461562499999999 0.28605468749999996 0.8461562499999999 0.28605468749999996 0.7500104171875
1 0.25721875 0.6842916671875 0.14303125 0.6842916671875 0.14303125 0.7708333328125 0.25721875 0.7708333328125 0.25721875 0.6842916671875
1 0.23557812500000003 0.0881354171875 0.191109375 0.0881354171875 0.191109375 0.13140625 0.23557812500000003 0.13140625 0.23557812500000003 0.0881354171875
1 0.112984375 0.3653854171875 0.055296875 0.3653854171875 0.055296875 0.4054479171875 0.112984375 0.4054479171875 0.112984375 0.3653854171875
1 0.21153906249999999 0.48557291718749995 0.1790859375 0.48557291718749995 0.1790859375 0.5352604171875 0.21153906249999999 0.5352604171875 0.21153906249999999 0.48557291718749995
1 0.3377421875 0.4134583328125 0.2896640625 0.4134583328125 0.2896640625 0.47275 0.3377421875 0.47275 0.3377421875 0.4134583328125
1 0.094953125 0.5721041671875 0.056484374999999996 0.5721041671875 0.056484374999999996 0.6169791671875 0.094953125 0.6169791671875 0.094953125 0.5721041671875
1 0.8161093749999999 0.40064583281250005 0.719953125 0.40064583281250005 0.719953125 0.4535208328125 0.8161093749999999 0.4535208328125 0.8161093749999999 0.40064583281250005
1 0.7379765625 0.197125 0.6790859375 0.197125 0.6790859375 0.27725 0.7379765625 0.27725 0.7379765625 0.197125
1 0.668265625 0.3878125 0.6033593749999999 0.3878125 0.6033593749999999 0.4326875 0.668265625 0.4326875 0.668265625 0.3878125
1 0.9026484375000001 1 0.9026484375000001 0.8958333328125001 0.7764453125 0.8958333328125001 0.7764453125 1 0.9026484375000001 1