0 0.5491588546874999 0.8000052640625 0.591607821875 0.6161385875 0.4245236546875 0.57756416875 0.3820746875 0.7614308453125 0.5491588546874999 0.8000052640625
1 0.1819581671875 0.8731127609374999 0.1673574375 0.9363554671875001 0.242302734375 0.9536579515625 0.2569034640625 0.8904152453125 0.1819581671875 0.8731127609374999
1 0.6828739515625 0.29921822656249997 0.7018014734375 0.21723412031249997 0.661202721875 0.20786116093749998 0.6422752 0.2898452671875 0.6828739515625 0.29921822656249997
1 0.6261033921875 0.2885812546875 0.6444896250000001 0.20894172656249999 0.603890871875 0.199568765625 0.5855046374999999 0.27920829375 0.6261033921875 0.2885812546875
1 0.5068810546875 0 0.49698001875 0.042886103125000005 0.567256459375 0.059110696875 0.579692034375 0.0052463015625 0.5569678046875 0 0.5068810546875 0
1 0.5268651390625 0.27675919375 0.5393007140625 0.22289479843749999 0.5049541703125 0.2149652734375 0.49251859375 0.26882966875 0.5268651390625 0.27675919375
1 0.21553633749999998 0.086465421875 0.2258102734375 0.0419641140625 0.1290025484375 0.019614290625 0.1187286125 0.0641155984375 0.21553633749999998 0.086465421875
1 0.1572268953125 0.36042490312500003 0.16723018750000002 0.31709588437499997 0.10476900781250001 0.30267558437500003 0.094765715625 0.34600460312500003 0.1572268953125 0.36042490312500003
1 0.0970472234375 0.3218599421875 0.0314700875 0.3067202671875 0.0195722859375 0.358255309375 0.08514942187499999 0.373394984375 0.0970472234375 0.3218599421875
1 0.2873485140625 0.8653720359375001 0.29897567187499996 0.8150092828125001 0.26619217968750003 0.8074406171874999 0.254565021875 0.8578033703125 0.2873485140625 0.8653720359375001
1 0.3610340671875 0.9095246187500001 0.37428157500000003 0.85214335625 0.3414980828125 0.8445746906249999 0.328250575 0.901955953125 0.3610340671875 0.9095246187500001
1 0.51932826875 0.8436878625 0.5268992765625 0.81089421875 0.4925527328125 0.8029646953125 0.4849817234375 0.8357583375000001 0.51932826875 0.8436878625
1 0.535734178125 0.87954746875 0.5479026250000001 0.8268401375 0.51511913125 0.819271471875 0.502950684375 0.8719788015625 0.535734178125 0.87954746875
1 0.716562571875 0.8300180703125 0.72467486875 0.7948798499999999 0.6809500125 0.7847851718750001 0.6728377156249999 0.8199233921875001 0.716562571875 0.8300180703125
1 0.8179557453124999 0.3908359890625 0.8320151859375 0.32993785937500003 0.797668640625 0.322008334375 0.7836092 0.3829064640625 0.8179557453124999 0.3908359890625
1 0.8585751625 0.33607773124999996 0.8653342390625 0.30680095625 0.8231724328125001 0.2970671359375 0.81641335625 0.32634391093750004 0.8585751625 0.33607773124999996
1 0.9345113171874999 0.3276947953125 0.9437026765625 0.28788264375 0.9046669765625 0.2788705421875 0.8954756171874999 0.31868269374999997 0.9345113171874999 0.3276947953125
1 0.7439657671875 0.09868851875 0.7561342140625 0.0459811890625 0.7249137718750001 0.03877338125 0.7127453265625 0.0914807125 0.7439657671875 0.09868851875
1 0.735468228125 0.149757765625 0.74493023125 0.108773325 0.7043314796875 0.0994003640625 0.6948694765625001 0.1403848046875 0.735468228125 0.149757765625
1 0.509207146875 0.39603145 0.5181278609375 0.3573915875 0.49157627656249997 0.3512616703125 0.4826555625 0.38990153437499997 0.509207146875 0.39603145
1 0.8524797328125 0.219948934375 0.8632949578125 0.1731030484375 0.8180070484374999 0.16264751093750002 0.8071918234375 0.209493396875 0.8524797328125 0.219948934375
1 0.6947756265625 0.5326358109375 0.7036963421875 0.49399594843749994 0.6740186546875 0.4871443140625 0.6650979390625 0.5257841765625 0.6947756265625 0.5326358109375
1 0.78926918125 0.5507470515625 0.8044111984375 0.485159765625 0.773190759375 0.477951959375 0.7580487406249999 0.54353924375 0.78926918125 0.5507470515625
1 0.96382525 0.25059416093750003 0.9770727578124999 0.1932128984375 0.9473950703125 0.186361265625 0.9341475625 0.2437425265625 0.96382525 0.25059416093750003
1 0.551288478125 0.19236363437499998 0.5737308609375 0.0951549953125 0.49878556406249996 0.0778525109375 0.47634318125 0.17506115 0.551288478125 0.19236363437499998
1 0.128324871875 0.2291686484375 0.139410740625 0.1811504734375 0.0941228328125 0.17069493593750001 0.0830369640625 0.2187131109375 0.128324871875 0.2291686484375