0 0.5841406250000001 0.1554479171875 0.43870312499999997 0.1554479171875 0.43870312499999997 0.26121875 0.5841406250000001 0.26121875 0.5841406250000001 0.1554479171875
0 0.675484375 0.1089791671875 0.576921875 0.1089791671875 0.576921875 0.1826875 0.675484375 0.1826875 0.675484375 0.1089791671875
0 0.639421875 0.322125 0.5372656250000001 0.322125 0.5372656250000001 0.4615416671875 0.639421875 0.4615416671875 0.639421875 0.322125
0 0.8257265625000001 0.3156979171875 0.6526484375 0.3156979171875 0.6526484375 0.4455104171875 0.8257265625000001 0.4455104171875 0.8257265625000001 0.3156979171875
0 0.74759375 1 0.74759375 0.8125 0.49037499999999995 0.8125 0.49037499999999995 1 0.74759375 1
0 1 0.6041562500000001 0.9314921875 0.6041562500000001 0.9314921875 0.6714687500000001 1 0.6714687500000001 1 0.6041562500000001
1 1 0.52884375 0.8894296875000001 0.52884375 0.8894296875000001 0.6169895828125 1 0.6169895828125 1 0.52884375
1 0.36178125 0.46635416718749995 0.228375 0.46635416718749995 0.228375 0.5608958328125 0.36178125 0.5608958328125 0.36178125 0.46635416718749995
1 0.134609375 0.3557604171875 0.043265625 0.3557604171875 0.043265625 0.4374895828125 0.134609375 0.4374895828125 0.134609375 0.3557604171875
1 0.44230468749999996 0.794875 0.37019531250000004 0.794875 0.37019531250000004 0.875 0.44230468749999996 0.875 0.44230468749999996 0.794875
1 0.49038281250000004 0.7996770828125 0.44711718749999996 0.7996770828125 0.44711718749999996 0.8669895828125 0.49038281250000004 0.8669895828125 0.49038281250000004 0.7996770828125
1 0.579328125 0.7644166671875 0.490390625 0.7644166671875 0.490390625 0.8445416671875 0.579328125 0.8445416671875 0.579328125 0.7644166671875
1 0.4519296875 1 0.4519296875 0.9439166671875 0.3990390625 0.9439166671875 0.3990390625 1 0.4519296875 1
1 0.3966328125 0.8701874999999999 0.2836484375 0.8701874999999999 0.2836484375 0.9775625 0.3966328125 0.9775625 0.3966328125 0.8701874999999999
1 0.2175390625 0.875 0.1742734375 0.875 0.1742734375 0.947125 0.2175390625 0.947125 0.2175390625 0.875
1 0.20192187499999997 0.7307708328125 0.157453125 0.7307708328125 0.157453125 0.8108958328125 0.20192187499999997 0.8108958328125 0.20192187499999997 0.7307708328125
1 0.447109375 0.6458333328125 0.387015625 0.6458333328125 0.387015625 0.705125 0.447109375 0.705125 0.447109375 0.6458333328125
1 0.7632265625 0.5480729171875 0.6814921875 0.5480729171875 0.6814921875 0.6298020828124999 0.7632265625 0.6298020828124999 0.7632265625 0.5480729171875
1 0.94590625 0.4775625 0.88340625 0.4775625 0.88340625 0.5128125 0.94590625 0.5128125 0.94590625 0.4775625
1 0.7295625 0.17146875 0.6826875 0.17146875 0.6826875 0.22115625 0.7295625 0.22115625 0.7295625 0.17146875
1 0.3065 0.0625 0.22115625 0.0625 0.22115625 0.125 0.3065 0.125 0.3065 0.0625