0 0.40183062031250005 0.331614971875 0.42658533125 0.5332259078125 0.5920096890625001 0.5129143515625 0.5672549796874999 0.3113034140625 0.40183062031250005 0.331614971875
1 0.462392940625 0.87759298125 0.47396481562500004 0.9718383390625001 0.516913115625 0.9665649515625001 0.505341240625 0.8723195921875 0.462392940625 0.87759298125
1 0.5279141296875001 0.871964440625 0.53933938125 0.9650156421875 0.5775110515625 0.9603287500000001 0.5660858 0.8672775484375 0.5279141296875001 0.871964440625
1 0.62414014375 0.064562940625 0.6330746890625 0.1373289796875 0.728503865625 0.12561175 0.7195693203125 0.0528457109375 0.62414014375 0.064562940625
1 0.536061715625 0.1625586953125 0.5433853015625 0.22220451562500002 0.581556971875 0.217517625 0.5742333859375 0.1578718046875 0.536061715625 0.1625586953125
1 0.39769986562500004 0.284895140625 0.4015082828125 0.31591220781249996 0.44127216249999995 0.3110298171875 0.4374637453125 0.28001275 0.39769986562500004 0.284895140625
1 0.375088521875 0.258611103125 0.3808011484375 0.3051367046875 0.4110324484375 0.3014247671875 0.40531982343750006 0.2548991671875 0.375088521875 0.258611103125
1 0.4106351078125 0.23245913125 0.4150300203125 0.2682528265625 0.45797831875000006 0.2629794390625 0.45358340625000004 0.22718574375 0.4106351078125 0.23245913125
1 0.75808521875 0.26122849531250003 0.7645309640625 0.31372488125000003 0.8424665156250001 0.3041555984375 0.8360207687500001 0.2516592125 0.75808521875 0.26122849531250003
1 1 0.6735385468749999 0.9801500234375 0.6759758171875 0.9857160234375 0.7213072609375 1 0.719553409375 1 0.6735385468749999
1 1 0.85274935625 0.9779857468750001 0.8554523656249999 0.9806230749999999 0.8769316859374999 1 0.8745524984375 1 0.85274935625
1 0.6308851375 0.869018471875 0.6385019703125 0.93105260625 0.6798580609375 0.9259747171875 0.6722412265625 0.8639405828125 0.6308851375 0.869018471875
1 0.591046521875 0.7285846171875 0.59719901875 0.778692690625 0.6369629 0.7738103 0.6308104015625 0.7237022265624999 0.591046521875 0.7285846171875
1 0.4670063671875 0.7704587453125 0.47301224062499997 0.8193726609375 0.5079994921875 0.8150767671875 0.50199361875 0.7661628515625 0.4670063671875 0.7704587453125
1 0.413676984375 0.7043479953125 0.41894973750000003 0.7472911250000001 0.4491810390625 0.7435791875 0.4439082859375 0.7006360593750001 0.413676984375 0.7043479953125
1 0.5512631781249999 0.07592755625 0.5584401390625 0.13437921875 0.6141054359375 0.12754437968750001 0.6069284734375 0.0690927171875 0.5512631781249999 0.07592755625
1 0.6016773828125 0 0.6071842203125 0.044849595312500004 0.6421714734374999 0.0405537 0.6371921046875 0 0.6016773828125 0
1 0.6452836671875 0 0.6524859875 0.0586581875 0.7367903765625 0.0483069109375 0.730859034375 0 0.6452836671875 0
1 0.8971506281250001 0 0.9006121859375 0.028192121874999997 0.9451526953125 0.022723234375 0.9423626328125 0 0.8971506281250001 0
1 0.2141557109375 0.36798444375 0.2197217125 0.41331588750000003 0.2547089640625 0.40901999375000003 0.24914296249999998 0.36368855 0.2141557109375 0.36798444375
1 0.2713766734375 0.8998267984374999 0.275185090625 0.9308438656250001 0.305416390625 0.9271319281249999 0.3016079734375 0.8961148609375 0.2713766734375 0.8998267984374999
1 0.2751985515625 0.8388124875 0.2828153859375 0.900846621875 0.338480684375 0.8940117828125 0.33086384999999996 0.831977646875 0.2751985515625 0.8388124875