0 0.20642842187500002 0.65499864375 0.2004523109375 0.5409676343750001 0.08841855937500001 0.5468390750000001 0.094394671875 0.660870084375 0.20642842187500002 0.65499864375
0 0.1398229 0.7620061578125 0.1338467875 0.6479751484375 0.0618206328125 0.6517498796875 0.06779674531249999 0.7657808890625 0.1398229 0.7620061578125
0 0.846308421875 0.9223606984374999 0.8360554812500001 0.72672293125 0.6664132890625 0.7356135015625 0.6766662296875 0.93125126875 0.846308421875 0.9223606984374999
0 0.3759424328125 0.9193251546875001 0.366884225 0.7464842265625 0.25166734218750003 0.7525224875000001 0.2607255515625 0.9253634156249999 0.3759424328125 0.9193251546875001
0 0.375324428125 0.7544753265625 0.3694112828125 0.64164579375 0.287794125 0.6459231671875 0.2937072703125 0.7587527015625 0.375324428125 0.7544753265625
1 0.42703016250000003 0.4857681921875 0.421557784375 0.381348990625 0.3591434375 0.3846199890625 0.364615815625 0.4890391890625 0.42703016250000003 0.4857681921875
1 0.7102346703125 0.6225792203125 0.70690070625 0.5589633984375 0.63169141875 0.56290495 0.6350253828125 0.626520771875 0.7102346703125 0.6225792203125
1 0.72253038125 0.6736854390625 0.7200771328125 0.6268746796875 0.6528568828125 0.63039754375 0.6553101296875 0.677208303125 0.72253038125 0.6736854390625
1 0.714264953125 0.760784259375 0.71017620625 0.6827663265624999 0.6461598921875 0.6861212796875 0.6502486390625 0.7641392125 0.714264953125 0.760784259375
1 0.8440880749999999 0.6047290984375 0.8389297125 0.506301675 0.7429156421875 0.5113335593749999 0.74807400625 0.6097609828125 0.8440880749999999 0.6047290984375
1 0.753819090625 0.566127071875 0.7481578125 0.45810344374999995 0.70174234375 0.460535975 0.7074036218749999 0.5685596046875 0.753819090625 0.566127071875
1 0.8106206281249999 0.3946536859375 0.8082303468750001 0.349044403125 0.739408128125 0.3526512234375 0.7417984093750001 0.39826050625 0.8106206281249999 0.3946536859375
1 1 0.9130934640625 0.926249834375 0.916958546875 0.929457865625 0.9781714171875 1 0.9744744609374999 1 0.9130934640625
1 0.533896959375 0.8713286124999999 0.5303740953125 0.8041083625000001 0.45356284062499996 0.8081338703125001 0.4570857046875 0.8753541203124999 0.533896959375 0.8713286124999999
1 0.5925526109375 0 0.5954716828125 0.055699187500000004 0.680292778125 0.0512539015625 0.677606675 0 0.5925526109375 0
1 0.32296003125 0.27577858125 0.31836836874999996 0.1881644421875 0.2383531765625 0.1923578609375 0.24294483906250003 0.279972 0.32296003125 0.27577858125
1 0.053959778125 0.3789514859375 0.051569496874999995 0.333342203125 0.0115619 0.3354389125 0.01395218125 0.3810481953125 0.053959778125 0.3789514859375