0 0.7932734375 0.37659375 0.6117890625 0.37659375 0.6117890625 0.52403125 0.7932734375 0.52403125 0.7932734375 0.37659375
1 1 0.6105729171875 0.94471875 0.6105729171875 0.94471875 0.68909375 1 0.68909375 1 0.6105729171875
1 0.3076875 0.41986458281249994 0.22115625 0.41986458281249994 0.22115625 0.45992708281250005 0.3076875 0.45992708281250005 0.3076875 0.41986458281249994
1 0.308890625 0.5016041671875 0.25960937500000003 0.5016041671875 0.25960937500000003 0.5432708328125 0.308890625 0.5432708328125 0.308890625 0.5016041671875
1 0.48917968749999996 0.8285208328125 0.44832031250000004 0.8285208328125 0.44832031250000004 0.8942291671874999 0.48917968749999996 0.8942291671874999 0.48917968749999996 0.8285208328125
1 0.520421875 0.8990520828124999 0.465140625 0.8990520828124999 0.465140625 0.9951979171875 0.520421875 0.9951979171875 0.520421875 0.8990520828124999
1 0.8389453124999999 0.9294791671875 0.7884609375 0.9294791671875 0.7884609375 0.9951874999999999 0.8389453124999999 0.9951874999999999 0.8389453124999999 0.9294791671875
1 0.991578125 0.8749895828125 0.9182656250000001 0.8749895828125 0.9182656250000001 0.9455104171875 0.991578125 0.9455104171875 0.991578125 0.8749895828125
1 0.21995312500000003 0.8349375 0.181484375 0.8349375 0.181484375 0.9326874999999999 0.21995312500000003 0.9326874999999999 0.21995312500000003 0.8349375
1 0.097359375 0.5256458328125 0.001203125 0.5256458328125 0.001203125 0.5881458328125 0.097359375 0.5881458328125 0.097359375 0.5256458328125
1 0.097359375 0.4246875 0.032453125 0.4246875 0.032453125 0.4599375 0.097359375 0.4599375 0.097359375 0.4246875
1 0.15144531249999998 0.40064583281250005 0.1033671875 0.40064583281250005 0.1033671875 0.42789583281250004 0.15144531249999998 0.42789583281250004 0.15144531249999998 0.40064583281250005
1 0.2956796875 0.37340625 0.2139453125 0.37340625 0.2139453125 0.4070520828125 0.2956796875 0.4070520828125 0.2956796875 0.37340625
1 0.17667968750000002 0.232375 0.1394140625 0.232375 0.1394140625 0.2740416671875 0.17667968750000002 0.2740416671875 0.17667968750000002 0.232375
1 0.26321875 0.1298020828125 0.22115625 0.1298020828125 0.22115625 0.1730729171875 0.26321875 0.1730729171875 0.26321875 0.1298020828125
1 0.2872578125 0.20031249999999998 0.2620234375 0.20031249999999998 0.2620234375 0.2307708328125 0.2872578125 0.2307708328125 0.2872578125 0.20031249999999998
1 0.3389375 0.2131354171875 0.28725 0.2131354171875 0.28725 0.25640625 0.3389375 0.25640625 0.3389375 0.2131354171875
1 0.7908593749999999 0.2195520828125 0.7439843749999999 0.2195520828125 0.7439843749999999 0.24840625 0.7908593749999999 0.24840625 0.7908593749999999 0.2195520828125
1 0.8004765624999999 0.2596145828125 0.7632109375 0.2596145828125 0.7632109375 0.2852604171875 0.8004765624999999 0.2852604171875 0.8004765624999999 0.2596145828125
1 0.8665859375 0.367 0.8257265625000001 0.367 0.8257265625000001 0.3990416671875 0.8665859375 0.3990416671875 0.8665859375 0.367
1 0.8437578125 0.39103125 0.8113046875000001 0.39103125 0.8113046875000001 0.41667708281250004 0.8437578125 0.41667708281250004 0.8437578125 0.39103125
1 0.9399062499999999 0.517625 0.8882187500000001 0.517625 0.8882187500000001 0.552875 0.9399062499999999 0.552875 0.9399062499999999 0.517625
1 0.9122578125 0.5913541671875 0.8641796875000001 0.5913541671875 0.8641796875000001 0.6330208328125 0.9122578125 0.6330208328125 0.9122578125 0.5913541671875
1 0.42788281250000004 0.48878125 0.3930234375 0.48878125 0.3930234375 0.52884375 0.42788281250000004 0.52884375 0.42788281250000004 0.48878125
1 0.2247578125 0.517625 0.14061718750000002 0.517625 0.14061718750000002 0.580125 0.2247578125 0.580125 0.2247578125 0.517625
1 0.88340625 0.4070520828125 0.859375 0.4070520828125 0.859375 0.43590625000000005 0.88340625 0.43590625000000005 0.88340625 0.4070520828125
1 0.378609375 0.8862083328124999 0.331734375 0.8862083328124999 0.331734375 0.927875 0.378609375 0.927875 0.378609375 0.8862083328124999