0 0.6234578875000001 0.12311757968749999 0.4749937453125 0.11012865000000001 0.46493815156249996 0.22506461406249997 0.61340229375 0.2380535421875 0.6234578875000001 0.12311757968749999
0 0.7140722734375 0.0940294546875 0.6254732078125 0.086278040625 0.6191871 0.1581285828125 0.707786165625 0.165879996875 0.7140722734375 0.0940294546875
0 0.8680403968749999 0.29249555 0.6752611578125001 0.2756295515625 0.6640870640625 0.4033500140625 0.8568663046875 0.42021601249999996 0.8680403968749999 0.29249555
0 0.698341803125 0.3291364390625 0.5678247328125 0.31771767500000003 0.5597228796875 0.41032227343749994 0.6902399515625001 0.4217410375 0.698341803125 0.3291364390625
0 0.744885709375 0.79006155 0.4910428484375 0.767853178125 0.474002084375 0.9626299968750001 0.7278449453125 0.98483836875 0.744885709375 0.79006155
0 0.59700019375 0.7288666984375001 0.490438490625 0.7195437578125 0.48443200781250007 0.7881981734375 0.590993709375 0.7975211140625 0.59700019375 0.7288666984375001
1 0.4743358 0.7519302203125 0.4204478921875 0.747215640625 0.4152802828125 0.8062816843749999 0.46916819062500004 0.8109962656249999 0.4743358 0.7519302203125
1 0.436924915625 0.7245341468750001 0.34113456875 0.7161535781249999 0.3309391625 0.832687603125 0.426729509375 0.8410681734375001 0.436924915625 0.7245341468750001
1 0.3555771203125 0.8268021296875 0.2621838671875 0.8186312796875 0.2539440171875 0.9128131875 0.3473372703125 0.9209840375 0.3555771203125 0.8268021296875
1 0.3784600046875 0.8963737453125 0.37022015625 0.9905556531249999 0.43008523125 0.99579316875 0.43832508125 0.9016112609375 0.3784600046875 0.8963737453125
1 0.2409198734375 0.8135607890625 0.131961078125 0.8040281296874999 0.12511753750000001 0.8822501671874999 0.23407633125 0.8917828265625 0.2409198734375 0.8135607890625
1 0.8952495671875 0.6021494796875 0.9922306781250001 0.6106342265625 0.9989344078125001 0.5340102515625 0.9019532968749999 0.525525503125 0.8952495671875 0.6021494796875
1 0.9324770078125001 0.6729656234375 0.9863649156250001 0.6776802046875 0.9929288312500001 0.6026542921875 0.9390409249999999 0.5979397109375 0.9324770078125001 0.6729656234375
1 0.86906435 0.9151625640625 0.964854696875 0.9235431328124999 0.977285284375 0.7814608640625 0.8814949375 0.7730802953125 0.86906435 0.9151625640625
1 0.7609376203125 0.5099571843749999 0.6986754515625 0.5045099515625 0.6891772921875 0.6130744203125 0.7514394609374999 0.618521653125 0.7609376203125 0.5099571843749999
1 0.38906985625 0.3889404359375 0.2777139671875 0.3791980578125 0.2679361828125 0.49095864999999994 0.379292071875 0.5007010281250001 0.38906985625 0.3889404359375
1 0.14862161093749998 0.28265245 0.0791681625 0.2765760609375 0.071905184375 0.359592284375 0.1413586328125 0.3656686734375 0.14862161093749998 0.28265245
1 0.34054289375 0.0195240421875 0.3058161703125 0.016485846874999998 0.3024643046875 0.054797834375 0.3371910296875 0.05783602812500001 0.34054289375 0.0195240421875
1 0.7726288718750001 0.12811687656249998 0.7247337 0.12392659218749999 0.719566090625 0.1829926375 0.7674612625 0.18718292187500002 0.7726288718750001 0.12811687656249998
1 0.42765832187499997 0.582153459375 0.3857558828125 0.5784874703125 0.38156514375 0.6263878328125 0.423467584375 0.630053821875 0.42765832187499997 0.582153459375
1 0.172846940625 0.66764550625 0.14411295 0.6651316078125 0.140481459375 0.706639721875 0.1692154515625 0.7091536203125 0.172846940625 0.66764550625