1 0.25480468749999996 0.3653958328125 0.1778828125 0.3653958328125 0.1778828125 0.3974375 0.25480468749999996 0.3974375 0.25480468749999996 0.3653958328125
1 0.4014375 0.5416562500000001 0.33053125 0.5416562500000001 0.33053125 0.65384375 0.4014375 0.65384375 0.4014375 0.5416562500000001
1 0.3137109375 0.6474375 0.2319765625 0.6474375 0.2319765625 0.7548125 0.3137109375 0.7548125 0.3137109375 0.6474375
1 0.5252421875 0.8701979171875 0.41707031250000004 0.8701979171875 0.41707031250000004 0.9519270828125 0.5252421875 0.9519270828125 0.5252421875 0.8701979171875
1 0.46754687500000003 1 0.46754687500000003 0.947125 0.39664062499999997 0.947125 0.39664062499999997 1 0.46754687500000003 1
1 0 0.7323645828124999 0.08053125 0.7323645828124999 0.08053125 0.6298020828124999 0 0.6298020828124999 0 0.7323645828124999
1 0.807703125 0.8894270828125 0.737984375 0.8894270828125 0.737984375 0.99840625 0.807703125 0.99840625 0.807703125 0.8894270828125
1 0.74759375 0.8509479171875001 0.6935 0.8509479171875001 0.6935 0.9423020828125 0.74759375 0.9423020828125 0.74759375 0.8509479171875001
1 0.77284375 0.7708437499999999 0.71875 0.7708437499999999 0.71875 0.8461562499999999 0.77284375 0.8461562499999999 0.77284375 0.7708437499999999
1 0.6622656250000001 0.6458333328125 0.586546875 0.6458333328125 0.586546875 0.705125 0.6622656250000001 0.705125 0.6622656250000001 0.6458333328125
1 0.7283593749999999 0.6987083328125 0.6658593749999999 0.6987083328125 0.6658593749999999 0.767625 0.7283593749999999 0.767625 0.7283593749999999 0.6987083328125
1 0.0769296875 0.1794791671875 0.031257812499999996 0.1794791671875 0.031257812499999996 0.2419791671875 0.0769296875 0.2419791671875 0.0769296875 0.1794791671875
0 0.1394296875 0.2483958328125 0.0000078125 0.2483958328125 0.0000078125 0.3012708328125 0.1394296875 0.3012708328125 0.1394296875 0.2483958328125
0 0 0.5561041671875 0.15985156250000002 0.5561041671875 0.15985156250000002 0.3589791671875 0 0.3589791671875 0 0.5561041671875
1 0.31971875 0.4342916671875 0.2704375 0.4342916671875 0.2704375 0.4663333328125 0.31971875 0.4663333328125 0.31971875 0.4342916671875