1 0.6454375 0.6442395828125 0.49400000000000005 0.6442395828125 0.49400000000000005 0.7708437499999999 0.6454375 0.7708437499999999 0.6454375 0.6442395828125
1 0.859375 0.56090625 0.68990625 0.56090625 0.68990625 0.6570520828124999 0.859375 0.6570520828124999 0.859375 0.56090625
1 0.4242734375 0.607375 0.3581640625 0.607375 0.3581640625 0.6907083328125 0.4242734375 0.6907083328125 0.4242734375 0.607375
1 0.28967187499999997 0.6987083328125 0.141828125 0.6987083328125 0.141828125 0.7708333328125 0.28967187499999997 0.7708333328125 0.28967187499999997 0.6987083328125
1 0.852171875 0.059291667187499994 0.8004843749999999 0.059291667187499994 0.8004843749999999 0.11216666718749999 0.852171875 0.11216666718749999 0.852171875 0.059291667187499994
1 0.9999921875 0.1730833328125 0.9567265624999999 0.1730833328125 0.9567265624999999 0.23879166718749997 0.9999921875 0.23879166718749997 0.9999921875 0.1730833328125
1 0.484375 0.5016041671875 0.4170625 0.5016041671875 0.4170625 0.6057708328125 0.484375 0.6057708328125 0.484375 0.5016041671875
0 0.8653828125 0.1730729171875 0.6995234375 0.1730729171875 0.6995234375 0.3445520828125 0.8653828125 0.3445520828125 0.8653828125 0.1730729171875
0 0.963953125 0.125 0.8004843749999999 0.125 0.8004843749999999 0.21795833281250002 0.963953125 0.21795833281250002 0.963953125 0.125
0 0.9984375 0.2483854171875 0.76321875 0.2483854171875 0.76321875 0.44390625000000006 0.9984375 0.44390625000000006 0.9984375 0.2483854171875
0 1 0.48557291718749995 0.8329375000000001 0.48557291718749995 0.8329375000000001 0.6298020828124999 1 0.6298020828124999 1 0.48557291718749995