1 0.6310156250000001 0.0897395828125 0.592546875 0.0897395828125 0.592546875 0.11859375000000001 0.6310156250000001 0.11859375000000001 0.6310156250000001 0.0897395828125
1 0.9999921875 0.4951875 0.9254765624999999 0.4951875 0.9254765624999999 0.6137708328125 0.9999921875 0.6137708328125 0.9999921875 0.4951875
1 0.8461562499999999 0.4887708328125 0.76321875 0.4887708328125 0.76321875 0.5785208328125 0.8461562499999999 0.5785208328125 0.8461562499999999 0.4887708328125
1 0.8713906250000001 0.7836458328125 0.7752343749999999 0.7836458328125 0.7752343749999999 0.9086458328125 0.8713906250000001 0.9086458328125 0.8713906250000001 0.7836458328125
1 0.782453125 0.7852604171875 0.7247656250000001 0.7852604171875 0.7247656250000001 0.85578125 0.782453125 0.85578125 0.782453125 0.7852604171875
1 0.723546875 0.7756354171875001 0.637015625 0.7756354171875001 0.637015625 0.8429479171875001 0.723546875 0.8429479171875001 0.723546875 0.7756354171875001
1 0.2572109375 0.6314062500000001 0.1045703125 0.6314062500000001 0.1045703125 0.71634375 0.2572109375 0.71634375 0.2572109375 0.6314062500000001
1 0.1189921875 0.7211458328125 0.0000078125 0.7211458328125 0.0000078125 0.8076874999999999 0.1189921875 0.8076874999999999 0.1189921875 0.7211458328125
1 0.110578125 0.34775 0.025234374999999996 0.34775 0.025234374999999996 0.41025 0.110578125 0.41025 0.110578125 0.34775
1 0.795671875 0.2516041671875 0.762015625 0.2516041671875 0.762015625 0.2932708328125 0.795671875 0.2932708328125 0.795671875 0.2516041671875
1 0.75 0.2195520828125 0.69590625 0.2195520828125 0.69590625 0.25640625 0.75 0.25640625 0.75 0.2195520828125
1 0.6394296875000001 0.2275729171875 0.5913515625 0.2275729171875 0.5913515625 0.26121875 0.6394296875000001 0.26121875 0.6394296875000001 0.2275729171875
0 0.61178125 0.11217708281250001 0.5048125 0.11217708281250001 0.5048125 0.1554479171875 0.61178125 0.1554479171875 0.61178125 0.11217708281250001
0 0.5288515625 0.1282083328125 0.3713984375 0.1282083328125 0.3713984375 0.232375 0.5288515625 0.232375 0.5288515625 0.1282083328125
0 0.7536015625 0.2531979171875 0.5288359375 0.2531979171875 0.5288359375 0.39421875 0.7536015625 0.39421875 0.7536015625 0.2531979171875
0 0.480765625 0.3942291671875 0.344953125 0.3942291671875 0.344953125 0.49839583281250005 0.480765625 0.49839583281250005 0.480765625 0.3942291671875