0 0.247008834375 0.24742674999999997 0.2629310984375 0.06543443125000001 0.1831109984375 0.0584510765625 0.16718873437499998 0.24044339531249997 0.247008834375 0.24742674999999997
0 0.31208153437499997 0 0.2892664390625 0.260777734375 0.5431093015624999 0.2829861078125 0.56751699375 0.0040048953125 0.5217408328124999 0 0.31208153437499997 0
1 0.708478996875 0.1948919265625 0.72084013125 0.053603500000000005 0.6426180953125 0.0467599578125 0.630256959375 0.188048384375 0.708478996875 0.1948919265625
0 0.7525755234375 0.37128140625 0.7703838937499999 0.1677308125 0.6362711812499999 0.1559974703125 0.6184628125 0.35954806562499997 0.7525755234375 0.37128140625
1 0.887703171875 0.6654278734375 0.8932552640625 0.6019671578125 0.7687309265625 0.591072690625 0.763178834375 0.65453340625 0.887703171875 0.6654278734375
1 0.8688015531250001 0.7711593921875 0.8751911578125 0.6981258671874999 0.8113309265625 0.692538821875 0.8049413218750001 0.7655723453125 0.8688015531250001 0.7711593921875
1 0.9500890015625 0.7613708734375 0.95773555625 0.6739703546875 0.8619555875 0.66559069375 0.8543090328125 0.7529912125 0.9500890015625 0.7613708734375
1 0.8986578921874999 1 0.9052061890624999 0.9251526296874999 0.8349537093749999 0.9190063343749999 0.8278676812500001 1 0.8986578921874999 1
1 0.827898034375 0.9811277828125 0.8344973578125 0.9056971656249999 0.7658429421874999 0.8996906828125001 0.7592436171875 0.9751213 0.827898034375 0.9811277828125
1 0.5232440625 0.5285720796875 0.5298433859375 0.4531414609375 0.45321941250000003 0.4464377328125 0.44662008750000004 0.52186835 0.5232440625 0.5285720796875
1 0.6409812875 0.48820337656249996 0.6469528171875 0.41994847343749997 0.5878867734375001 0.41478086562499994 0.5819152421875 0.4830357671875 0.6409812875 0.48820337656249996
1 0.3277339 0.35462030625 0.332761696875 0.297152325 0.3040173296875 0.29463751875 0.29898953281249996 0.3521055 0.3277339 0.35462030625
1 0.4929171 0.3787337296875 0.49626987187499993 0.34041136562499996 0.4372038265625 0.33524375625 0.43385105468749996 0.37356612031249997 0.4929171 0.3787337296875
1 0.8059827828125 0.9007948640624999 0.8124772468750001 0.82656279375 0.7119030921875 0.8177636953125 0.7054086265625 0.891995765625 0.8059827828125 0.9007948640624999
1 0.6309212046875 0.8239401000000001 0.638149684375 0.7413182015625 0.577485578125 0.7360107796875 0.5702570984374999 0.818632678125 0.6309212046875 0.8239401000000001
1 0.6710436171875 0.8986274562500001 0.6776429421875 0.8231968390625 0.616978834375 0.8178894171875 0.6103795109375 0.8933200343750001 0.6710436171875 0.8986274562500001