1 0.6382265625 0.9006354171875 0.5408671875 0.9006354171875 0.5408671875 0.9823645828125 0.6382265625 0.9823645828125 0.6382265625 0.9006354171875
1 0.96034375 0.9214687500000001 0.8798125000000001 0.9214687500000001 0.8798125000000001 0.9999895828125 0.96034375 0.9999895828125 0.96034375 0.9214687500000001
1 0.7656328125 0.6795 0.6863046875000001 0.6795 0.6863046875000001 0.7355833328125 0.7656328125 0.7355833328125 0.7656328125 0.6795
1 0.835328125 0.72115625 0.764421875 0.72115625 0.764421875 0.7916770828125 0.835328125 0.7916770828125 0.835328125 0.72115625
1 0.90025 0.7900625 0.8329375000000001 0.7900625 0.8329375000000001 0.8557708328125001 0.90025 0.8557708328125001 0.90025 0.7900625
1 0.8930312499999999 0.8685937499999999 0.8149062499999999 0.8685937499999999 0.8149062499999999 0.9775729171875 0.8930312499999999 0.9775729171875 0.8930312499999999 0.8685937499999999
1 0.66346875 0.6266041671875 0.6141875 0.6266041671875 0.6141875 0.6778958328125 0.66346875 0.6778958328125 0.66346875 0.6266041671875
1 0.4951875 0.5929479171875001 0.41465625 0.5929479171875001 0.41465625 0.6714687500000001 0.4951875 0.6714687500000001 0.4951875 0.5929479171875001
1 0.394234375 0.6907083328125 0.35217187499999997 0.6907083328125 0.35217187499999997 0.7179583328125 0.394234375 0.7179583328125 0.394234375 0.6907083328125
1 0.4146640625 0.7227604171875 0.3401484375 0.7227604171875 0.3401484375 0.7660312499999999 0.4146640625 0.7660312499999999 0.4146640625 0.7227604171875
0 0.1706796875 0.6714791671875 0.0000078125 0.6714791671875 0.0000078125 0.8108958328125 0.1706796875 0.8108958328125 0.1706796875 0.6714791671875
0 0 0.6282083328125 0.28125 0.6282083328125 0.28125 0.4310833328125 0 0.4310833328125 0 0.6282083328125
0 0.21153906249999999 0.267625 0.0588984375 0.267625 0.0588984375 0.3445416671875 0.21153906249999999 0.3445416671875 0.21153906249999999 0.267625
0 0 0.4567291671875 0.055281250000000004 0.4567291671875 0.055281250000000004 0.3012708328125 0 0.3012708328125 0 0.4567291671875
1 0.33773437500000003 0.40865625000000005 0.27523437500000003 0.40865625000000005 0.27523437500000003 0.4423020828125 0.33773437500000003 0.4423020828125 0.33773437500000003 0.40865625000000005
1 0.1502421875 0.21634375 0.10216406250000001 0.21634375 0.10216406250000001 0.2596145828125 0.1502421875 0.2596145828125 0.1502421875 0.21634375