1 0.25480468749999996 0.4214791671875 0.2043203125 0.4214791671875 0.2043203125 0.46314583281250005 0.25480468749999996 0.46314583281250005 0.25480468749999996 0.4214791671875
1 0.0432734375 0.4599375 0.0000078125 0.4599375 0.0000078125 0.5224375 0.0432734375 0.5224375 0.0432734375 0.4599375
1 0 0.58653125 0.0192265625 0.58653125 0.0192265625 0.5464687500000001 0 0.5464687500000001 0 0.58653125
1 0 0.7387916671875 0.0360625 0.7387916671875 0.0360625 0.6282083328125 0 0.6282083328125 0 0.7387916671875
0 0.6550390625 0.4583333328125 0.4398984375 0.4583333328125 0.4398984375 0.6490416671875 0.6550390625 0.6490416671875 0.6550390625 0.4583333328125
1 0.9375 0.7628125 0.85215625 0.7628125 0.85215625 0.8766041671875 0.9375 0.8766041671875 0.9375 0.7628125
1 0.8245234375000001 0.6201875 0.7632265625 0.6201875 0.7632265625 0.6714791671875 0.8245234375000001 0.6714791671875 0.8245234375000001 0.6201875
1 0.7067265625 0.4406979171875 0.6586484375 0.4406979171875 0.6586484375 0.48396875 0.7067265625 0.48396875 0.7067265625 0.4406979171875
1 0.7451953125 0.41667708281250004 0.6863046875000001 0.41667708281250004 0.6863046875000001 0.45353125 0.7451953125 0.45353125 0.7451953125 0.41667708281250004
1 0.640625 0.2243645828125 0.59375 0.2243645828125 0.59375 0.27084375 0.640625 0.27084375 0.640625 0.2243645828125
1 1 0.7067395828125 0.94590625 0.7067395828125 0.94590625 0.7852604171875 1 0.7852604171875 1 0.7067395828125