0 0.20890100312499998 0.38591325 0.17753790625000002 0.5217617515625 0.30089721406250003 0.5502414921875001 0.3322603125 0.414392990625 0.20890100312499998 0.38591325
0 0.17988086718750002 0.26943095625 0.1539236234375 0.3818641265625 0.219510909375 0.3970061453125 0.2454681515625 0.2845729734375 0.17988086718750002 0.26943095625
0 0.49537829999999994 0.14243664375 0.4542825546875 0.320441875 0.5963781890625001 0.35324723593749996 0.637473934375 0.1752420046875 0.49537829999999994 0.14243664375
0 0.5235962890625 0.3265740515625 0.487094465625 0.48468081874999996 0.59171745 0.5088349390625 0.6282192734375001 0.350728171875 0.5235962890625 0.3265740515625
0 0.5944770375 0.710539446875 0.559328434375 0.8627847687499999 0.6202265640625 0.876844209375 0.655375165625 0.7245988875 0.5944770375 0.710539446875
1 0.8001638609375 0.2399348484375 0.7815069828125 0.320746665625 0.8642675390625 0.33985344687499996 0.8829244171875 0.2590416296875 0.8001638609375 0.2399348484375
1 0.5267590171875 0.7331513734375 0.50621114375 0.8221539890624999 0.5764875859374999 0.8383785843749999 0.5970354578125 0.74937596875 0.5267590171875 0.7331513734375
1 0.4552953640625 1 0.466029565625 0.9535050578125001 0.341107203125 0.9246644578125001 0.329752446875 0.9738473093750001 0.44303219687500006 1 0.4552953640625 1
1 0.249384040625 0.18926101875 0.23208038437499998 0.264211390625 0.29141546093750004 0.277909971875 0.3087191171875 0.20295960000000002 0.249384040625 0.18926101875
1 0.4159515546875 0.1944174015625 0.398377253125 0.27054006249999996 0.4436651625 0.2809956 0.46123946406250005 0.2048729390625 0.4159515546875 0.1944174015625
1 0.6029218046875 0.03280314375 0.5948095078125 0.0679413640625 0.6557076359375 0.0820008046875 0.663819934375 0.046862584375 0.6029218046875 0.03280314375
1 0.8701236031249999 0.07230573125 0.8598496671875001 0.1168070390625 0.9363580171875 0.13447038281249998 0.9466319546875 0.089969075 0.8701236031249999 0.07230573125
1 0.8373068015625 0.6062491156250001 0.828115440625 0.6460612671875 0.92648621875 0.6687719515625 0.9356775781250001 0.6289598 0.8373068015625 0.6062491156250001
1 0.0369627765625 0.6533797765625 0.026959484375 0.6967087953125 0.0738104453125 0.7075251921875 0.0838137375 0.6641961734375 0.0369627765625 0.6533797765625
1 0.26714298125 0.8175383046875 0.26119583749999997 0.8432982125 0.2814952125 0.8479846921874999 0.28744235625000003 0.8222247843750001 0.26714298125 0.8175383046875