1 0.8983073921875 0.76144185 0.8932306046875 0.793495421875 0.9359687031249999 0.800264471875 0.9410454906249999 0.7682108984375 0.8983073921875 0.76144185
1 0.6879997578125 0.7780200296875 0.6774697625 0.8445038015625 0.7376158671875 0.8540300078125 0.7481458625 0.7875462359375 0.6879997578125 0.7780200296875
1 0.6620879921875 0.60355293125 0.6511815765625 0.672413328125 0.7065744296875 0.68118669375 0.7174808453125 0.6123262984375 0.6620879921875 0.60355293125
1 0.44443623906249996 0.8611369203124999 0.42826727187499997 0.9632237703125 0.482075709375 0.9717461890625 0.498244678125 0.8696593390625 0.44443623906249996 0.8611369203124999
1 0.2757873203125 0.6044377734374999 0.2620626390625 0.69109199375 0.3158710765625 0.6996144125 0.32959575625 0.61296019375 0.2757873203125 0.6044377734374999
1 0 0.9270403437500001 0.0767194421875 0.9391915093750001 0.0840523078125 0.8928936171874999 0 0.879581040625 0 0.9270403437500001
1 0 0.5936071015625 0.057021265625 0.6026383828124999 0.06999554999999999 0.52072198125 0 0.5096357734375 0 0.5936071015625
1 0.347213253125 0.22512091875 0.338188940625 0.282098190625 0.39833504375 0.29162439687499997 0.4073593578125 0.2346471265625 0.347213253125 0.22512091875
1 0.44655591093749997 0.1714855703125 0.4322666 0.2617047265625 0.4955815375 0.271732828125 0.5098708484375 0.18151367031250001 0.44655591093749997 0.1714855703125
1 0.3974652765625 0 0.382322984375 0.09560466875 0.4630459296875 0.10838992812499999 0.48021320625 0 0.3974652765625 0
1 0.6772867484375 0.0875543046875 0.664500675 0.16828239375 0.7024855234375 0.174298603125 0.715271596875 0.09357051250000001 0.6772867484375 0.0875543046875
1 0.71049005 0.113505446875 0.6924389796875 0.227475421875 0.7430991609375 0.23549920625 0.7611502328124999 0.12152923125 0.71049005 0.113505446875
1 0.6675640031250001 0.302626540625 0.6594782968749999 0.35367768125 0.71487115 0.362451046875 0.72295685625 0.31139990625 0.6675640031250001 0.302626540625
1 0.5425182828125 0.0881194546875 0.528793603125 0.1747736734375 0.5936929578125001 0.185052721875 0.6074176375 0.09839850156249999 0.5425182828125 0.0881194546875
1 0.522560221875 0.039935349999999994 0.5150391453125 0.087421553125 0.573600834375 0.09669681249999999 0.581121909375 0.049210609375 0.522560221875 0.039935349999999994
1 0.50130623125 0 0.49584543593749997 0.0344781109375 0.5417523656250001 0.041749054687499995 0.54795596875 0.0025810390624999998 0.5316599296875 0 0.50130623125 0
0 0.8397594406250001 0.48566105000000004 0.8215201609375 0.6008193375 0.9133340234375 0.615361225 0.9315733046875 0.5002029375 0.8397594406250001 0.48566105000000004
0 0.9171754796875 0.40665830625000005 0.901194721875 0.50755684375 0.9455172359375 0.514576840625 0.9614979937499999 0.41367830312500004 0.9171754796875 0.40665830625000005
0 0.7376486984375 0.3928336140625 0.723171178125 0.4842410828125 0.7991408734375 0.49627350000000003 0.81361839375 0.40486603125 0.7376486984375 0.3928336140625
0 0.770788528125 0.2654336953125 0.7486017203124999 0.40551568125 0.838831165625 0.41980662031250005 0.8610179718750001 0.27972463593749997 0.770788528125 0.2654336953125
0 0.5136817828125 0.2599979796875 0.48717102968750003 0.4273802875 0.6090476546875 0.4466836484375 0.6355584078125001 0.279301340625 0.5136817828125 0.2599979796875
1 0.45731605000000003 0.45187083437500003 0.44622386875000003 0.5219041109375 0.5079543906249999 0.5316812640624999 0.5190465718749999 0.46164798906250004 0.45731605000000003 0.45187083437500003
1 0.528446040625 0.47408399687499997 0.5199839140625 0.5275117640625 0.57064409375 0.5355355484375 0.5791062218749999 0.48210778125 0.528446040625 0.47408399687499997
1 0.5431272921875 0.4325964328125 0.5363590578124999 0.47532938593749996 0.57909715625 0.4820984359375 0.585865390625 0.43936548281250004 0.5431272921875 0.4325964328125