0 0.640625 0.267625 0.46153125 0.267625 0.46153125 0.3862083328125 0.640625 0.3862083328125 0.640625 0.267625
0 0.7608125 0.4968020828125 0.296875 0.4968020828125 0.296875 0.98078125 0.7608125 0.98078125 0.7608125 0.4968020828125
1 0.8088984375000001 0.52884375 0.7584140625 0.52884375 0.7584140625 0.5656979171875001 0.8088984375000001 0.5656979171875001 0.8088984375000001 0.52884375
1 0.88340625 0.85415625 0.8389374999999999 0.85415625 0.8389374999999999 0.9423020828125 0.88340625 0.9423020828125 0.88340625 0.85415625
1 0.9086562499999999 0.6282083328125 0.8569687500000001 0.6282083328125 0.8569687500000001 0.6875 0.9086562499999999 0.6875 0.9086562499999999 0.6282083328125
1 0.8545624999999999 0.5448645828124999 0.8305312499999999 0.5448645828124999 0.8305312499999999 0.5945520828124999 0.8545624999999999 0.5945520828124999 0.8545624999999999 0.5448645828124999
1 0.784859375 0.4294895828125 0.766828125 0.4294895828125 0.766828125 0.46634374999999995 0.784859375 0.46634374999999995 0.784859375 0.4294895828125
1 0.679078125 0.3669895828125 0.652640625 0.3669895828125 0.652640625 0.4070520828125 0.679078125 0.4070520828125 0.679078125 0.3669895828125
1 0.34134375 0.3253333328125 0.271625 0.3253333328125 0.271625 0.3814166671875 0.34134375 0.3814166671875 0.34134375 0.3253333328125
1 0.5072109375 0.16025 0.46394531250000004 0.16025 0.46394531250000004 0.1955 0.5072109375 0.1955 0.5072109375 0.16025
1 0.5144140625 0.20191666718749998 0.4711484375 0.20191666718749998 0.4711484375 0.23716666718749999 0.5144140625 0.23716666718749999 0.5144140625 0.20191666718749998
1 0.072125 0.4968020828125 0.03365625 0.4968020828125 0.03365625 0.5576979171875001 0.072125 0.5576979171875001 0.072125 0.4968020828125