0 0.5442916234374999 0.683709309375 0.5841975359375 0.4784111875 0.433170103125 0.449054428125 0.393264190625 0.6543525515625 0.5442916234374999 0.683709309375
1 0.6880706296875 0.9602080734375 0.703666284375 0.8799753890625001 0.6092869203125 0.8616299 0.5936912671875 0.941862584375 0.6880706296875 0.9602080734375
1 0.5388168453125 0.10715773437500001 0.5571643234375 0.012768145312500001 0.513113803125 0.0042055921875 0.49476632499999995 0.09859518125 0.5388168453125 0.10715773437500001
1 0.5990720546875 0.1078552859375 0.6165012640625 0.018189778125 0.577174825 0.0105454921875 0.559745615625 0.1002110015625 0.5990720546875 0.1078552859375
1 0.5289304484375 0.22522173906249998 0.5394786078125 0.1709561609375 0.49385339375 0.16208751875 0.48330523437500006 0.2163530953125 0.5289304484375 0.22522173906249998
1 0.6464096203125 0.259080209375 0.654665090625 0.216609496875 0.6232121187499999 0.2104956578125 0.6149566484375 0.25296637187500004 0.6464096203125 0.259080209375
1 0.7031803828125 0.11829470625 0.7128132546875 0.0687378703125 0.6671880421874999 0.05986922812499999 0.6575551703125 0.1094260625 0.7031803828125 0.11829470625
1 0.9121681921875 1 0.9158196937499999 0.98121465625 0.8717691734375 0.972652103125 0.8664532812499999 1 0.9121681921875 1
1 0.608505725 1 0.614727953125 0.9679894093750001 0.5769762078125 0.9606512125 0.5694094375 0.999578865625 0.5715759859375 1 0.608505725 1
1 0.5473066 0.83612394375 0.5567099062499999 0.787748128125 0.5173834671875001 0.78010384375 0.5079801609375 0.8284796578125 0.5473066 0.83612394375
1 0.41803638593750003 0.7032431921875 0.42376959999999997 0.6737483625 0.387592546875 0.66671625625 0.3818593328125 0.6962110859374999 0.41803638593750003 0.7032431921875
1 0.38307258437499997 0.7319507859375001 0.393394159375 0.6788508906249999 0.3587918 0.6721248734375 0.34847022656250004 0.72522476875 0.38307258437499997 0.7319507859375001
1 0.3293677609375 0.0676706 0.333726553125 0.0452465546875 0.30540251875 0.03974091875 0.3010437265625 0.062164965625 0.3293677609375 0.0676706
1 0.34843752499999997 0.1374905078125 0.3596743859375 0.0796818703125 0.3140491734375 0.0708132265625 0.3028123125 0.128621865625 0.34843752499999997 0.1374905078125
1 0.2344365765625 0.6063285406250001 0.24131762656250003 0.570928609375 0.20671526875000001 0.5642025921875 0.19983421875000001 0.5996025234375 0.2344365765625 0.6063285406250001
1 0.64265546875 0.8411837656250001 0.655728865625 0.7739269656250001 0.6164024265625 0.76628268125 0.6033290296875 0.8335394796875001 0.64265546875 0.8411837656250001
1 0.70320393125 1 0.710106115625 0.9644913390625 0.6251544625000001 0.947978409375 0.6150424890624999 1 0.70320393125 1
1 0.2647313765625 0.626917015625 0.271382859375 0.5926981062500001 0.2477829078125 0.5881107390625 0.241131425 0.62232965 0.2647313765625 0.626917015625