0 0.22915777187500003 0.41477335625 0.2175306515625 0.5476719546875 0.34365305 0.5587062359375 0.35528017031250003 0.4258076359375 0.22915777187500003 0.41477335625
0 0.179900690625 0.278963521875 0.1682735703125 0.41186212031249997 0.2480936703125 0.418845475 0.259720790625 0.285946875 0.179900690625 0.278963521875
0 0.508463971875 0.0724309671875 0.49222712968750004 0.25801892656250003 0.710933371875 0.27715324375 0.727170215625 0.091565284375 0.508463971875 0.0724309671875
0 0.5843035171875 0.29020545468750003 0.5706854328125 0.445860875 0.7111696375000001 0.45815165156250004 0.7247877234375 0.3024962296875 0.5843035171875 0.29020545468750003
0 0.7550325546875001 0.69242855 0.7404720984375001 0.8588553265625001 0.84104625625 0.8676544265624999 0.8556067125 0.7012276484375 0.7550325546875001 0.69242855
1 0.6887353890625 0.6962900656250001 0.6780506390625 0.8184173093749999 0.74990118125 0.8247034171875001 0.76058593125 0.7025761734375 0.6887353890625 0.6962900656250001
1 0.3306207578125 0.836267225 0.32454436875 0.9057206734375001 0.3995702828125 0.9122845906249999 0.40564667187500003 0.8428311421875 0.3306207578125 0.836267225
1 0.559209940625 1 0.560688809375 0.98309645625 0.45691852656250004 0.9740177328125 0.454824065625 0.9979575359374999 0.4781695359375 1 0.559209940625 1
1 0.4717243328125 0.7496888796875 0.46826806249999997 0.7891942265624999 0.5113742375 0.792965528125 0.51483050625 0.75346018125 0.4717243328125 0.7496888796875
1 0.427995453125 0.6059086546875 0.4219190640625 0.675362103125 0.48737735625 0.6810889625 0.49345374687500004 0.6116355125 0.427995453125 0.6059086546875
1 0.446524125 0.15508928125000002 0.4403442390625 0.2257257109375 0.4914407234375 0.230196075 0.4976206109375 0.15955964375 0.446524125 0.15508928125000002
1 0.4195817671875 0.2975096140625 0.4140296734375 0.3609703296875 0.4635280984375 0.36530088125 0.469080190625 0.301840165625 0.4195817671875 0.2975096140625
1 0.22517455000000003 0.22138560937500001 0.22025161249999997 0.27765504375 0.2936794625 0.2840791484375 0.2986024 0.2278097140625 0.22517455000000003 0.22138560937500001
1 1 0.1142270765625 0.957157378125 0.1104788328125 0.9495108234374999 0.1978793515625 1 0.2022965828125 1 0.1142270765625
1 0.077606984375 0.7127926375 0.0750930859375 0.7415266296875 0.124591509375 0.7458571796875 0.1271054078125 0.7171231890625 0.077606984375 0.7127926375