0 0.30944460937499996 0.39964015937499997 0.329557159375 0.6295276515625 0.530705471875 0.6119294546875 0.510592921875 0.3820419625 0.30944460937499996 0.39964015937499997
1 0.02089888125 0.1172217015625 0.0290697328125 0.21061495468749997 0.1567901953125 0.19944086249999998 0.14861934375000002 0.10604760937499999 0.02089888125 0.1172217015625
1 0.26573718749999997 0.2128402453125 0.271184421875 0.27510241406249997 0.31748672187500004 0.27105148749999997 0.3120394875 0.20878931875 0.26573718749999997 0.2128402453125
1 0.48418259375000006 0.319206228125 0.48711592968749995 0.35273440625 0.5254279171875 0.349382540625 0.5224945812499999 0.3158543625 0.48418259375000006 0.319206228125
1 0.319954471875 0.9428615984375 0.323620459375 0.9847640390624999 0.3651285703125 0.9811325484375001 0.3614625828125 0.939230109375 0.319954471875 0.9428615984375
1 0.12275984843750001 0.0311021609375 0.1265306953125 0.074203146875 0.179204490625 0.0695947859375 0.1754336421875 0.0264938 0.12275984843750001 0.0311021609375
1 0.4955642375 0.9274898921875 0.49860243125 0.9622166171875 0.524150675 0.9599814359375 0.5211124796875 0.9252547109375 0.4955642375 0.9274898921875
1 0.5507572171875 0.8044299781250001 0.5551572203124999 0.85472224375 0.5950672703125 0.8512305671875 0.5906672671875 0.8009383 0.5507572171875 0.8044299781250001
1 0.7305663625000001 0.910560875 0.735594159375 0.9680288578124999 0.781896459375 0.96397793125 0.7768686625 0.9065099484375001 0.7305663625000001 0.910560875
1 0.622730740625 0.7076403203125 0.6268161671875 0.754336946875 0.6619320296875 0.75126470625 0.6578466046875 0.7045680796875 0.622730740625 0.7076403203125
1 0.721119890625 0.3612077984375 0.7248907375 0.40430878437500006 0.7663988515625 0.4006772953125 0.762628003125 0.357576309375 0.721119890625 0.3612077984375
1 0.8557806593749999 0.9442446578125001 0.8580848390625 0.9705815546875 0.8932007015625001 0.967509315625 0.890896521875 0.9411724171875001 0.8557806593749999 0.9442446578125001
1 0.52084473125 0.2785907328125 0.5258725281250001 0.3360587140625 0.5562149578125 0.33340409531250004 0.5511871609375001 0.27593611406249996 0.52084473125 0.2785907328125
1 0.4130699921875 0.1866810515625 0.41558389062499995 0.2154150421875 0.44592632187500003 0.2127604234375 0.4434124234375 0.1840264328125 0.4130699921875 0.1866810515625
1 0.334113940625 0.185134765625 0.33641812031249996 0.2114716625 0.3715339828125 0.2083994234375 0.369229803125 0.182062525 0.334113940625 0.185134765625
1 0.11683099999999999 0.0919363234375 0.1115934859375 0.0320712484375 0.031773384375000005 0.0390546015625 0.0370109 0.0989196765625 0.11683099999999999 0.0919363234375
1 0.750754721875 0.70005499375 0.7567262515625 0.7683098953124999 0.793440178125 0.76509784375 0.7874686484375 0.6968429406250001 0.750754721875 0.70005499375
1 0.7511230515625 0.6674535203125 0.7534272328125 0.6937904171875 0.79014115625 0.690578365625 0.7878369765625 0.6642414671875 0.7511230515625 0.6674535203125
1 0.6734564625 0.34970096562499997 0.6769127328125 0.3892063109375 0.7152247218750001 0.385854446875 0.7117684515625 0.34634909999999997 0.6734564625 0.34970096562499997