0 0.6682734375 0.11539583281250002 0.5468828125 0.11539583281250002 0.5468828125 0.20993750000000003 0.6682734375 0.20993750000000003 0.6682734375 0.11539583281250002
0 0.9278828125 0.6394166671875 0.6947109375 0.6394166671875 0.6947109375 0.8060833328125 0.9278828125 0.8060833328125 0.9278828125 0.6394166671875
0 0.7692265625 0.2916666671875 0.6538359375 0.2916666671875 0.6538359375 0.3685833328125 0.7692265625 0.3685833328125 0.7692265625 0.2916666671875
0 0.9122578125 0.2724375 0.7620234375 0.2724375 0.7620234375 0.3669791671875 0.9122578125 0.3669791671875 0.9122578125 0.2724375
1 0.8389453124999999 0.2451979171875 0.7596171875 0.2451979171875 0.7596171875 0.27405208281250004 0.8389453124999999 0.27405208281250004 0.8389453124999999 0.2451979171875
1 0.5108203125 0.3798020828125 0.4134609375 0.3798020828125 0.4134609375 0.43428125 0.5108203125 0.43428125 0.5108203125 0.3798020828125
1 0.675484375 0.7500104171875 0.612984375 0.7500104171875 0.612984375 0.8461562499999999 0.675484375 0.8461562499999999 0.675484375 0.7500104171875
1 0.75 0.6233958328125 0.65865625 0.6233958328125 0.65865625 0.6794791671875 0.75 0.6794791671875 0.75 0.6233958328125
1 0.6261953124999999 0.6458333328125 0.5624921875 0.6458333328125 0.5624921875 0.7291666671875 0.6261953124999999 0.7291666671875 0.6261953124999999 0.6458333328125
1 1 0.8589687500000001 0.93028125 0.8589687500000001 0.93028125 0.9374895828125 1 0.9374895828125 1 0.8589687500000001
1 0.061304687499999996 0.6169791671875 0.0000078125 0.6169791671875 0.0000078125 0.7067291671875 0.061304687499999996 0.7067291671875 0.061304687499999996 0.6169791671875
1 0.3052890625 0.2756354171875 0.23077343749999998 0.2756354171875 0.23077343749999998 0.3397395828125 0.3052890625 0.3397395828125 0.3052890625 0.2756354171875
1 0.8773984374999999 0.45353125 0.8052890625 0.45353125 0.8052890625 0.5144270828125 0.8773984374999999 0.5144270828125 0.8773984374999999 0.45353125
0 0.7560156250000001 0.0913541671875 0.6466406250000001 0.0913541671875 0.6466406250000001 0.1506458328125 0.7560156250000001 0.1506458328125 0.7560156250000001 0.0913541671875