0 0.7455174812500001 0.1765886203125 0.5872477093749999 0.16552131875 0.5766272859375 0.3174004453125 0.7348970578125 0.328467746875 0.7455174812500001 0.1765886203125
0 0.8569659968750001 0.15064342343749998 0.72626951875 0.1415042359375 0.7215740359375 0.208652765625 0.8522705140625 0.2177919546875 0.8569659968750001 0.15064342343749998
0 0.7290500640625 0.6188296875 0.9916276265624999 0.6371909 0.9995653328125 0.5236764234375 0.7369877703125 0.5053152109375 0.7290500640625 0.6188296875
0 0.5984055078125 0.6434430078125 0.4449365125 0.6327114109374999 0.4383416203125 0.727022778125 0.5918106140625 0.737754375 0.5984055078125 0.6434430078125
1 0.28108173125 0.391506415625 0.15398583593749998 0.3826190046875 0.1445948703125 0.516916065625 0.271690765625 0.5258034765625 0.28108173125 0.391506415625
1 0.584226975 0.5878289062500001 0.491905540625 0.5813731625 0.486428203125 0.659702725 0.5787496390625 0.6661584687500001 0.584226975 0.5878289062500001
1 0.8878891843750001 0.363266371875 0.8459291468749999 0.360332240625 0.84179316875 0.419479475 0.88375320625 0.42241360625 0.8878891843750001 0.363266371875
1 1 0.3919901296875 0.9643706156249999 0.38949868125 0.9597870343749999 0.4550469515625 1 0.457858915625 1 0.3919901296875
1 0.9903155312499999 0.6387072328125 0.9099804515625 0.6330896578125 0.9058444734375 0.6922368921875 0.9861795546875 0.6978544671875 0.9903155312499999 0.6387072328125
1 0.9156609796874999 0.1901047375 0.8664997765625 0.18666705156250002 0.8620280953125 0.2506150640625 0.9111893 0.25405275 0.9156609796874999 0.1901047375
1 0.451280190625 0.059622490625 0.38773224375000004 0.055178784375 0.384937625 0.0951436953125 0.44848557187500004 0.0995874 0.451280190625 0.059622490625
1 0.464758053125 0.1425041375 0.3844229734375 0.1368865609375 0.380510796875 0.1928332796875 0.46084587812500005 0.19845085468749998 0.464758053125 0.1425041375
1 0.44701791249999995 0.18945393125 0.3762843859375 0.1845077625 0.3730421625 0.2308737078125 0.4437756890625 0.235819878125 0.44701791249999995 0.18945393125
1 0.12397040625 0.5877540984375 0.080810175 0.5847360421875 0.077679853125 0.6295017281249999 0.120840084375 0.6325197859375 0.12397040625 0.5877540984375
1 0.379292240625 0.4513885203125 0.34691816875 0.44912470468750004 0.34389974843750004 0.49229013281249995 0.37627381875 0.4945539484375 0.379292240625 0.4513885203125
1 0.78595251875 0.3738063046875 0.7319905375 0.370032915625 0.7284126125 0.4211996375 0.7823745921875 0.42497302656249997 0.78595251875 0.3738063046875