1 0.42035454687499996 0.8956898531249999 0.47683031875 0.8947040640624999 0.47571154687500006 0.8306096625 0.41923577500000003 0.8315954515625 0.42035454687499996 0.8956898531249999
1 0.6651994546875 0.322423159375 0.770948971875 0.32057729375 0.7693266249999999 0.22763311874999997 0.6635771078125 0.22947898437499997 0.6651994546875 0.322423159375
1 0.7299196671875 0.38058374375000004 0.854900628125 0.3784021921875 0.85383785 0.31751563437499997 0.7288568875 0.3196971859375 0.7299196671875 0.38058374375000004
1 0.840229525 0.2953122515625 0.9964557265625 0.2925853125 0.9950293562500001 0.21086859375000003 0.8388031546875 0.21359553125000003 0.840229525 0.2953122515625
1 0.5376093640625 0.1755754640625 0.584477225 0.1747573828125 0.5832464671875 0.104247290625 0.53637860625 0.10506537187500001 0.5376093640625 0.1755754640625
1 0.2952563171875 0.27116341718750003 0.3577467984375 0.2700726421875 0.356712015625 0.21079000468750003 0.2942215359375 0.21188077968750002 0.2952563171875 0.27116341718750003
1 0.25670961875 0.26703343749999997 0.30357747968750004 0.26621535625 0.30276630625 0.21974326875 0.2558984453125 0.22056135000000002 0.25670961875 0.26703343749999997
1 0.1675898703125 0.2573685703125 0.2432970875 0.2560470953125 0.24189871406250002 0.1759342984375 0.1661914953125 0.1772557734375 0.1675898703125 0.2573685703125
1 0.12317697812499999 0.0545919640625 0.1223378078125 0.0065159546875000005 0.00337155625 0.008592517187499999 0.004210725 0.0566685265625 0.12317697812499999 0.0545919640625
1 0.194171678125 0.058145143749999996 0.19324888125 0.005278196875 0.129555459375 0.00638996875 0.13047825468750002 0.059256915624999996 0.194171678125 0.058145143749999996
1 0.08713360625 0.5376695828125 0.1460152609375 0.5366417984375 0.1449244859375 0.47415131875 0.0860428296875 0.4751791015625 0.08713360625 0.5376695828125
1 0.21872885000000003 0.501690365625 0.282422271875 0.50057859375 0.281835071875 0.46693788437499995 0.2181416484375 0.4680496578125 0.21872885000000003 0.501690365625
1 0.308263440625 0.602716075 0.3947815109375 0.601205896875 0.39416631406249997 0.565961265625 0.30764824218750003 0.5674714437499999 0.308263440625 0.602716075
1 0.37722804375 0.7666103546875 0.43971852499999997 0.7655195796875 0.43907533125000003 0.7286710265624999 0.37658485 0.7297618031249999 0.37722804375 0.7666103546875
1 0.2875207328125 0.7922215312499999 0.352417096875 0.7910887609375 0.3516619171875 0.74782451875 0.2867655515625 0.7489572890625 0.2875207328125 0.7922215312499999
1 0.471851296875 0.747331015625 0.524733865625 0.746407946875 0.5240346796875001 0.7063515484375 0.471152109375 0.7072746171875 0.471851296875 0.747331015625
0 0.5349018859375 0.571516353125 0.6947369140624999 0.568726421875 0.6933105421875 0.48700970468750004 0.533475515625 0.4897996359375 0.5349018859375 0.571516353125
0 0.5192581781250001 0.8458832453125 0.6370214890625 0.8438276796874999 0.6354551359375 0.7540913484375 0.517691825 0.7561469140625 0.5192581781250001 0.8458832453125
0 0.42703299687499996 0.8651207265625 0.5207687187500001 0.8634845640625001 0.5199855421875 0.8186163984375 0.4262498203125 0.8202525609375 0.42703299687499996 0.8651207265625
0 0.25996049375 0.7285782484375 0.53515295 0.7237747453125001 0.53280341875 0.58917025 0.2576109640625 0.5939737515625 0.25996049375 0.7285782484375
0 0 0.2426557578125 0.06032963125 0.24160270156250002 0.057868478125 0.10060334687500001 0 0.10161344531250001 0 0.2426557578125