0 0.1511805109375 0.42800861250000005 0.1618281828125 0.5802774125 0.2641408453125 0.5731230140625 0.2534931734375 0.4208542140625 0.1511805109375 0.42800861250000005
0 0.0953261546875 0.341553590625 0.10379393750000002 0.4626485140625 0.1709424671875 0.45795303125000003 0.16247468437499998 0.33685810781250003 0.0953261546875 0.341553590625
0 0.2947738125 0.1842106703125 0.307182834375 0.3616679625 0.4190970515625 0.35384215937499996 0.40668802968750006 0.176384865625 0.2947738125 0.1842106703125
0 0.3445445546875 0.3674899859375 0.351252075 0.4634120046875 0.43438241250000004 0.4575989640625 0.42767489062499997 0.36167694687499996 0.3445445546875 0.3674899859375
0 0.781675271875 0.232097165625 0.79777266875 0.46230065781249996 0.9975972171875 0.4483275640625 0.9814998218750001 0.218124071875 0.781675271875 0.232097165625
1 0.55339766875 0 0.5567417953125 0.047823225000000004 0.6638552359375 0.0403331234375 0.6610348687500001 0 0.55339766875 0
1 0.48591035781249997 0 0.4930200171875 0.10167284375 0.58095113125 0.09552410156249999 0.5742714343750001 0 0.48591035781249997 0
1 0.5266551625 0.23787711093750002 0.5313506453125 0.3050256421875 0.600099434375 0.3002182578125 0.5954039515625 0.233069728125 0.5266551625 0.23787711093750002
1 0.462692403125 0.6556299906249999 0.46881244375 0.74315065 0.5535430406249999 0.737225709375 0.547423 0.64970505 0.462692403125 0.6556299906249999
1 0.3795165625 0.8674636859374999 0.385385915625 0.9513993484375 0.4605149578125 0.9461458140625 0.4546456046875 0.8622101515624999 0.3795165625 0.8674636859374999
1 0.8042466546875 0.5317369484375 0.8090260625000001 0.6000856734375 0.912938984375 0.5928193734375 0.908159575 0.5244706484375 0.8042466546875 0.5317369484375
1 0.77926120625 0.47323577656250004 0.7836209859375 0.5355835296875 0.8827331296875001 0.5286529343749999 0.87837335 0.46630518125 0.77926120625 0.47323577656250004
1 0.7538853046875 0.38585555625 0.7605928265624999 0.481777575 0.8341216093750001 0.47663594062500003 0.8274140875 0.3807139234375 0.7538853046875 0.38585555625
1 1 0.48913435625 0.94610205625 0.49290326875 0.9505457625 0.556451215625 1 0.5529930390625 1 0.48913435625
1 1 0.59737365625 0.9972468640625 0.5580019765625 0.891733684375 0.5653801781250001 0.899866853125 0.6816899109375 1 0.67468791875 1 0.59737365625
1 0.9080104531250001 0.72930815 0.9132084015625 0.803642259375 0.981957190625 0.798834875 0.9767592437499999 0.7245007671875 0.9080104531250001 0.72930815
1 0.7520889687500001 0.773957509375 0.75594519375 0.829104096875 0.8198932062500001 0.8246324156249999 0.8160369812500001 0.769485828125 0.7520889687500001 0.773957509375
1 0.6175281609375001 0.549609996875 0.6207979953125 0.5963708125 0.6879465265625 0.5916753296875 0.684676690625 0.5449145140625 0.6175281609375001 0.549609996875
1 0.13874648750000002 0.29633646874999997 0.141932396875 0.341897090625 0.189898603125 0.33854296562499997 0.18671269375 0.2929823453125 0.13874648750000002 0.29633646874999997
1 0.273889565625 0.2760474421875 0.2789196609375 0.3479811625 0.3236853484375 0.34485084062500004 0.318655253125 0.2729171203125 0.273889565625 0.2760474421875
1 0.28444610312499996 0.1512022515625 0.2878837890625 0.2003634546875 0.33424973593749996 0.19712123125 0.33081204999999997 0.147960028125 0.28444610312499996 0.1512022515625
1 0.4308656609375 0.06265565625 0.43530936562500006 0.126203603125 0.4864760875 0.122625678125 0.48203238125 0.05907773125 0.4308656609375 0.06265565625
1 0.0768864515625 0.7211630265625 0.080910528125 0.7787100015624999 0.127276475 0.7754677796875 0.1232523984375 0.717920803125 0.0768864515625 0.7211630265625
1 0.387385021875 0.957289871875 0.3896488375 0.9896639421875 0.4328142640625 0.986645521875 0.43055044843749996 0.95427145 0.387385021875 0.957289871875