0 0.707881959375 0.0532729890625 0.49840931718750003 0.08271245 0.5262874296875 0.28107552187499996 0.7357600718749999 0.2516360625 0.707881959375 0.0532729890625
0 0.63379826875 0.7870474062499999 0.49692465312499995 0.8062837375 0.5094154390625001 0.8951602968750001 0.6462890546875 0.875923965625 0.63379826875 0.7870474062499999
0 0.7257497171875 0.8194510046874999 0.6257635890625 0.8335031374999999 0.6366915765625001 0.9112598109375 0.7366777046874999 0.8972076781249999 0.7257497171875 0.8194510046874999
0 0.859056509375 0.5935750750000001 0.66148255625 0.621342284375 0.675309984375 0.7197295421875001 0.8728839359375 0.6919623328125 0.859056509375 0.5935750750000001
0 0.6870758671874999 0.6047859234375 0.5716167984375 0.6210126375 0.5834378140625 0.70512353125 0.6988968812499999 0.6888968171875 0.6870758671874999 0.6047859234375
1 0.391754484375 0.5589089953124999 0.2905924125 0.573126396875 0.297951190625 0.625486821875 0.3991132625 0.61126941875 0.391754484375 0.5589089953124999
1 0.20042213437499998 0.6829002359375 0.101627421875 0.6967849265625 0.110548996875 0.7602652375 0.209343709375 0.7463805453125001 0.20042213437499998 0.6829002359375
1 0.45666520468750005 0.018985253125 0.38168334375 0.029523265625 0.399749753125 0.1580724390625 0.4747316125 0.1475344265625 0.45666520468750005 0.018985253125
1 0.9287800421875 0.4073612984375 0.990671796875 0.3986629796875 0.9795205515625 0.31931775 0.9176287984375 0.32801606875 0.9287800421875 0.4073612984375
1 0.7840672234375 0.8112550125 0.735265575 0.8181136375 0.740841196875 0.8577862515625 0.7896428453125 0.8509276281249999 0.7840672234375 0.8112550125
1 0.22269223437500002 0.3318216640625 0.181039084375 0.3376756328125 0.18661470625 0.377348246875 0.22826785625 0.3714942796875 0.22269223437500002 0.3318216640625
1 0.22255693124999998 0.16677594843750002 0.1725638671875 0.173802015625 0.1794790296875 0.2230059609375 0.2294720953125 0.21597989375 0.22255693124999998 0.16677594843750002
1 0.1903493890625 0.049933771875 0.1510790703125 0.0554528546875 0.155761665625 0.08877125 0.195031984375 0.083252165625 0.1903493890625 0.049933771875
1 0.45604962968749996 0.3945277609375 0.4013063734375 0.4022214234375 0.40866515000000003 0.45458184843750005 0.46340840781250003 0.446888184375 0.45604962968749996 0.3945277609375
1 0.77174730625 0.42136270937500003 0.7015311109375 0.4312309515625 0.7091131453124999 0.4851799296875 0.779329340625 0.47531168749999997 0.77174730625 0.42136270937500003
1 0.9550995500000001 0.4910650125 0.8991648765625 0.49892611875000004 0.9047405 0.5385987328125 0.960675171875 0.5307376265625 0.9550995500000001 0.4910650125