1 0.1237292484375 0.49871874375 0.1430153109375 0.4267421765625 0.060971987500000005 0.404758734375 0.0416859234375 0.4767353 0.1237292484375 0.49871874375
1 0.35324375468749997 0.4656509609375 0.3771966484375 0.37625754375 0.3369497390625 0.3654734171875 0.3129968453125 0.45486683437500003 0.35324375468749997 0.4656509609375
1 0.463260396875 0.6618659140625 0.48223506875 0.5910514765625 0.4172161859375 0.57362971875 0.398241515625 0.64444415625 0.463260396875 0.6618659140625
1 0.33939964218749996 0.9136292046875001 0.36459810312499996 0.8195872703125 0.30887625625 0.8046566468749999 0.283677796875 0.89869858125 0.33939964218749996 0.9136292046875001
1 0.2192762671875 0.8851708546875001 0.23420689218750002 0.829449009375 0.1660889984375 0.811196875 0.1511583734375 0.8669187203125001 0.2192762671875 0.8851708546875001
1 0.516992396875 1 0.5235767421874999 0.9754268875 0.48487933906249997 0.9650579499999999 0.47551664374999997 1 0.516992396875 1
1 0.35885905625 0.9524493749999999 0.352016528125 0.9779860390625 0.40928788125000004 0.9933318515625 0.416130409375 0.9677951874999999 0.35885905625 0.9524493749999999
1 0.598662321875 0.86862761875 0.614215728125 0.8105815140624999 0.58016684375 0.8014581421875 0.5646134359375 0.8595042484375 0.598662321875 0.86862761875
1 0.735849375 0.870551353125 0.7495384765625001 0.8194629328125 0.724766503125 0.8128253031250001 0.711077403125 0.8639137234375 0.735849375 0.870551353125
1 0.772190278125 0.78446920625 0.7796555890625 0.7566082828125 0.7502350984375 0.7487250859375 0.7427697859375 0.776586009375 0.772190278125 0.78446920625
1 0.8312082296875 0.8861462359375001 0.8439631546875 0.8385442046874999 0.8083647656249999 0.8290056437500001 0.7956098390624999 0.8766076765624999 0.8312082296875 0.8861462359375001
1 0.6449129546875 0.2563606734375 0.6719757203125 0.1553610546875 0.6255307859375 0.142916171875 0.5984680203125 0.24391579062500002 0.6449129546875 0.2563606734375
1 0.5526838484375001 0 0.53738803125 0.0570847640625 0.60395641875 0.074921709375 0.6201326093749999 0.0145513453125 0.5658262484375001 0 0.5526838484375001 0
1 0.7200907140624999 0.5888343765624999 0.7424866484375 0.5052516078125 0.7053387515625 0.4952978578125 0.6829428171874999 0.5788806265625001 0.7200907140624999 0.5888343765624999
1 0.8233894421875 0.43236343593750004 0.832723103125 0.39752973593749996 0.7909266890625 0.3863304203125 0.7815930265625 0.42116412031249995 0.8233894421875 0.43236343593750004
0 0.8765693796875 0.7664000640624999 0.9067460625000001 0.65377915 0.8262522453125 0.632210896875 0.7960755625 0.7448318109375001 0.8765693796875 0.7664000640624999
0 0.8795736312500001 0.8480779140625 0.9047720921875 0.7540359796875 0.844401728125 0.7378597890624999 0.8192032671874999 0.831901725 0.8795736312500001 0.8480779140625
0 0.48313816718749997 0.8725084421875 0.5273113 0.7076520703125 0.42359501406250005 0.679861375 0.3794218828125 0.844717746875 0.48313816718749997 0.8725084421875
1 0.521453628125 0.6924055421875 0.5342085546875001 0.6448035109375 0.4846646109375 0.63152825 0.471909684375 0.6791302828125 0.521453628125 0.6924055421875
1 0.5202541625 0.6534958453125 0.5348733953125 0.598936128125 0.49772549687499995 0.588982378125 0.4831062640625 0.6435420953125 0.5202541625 0.6534958453125
1 0.1806262015625 0.0448547171875 0.1094294203125 0.025777596874999996 0.088897790625 0.10240268125 0.160094571875 0.1214798015625 0.1806262015625 0.0448547171875
0 0.7281660453125001 0.82493013125 0.7549174203125 0.7250926421874999 0.669775084375 0.702278821875 0.643023709375 0.8021163109374999 0.7281660453125001 0.82493013125
0 0.694578959375 0.9378827968750001 0.7306639968749999 0.8032116078125 0.6625461031250001 0.7849594734374999 0.626461065625 0.9196306625 0.694578959375 0.9378827968750001