0 0.516828125 0.3669791671875 0.24879687499999997 0.3669791671875 0.24879687499999997 0.5608958328125 0.516828125 0.5608958328125 0.516828125 0.3669791671875
0 0.592546875 0.40385416718749995 0.362984375 0.40385416718749995 0.362984375 0.6682708328125 0.592546875 0.6682708328125 0.592546875 0.40385416718749995
0 0.558890625 0.2243541671875 0.38220312500000003 0.2243541671875 0.38220312500000003 0.2980625 0.558890625 0.2980625 0.558890625 0.2243541671875
1 0.3076875 0.25640625 0.1983125 0.25640625 0.1983125 0.3205104171875 0.3076875 0.3205104171875 0.3076875 0.25640625
1 0 0.9583229171875001 0.0985625 0.9583229171875001 0.0985625 0.6746770828125 0 0.6746770828125 0 0.9583229171875001
1 0.5456796875000001 0.78365625 0.3834140625 0.78365625 0.3834140625 0.8830104171875 0.5456796875000001 0.8830104171875 0.5456796875000001 0.78365625
1 0.897828125 0.65225 0.8245156250000001 0.65225 0.8245156250000001 0.75 0.897828125 0.75 0.897828125 0.65225
1 0.7079375 0.6041666671875 0.671875 0.6041666671875 0.671875 0.66025 0.7079375 0.66025 0.7079375 0.6041666671875
1 0.6718828125 0.3990416671875 0.6238046875000001 0.3990416671875 0.6238046875000001 0.4295 0.6718828125 0.4295 0.6718828125 0.3990416671875
1 0.719953125 0.40063541718750006 0.686296875 0.40063541718750006 0.686296875 0.45832291718749996 0.719953125 0.45832291718749996 0.719953125 0.40063541718750006
1 0.65625 0.3349270828125 0.63821875 0.3349270828125 0.63821875 0.35415625 0.65625 0.35415625 0.65625 0.3349270828125
0 0.6478359375 1 0.6478359375 0.8541666671874999 0.4723515625 0.8541666671874999 0.4723515625 1 0.6478359375 1
1 0.39782812500000003 1 0.39782812500000003 0.9070416671875 0.20192187499999997 0.9070416671875 0.20192187499999997 1 0.39782812500000003 1
1 0.8689843749999999 0.8301354171875 0.772828125 0.8301354171875 0.772828125 0.9294895828125 0.8689843749999999 0.9294895828125 0.8689843749999999 0.8301354171875
1 0.43269531250000004 0.1298125 0.3894296875 0.1298125 0.3894296875 0.1650625 0.43269531250000004 0.1650625 0.43269531250000004 0.1298125
1 0.8930312499999999 1 0.8930312499999999 0.9535416671875 0.8173125000000001 0.9535416671875 0.8173125000000001 1 0.8930312499999999 1