1 0.46963528437499996 0.7786210765625 0.48076728593749996 0.8692839640625 0.5237155859375 0.8640105765625 0.5125835828125 0.7733476890625 0.46963528437499996 0.7786210765625
1 0.6523850234374999 0.46554713124999997 0.6629305296875 0.551433390625 0.7265568734375 0.5436210578125 0.716011365625 0.4577347984375 0.6523850234374999 0.46554713124999997
1 0.8681166062499999 0.3288622359375 0.87822414375 0.41118153281250003 0.9720611109374999 0.3996598015625 0.9619535718750001 0.3173405046875 0.8681166062499999 0.3288622359375
1 0.47584958437499997 0.3164736546875 0.48200208125 0.366581728125 0.5376673796875 0.3597468875 0.53151488125 0.309638815625 0.47584958437499997 0.3164736546875
1 0.51082650625 0.0227639609375 0.5231315015625 0.12298010468750001 0.5660798 0.1177067171875 0.5537748046875001 0.0174905734375 0.51082650625 0.0227639609375
1 0.4209549109375 0.355910715625 0.4268141609375 0.4036304734375 0.4745390875 0.39777058906249996 0.46867983750000003 0.35005083125 0.4209549109375 0.355910715625
1 0.27677129843750004 0.1810775359375 0.281897428125 0.22282650781250002 0.3184768890625 0.21833511562500002 0.31335076093750003 0.1765861421875 0.27677129843750004 0.1810775359375
1 0.5673441359375 0.9300924078125 0.5752542171874999 0.99451485625 0.65000535 0.985336571875 0.6420952671875 0.9209141234375 0.5673441359375 0.9300924078125
1 0.676543690625 0 0.6473298171875 0.0035870125000000003 0.6526025703125 0.0465301421875 0.711452284375 0.03930430625 0.706626321875 0 0.676543690625 0
1 0.4210443296875 0.3171499640625 0.42543924375 0.352943659375 0.457242075 0.3490387625 0.4528471609375 0.3132450671875 0.4210443296875 0.3171499640625
1 0.396226165625 0.25964433750000004 0.4045761203125 0.32764925625 0.439563371875 0.3233533625 0.4312134171875 0.25534844218749997 0.396226165625 0.25964433750000004
0 0.3828769796875 0.1510948953125 0.397230903125 0.267998221875 0.510174384375 0.25413050625 0.4958204609375 0.1372271796875 0.3828769796875 0.1510948953125
0 0.0507446828125 0.37836725625 0.06480726249999999 0.49289777656249995 0.1443350234375 0.4831329953125 0.13027244375 0.368602475 0.0507446828125 0.37836725625
0 0.0211104625 0.3081349453125 0.031218000000000003 0.3904542421875 0.08212734687499999 0.3842033609375 0.072019809375 0.3018840640625 0.0211104625 0.3081349453125
0 0.17191266249999998 0.2738685515625 0.184071034375 0.3728905390625 0.2397363296875 0.3660557 0.22757795937499997 0.2670337125 0.17191266249999998 0.2738685515625
0 0.15090794375 0.15536539062500002 0.165555115625 0.27465703124999996 0.235550296875 0.266062703125 0.22090312499999998 0.1467710625 0.15090794375 0.15536539062500002
0 0.21939190625 0.6737189609375 0.229059571875 0.7524557859375001 0.27360008125 0.7469869 0.2639324140625 0.668250075 0.21939190625 0.6737189609375