0 0.65025 0.45671875 0.4423125 0.45671875 0.4423125 0.6314062500000001 0.65025 0.6314062500000001 0.65025 0.45671875
1 0.18509375 0.6073645828124999 0.13821875 0.6073645828124999 0.13821875 0.6570520828124999 0.18509375 0.6570520828124999 0.18509375 0.6073645828124999
1 0.914671875 0.7291666671875 0.8341406250000001 0.7291666671875 0.8341406250000001 0.8365416671875 0.914671875 0.8365416671875 0.914671875 0.7291666671875
1 0.8113046875000001 0.6105729171875 0.7632265625 0.6105729171875 0.7632265625 0.65384375 0.8113046875000001 0.65384375 0.8113046875000001 0.6105729171875
1 0.70553125 0.4455208328125 0.67428125 0.4455208328125 0.67428125 0.4807708328125 0.70553125 0.4807708328125 0.70553125 0.4455208328125
1 0.792078125 0.7083333328125 0.737984375 0.7083333328125 0.737984375 0.767625 0.792078125 0.767625 0.792078125 0.7083333328125
1 0.061304687499999996 0.44871875 0.0000078125 0.44871875 0.0000078125 0.5031979171875001 0.061304687499999996 0.5031979171875001 0.061304687499999996 0.44871875
1 0 0.5688958328125 0.03965625 0.5688958328125 0.03965625 0.5160208328125 0 0.5160208328125 0 0.5688958328125
1 0.9999921875 0.7516041671875 0.9254765624999999 0.7516041671875 0.9254765624999999 0.8381458328125 0.9999921875 0.8381458328125 0.9999921875 0.7516041671875
1 0.9939921875 0.6987291671875 0.9435078125 0.6987291671875 0.9435078125 0.7548125 0.9939921875 0.7548125 0.9939921875 0.6987291671875
1 0.73678125 0.4150520828125 0.6875 0.4150520828125 0.6875 0.44390625000000006 0.73678125 0.44390625000000006 0.73678125 0.4150520828125
1 0.644234375 0.2323645828125 0.605765625 0.2323645828125 0.605765625 0.26921875 0.644234375 0.26921875 0.644234375 0.2323645828125
1 0.6574609375 0.2756458328125 0.6201953125 0.2756458328125 0.6201953125 0.3076875 0.6574609375 0.3076875 0.6574609375 0.2756458328125
1 0.1430234375 0.2580208328125 0.0769140625 0.2580208328125 0.0769140625 0.2964791671875 0.1430234375 0.2964791671875 0.1430234375 0.2580208328125
1 0.07572656250000001 0.2307708328125 0.048085937499999995 0.2307708328125 0.048085937499999995 0.2692291671875 0.07572656250000001 0.2692291671875 0.07572656250000001 0.2307708328125
1 0.173078125 0.4727708328125 0.131015625 0.4727708328125 0.131015625 0.5048125 0.173078125 0.5048125 0.173078125 0.4727708328125
1 0.7584140625 0.46634374999999995 0.7211484375 0.46634374999999995 0.7211484375 0.5064062500000001 0.7584140625 0.5064062500000001 0.7584140625 0.46634374999999995
1 0.68028125 0.8541666671874999 0.609375 0.8541666671874999 0.609375 0.9342916671875001 0.68028125 0.9342916671875001 0.68028125 0.8541666671874999