1 0.7093013640625 0.2942576546875 0.706952190625 0.226986159375 0.668517284375 0.2283283359375 0.6708664578125 0.29559983125 0.7093013640625 0.2942576546875
1 0.2118216578125 0.099962025 0.20867579531249997 0.0098763109375 0.07413280625 0.014574654687499999 0.07727866875 0.10466036875 0.2118216578125 0.099962025
1 0 0.04601694375 0.05273615625 0.04417535625 0.0517295234375 0.015349178124999998 0 0.0171556125 0 0.04601694375
1 0 0.50872753125 0.0035766874999999996 0.611150446875 0.0964783921875 0.6079062468750001 0.0908993796875 0.44814425468749997 0 0.4513185296875 0 0.50872753125
1 0.2775029953125 0.9707861984375 0.275028403125 0.8999231421875 0.15331092968749999 0.9041736109375 0.155785521875 0.9750366671874999 0.2775029953125 0.9707861984375
1 0.3295543015625 0.76211595625 0.3277084453125 0.70925755 0.27005608593749997 0.7112708140625 0.2719019421875 0.7641292203125001 0.3295543015625 0.76211595625
1 0.4810730078125 0.784482278125 0.4791017328125 0.7280323125 0.442270015625 0.7293185046875 0.4442412921875 0.7857684703125 0.4810730078125 0.784482278125
1 0.5747708031250001 0.7583682406250001 0.5736382046874999 0.725934884375 0.511176278125 0.728116103125 0.5123088765625 0.760549459375 0.5747708031250001 0.7583682406250001
1 0.5711224984375 0.699561303125 0.5696545375000001 0.6575244265625 0.54081795 0.658531421875 0.542285909375 0.7005682984375 0.5711224984375 0.699561303125
1 0.8622171046875 0.4488589015625 0.8602878171875 0.393611328125 0.8234560999999999 0.39489751875 0.8253853875000001 0.45014509374999995 0.8622171046875 0.4488589015625
0 0.7701465046875 0.5675350390625 0.7638962234375 0.3885503875 0.6709945171875 0.3917945859375 0.6772448 0.5707792375 0.7701465046875 0.5675350390625
0 0.5863041578125 0.6292855359375 0.573594196875 0.26531988906250004 0.2004258265625 0.278351215625 0.2131357875 0.6423168625 0.5863041578125 0.6292855359375