1 0.621278478125 0.217511178125 0.47041724374999994 0.2307098265625 0.48145152343750003 0.3568322265625 0.6323127578125 0.34363357968749997 0.621278478125 0.217511178125
1 0.844319478125 0.312223953125 0.6754956078125 0.326994128125 0.6838752703125001 0.422774096875 0.852699140625 0.40800392187499995 0.844319478125 0.312223953125
1 0.4079402734375 0.316617375 0.3420824640625 0.3223791859375 0.34934544375 0.4053954109375 0.4152032515625 0.3996335984375 0.4079402734375 0.316617375
1 0.26686755624999997 0.2485285734375 0.11958639687499999 0.26141400625 0.1258725046875 0.3332645484375 0.27315366406249997 0.320379115625 0.26686755624999997 0.2485285734375
1 0.8846336562499999 0.8556637078125 0.8331428437499999 0.8601685703124999 0.837751203125 0.912842365625 0.8892420171875 0.9083375031250001 0.8846336562499999 0.8556637078125
1 1 0.718461775 0.9777543859375 0.7204080140625 0.9834812453125 0.7858663078125 1 0.784421103125 1 0.718461775
1 0.475215921875 0.39599346562500004 0.4081595671875 0.40186013593750003 0.417238290625 0.5056304171875 0.4842946453125 0.4997637453125 0.475215921875 0.39599346562500004
0 0.8775406 0.62301118125 0.7123123687499999 0.6374667781250001 0.7272577640625 0.8082934125 0.89248599375 0.793837815625 0.8775406 0.62301118125
0 0.98676919375 0.740532234375 0.8239224921874999 0.7547794750000001 0.8320243453125 0.8473840734375001 0.994871046875 0.8331368328125001 0.98676919375 0.740532234375
0 1 0.5125636874999999 0.767106015625 0.5329392703125 0.7841467796875 0.7277160874999999 1 0.708831378125 1 0.5125636874999999
0 0.8329279749999999 0.48535476875 0.9993547515625 0.4707943125 0.9867843515624999 0.32711398125 0.8203575750000001 0.3416744375 0.8329279749999999 0.48535476875