1 0.2407795921875 0.13603251562500002 0.2204260234375 0.05439880625 0.11779703593749999 0.0799870875 0.1381506046875 0.1616207953125 0.2407795921875 0.13603251562500002
1 0.0219173390625 0.2054563328125 0.042563860937499996 0.288265009375 0.1638508265625 0.258024771875 0.1432043046875 0.1752160953125 0.0219173390625 0.2054563328125
1 0.0576979171875 0.7861750562500001 0.103640396875 0.970440278125 0.23426645937499999 0.93787154375 0.1883239796875 0.7536063203125 0.0576979171875 0.7861750562500001
1 0.0830192359375 0.675801971875 0.1025015078125 0.7539411 0.14915656093750002 0.7423086890625 0.1296742875 0.6641695609375 0.0830192359375 0.675801971875
1 0 0.4156840953125 0.0141616078125 0.47248320312500003 0.07169205937499999 0.45813925156249996 0.051627662500000004 0.3776653484375 0 0.39053757031249997 0 0.4156840953125
1 0.3267670109375 0.3152651890625 0.346249284375 0.3934043171875 0.400666703125 0.37983653125 0.3811844296875 0.30169740312500004 0.3267670109375 0.3152651890625
1 0.6264139015625 0.34461459843750003 0.6371718671875 0.3877624359375 0.6869399515625 0.375353859375 0.6761819874999999 0.332206021875 0.6264139015625 0.34461459843750003
1 0.6252740984375 0.3003005890625 0.6357410015625 0.342281040625 0.6839525703125 0.3302605453125 0.6734856671875 0.2882800953125 0.6252740984375 0.3003005890625
1 0.5262175250000001 0.22094644843750003 0.5456997984374999 0.2990855765625 0.5985607 0.2859058734375 0.5790784265625 0.2077667453125 0.5262175250000001 0.22094644843750003
1 0.8260576937499999 0.41004109062499994 0.835651409375 0.44851937968750005 0.87452388125 0.438827384375 0.8649301671874999 0.40034909374999994 0.8260576937499999 0.41004109062499994
0 0.703079471875 0.33416332187500003 0.746406171875 0.507937221875 0.8334902124999999 0.48622473125 0.7901635125 0.31245083125 0.703079471875 0.33416332187500003
0 0.6707112140625 0.51565048125 0.7053136046875 0.654433090625 0.8468150640625 0.619152815625 0.8122126734374999 0.4803702046875 0.6707112140625 0.51565048125
0 0.386532971875 0.3164752515625 0.4618425015625 0.6185252796875 0.6624309296875001 0.5685129671875 0.5871214 0.2664629390625 0.386532971875 0.3164752515625
0 0.23402811093749998 0.5328595546875 0.27270159375 0.6879704234374999 0.42042911875 0.6511378156250001 0.3817556359375 0.496026946875 0.23402811093749998 0.5328595546875