1 0.3202700234375 0.7388718187500001 0.3574279828125 0.7488282640625 0.36738173125 0.7116803671875 0.33022377187499996 0.701723921875 0.3202700234375 0.7388718187500001
1 0.3056919078125 0.6818645828125 0.36257588281249997 0.6971065984375 0.37252963125 0.6599587015624999 0.31564565624999996 0.6447166859375 0.3056919078125 0.6818645828125
1 0.2738572375 0.5173852515624999 0.3365518609375 0.534184225 0.346090421875 0.4985858328125 0.2833957984375 0.481786859375 0.2738572375 0.5173852515624999
1 0.31971367968750003 0.49481814999999996 0.358018675 0.5050819421875 0.36838761249999996 0.4663845390625 0.3300826171875 0.4561207453125 0.31971367968750003 0.49481814999999996
1 0.25347095625 0.273022 0.3184898375 0.2904437578125 0.33093472031250004 0.24399882499999997 0.26591583750000003 0.22657706718749998 0.25347095625 0.273022
1 0.21464730312500002 0 0.1879825046875 0.0995143796875 0.272727403125 0.1222217078125 0.305079784375 0.0014809796875 0.29955269375000004 0 0.21464730312500002 0
1 0.09485632499999999 0.11270475312499999 0.1482539125 0.1270125921875 0.1640149140625 0.06819173437500001 0.1106173265625 0.05388389375 0.09485632499999999 0.11270475312499999
1 1 0.40501679843750005 0.9693803796875 0.3968122953125 0.9581810640624999 0.4386087109375 1 0.4498140609375 1 0.40501679843750005
1 0.856401453125 0.8509950156249999 0.9132854281249999 0.8662370312500001 0.9269704859375001 0.8151637031250001 0.870086509375 0.7999216875 0.856401453125 0.8509950156249999
1 0.7874964125 0.64837143125 0.83161205625 0.6601921828124999 0.8411506171875001 0.624593790625 0.7970349734375 0.6127730390624999 0.7874964125 0.64837143125
1 0.9162066859375001 0.599907740625 0.9556738109375 0.610482925 0.9631418187499999 0.5826119390625 0.92367469375 0.5720367546875 0.9162066859375001 0.599907740625
1 0.11634459374999999 0 0.103730140625 0.0470777796875 0.1780309671875 0.0669866265625 0.1959799796875 0 0.11634459374999999 0
1 0.4413584078125 0.658483034375 0.47386785 0.6671939140625 0.47884472499999997 0.6486199640625 0.4463352828125 0.6399090859375 0.4413584078125 0.658483034375
1 0.2993055578125 0.598873403125 0.329490740625 0.6069614984375 0.3369587484375 0.5790905125 0.306773565625 0.5710024171875 0.2993055578125 0.598873403125
1 0.2098392734375 0.3940511765625 0.2365380671875 0.40120509687499994 0.24317569843750003 0.3764331234375 0.2164769046875 0.369279203125 0.2098392734375 0.3940511765625
1 0.5431372 0 0.53387295 0.034574646875 0.5756643343750001 0.045772615625 0.5864484625 0.0055257046875 0.5658262515625 0 0.5431372 0
1 0.691041875 0.6971958093749999 0.7223891874999999 0.705595296875 0.7298571953125 0.6777243109375 0.6985098828125 0.669324825 0.691041875 0.6971958093749999
0 0.38431882812499996 0.49057157656249994 0.6095455640624999 0.5509208984375 0.66056526875 0.3605127703125 0.43533853125000005 0.3001634484375 0.38431882812499996 0.49057157656249994