0 0.5076621968749999 0.7896237562499999 0.5366172390624999 0.6068088171875 0.37834018281250004 0.58174019375 0.34938514062500003 0.7645551328125 0.5076621968749999 0.7896237562499999
1 0.6560688171875 1 0.6595592515625001 0.9779622625 0.582005140625 0.9656788984375 0.5765692109375 1 0.6560688171875 1
1 0.44828624531249994 0.2630396859375 0.46126052812499996 0.181123284375 0.4232756796875 0.1751070765625 0.410301396875 0.257023478125 0.44828624531249994 0.2630396859375
1 0.498464196875 0.28436270625 0.512565296875 0.1953318625 0.47458045000000004 0.1893156546875 0.46047935000000007 0.27834649843750003 0.498464196875 0.28436270625
1 0.594297696875 0.28371356406250003 0.6005013015625 0.2445455484375 0.5577632046875001 0.2377765 0.5515596 0.276944515625 0.594297696875 0.28371356406250003
1 0.5587188546874999 0.40587051250000006 0.563983853125 0.3726286265625 0.5291678390625 0.3671143125 0.523902840625 0.40035619687499996 0.5587188546874999 0.40587051250000006
1 0.447753878125 0.3688133421875 0.455274953125 0.3213271390625 0.41729010625 0.31531093125 0.40976903125 0.362797134375 0.447753878125 0.3688133421875
1 0.276339878125 0.28325745 0.283860953125 0.235771246875 0.2537776125 0.2310065140625 0.2462565375 0.2784927171875 0.276339878125 0.28325745
1 0.2663729890625 0.22326435781249998 0.26957011875000003 0.203078478125 0.239486778125 0.19831374531249998 0.23628964843750003 0.21849962500000003 0.2663729890625 0.22326435781249998
1 0.323052271875 0.1215031015625 0.3300087171875 0.0775818359375 0.29992537656249996 0.072817103125 0.29296893281249997 0.11673836875000002 0.323052271875 0.1215031015625
1 0.490793234375 0.117649246875 0.4985025203125 0.06897473125 0.4652709234375 0.0637113640625 0.4575616375 0.1123858796875 0.490793234375 0.117649246875
1 0.6367779578125 0.21014063749999998 0.6514436890625 0.1175448546875 0.5897131671875 0.1077677015625 0.5750474375 0.2003634828125 0.6367779578125 0.21014063749999998
1 0.6800573625 0.09043728125 0.6905873578125 0.023953509375 0.59720965625 0.009163934375 0.5866796625 0.07564770625 0.6800573625 0.09043728125
1 0.9229668249999999 0.5134572703125 0.9289846640625001 0.475462134375 0.8656697265625001 0.465434034375 0.8596518890624999 0.5034291703125 0.9229668249999999 0.5134572703125
1 0.9470172015625 0.8738044875 0.9545382765625 0.826318284375 0.9181378468749999 0.8205530218750001 0.9106167718749999 0.8680392265625001 0.9470172015625 0.8738044875
1 0.9189300749999999 1 0.925013371875 0.9615915734374999 0.8553607671875 0.950559684375 0.8475301906249999 1 0.9189300749999999 1
1 1 0.5037477484374999 0.9390275000000001 0.49409065312499995 0.93094179375 0.5451417937499999 0.9974152765625 0.555670159375 1 0.5393508578125 1 0.5037477484374999
1 0.39408930781249996 0.8203050921875 0.3984132546875 0.79300476875 0.363597240625 0.7874904546875 0.35927329375 0.814790778125 0.39408930781249996 0.8203050921875
1 0.3654641234375 0.8474187531249999 0.3720441484375 0.8058741125 0.332474884375 0.79960695625 0.325894859375 0.8411515984375001 0.3654641234375 0.8474187531249999
1 0.2592471640625 0.7600078375 0.2652650015625 0.7220127015625 0.2367660765625 0.7174989140625 0.23074823906250003 0.75549405 0.2592471640625 0.7600078375
1 0.219151853125 0.7366194734375 0.2240404296875 0.7057542125 0.197125921875 0.7014913734375 0.1922373453125 0.732356634375 0.219151853125 0.7366194734375
1 0.203273334375 0.1913678875 0.20872654218750003 0.1569376890625 0.1770793625 0.1519252671875 0.1716261546875 0.186355465625 0.203273334375 0.1913678875
1 0.429906346875 0 0.4239355296875 0.03769825625 0.45243445312499997 0.0422120421875 0.459120184375 0 0.429906346875 0
1 0.3732174921875 0.142839925 0.380362146875 0.097730346875 0.3518632234375 0.0932165609375 0.3447185671875 0.1383261390625 0.3732174921875 0.142839925
1 0.5137873265625 0.9354001234375 0.5216848234375 0.8855372953125 0.49160148125 0.8807725625 0.48370398437500006 0.9306353906249999 0.5137873265625 0.9354001234375
1 0.49805790468750005 0 0.49042052187499996 0.048220534375 0.533158621875 0.054989584375 0.5418065140625 0.0003889390625 0.53935085 0 0.49805790468750005 0
1 0.9829359296875 0.40124606093750004 0.9897041640625 0.3585131078125 0.9485504828125 0.3519950046875 0.9417822484375 0.394727959375 0.9829359296875 0.40124606093750004