0 0.7130999640625 0.47249040000000003 0.674216446875 0.6176056625 0.8073330984375 0.6532741625 0.8462166171875 0.5081589 0.7130999640625 0.47249040000000003
0 0.833657278125 0.3940433484375 0.8025504640625 0.5101355578125 0.8876928015625 0.532949378125 0.918799615625 0.41685716875 0.833657278125 0.3940433484375
0 0.4813995796875 0.2598384890625 0.4394021453125 0.41657504687499997 0.570969290625 0.45182835781249997 0.6129667249999999 0.2950918 0.4813995796875 0.2598384890625
0 0.5779105046875 0.09159231875 0.526583453125 0.28314748437500004 0.6860215843749999 0.32586880156250003 0.7373486375 0.1343136375 0.5779105046875 0.09159231875
1 0.3138213546875 0.544679590625 0.2802234078125 0.6700688375 0.3374947578125 0.68541465 0.37109270625 0.560025403125 0.3138213546875 0.544679590625
1 0.3581014515625 0.5528077078125 0.3332143828125 0.6456875125 0.4106091890625 0.6664253875 0.4354962578125 0.5735455828125 0.3581014515625 0.5528077078125
1 0.39087832499999997 0.8577439359374999 0.363192775 0.9610678140625 0.46071103593749996 0.987197753125 0.4883965859375 0.8838738749999999 0.39087832499999997 0.8577439359374999
1 0.813955709375 0.808099709375 0.8018235656250001 0.8533774828125 0.8513675125000001 0.8666527437499999 0.8634996546875 0.8213749703125 0.813955709375 0.808099709375
1 0.8377669140625 0.32920228125 0.8253233796874999 0.375642184375 0.88724325 0.3922335640625 0.8996867843749999 0.34579366093749997 0.8377669140625 0.32920228125
1 0.7193236328125 0.195426090625 0.698792003125 0.2720511765625 0.742137925 0.28366568124999997 0.7626695546875 0.2070405953125 0.7193236328125 0.195426090625
1 0.6844686703125 0.3316643578125 0.6710909609375 0.3815906484375 0.7035903421875 0.39029883125 0.7169680515625 0.340372540625 0.6844686703125 0.3316643578125
1 0.2789395703125 0 0.2633178640625 0.058301003124999994 0.38095958125 0.0898230046875 0.40502758281249995 0 0.2789395703125 0
1 0.10086474062499999 0.200175225 0.0871756390625 0.2512636453125 0.19244143125 0.2794695296875 0.2061305328125 0.22838110781249998 0.10086474062499999 0.200175225
1 0 0.5277873078125 0.0988868453125 0.5542839578125001 0.11723873437500001 0.48579377968750004 0.002696028125 0.4551021546875 0 0.46516386875000004 0 0.5277873078125
1 0.21920629218749998 0 0.215362659375 0.014344629687499999 0.26798549375 0.0284448765625 0.275607275 0 0.21920629218749998 0
1 0.5844446125 0.8349567484374999 0.5723124687500001 0.8802345218750001 0.6172078953125 0.8922642140624999 0.6293400390625 0.8469864421875 0.5844446125 0.8349567484374999
1 0.74401333125 0.7719450375 0.72814853125 0.831153271875 0.7652964296875 0.841107021875 0.7811612296875 0.7818987859375001 0.74401333125 0.7719450375
1 0.7059224203125 0.7779067109375 0.6925447109375 0.8278330015625001 0.723494584375 0.8361259953125 0.7368722937500001 0.7861997046875 0.7059224203125 0.7779067109375