0 0.7395546171875 0.6529280156249999 0.7230032359375 0.787728190625 0.807307625 0.7980794671875 0.82385900625 0.6632792937499999 0.7395546171875 0.6529280156249999
0 0.44500149999999994 0.6191936328125001 0.4108723703125 0.8971530812499999 0.6351464453125 0.924690475 0.6692755734375 0.6467310265624999 0.44500149999999994 0.6191936328125001
1 0.2951478078125 0.629854275 0.276252346875 0.783745453125 0.3414709 0.791753284375 0.36036636093749996 0.63786210625 0.2951478078125 0.629854275
1 0.1067657296875 0.7701923328125 0.0843551 0.952712265625 0.2402262015625 0.9718508296874999 0.26263683125 0.789330896875 0.1067657296875 0.7701923328125
0 0.2120320375 0.5046039125 0.19035262343749998 0.68116856875 0.28896622031249997 0.6932767953125001 0.31064563437500003 0.5167121406249999 0.2120320375 0.5046039125
1 0.2712456703125 0.5615179046875001 0.26274909218750003 0.6307169828125 0.35817826875000003 0.6424342109375 0.36667484687499996 0.5732351343750001 0.2712456703125 0.5615179046875001
1 0.072414725 0.1689777609375 0.0649445140625 0.22981773906249997 0.18742057343750002 0.24485590781250002 0.1948907828125 0.1840159296875 0.072414725 0.1689777609375
1 0.0819732671875 0.06480365625 0.0745030578125 0.12564363437499998 0.144498240625 0.1342379609375 0.15196845 0.073397984375 0.0819732671875 0.06480365625
1 0.0933819171875 0.0637722703125 0.050454296875000006 0.058501421875 0.0381493015625 0.158717565625 0.081076921875 0.163988415625 0.0933819171875 0.0637722703125
1 0.329814640625 0.37375611875 0.3202935984375 0.4512987875 0.383919940625 0.4591111203125 0.3934409828125 0.3815684515625 0.329814640625 0.37375611875
1 0.3244616 0.0098128453125 0.3127431015625 0.10525236093749998 0.3827382828125 0.1138466875 0.39445678125 0.018407171875 0.3244616 0.0098128453125
1 0.4213082328125 0.32564149375 0.4114939421875 0.40557247656250006 0.5244374234375 0.41944019218750006 0.5342517140624999 0.339509209375 0.4213082328125 0.32564149375
1 0.476734371875 0.49229469843749996 0.47160824218749997 0.534043671875 0.5256813296875 0.5406830125 0.530807459375 0.4989340390625 0.476734371875 0.49229469843749996
1 0.6501084859375 0.513590234375 0.6426382765625 0.5744302125 0.672869578125 0.57814215 0.6803397890625 0.517302171875 0.6501084859375 0.513590234375
1 0.576137340625 0.4584849859375 0.5694002515625 0.513354178125 0.6187173875 0.5194095609375 0.625454478125 0.46454036875 0.576137340625 0.4584849859375
1 0.706371825 0.8837766359374999 0.697875246875 0.9529757140624999 0.7217377093749999 0.95590565625 0.7302342875 0.886706578125 0.706371825 0.8837766359374999
1 0.8339812046875 0.751703228125 0.827682084375 0.8030054578125 0.857913384375 0.80671739375 0.86421250625 0.755415165625 0.8339812046875 0.751703228125
1 0.7284964203125 0.611616178125 0.72410150625 0.6474098749999999 0.7765823843749999 0.653853715625 0.7809772984375 0.6180600203125 0.7284964203125 0.611616178125
1 0.12942055937500002 0.24378733125 0.1157978515625 0.35473538125 0.18101640624999998 0.36274321249999997 0.1946391140625 0.2517951625 0.12942055937500002 0.24378733125
1 0.1640148375 0.5144583546875 0.1572777484375 0.569327546875 0.193857209375 0.5738189390625 0.20059429999999998 0.518949746875 0.1640148375 0.5144583546875