1 0.4498897125 0.137092278125 0.485164159375 0.1295944625 0.47716822187499996 0.091976534375 0.44189377500000004 0.09947435 0.4498897125 0.137092278125
1 0.12219334687500001 0.7343059859375 0.19625746093750002 0.718563171875 0.1756005671875 0.62138013125 0.101536453125 0.6371229453125 0.12219334687500001 0.7343059859375
1 0.2243749203125 0.7699441874999999 0.27610975781249997 0.7589476078125 0.26144765312499996 0.689967825 0.20971281562500002 0.700964403125 0.2243749203125 0.7699441874999999
1 0.21858197812500002 0.8235917703125001 0.3032223125 0.8056009124999999 0.2892272578125 0.7397593515625001 0.204586921875 0.7577502093749999 0.21858197812500002 0.8235917703125001
1 0.3452198796875 0.8933491359374999 0.40988460625 0.8796042234374999 0.3952225 0.8106244390624999 0.3305577734375 0.8243693515625001 0.3452198796875 0.8933491359374999
1 0.64694886875 0.77514775 0.699860540625 0.763901028125 0.6898634546875 0.71686843125 0.6369517828125 0.7281151546875 0.64694886875 0.77514775
1 0.74275291875 0.8153895999999999 0.8732439218750001 0.78765288125 0.8505858796875 0.6810551703125001 0.720094875 0.7087918890625 0.74275291875 0.8153895999999999
1 0.18604038750000002 1 0.17789587812500002 0.9616830953125 0.0979475953125 0.9786766281249999 0.1024800171875 1 0.18604038750000002 1
1 0.2691782296875 0.3852219515625 0.32678195312499997 0.3729779015625 0.3191195421875 0.33692908906249996 0.26151581875 0.3491731375 0.2691782296875 0.3852219515625
1 0.1623305609375 0.5242669656250001 0.23757150781249997 0.5082740078125 0.22724089687500001 0.4596723 0.1519999484375 0.47566525625 0.1623305609375 0.5242669656250001
1 0.312781421875 0.30714815624999997 0.36569309375 0.2959014328125 0.35769715625 0.25828350625 0.304785484375 0.2695302296875 0.312781421875 0.30714815624999997
1 0.3597432828125 0.3315636046875 0.4126549546875 0.32031688125 0.40332491875 0.2764225078125 0.350413246875 0.28766923125 0.3597432828125 0.3315636046875
0 0.389475778125 0.22858998437500003 0.517628396875 0.20135030468749998 0.503966865625 0.1370778546875 0.375814246875 0.1643175359375 0.389475778125 0.22858998437500003
0 0.5502069609375 0.2910793 0.6877589671875 0.26184171875 0.6567714625 0.1160569703125 0.51921945625 0.145294553125 0.5502069609375 0.2910793
0 0.3354135484375 0.5349945796875 0.6210937828125 0.474271371875 0.5817768156249999 0.28929958437500003 0.29609658125 0.3500227921875 0.3354135484375 0.5349945796875
0 0.5158265390625 0.678506096875 0.6592627156249999 0.6480177968749999 0.6326067046875 0.5226111234374999 0.489170528125 0.5530994234375 0.5158265390625 0.678506096875