0 0 0.8615163578124999 0.10177870156249999 0.8632929109375 0.1040162453125 0.7351041046875 0 0.73328849375 0 0.8615163578124999
0 0 0.7284856796875 0.0560214390625 0.7294635375 0.0590141625 0.5580104890625 0 0.5569803921875 0 0.7284856796875
0 0.08540563906250001 0.217085825 0.004886653124999999 0.21568036093749998 0.0016423234375000002 0.40154788124999996 0.082161309375 0.40295334531250004 0.08540563906250001 0.217085825
1 0.3462916671875 0.4908993671875 0.27058445 0.48957789218750003 0.269186075 0.5696906890625 0.34489329375 0.5710121625 0.3462916671875 0.4908993671875
1 0.4178088625 0.11227734687499999 0.34089870312500004 0.1109348765625 0.3390247515625 0.218293521875 0.4159349109375 0.21963599375 0.4178088625 0.11227734687499999
1 0.513034578125 0.0289994984375 0.4144870890625 0.027279346875 0.412389528125 0.14744854062499999 0.5109370156249999 0.14916869375 0.513034578125 0.0289994984375
1 0.8284088125 0.07297898593749999 0.656559990625 0.0699793546875 0.6549100109375 0.164506621875 0.8267588328125001 0.1675062546875 0.8284088125 0.07297898593749999
1 0.7584570671875001 0.15510400156249998 0.6683301703125 0.1535308296875 0.666875803125 0.23685147343750002 0.7570026999999999 0.23842464375 0.7584570671875001 0.15510400156249998
1 0.6343925375 0.375722378125 0.5454685828125 0.3741702046875 0.5443778078125 0.43666068593749996 0.6333017625 0.438212859375 0.6343925375 0.375722378125
1 0.2750875328125 0.30053393906250003 0.1945685484375 0.299128475 0.19333778906250002 0.36963856875 0.273856775 0.3710440328125 0.2750875328125 0.30053393906250003
1 0.6651412921875 0.1983465875 0.5930429 0.1970881046875 0.5913649234375 0.29321929375 0.6634633156249999 0.2944777765625 0.6651412921875 0.1983465875
1 0.1972482109375 0.696662871875 0.13836655625 0.6956350890625 0.137695365625 0.734087565625 0.19657702187499998 0.7351153484374999 0.1972482109375 0.696662871875
1 0.714127803125 0.2841520875 0.6696658265625001 0.2833760015625 0.6689106453125 0.32664024375 0.7133726234375 0.3274163296875 0.714127803125 0.2841520875
1 0.758213453125 0.23844577656250002 0.7113455921875 0.2376276953125 0.7104504296874999 0.28891155 0.7573182890625 0.28972963125 0.758213453125 0.23844577656250002