0 0.7631914546874999 0.3518376734375 0.6076768390625 0.327206578125 0.587871584375 0.4522520375 0.7433862 0.47688313281249994 0.7631914546874999 0.3518376734375
1 0.9183064328125001 0.571115171875 0.8613291609375 0.5620908578125 0.8518029546875001 0.6222369640625 0.9087802249999999 0.6312612765625001 0.9183064328125001 0.571115171875
1 0.5230573765625001 0.7616407 0.47675948593750006 0.754307834375 0.46547665 0.82554485625 0.511774540625 0.832877721875 0.5230573765625001 0.7616407
1 0.735985009375 1 0.74679379375 0.9317560203124999 0.6565746375 0.9174667109374999 0.6435026484375 1 0.735985009375 1
1 0.8041365687500001 1 0.8135301421875001 0.9406913109374999 0.741120240625 0.9292227093750001 0.72991021875 1 0.8041365687500001 1
1 0.8637825703124999 0.492714265625 0.821049615625 0.48594602968749995 0.8162848828125 0.516029371875 0.8590178359375 0.5227976062499999 0.8637825703124999 0.492714265625
1 0.49927853437499997 0.704319315625 0.46128339843750005 0.6983014765625 0.4525100328125 0.75369433125 0.49050516875000005 0.7597121687499999 0.49927853437499997 0.704319315625
1 0.776897896875 0.8261864375 0.73772988125 0.819982834375 0.7289565140625001 0.8753756875 0.76812453125 0.8815792921875 0.776897896875 0.8261864375
1 0.903941446875 0.8154807046875 0.8362693625000001 0.8047625 0.8295003124999999 0.847500596875 0.8971723968750001 0.8582188015625001 0.903941446875 0.8154807046875
1 0.1576892359375 0.4100728125 0.0460958859375 0.39239816250000004 0.0380721015625 0.4430583421875 0.1496654515625 0.46073299375000004 0.1576892359375 0.4100728125
1 0.2654178484375 0.40605287187499994 0.18825469687500002 0.39383142968749996 0.1797322765625 0.4476398671875 0.256895428125 0.459861309375 0.2654178484375 0.40605287187499994
1 0.3332453109375 0.338930790625 0.25727047187499996 0.3268975578125 0.2517561578125 0.36171357187500003 0.327730996875 0.3737468046875 0.3332453109375 0.338930790625
1 0.33357476406250003 0.41361008750000006 0.29440674843750003 0.40740648281249997 0.289642015625 0.437489825 0.32881003125 0.443693428125 0.33357476406250003 0.41361008750000006
1 0.31076842656250003 0.2964119859375 0.24190803125000002 0.28550557187500003 0.23714329687500002 0.3155889125 0.30600369375 0.326495328125 0.31076842656250003 0.2964119859375
1 0.14129618125 0.32150124375 0.078377346875 0.31153587968749996 0.0736126140625 0.3416192203125 0.13653144687500002 0.351584584375 0.14129618125 0.32150124375
1 0.3613252984375 0.1616407328125 0.31146246875 0.15374323750000002 0.3066977359375 0.1838265765625 0.3565605640625 0.1917240734375 0.3613252984375 0.1616407328125
1 0.5105293015625 0.17227902343749998 0.4499870921875 0.1626900796875 0.44522235937500004 0.1927734203125 0.50576456875 0.2023623640625 0.5105293015625 0.17227902343749998
1 0.770254815625 0.2150502125 0.7429544921875 0.21072626562500002 0.7366873359375 0.25029553125000004 0.763987659375 0.2546194765625 0.770254815625 0.2150502125
1 0.7960434625 0.374896165625 0.7699314515625 0.370760428125 0.76617050625 0.394506103125 0.7922825171875 0.3986418390625 0.7960434625 0.374896165625
1 0.8246710296875 0.36319924375 0.7843147015625 0.3568074296875 0.780804703125 0.3789686875 0.82116103125 0.3853605015625 0.8246710296875 0.36319924375
1 0.829089434375 0.5504984828125 0.78754479375 0.5439184578125 0.7837838484375 0.5676641328125 0.8253284890625 0.57424415625 0.829089434375 0.5504984828125
1 0.9368510515624999 0.74603431875 0.8846115984375 0.7377604015625 0.8803487593750001 0.7646749093749999 0.9325882125 0.7729488265625 0.9368510515624999 0.74603431875
1 0.410220775 0.7210519515625 0.366299509375 0.71409550625 0.35978140625 0.7552491875 0.403702671875 0.7622056328125 0.410220775 0.7210519515625
1 0.3019667015625 0.6747029 0.24736605625000002 0.6660550062499999 0.234580796875 0.7467779515624999 0.28918144375 0.7554258453125 0.3019667015625 0.6747029