0 0.8076953124999999 0.4070520828125 0.6165859375 0.4070520828125 0.6165859375 0.5656979171875001 0.8076953124999999 0.5656979171875001 0.8076953124999999 0.4070520828125
1 1 0.6554583328125 0.96034375 0.6554583328125 0.96034375 0.7355833328125 1 0.7355833328125 1 0.6554583328125
1 0.30167968749999996 0.4407083328125 0.22716406249999999 0.4407083328125 0.22716406249999999 0.4791666671875 0.30167968749999996 0.4791666671875 0.30167968749999996 0.4407083328125
1 0.47475781250000004 0.8701874999999999 0.4374921875 0.8701874999999999 0.4374921875 0.9294791671875 0.47475781250000004 0.9294791671875 0.47475781250000004 0.8701874999999999
1 0.50721875 1 0.50721875 0.9326979171875 0.4579375 0.9326979171875 0.4579375 1 0.50721875 1
1 0 0.6105729171875 0.0889375 0.6105729171875 0.0889375 0.5432604171875 0 0.5432604171875 0 0.6105729171875
1 0.3004765625 0.5320625 0.2596171875 0.5320625 0.2596171875 0.5673125 0.3004765625 0.5673125 0.3004765625 0.5320625
1 0.9915859375 1 0.9915859375 0.9342916671875001 0.9194765625000001 0.9342916671875001 0.9194765625000001 1 0.9915859375 1
1 0.8617812499999999 0.7435833328125 0.79446875 0.7435833328125 0.79446875 0.8125 0.8617812499999999 0.8125 0.8617812499999999 0.7435833328125
1 0.9314843749999999 0.6314166671875 0.866578125 0.6314166671875 0.866578125 0.6795 0.9314843749999999 0.6795 0.9314843749999999 0.6314166671875
1 0.9519296875000001 0.5496770828125 0.8906328125 0.5496770828125 0.8906328125 0.5897395828125 0.9519296875000001 0.5897395828125 0.9519296875000001 0.5496770828125
1 0.8533671875 0.41987500000000005 0.8209140625 0.41987500000000005 0.8209140625 0.4519166671875 0.8533671875 0.4519166671875 0.8533671875 0.41987500000000005
1 0.4266875 0.5224375 0.38821875 0.5224375 0.38821875 0.5544791671875 0.4266875 0.5544791671875 0.4266875 0.5224375
1 0.2235546875 0.5320520828124999 0.13582031249999998 0.5320520828124999 0.13582031249999998 0.5993645828124999 0.2235546875 0.5993645828124999 0.2235546875 0.5320520828124999
1 0.15264843749999998 0.40384374999999995 0.10216406250000001 0.40384374999999995 0.10216406250000001 0.44711458281249994 0.15264843749999998 0.44711458281249994 0.15264843749999998 0.40384374999999995
1 0.203125 0.8669791671875 0.16465625 0.8669791671875 0.16465625 0.9807708328125001 0.203125 0.9807708328125001 0.203125 0.8669791671875
1 0.3617734375 0.9118645828125 0.3209140625 0.9118645828125 0.3209140625 0.9695520828124999 0.3617734375 0.9695520828124999 0.3617734375 0.9118645828125
1 0.20192187499999997 0.7003229171875 0.165859375 0.7003229171875 0.165859375 0.7371770828125 0.20192187499999997 0.7371770828125 0.20192187499999997 0.7003229171875
1 0.28846875 0.205125 0.26803125 0.205125 0.26803125 0.24679166718749998 0.28846875 0.24679166718749998 0.28846875 0.205125
1 0.34615625 0.2211458328125 0.29446875 0.2211458328125 0.29446875 0.2660208328125 0.34615625 0.2660208328125 0.34615625 0.2211458328125
1 0.1862890625 0.24840625 0.14542968750000002 0.24840625 0.14542968750000002 0.2852604171875 0.1862890625 0.2852604171875 0.1862890625 0.24840625
1 0.7932734375 0.2419895828125 0.7608203125 0.2419895828125 0.7608203125 0.27084375 0.7932734375 0.27084375 0.7932734375 0.2419895828125
1 0.1502421875 1 0.1502421875 0.9583333328125001 0.10216406250000001 0.9583333328125001 0.10216406250000001 1 0.1502421875 1
1 0.7620234375 0.6025520828125 0.7163515625 0.6025520828125 0.7163515625 0.6522395828125 0.7620234375 0.6522395828125 0.7620234375 0.6025520828125
1 0.40745312499999997 0.40864583281250005 0.34976562499999997 0.40864583281250005 0.34976562499999997 0.4326875 0.40745312499999997 0.4326875 0.40745312499999997 0.40864583281250005
1 0.08052343749999999 0.367 0.0396640625 0.367 0.0396640625 0.3990416671875 0.08052343749999999 0.3990416671875 0.08052343749999999 0.367
1 0.10216406250000001 0.43590625000000005 0.025242187500000002 0.43590625000000005 0.025242187500000002 0.47917708281250004 0.10216406250000001 0.47917708281250004 0.10216406250000001 0.43590625000000005
1 0.1862890625 0.3092916671875 0.1430234375 0.3092916671875 0.1430234375 0.3333333328125 0.1862890625 0.3333333328125 0.1862890625 0.3092916671875
1 0.8185078125 0.2820520828125 0.7752421875 0.2820520828125 0.7752421875 0.3156979171875 0.8185078125 0.3156979171875 0.8185078125 0.2820520828125
1 0.881 0.39582291718749996 0.8389374999999999 0.39582291718749996 0.8389374999999999 0.42467708281250005 0.881 0.42467708281250005 0.881 0.39582291718749996