1 0.21033593750000001 0.5592916671875 0.1261953125 0.5592916671875 0.1261953125 0.6810833328125 0.21033593750000001 0.6810833328125 0.21033593750000001 0.5592916671875
1 0.4375 0.615375 0.3233125 0.615375 0.3233125 0.7820416671875 0.4375 0.7820416671875 0.4375 0.615375
1 0.6346171875 0.53365625 0.49038281250000004 0.53365625 0.49038281250000004 0.6602604171875 0.6346171875 0.6602604171875 0.6346171875 0.53365625
1 0.9615390625 0.4455104171875 0.8798046875000001 0.4455104171875 0.8798046875000001 0.5689062500000001 0.9615390625 0.5689062500000001 0.9615390625 0.4455104171875
1 0.93028125 0.572125 0.859375 0.572125 0.859375 0.6939166671875 0.93028125 0.6939166671875 0.93028125 0.572125
1 0.578125 0.0753333328125 0.52884375 0.0753333328125 0.52884375 0.1314166671875 0.578125 0.1314166671875 0.578125 0.0753333328125
1 0.427890625 0.1714791671875 0.344953125 0.1714791671875 0.344953125 0.2307708328125 0.427890625 0.2307708328125 0.427890625 0.1714791671875
0 0.683890625 0.1522395828125 0.538453125 0.1522395828125 0.538453125 0.2403854171875 0.683890625 0.2403854171875 0.683890625 0.1522395828125
0 0.6069765625 0.2339791671875 0.4290859375 0.2339791671875 0.4290859375 0.4070625 0.6069765625 0.4070625 0.6069765625 0.2339791671875
0 0.7247578125 0.26121875 0.5252421875 0.26121875 0.5252421875 0.4679479171875 0.7247578125 0.4679479171875 0.7247578125 0.26121875
0 0.789671875 0.5272395828125 0.6310156250000001 0.5272395828125 0.6310156250000001 0.6570520828124999 0.789671875 0.6570520828124999 0.789671875 0.5272395828125