0 0.07943111093750001 0.44381319531249996 0.0958230921875 0.56044820625 0.1624805125 0.5510801171875 0.1460885296875 0.43444510625 0.07943111093750001 0.44381319531249996
0 0.10667939687500001 0.5225055453125 0.1287600796875 0.6796177640625001 0.2382672234375 0.6642275390625 0.216186540625 0.5071153203125001 0.10667939687500001 0.5225055453125
0 0.1839772 0.28953520625 0.21793326249999997 0.5311451421875 0.3639359109375 0.5106258078125 0.3299798484375 0.269015871875 0.1839772 0.28953520625
0 0.3782143515625 0.5547398234375 0.39393873749999997 0.6666246421875 0.5050344359375 0.651011159375 0.48931005 0.539126340625 0.3782143515625 0.5547398234375
1 0.8682892828125001 0 0.886238690625 0.127716678125 0.9513075546875 0.11857184531250001 0.93464336875 0 0.8682892828125001 0
1 0.6264925156250001 0.7322575203125 0.647735984375 0.8834126578125 0.733435434375 0.8713683859374999 0.712191965625 0.7202132484375 0.6264925156250001 0.7322575203125
1 0.727016021875 0.8370686171875 0.7457500265625 0.9703679828125 0.8250952546875 0.9592167390625 0.8063612515624999 0.8259173734375 0.727016021875 0.8370686171875
1 0.70180574375 0.12814678125 0.7128460859375 0.206702890625 0.7937798703125 0.1953283890625 0.782739528125 0.1167722796875 0.70180574375 0.12814678125
1 0.6973997468750001 0.22343733906250002 0.703421159375 0.26628190625000003 0.7462708828125 0.26025977031249997 0.740249471875 0.21741520312499998 0.6973997468750001 0.22343733906250002
1 0.7136119437499999 0.26970947968750003 0.7206380109375 0.31970254374999996 0.782529765625 0.31100422499999997 0.7755036984375 0.2610111609375 0.7136119437499999 0.26970947968750003
1 0.4392326890625 0.1941841203125 0.4464262 0.2453686015625 0.500375178125 0.2377865671875 0.49318166718749995 0.1866020859375 0.4392326890625 0.1941841203125
1 0.4097012453125 0.0417638859375 0.4168947546875 0.092948365625 0.4898857625 0.0826901484375 0.482692253125 0.03150566875 0.4097012453125 0.0417638859375