0 0.6026479171875 0.8011674234375 0.615307628125 0.620125134375 0.46822927812500004 0.6098404140625 0.45556956875 0.7908827031250001 0.6026479171875 0.8011674234375
1 0.2803448609375 0.930444925 0.2764886359375 0.9855915124999999 0.3548181953125 0.9910688484374999 0.35867442031249996 0.9359222609375 0.2803448609375 0.930444925
1 0.593355253125 0.313745928125 0.59939136875 0.22742546406250003 0.5594264578125 0.22463084531250002 0.5533903437500001 0.310951309375 0.593355253125 0.313745928125
1 0.51173085625 0.30924425625 0.5151685421875001 0.260083053125 0.473603375 0.257176534375 0.4701656890625 0.3063377375 0.51173085625 0.30924425625
1 0.1730342140625 0.466289590625 0.1758844203125 0.425529746875 0.11033614843749999 0.42094616562500003 0.1074859421875 0.461706009375 0.1730342140625 0.466289590625
1 0.1004954296875 0.4925356625 0.1043516546875 0.437389075 0.0084400265625 0.4306822796875 0.0045838015625 0.4858288671875 0.1004954296875 0.4925356625
1 0 0.8048095765625 0.047923392187500004 0.80816070625 0.0514450046875 0.757799309375 0 0.7542019234375 0 0.8048095765625
1 0.091633115625 0.9642227140624999 0.0967471375 0.8910888 0.0263980890625 0.886169515625 0.0212840671875 0.9593034296875 0.091633115625 0.9642227140624999
1 0.1854134734375 0.197271246875 0.1880969171875 0.15889620468750001 0.09058503125 0.152077509375 0.0879015875 0.19045255156250002 0.1854134734375 0.197271246875
1 0.4466023296875 0 0.4401556765625 0.0921914453125 0.5025034296875 0.09655122499999999 0.50921095 0.00062920625 0.50021288125 0 0.4466023296875 0
1 0.6032158328125 0.103593721875 0.6077434640625 0.0388455796875 0.5725793312499999 0.036386664062500004 0.5680517 0.10113480625 0.6032158328125 0.103593721875
1 0.623426090625 0.1592249703125 0.6267798515624999 0.11126396093749999 0.59959623125 0.10936309687500001 0.5962424703125 0.15732410624999998 0.623426090625 0.1592249703125
1 0.6405380390625 0.305008134375 0.646239540625 0.2234728609375 0.6126756671875 0.221125846875 0.606974165625 0.3026611203125 0.6405380390625 0.305008134375
1 0.7895267640625 0.19613585625000002 0.7921262828125 0.1589610078125 0.7505611125 0.1560544875 0.7479615953125001 0.1932293359375 0.7895267640625 0.19613585625000002
1 0.885813159375 0.2896192390625 0.888747290625 0.24765920000000002 0.8455818609374999 0.2446407796875 0.8426477296874999 0.28660081718749997 0.885813159375 0.2896192390625
1 0.8137976218749999 0.30868118437500003 0.8155578828125 0.28350827968750003 0.7851737437499999 0.2813836140625 0.7834134828125 0.30655651875 0.8137976218749999 0.30868118437500003
1 0.7974009468750001 0.3593405015625 0.801006484375 0.30777890937499996 0.7578410578125 0.30476048906250003 0.7542355203125 0.35632208125 0.7974009468750001 0.3593405015625
1 0.7594754359375 0.8097139140625 0.7627452703125 0.7629530984375 0.733961390625 0.7609403343750001 0.73069155625 0.8077011484375 0.7594754359375 0.8097139140625
1 0.718839665625 0.81651305625 0.7214391828125 0.7793382078125 0.6958558218750001 0.7775492453124999 0.693256303125 0.8147240921875 0.718839665625 0.81651305625
1 0.6071042765625 0.8749705640625001 0.6099544828125001 0.8342107203125 0.5779908671875 0.83197560625 0.5751406609374999 0.8727354500000001 0.6071042765625 0.8749705640625001
1 0.584723975 0.8505217109375 0.5869877906250001 0.8181476406250001 0.5614044296875 0.8163586781250001 0.5591406140624999 0.8487327484374999 0.584723975 0.8505217109375
1 0.451731625 0.937605203125 0.45533716249999995 0.8860436109375 0.4201730296875 0.8835846953125 0.41656749218750005 0.9351462875 0.451731625 0.937605203125
1 0.380110715625 0.904881028125 0.3834644765625 0.85692001875 0.3418993078125 0.8540135 0.3385455484375 0.901974509375 0.380110715625 0.904881028125
1 0.5162220625 0.4288410671875 0.5186537296875 0.3940666078125 0.4786888203125 0.3912719890625 0.476257153125 0.42604644843750006 0.5162220625 0.4288410671875
1 0.5016178578125 0.22419883125 0.5074872109374999 0.14026316875 0.4451394578125 0.1359033890625 0.43927010468749994 0.2198390515625 0.5016178578125 0.22419883125
1 0.5659764328125 0.8889560109374999 0.56765276875 0.8649832999999999 0.5388688875 0.862970534375 0.5371925531249999 0.8869432453125 0.5659764328125 0.8889560109374999
1 0.1232002328125 0.3519645453125 0.1264700671875 0.3052037296875 0.0849048984375 0.3022972109375 0.0816350640625 0.349058025 0.1232002328125 0.3519645453125