1 0.40865625000000005 0.5016041671875 0.328125 0.5016041671875 0.328125 0.6266041671875 0.40865625000000005 0.6266041671875 0.40865625000000005 0.5016041671875
1 0.5420703125 0.8605729171875 0.42308593749999995 0.8605729171875 0.42308593749999995 0.9727604171875001 0.5420703125 0.9727604171875001 0.5420703125 0.8605729171875
1 0.8834140625 1 0.8834140625 0.9326979171875 0.7680234375 0.9326979171875 0.7680234375 1 0.8834140625 1
1 0.78125 0.875 0.70553125 0.875 0.70553125 0.982375 0.78125 0.982375 0.78125 0.875
1 0.7776484375 0.8173125000000001 0.7427890625 0.8173125000000001 0.7427890625 0.8621874999999999 0.7776484375 0.8621874999999999 0.7776484375 0.8173125000000001
1 0.73196875 0.7099270828125 0.677875 0.7099270828125 0.677875 0.7980729171875 0.73196875 0.7980729171875 0.73196875 0.7099270828125
1 0.6838984375 0.6874895828125 0.6201953125 0.6874895828125 0.6201953125 0.7339687500000001 0.6838984375 0.7339687500000001 0.6838984375 0.6874895828125
1 0.6213984375 0.6201875 0.5264453125 0.6201875 0.5264453125 0.7131458328125 0.6213984375 0.7131458328125 0.6213984375 0.6201875
1 0.542078125 0.5400520828125 0.487984375 0.5400520828125 0.487984375 0.6073645828124999 0.542078125 0.6073645828124999 0.542078125 0.5400520828125
1 0.2668359375 0.33975 0.2163515625 0.33975 0.2163515625 0.384625 0.2668359375 0.384625 0.2668359375 0.33975
1 0.24158593750000001 0.2596041671875 0.16707031249999998 0.2596041671875 0.16707031249999998 0.3076875 0.24158593750000001 0.3076875 0.24158593750000001 0.2596041671875
1 0 0.6906979171875001 0.0685078125 0.6906979171875001 0.0685078125 0.59134375 0 0.59134375 0 0.6906979171875001
1 0.3101015625 0.6201875 0.24639843749999998 0.6201875 0.24639843749999998 0.6858958328125 0.3101015625 0.6858958328125 0.3101015625 0.6201875
1 0.30289062499999997 0.6778854171875001 0.240390625 0.6778854171875001 0.240390625 0.7323645828124999 0.30289062499999997 0.7323645828124999 0.30289062499999997 0.6778854171875001
1 0.421875 0.8317395828124999 0.3858125 0.8317395828124999 0.3858125 0.9166770828124999 0.421875 0.9166770828124999 0.421875 0.8317395828124999
1 0.46634374999999995 1 0.46634374999999995 0.927875 0.39903125 0.927875 0.39903125 1 0.46634374999999995 1
1 0.496390625 0.5160312499999999 0.447109375 0.5160312499999999 0.447109375 0.57371875 0.496390625 0.57371875 0.496390625 0.5160312499999999
0 0 0.2628229171875 0.15865625 0.2628229171875 0.15865625 0.18109375 0 0.18109375 0 0.2628229171875
0 0 0.5208229171875 0.17909375 0.5208229171875 0.17909375 0.3173020828125 0 0.3173020828125 0 0.5208229171875