0 0.17135997812499998 0.2094480625 0.187944071875 0.36723517656250004 0.340955409375 0.3511530375 0.324371315625 0.1933659234375 0.17135997812499998 0.2094480625
0 0.12623048125 0.11749760312499999 0.1415586 0.263334915625 0.226030803125 0.254456528125 0.210702684375 0.1086192171875 0.12623048125 0.11749760312499999
0 0.5038506125 0 0.5169647546875 0.124772728125 0.654022303125 0.1103674 0.642422221875 0 0.5038506125 0
0 0.7099093265625 0.24348139062500002 0.7246086421875 0.38333603125 0.799508571875 0.37546373125 0.78480925625 0.235609090625 0.7099093265625 0.24348139062500002
1 0.534024659375 0.6704553515625 0.5398031234375 0.725433765625 0.6051515015625 0.7185653734375 0.5993730359375 0.6635869609375 0.534024659375 0.6704553515625
1 0.48713342812500005 0.653623990625 0.49856622812499996 0.7623998234375 0.549576915625 0.757038384375 0.5381441140625001 0.6482625515625 0.48713342812500005 0.653623990625
1 0.43306634062500005 0.706439871875 0.43934784687499995 0.766204421875 0.49035853124999995 0.7608429828125 0.48407702500000005 0.7010784328125 0.43306634062500005 0.706439871875
1 0.48649231718749997 1 0.47700172656250006 0.9097030578125 0.41643948750000004 0.91606840625 0.425261053125 1 0.48649231718749997 1
1 0.7155725421875 0.7420188999999999 0.720346553125 0.7874405796875 0.766571103125 0.782582184375 0.7617970921875 0.7371605046874999 0.7155725421875 0.7420188999999999
1 0.5642383515625 0.8811859406250001 0.5721531171875001 0.9564898953125001 0.6104007703125001 0.9524699046875 0.60248600625 0.87716595 0.5642383515625 0.8811859406250001
1 0.518282196875 0.5053291203125 0.52443794375 0.5638971374999999 0.5865955609375 0.5573641078125 0.580439815625 0.4987960921875 0.518282196875 0.5053291203125
1 0.630889125 0.27353872031250004 0.6419446421874999 0.37872495 0.7327983625 0.3691758390625 0.72174284375 0.263989609375 0.630889125 0.27353872031250004
1 0.3677342828125 0.130787321875 0.3726340546875 0.1774055359375 0.415667846875 0.1728825015625 0.410768075 0.12626428750000002 0.3677342828125 0.130787321875
1 0.3402339265625 0.022506215625 0.3443791328125 0.06194522500000001 0.40015523750000004 0.05608292031249999 0.3960100296875 0.0166439109375 0.3402339265625 0.022506215625
1 0.15451481875 0.049276739062500005 0.1590373078125 0.09230535 0.2004757203125 0.087949996875 0.19595323125 0.0449213859375 0.15451481875 0.049276739062500005
1 0.0862042203125 0.579744975 0.09097823125 0.6251666546875 0.1451589546875 0.61947203125 0.14038494375 0.5740503515625 0.0862042203125 0.579744975
1 0.1900053015625 0.50962003125 0.1996790828125 0.601659925 0.2395221171875 0.5974722531250001 0.22984833437500002 0.5054323593750001 0.1900053015625 0.50962003125
1 0.225449021875 0.509516146875 0.23499704375000002 0.60035950625 0.2875823890625 0.5948325640625 0.27803436718749996 0.5039892046875 0.225449021875 0.509516146875
1 0.121464665625 0.3633425296875 0.12460541875 0.3932248046875 0.16763920937500001 0.388701771875 0.16449845624999998 0.358819496875 0.121464665625 0.3633425296875