0 0.39138215625 0.4919486453125 0.05632075156250001 0.5631681453125 0.11263016875000001 0.8280831203125001 0.44769157187499997 0.7568636203125 0.39138215625 0.4919486453125
0 0.4042255375 0.754643878125 0.259612528125 0.785382321875 0.2826040953125 0.8935491437499999 0.4272171046875 0.8628106984375 0.4042255375 0.754643878125
0 0.36504720156250003 0.281289328125 0.2051506359375 0.31527639218750003 0.22214308593749998 0.3952195796875 0.3820396515625 0.361232515625 0.36504720156250003 0.281289328125
0 0 0.4129600640625 0.10445606874999999 0.390757240625 0.0781335828125 0.266919678125 0 0.283527484375 0 0.4129600640625
1 0.611083178125 0.4387110296875 0.54877211875 0.4519556546875 0.56476399375 0.5271915078125 0.627075053125 0.5139468843749999 0.611083178125 0.4387110296875
1 0.649500575 0.0471674375 0.58248218125 0.0614126375 0.6018093046875 0.152339609375 0.6688277 0.138094409375 0.649500575 0.0471674375
1 0.644394840625 0 0.6562047296875 0.05556115625 0.7361530125 0.0385676234375 0.7279552109375 0 0.644394840625 0
1 0.748113690625 0.0081878203125 0.670519075 0.0246810640625 0.68784505 0.106193365625 0.7654396640625001 0.08970012031249999 0.748113690625 0.0081878203125
1 0.87247675 0.24061879375 0.788997965625 0.2583627578125 0.8006583468749999 0.3132205359375 0.8841371312499999 0.295476571875 0.87247675 0.24061879375
1 0.5387027984375 0.34104212500000003 0.46699235312500004 0.35628465 0.4799868328125 0.41741887499999997 0.5516972796874999 0.40217634999999996 0.5387027984375 0.34104212500000003
1 0.49918772499999997 0.6869521515625 0.46273644375 0.6947001109375 0.46873556250000004 0.72292374375 0.50518684375 0.715175784375 0.49918772499999997 0.6869521515625
1 0.267838653125 0.3789573171875 0.130286646875 0.40819489999999997 0.146945571875 0.48656897656250003 0.284497578125 0.45733139375 0.267838653125 0.3789573171875
1 0.8880953078125 0.030850064062499998 0.818738528125 0.0455923015625 0.839728946875 0.144344453125 0.909085725 0.12960221562500002 0.8880953078125 0.030850064062499998