0 0.70553125 0.31890625 0.53846875 0.31890625 0.53846875 0.45192708281250005 0.70553125 0.45192708281250005 0.70553125 0.31890625
1 0.8882187500000001 0.5144166671875 0.8329375000000001 0.5144166671875 0.8329375000000001 0.5833333328125 0.8882187500000001 0.5833333328125 0.8882187500000001 0.5144166671875
1 0.8954375000000001 0.7371875 0.8257187500000001 0.7371875 0.8257187500000001 0.7932708328125 0.8954375000000001 0.7932708328125 0.8954375000000001 0.7371875
1 0.5011953124999999 0.7580104171875 0.4531171875 0.7580104171875 0.4531171875 0.8333229171875001 0.5011953124999999 0.8333229171875001 0.5011953124999999 0.7580104171875
1 0.7403828125 0.8733958328125 0.6454296875 0.8733958328125 0.6454296875 0.9743541671875 0.7403828125 0.9743541671875 0.7403828125 0.8733958328125
1 0.8040859375 0.8814166671875 0.7355703124999999 0.8814166671875 0.7355703124999999 0.9647500000000001 0.8040859375 0.9647500000000001 0.8040859375 0.8814166671875
1 0.969953125 1 0.969953125 0.9310833328125 0.8786093749999999 0.9310833328125 0.8786093749999999 1 0.969953125 1
1 0.7716328125 0.7708229171875 0.7259609375 0.7708229171875 0.7259609375 0.8381354171875 0.7716328125 0.8381354171875 0.7716328125 0.7708229171875
1 0.472359375 0.7035208328125 0.43870312499999997 0.7035208328125 0.43870312499999997 0.7660208328125 0.472359375 0.7660208328125 0.472359375 0.7035208328125
1 0.38821875 0.7387708328125 0.3389375 0.7387708328125 0.3389375 0.7900625 0.38821875 0.7900625 0.38821875 0.7387708328125
1 0.3185078125 1 0.3185078125 0.9727499999999999 0.24158593750000001 0.9727499999999999 0.24158593750000001 1 0.3185078125 1
1 0.8004843749999999 0.5048125 0.748796875 0.5048125 0.748796875 0.5432708328125 0.8004843749999999 0.5432708328125 0.8004843749999999 0.5048125
1 0.7451875 0.3365416671875 0.7139375 0.3365416671875 0.7139375 0.367 0.7451875 0.367 0.7451875 0.3365416671875
1 0.21153125 0.46635416718749995 0.13340625 0.46635416718749995 0.13340625 0.5224375 0.21153125 0.5224375 0.21153125 0.46635416718749995
1 0 0.5416666671875 0.0997578125 0.5416666671875 0.0997578125 0.4695416671875 0 0.4695416671875 0 0.5416666671875
1 0.2920625 0.4455 0.23678125 0.4455 0.23678125 0.4967916671875 0.2920625 0.4967916671875 0.2920625 0.4455
1 0.082921875 0.383 0.027640625000000002 0.383 0.027640625000000002 0.4310833328125 0.082921875 0.4310833328125 0.082921875 0.383
1 0.24759375 0.3397395828125 0.18028125 0.3397395828125 0.18028125 0.3653854171875 0.24759375 0.3653854171875 0.24759375 0.3397395828125
1 0.2752421875 0.3733958328125 0.19832031249999998 0.3733958328125 0.19832031249999998 0.41185416718749995 0.2752421875 0.41185416718749995 0.2752421875 0.3733958328125
1 0.21754687499999997 0.7820520828124999 0.173078125 0.7820520828124999 0.173078125 0.8189062500000001 0.21754687499999997 0.8189062500000001 0.21754687499999997 0.7820520828124999