0 0.220792853125 0.28340530625000004 0.374736334375 0.321787728125 0.4119570265625 0.1725036875 0.2580135453125 0.13412126562499999 0.220792853125 0.28340530625000004
0 0.15269051250000001 0.159048428125 0.29497528281249996 0.19452400625 0.315523525 0.1121095140625 0.17323875312499998 0.0766339359375 0.15269051250000001 0.159048428125
0 0 0.5751784234375 0.092723515625 0.5982969921875 0.1260633765625 0.46457811250000003 0.00128183125 0.433466578125 0 0.43860772187499997 0 0.5751784234375
0 0.1985443375 0.7452414093749999 0.3349921734375 0.7792616765625 0.353211915625 0.7061862796875 0.21676407968750003 0.6721660125 0.1985443375 0.7452414093749999
1 0.648164890625 0.62117285 0.70180405 0.63454659375 0.7177003359375 0.570790078125 0.664061175 0.557416334375 0.648164890625 0.62117285
1 0.6415110359375 0.5584070578125 0.7476371312500001 0.5848672640625 0.760045709375 0.5350991796875 0.6539196140625 0.508638971875 0.6415110359375 0.5584070578125
1 0.7013376015625 0.5122166953125 0.759646309375 0.5267546890625 0.7720548875000001 0.47698660468750004 0.713746178125 0.4624486109375 0.7013376015625 0.5122166953125
1 1 0.4941947578125 0.9236486328125 0.4751582234375 0.908916596875 0.5342451890625 1 0.55695483125 1 0.4941947578125
1 0.6984173625000001 0.7922556640625 0.7427325875 0.803304690625 0.753976915625 0.758206153125 0.7096616906250001 0.7471571265625 0.6984173625000001 0.7922556640625
1 0.8592321015625 0.653979975 0.93270168125 0.6722979984374999 0.94200559375 0.6349820421875 0.8685360140625 0.61666401875 0.8592321015625 0.653979975
1 0.48761275 0.579489428125 0.544754071875 0.5937363609374999 0.559874190625 0.533092878125 0.50273286875 0.5188459453125 0.48761275 0.579489428125
1 0.23542580625 0.686738559375 0.338049740625 0.71232558125 0.36015031406250003 0.623685021875 0.2575263796875 0.5980980015624999 0.23542580625 0.686738559375
1 0.1423201421875 0.3596225171875 0.187802753125 0.3709626046875 0.19827091562500002 0.3289771 0.152788303125 0.3176370109375 0.1423201421875 0.3596225171875
1 0.03582050625 0.3297518875 0.07429879687499999 0.339345603125 0.08786658281250001 0.2849281828125 0.0493882921875 0.27533446875 0.03582050625 0.3297518875
1 0.0916653109375 0.13557749218749998 0.1336457625 0.14604439375 0.143725840625 0.1056154046875 0.10174539062500002 0.09514850312499999 0.0916653109375 0.13557749218749998
1 0.6233784421874999 0.154190509375 0.6676936671875 0.16523953593750002 0.6808733703125001 0.112378634375 0.6365581453125 0.1013296078125 0.6233784421874999 0.154190509375
1 0.5429773375 0.2332334703125 0.632775175 0.2556225859375 0.6424671703125 0.21675011249999998 0.552669334375 0.194360996875 0.5429773375 0.2332334703125
1 0.534842028125 0.2807497109375 0.623472478125 0.30284776406249997 0.6362640984375 0.251543378125 0.5476336484375001 0.229445325 0.534842028125 0.2807497109375
1 0.4068862453125 0.14811500625000001 0.4360406 0.155384003125 0.4465087625 0.11339849843750001 0.41735440781250005 0.1061295015625 0.4068862453125 0.14811500625000001