0 0.115931471875 0.21807281562499997 0.027468295312500002 0.6342593359375 0.48206239375 0.73088629375 0.57052556875 0.3146997734375 0.115931471875 0.21807281562499997
0 0.6322874406250001 0.4248941109375 0.5928037109375001 0.6106504546875 0.710364825 0.635638840625 0.7498485546875 0.4498824984375 0.6322874406250001 0.4248941109375
1 0.6539056375000001 0.39262903125 0.6416615875 0.45023275468749996 0.6949502546875 0.46155960937499996 0.7071943046875 0.4039558859375 0.6539056375000001 0.39262903125
1 0.1871235859375 0.1066425953125 0.1753798234375 0.1618926515625 0.23808316093749998 0.17522065625 0.2498269234375 0.11997060156249999 0.1871235859375 0.1066425953125
1 0.4100157796875 0.129435696875 0.3967711546875 0.19174675624999998 0.4469419765625 0.20241089375 0.4601866015625 0.140099834375 0.4100157796875 0.129435696875
1 0.4900250171875 0.23860459218750002 0.48202691406250003 0.2762327078125 0.53374646875 0.2872260390625 0.5417445703125 0.2495979234375 0.4900250171875 0.23860459218750002
1 0.48001205156250004 0.1701279640625 0.4727643796875 0.20422557812500003 0.5150896421875 0.21322209062500003 0.5223373140625001 0.1791244765625 0.48001205156250004 0.1701279640625
1 0.5804398875000001 0.2602908609375 0.574192790625 0.2896811390625 0.61024160625 0.2973435515625 0.6164887015625 0.2679532734375 0.5804398875000001 0.2602908609375
1 0.5876318031250001 0.7275196515625 0.574137034375 0.7910075437499999 0.6086167375 0.79833643125 0.6221115046875 0.7348485390625 0.5876318031250001 0.7275196515625
1 0.781285434375 0.579445159375 0.7717897171875 0.6241189953124999 0.814114978125 0.63311550625 0.8236106953125001 0.588441671875 0.781285434375 0.579445159375
1 0.7567803734375 0.5791484765625 0.7460339390625 0.6297064796875 0.7695502375000001 0.6347050234375 0.7802966734375001 0.58414701875 0.7567803734375 0.5791484765625
1 0.36152653749999997 0.9510107265625001 0.355279440625 0.9804010062499999 0.40388115 0.9907316187499999 0.41012824531250003 0.9613413390625001 0.36152653749999997 0.9510107265625001