0 0.3785639625 0.624829134375 0.778531025 0.5470834124999999 0.700557725 0.14594555468749998 0.30059066093750003 0.2236912765625 0.3785639625 0.624829134375
1 0.756368375 0.6787309828125 0.8189010953125001 0.666575853125 0.8094202734374999 0.6178012515625 0.746887553125 0.62995638125 0.756368375 0.6787309828125
1 0 0.33272705625 0.06938678125 0.31923963125 0.0443112984375 0.1902374609375 0 0.1988507046875 0 0.33272705625
1 0.460262665625 0 0.3116930234375 0.028879012500000002 0.32545512187500003 0.09967887343750001 0.481196409375 0.069405834375 0.4677052828125 0 0.460262665625 0
1 0.8313632656250001 0 0.8551553671875001 0.12239974843750001 0.9306639703125 0.1077223625 0.9097248640625001 0 0.8313632656250001 0
1 0.6198464875 0.84567065625 0.6611361812500001 0.8376447515625 0.6553244578124999 0.8077460249999999 0.6140347640625 0.815771928125 0.6198464875 0.84567065625
1 0.8457195125 0.8672709921875 0.891411190625 0.8583894296875 0.887360475 0.8375503046875 0.8416687968750001 0.8464318656250001 0.8457195125 0.8672709921875
1 0.2037754 0.3575509609375 0.2550807578125 0.347578209375 0.23929131250000002 0.2663485609375 0.18798595468749998 0.2763213125 0.2037754 0.3575509609375
1 0.2117650734375 0.5162866312500001 0.2606623765625 0.5067819578125 0.2520401953125 0.4624246796875 0.20314289218749998 0.471929353125 0.2117650734375 0.5162866312500001
1 0.6252707890625 0.14485341406250002 0.6952424015625 0.13125230937500001 0.6837739859374999 0.072252425 0.6138023734375 0.0858535296875 0.6252707890625 0.14485341406250002
1 0.533648446875 0.118518603125 0.611856525 0.10331649218750001 0.6022564484374999 0.053928374999999994 0.5240483703125001 0.0691304859375 0.533648446875 0.118518603125
1 0.3335607171875 0.6714816296875 0.3592824171875 0.6664818375 0.3512803640625 0.6253148484375 0.3255586640625 0.630314640625 0.3335607171875 0.6714816296875
1 0.4331852140625 0.7005374671875 0.462005175 0.6949354343749999 0.4572031484375 0.67023115 0.4283831875 0.6758331828124999 0.4331852140625 0.7005374671875
0 0.45631676250000003 0.7700785078125 0.6528722671875 0.7318719875 0.6384701640625 0.6577795859375 0.4419146578125 0.6959861046875 0.45631676250000003 0.7700785078125