0 0.5889085734374999 0.4680880046875 0.35422689375 0.48861999218749996 0.371545465625 0.6865721812500001 0.6062271453125 0.66604019375 0.5889085734374999 0.4680880046875
1 0.9087717890624999 0.7730999187500001 0.8273484375000001 0.7802235390625001 0.8379632812500001 0.9015517515625 0.9193866328125001 0.89442813125 0.9087717890624999 0.7730999187500001
1 0.6425909359374999 0.4473093765625 0.6198341140625 0.44930034062499996 0.6224887328125 0.4796427703125 0.6452455546875 0.47765180625000003 0.6425909359374999 0.4473093765625
1 0.691271753125 0.410865384375 0.629009584375 0.41631261875 0.631384578125 0.44345892343750004 0.693646746875 0.4380116890625 0.691271753125 0.410865384375
1 0.7761990562500001 0.609354209375 0.7151354343749999 0.6146965843750001 0.7210021046875 0.6817529390625 0.7820657265625 0.6764105640625 0.7761990562500001 0.609354209375
1 0.986556775 0.7244792437500001 0.93746305625 0.7287743875 0.942490853125 0.7862423703125 0.991584571875 0.7819472249999999 0.986556775 0.7244792437500001
1 1 0.77476979375 0.976658328125 0.776811925 0.98350186875 0.8550339640625 1 0.8535905640625 1 0.77476979375
1 0.060530379687500004 0.689669884375 0.018627940625 0.6933358734375 0.023515925 0.7492057937500001 0.0654183640625 0.7455398062499999 0.060530379687500004 0.689669884375
1 0.06345888281249999 0.5301513828125 0.0071894484375 0.5350743203125 0.01096075 0.5781804968750001 0.067230184375 0.573257559375 0.06345888281249999 0.5301513828125
1 0.1596627 0.45738560625 0.11056897968749999 0.46168075000000003 0.1135014078125 0.49519855156250003 0.1625951265625 0.49090340625 0.1596627 0.45738560625
1 0.20164462031250002 0.5373643171875 0.15854363437500002 0.541135165625 0.1620353109375 0.581045215625 0.20513629687499998 0.5772743671875 0.20164462031250002 0.5373643171875