1 0.7615339343749999 0 0.7756059468750001 0.0888471953125 0.9069890734375001 0.068038153125 0.8962128890625 0 0.7615339343749999 0
1 0.7091354765625 0.66279610625 0.6959729828125 0.5796913921875 0.5978420296875 0.5952338078125 0.6110045234375 0.678338521875 0.7091354765625 0.66279610625
1 1 0.610644990625 0.9266290968750001 0.6222658 0.9356534109375 0.679243071875 1 0.6690515734375 1 0.610644990625
1 0.808236078125 0.5509633859374999 0.797517871875 0.48329130156250005 0.6756412468749999 0.5025946625 0.6863594515625 0.570266746875 0.808236078125 0.5509633859374999
1 0.3368654515625 0.463769115625 0.32934437499999997 0.4162829125 0.2945283609375 0.421797228125 0.3020494375 0.46928343124999994 0.3368654515625 0.463769115625
1 0.4301281 0.540277821875 0.4177184484375 0.4619263578125 0.35915675937499997 0.47120161875 0.3715664125 0.5495530828125 0.4301281 0.540277821875
1 0.874213859375 0.946955 0.8625570484375 0.8733567859375 0.7834185203125 0.8858910984374999 0.79507533125 0.9594893125 0.874213859375 0.946955
1 0.6800703984375 0.7866568796875 0.671608271875 0.7332291140625 0.6082933328125 0.743257215625 0.616755459375 0.79668498125 0.6800703984375 0.7866568796875
0 0.285113328125 0.413559265625 0.26010581250000003 0.25566802499999997 0.1904532078125 0.26669991249999997 0.21546072343749997 0.424591153125 0.285113328125 0.413559265625
0 0.3559909734375 0.2258796609375 0.333427746875 0.08342105 0.18305219687500002 0.1072381984375 0.20561542500000002 0.2496968078125 0.3559909734375 0.2258796609375
0 0.563410415625 0.42911394999999997 0.5205424843750001 0.1584564796875 0.3226961640625 0.189792259375 0.3655640953125 0.46044972968750003 0.563410415625 0.42911394999999997
0 0.7686710828125001 0.31141440625 0.738210359375 0.1190929671875 0.5894192265625 0.1426591671875 0.61987995 0.33498060625 0.7686710828125001 0.31141440625
1 0.8530052015624999 0.1471682515625 0.8424752062499999 0.0806844796875 0.791815025 0.0887082640625 0.80234501875 0.1551920359375 0.8530052015624999 0.1471682515625
1 0.8002142453125 0.858892203125 0.7908135125 0.7995383078125 0.7085061500000001 0.8125745125 0.7179068843749999 0.8719284093749999 0.8002142453125 0.858892203125