1 0.1126228265625 0.4740734921875 0.1821717453125 0.46921015781250003 0.1762468046875 0.38447956250000004 0.1066978859375 0.389342896875 0.1126228265625 0.4740734921875
1 0.1953231515625 0.381547971875 0.2648720703125 0.37668463750000003 0.2571581671875 0.26637068125 0.1876092484375 0.2712340140625 0.1953231515625 0.381547971875
1 0.5981921421874999 0.23288520156249998 0.6461531515625001 0.22953144062500003 0.6423528765625 0.1751849828125 0.5943918671875 0.17853874218750002 0.5981921421874999 0.23288520156249998
1 0.6528996453125 0.2226377859375 0.821955578125 0.21081624375 0.8142416750000001 0.10050228593749999 0.6451857421875 0.112323828125 0.6528996453125 0.2226377859375
1 0.2791266328125 0.2359203125 0.3534607421875 0.230722365625 0.34708819687500003 0.1395907328125 0.2727540890625 0.1447886796875 0.2791266328125 0.2359203125
1 0.57782365 0.87207139375 0.625784659375 0.8687176328125 0.6234376453125 0.835153759375 0.5754766359375 0.8385075203125 0.57782365 0.87207139375
1 0.41366156875 0.7470202265625 0.460422384375 0.7437503921874999 0.4582977171875 0.713366253125 0.411536903125 0.7166360890625 0.41366156875 0.7470202265625
1 0.4567840171875 0.72632633125 0.509545803125 0.7226368671875 0.5075330390625 0.6938529875 0.454771253125 0.6975424515624999 0.4567840171875 0.72632633125
1 0.31205988281249997 0.68986420625 0.3887943796875 0.6844984078125 0.38544025625 0.6365322015625 0.3087057578125 0.6418980015625 0.31205988281249997 0.68986420625
1 0.22175874218749997 0.604590990625 0.28170610625000003 0.6003990625 0.2786876859375 0.557233634375 0.218740321875 0.5614255625 0.22175874218749997 0.604590990625
1 0.3365203578125 0.5226881984375 0.408454078125 0.5176581015624999 0.4034228921875 0.44570879531249996 0.33148917187500004 0.450738890625 0.3365203578125 0.5226881984375
1 0.022461528124999998 0.149447053125 0.08720966875 0.144919421875 0.079049615625 0.028225212500000003 0.0143014734375 0.032752843749999996 0.022461528124999998 0.149447053125
0 0.38771387968750004 0.6861820468750001 0.6862660953125 0.6653052421875 0.6729629546875 0.47506146562499996 0.3744107390625 0.4959382703125 0.38771387968750004 0.6861820468750001
0 0.48327416875000007 0.8465525875000001 0.6343427734375 0.835988840625 0.628529734375 0.7528585031249999 0.477461128125 0.7634222484375 0.48327416875000007 0.8465525875000001
0 0.6476041671874999 0.8190015578125 0.7783006453125 0.8098623703125 0.767680221875 0.6579832437500001 0.6369837453125 0.6671224312499999 0.6476041671874999 0.8190015578125
0 0.47745908125 0.45338590781250004 0.6513157921875 0.44122866250000004 0.6405834671874999 0.287749278125 0.4667267578125 0.2999065234375 0.47745908125 0.45338590781250004