0 0.430605796875 0.6495757656250001 0.44590026875 0.47475916093750004 0.31977786875 0.46372488125 0.304483396875 0.6385414843749999 0.430605796875 0.6495757656250001
1 0.5435936781249999 0.8476693015625001 0.548621475 0.79020131875 0.48316318125 0.7844744609375 0.47813538437499997 0.8419424421875 0.5435936781249999 0.8476693015625001
1 0.8565101984375 0.433459328125 0.861224778125 0.37957142187500004 0.778208553125 0.37230844375 0.773493971875 0.42619635 0.8565101984375 0.433459328125
1 0.9829595265625001 0.6797924859375 0.9899782874999999 0.59956768125 0.87981575625 0.589929709375 0.8727969953124999 0.6701545140625 0.9829595265625001 0.6797924859375
1 0.9510320546875001 0.7505917359375001 0.957421659375 0.6775582124999999 0.872807371875 0.670155421875 0.8664177671875001 0.7431889453125 0.9510320546875001 0.7505917359375001
1 0.8811414531249999 0.9242471171875 0.9641576765625001 0.9315100953125001 0.973166040625 0.828544034375 0.890149815625 0.8212810562499999 0.8811414531249999 0.9242471171875
1 0.7689698375 0.845663871875 0.7753594421875001 0.772630346875 0.7051069609375 0.7664840515625 0.69871735625 0.839517575 0.7689698375 0.845663871875
1 0.68839115 0.902568453125 0.6941529609375 0.83671064375 0.6446545375 0.8323800921875 0.6388927265625 0.8982379015624999 0.68839115 0.902568453125
1 0.8286014968750001 0.715765246875 0.8330015 0.6654729796875001 0.7659451453125 0.659606309375 0.7615451421875 0.7098985765625 0.8286014968750001 0.715765246875
1 0.7905897734375 0.39632266875 0.793942546875 0.3580003046875 0.7268861906249999 0.3521336328125 0.72353341875 0.3904559984375 0.7905897734375 0.39632266875
1 0.51514359375 0.2165929640625 0.5206956875000001 0.1531322484375 0.4743933875 0.149081321875 0.46884129375 0.2125420375 0.51514359375 0.2165929640625
1 0.3402149015625 0.689913678125 0.342833659375 0.659981140625 0.3109139203125 0.657188525 0.3082951625 0.6871210624999999 0.3402149015625 0.689913678125
1 0.6557334921875 1 0.6567944140625 0.9878736031249999 0.6168843640625 0.9843819249999999 0.615517959375 1 0.6557334921875 1
1 0.846352178125 0.1635233734375 0.8503327437499999 0.11802529375 0.7609242703125 0.110203065625 0.7569437031249999 0.15570114531249998 0.846352178125 0.1635233734375
1 0.5552452406249999 0.12598545156250002 0.5624737203125 0.0433635546875 0.5002115515625001 0.0379163203125 0.492983071875 0.12053821718749999 0.5552452406249999 0.12598545156250002
1 0.2362437875 0.14996137812500002 0.2383382484375 0.126021575 0.19842819843749998 0.12252989843749999 0.1963337375 0.1464697015625 0.2362437875 0.14996137812500002
1 0.2491823015625 0.20417816875 0.2535823046875 0.15388590156249998 0.2088780671875 0.14997478749999998 0.2044780640625 0.2002670546875 0.2491823015625 0.20417816875
1 0.1986018171875 0.6353088078125 0.2017448703125 0.5993835375 0.1666290078125 0.596311296875 0.163485953125 0.63223656875 0.1986018171875 0.6353088078125
1 0.271330471875 0.061338396875 0.27520617812500003 0.0170388640625 0.23529612812499998 0.013547187499999998 0.2314204203125 0.0578467203125 0.271330471875 0.061338396875
1 0.38610279062499997 0 0.383571984375 0.028927243749999998 0.4362457796875 0.033535603125 0.43917976562499994 0 0.38610279062499997 0
1 0.441458734375 0.1944616890625 0.4487920734375 0.1106412453125 0.41207814843749996 0.1074291921875 0.404744809375 0.19124963749999999 0.441458734375 0.1944616890625
1 0.3939609703125 0.16738300625 0.400037359375 0.0979295578125 0.364921496875 0.0948573171875 0.3588451078125 0.16431076718749998 0.3939609703125 0.16738300625
1 0.44215792968749995 0.7748562046874999 0.4461384953125 0.729358125 0.4142187578125 0.7265655093750001 0.41023819218749996 0.7720635890625 0.44215792968749995 0.7748562046874999