0 0.53804650625 0.53113188125 0.4946344625 0.28492994375 0.27998740624999996 0.32277801093749997 0.32339945000000003 0.5689799484375 0.53804650625 0.53113188125
1 0.2615161046875 0.8825601796875 0.2446098265625 0.7866799125 0.1073112140625 0.8108893625 0.1242174921875 0.9067696296875001 0.2615161046875 0.8825601796875
1 0.4050884234375 0.7461822203125 0.39047755781250004 0.66331988125 0.32734727656249996 0.674451453125 0.34195814375 0.7573137921875001 0.4050884234375 0.7461822203125
1 0.5670910796874999 0.5943535109375 0.5599959234375 0.5541148812500001 0.522121859375 0.5607931015625 0.529217015625 0.6010317296875 0.5670910796874999 0.5943535109375
1 0.609309646875 0.6308502375 0.5984566359375 0.5692997531249999 0.5621623687499999 0.5756994125 0.5730153796875 0.637249896875 0.609309646875 0.6308502375
1 0.75715541875 0.5278862734375 0.7479710578125001 0.475799175 0.6990384234375 0.48442731875 0.708222784375 0.5365144171875 0.75715541875 0.5278862734375
1 0.8045264984375 0.5012240625 0.796595659375 0.4562460453125 0.755562003125 0.4634813859375 0.763492840625 0.508459403125 0.8045264984375 0.5012240625
1 0.554177459375 0.6503291453125 0.5472912234375 0.6112753625 0.4967787921875 0.6201820671875 0.503665028125 0.65923585 0.554177459375 0.6503291453125
1 0.319702359375 0.9540660140625 0.3111447609375 0.9055334578125 0.24485488906250003 0.91722215 0.2534124875 0.9657547078125001 0.319702359375 0.9540660140625
1 0.26969933749999997 0.9750997484375 0.2638549921875 0.9419548125 0.22756072187499998 0.9483544703125 0.23340506875 0.98149940625 0.26969933749999997 0.9750997484375
1 0.243182878125 1 0.23638423749999998 0.9614430031250001 0.18273273125 0.9709032109375 0.18786328125 1 0.243182878125 1
1 0.259461434375 1 0.25613735625 0.9811482140625 0.1914272796875 0.992558346875 0.19273944375000002 1 0.259461434375 1
1 0.4956149765625 0.0967920671875 0.48559764687499996 0.0399809703125 0.4635010234375 0.0438772 0.4735183515625 0.1006882984375 0.4956149765625 0.0967920671875