0 0.5961484375 0.1570520828125 0.44350781250000004 0.1570520828125 0.44350781250000004 0.2596145828125 0.5961484375 0.2596145828125 0.5961484375 0.1570520828125
0 0.6862890625 0.10736458281250001 0.5648984375 0.10736458281250001 0.5648984375 0.1746770828125 0.6862890625 0.1746770828125 0.6862890625 0.10736458281250001
0 0.8293359375 0.3173020828125 0.6514453125 0.3173020828125 0.6514453125 0.4294895828125 0.8293359375 0.4294895828125 0.8293359375 0.3173020828125
0 0.64303125 0.3541666671875 0.546875 0.3541666671875 0.546875 0.4375 0.64303125 0.4375 0.64303125 0.3541666671875
0 0.7476015625 0.7996770828125 0.5168359375 0.7996770828125 0.5168359375 0.9999895828125 0.7476015625 0.9999895828125 0.7476015625 0.7996770828125
1 1 0.5881458328125 0.9471171875 0.5881458328125 0.9471171875 0.6955208328125 1 0.6955208328125 1 0.5881458328125
1 1 0.5208229171875 0.89784375 0.5208229171875 0.89784375 0.6089687500000001 1 0.6089687500000001 1 0.5208229171875
1 0.759625 0.544875 0.6923125 0.544875 0.6923125 0.6137916671875 0.759625 0.6137916671875 0.759625 0.544875
1 0.3473515625 0.45192708281250005 0.2596171875 0.45192708281250005 0.2596171875 0.5368645828124999 0.3473515625 0.5368645828124999 0.3473515625 0.45192708281250005
1 0.1418359375 0.35417708281250004 0.0576953125 0.35417708281250004 0.0576953125 0.4294895828125 0.1418359375 0.4294895828125 0.1418359375 0.35417708281250004
1 0.44711718749999996 0.8012916671875001 0.3786015625 0.8012916671875001 0.3786015625 0.9054583328125 0.44711718749999996 0.9054583328125 0.44711718749999996 0.8012916671875001
1 0.50721875 0.7804479171875001 0.44471875 0.7804479171875001 0.44471875 0.8798020828125 0.50721875 0.8798020828125 0.50721875 0.7804479171875001
1 0.59615625 0.7612291671875 0.5 0.7612291671875 0.5 0.8349375 0.59615625 0.8349375 0.59615625 0.7612291671875
1 0.4759609375 0.9455104171875 0.41225781250000004 0.9455104171875 0.41225781250000004 0.9999895828125 0.4759609375 0.9999895828125 0.4759609375 0.9455104171875
1 0.40745312499999997 0.8862187499999999 0.29085937500000003 0.8862187499999999 0.29085937500000003 0.9919895828125 0.40745312499999997 0.9919895828125 0.40745312499999997 0.8862187499999999
1 0.24278906249999999 0.8910208328125 0.16827343749999998 0.8910208328125 0.16827343749999998 0.9599375 0.24278906249999999 0.9599375 0.24278906249999999 0.8910208328125
1 0.209125 0.7323645828124999 0.15384375 0.7323645828124999 0.15384375 0.7964687500000001 0.209125 0.7964687500000001 0.209125 0.7323645828124999
1 0.4423125 0.61378125 0.3954375 0.61378125 0.3954375 0.6810937499999999 0.4423125 0.6810937499999999 0.4423125 0.61378125
1 0.7283671875 0.1538333328125 0.6826953125 0.1538333328125 0.6826953125 0.20191666718749998 0.7283671875 0.20191666718749998 0.7283671875 0.1538333328125
1 0.7391796875 0.2900625 0.6670703125 0.2900625 0.6670703125 0.3349375 0.7391796875 0.3349375 0.7391796875 0.2900625
1 0.8629843749999999 0.3093020828125 0.813703125 0.3093020828125 0.813703125 0.35578125 0.8629843749999999 0.35578125 0.8629843749999999 0.3093020828125
1 0.9411015624999999 0.4615416671875 0.8773984374999999 0.4615416671875 0.8773984374999999 0.5128333328125 0.9411015624999999 0.5128333328125 0.9411015624999999 0.4615416671875
1 0.308890625 0.0624895828125 0.251203125 0.0624895828125 0.251203125 0.10896874999999999 0.308890625 0.10896874999999999 0.308890625 0.0624895828125
1 0.0516796875 0.3557604171875 0.0192265625 0.3557604171875 0.0192265625 0.39903125 0.0516796875 0.39903125 0.0516796875 0.3557604171875