0 0.508014175 0.3690002296875 0.48033079218749997 0.5944632921874999 0.6823346124999999 0.6192662421875 0.710017996875 0.3938031796875 0.508014175 0.3690002296875
1 1 0.115758090625 0.865667215625 0.0992640984375 0.8542419656250001 0.1923153 0.9958038609375001 0.209696915625 1 0.175522103125 1 0.115758090625
1 0.7036542015625 0.2089544828125 0.6967704875 0.26501783125 0.7413109953125 0.2704867171875 0.748194709375 0.21442336874999998 0.7036542015625 0.2089544828125
1 0.49177045 0.3040206453125 0.4876687859375 0.3374260265625 0.541741871875 0.344065365625 0.5458435374999999 0.31065998437500003 0.49177045 0.3040206453125
1 0.4672330234375 0.26709882500000004 0.46122715000000003 0.316012740625 0.5105442859375 0.3220681234375 0.516550159375 0.2731542078125 0.4672330234375 0.26709882500000004
1 0.9002633890625 0.08050454375 0.904510725 0.045912759375 0.84725321875 0.038882421875 0.8430058828125 0.07347420625 0.9002633890625 0.08050454375
1 0.6188258109375 0.9129892703125 0.6129665609375 0.960709028125 0.675000696875 0.9683258625000001 0.6808599453124999 0.9206061046875 0.6188258109375 0.9129892703125
1 0.4509295 0.8996471578125 0.44594999375000005 0.9402019718749999 0.498430871875 0.9466458140625 0.5034103765625 0.9060909984375 0.4509295 0.8996471578125
1 0.40539985625 0.7838525609375 0.3988074875 0.8375431046875 0.435386946875 0.8420344984374999 0.4419793171875 0.7883439546875 0.40539985625 0.7838525609375
1 0.5065510453125001 0.7490532140624999 0.500691796875 0.7967729718750001 0.532494628125 0.80067786875 0.538353878125 0.7529581109375 0.5065510453125001 0.7490532140624999
1 0.2581500953125 0.3395250671875 0.2531705890625 0.3800798828125 0.2913422609375 0.384766775 0.2963217671875 0.34421195937500004 0.2581500953125 0.3395250671875
1 0.3111196390625 0.31574851718749997 0.3040893015625 0.3730060234375 0.34385318125 0.3778884140625 0.35088351875 0.3206309078125 0.3111196390625 0.31574851718749997