0 0.6521015703125 0.4166024078125 0.44565051718750004 0.42742205 0.45479295468750003 0.601870146875 0.6612440078125 0.5910505046875 0.6521015703125 0.4166024078125
1 0.917538925 0.681928278125 0.8383195171875 0.6860799906249999 0.8435193125 0.785297996875 0.9227387203124999 0.7811462828125 0.917538925 0.681928278125
1 0 0.5130929609375 0.0024466640625000003 0.559778103125 0.080464596875 0.55568935625 0.07786415468749999 0.5060699515625 0 0.5101506390625 0 0.5130929609375
1 0 0.490104465625 0.0005450546875 0.5005047265625 0.07616003437499999 0.49654191406250003 0.07297299375 0.43572953593749997 0 0.4395538890625 0 0.490104465625
1 0.08977070781249999 0.5953295546875 0.00454391875 0.5997961015625 0.0098276703125 0.700616075 0.095054459375 0.6961495281250001 0.08977070781249999 0.5953295546875
1 0.8246682249999999 0.5632302499999999 0.7658583078125 0.566312346875 0.768122928125 0.609523878125 0.8269328453125 0.60644178125 0.8246682249999999 0.5632302499999999
1 0.7045766312499999 0.40743726562499993 0.668563553125 0.40932463124999996 0.6709121296875 0.45413813125 0.70692520625 0.452250765625 0.7045766312499999 0.40743726562499993
1 0.7326535296875 0.36906107499999996 0.681036865625 0.37176618906250003 0.6839720406249999 0.42777266249999996 0.7355887046875 0.425067546875 0.7326535296875 0.36906107499999996
1 0.632089625 0.2186597296875 0.5912862453125001 0.22079814375 0.5929631765625001 0.2527958984375 0.63376655625 0.250657484375 0.632089625 0.2186597296875
1 0.99061803125 0.6524173359375001 0.946210225 0.65474465 0.9483069343749999 0.694752246875 0.9927147406250001 0.6924249312499999 0.99061803125 0.6524173359375001
1 1 0.6727875703125 0.930503296875 0.6764297390625 0.9371292468749999 0.8028603999999999 1 0.7995654828125 1 0.6727875703125
1 0.8023414296875 0.6654972296875 0.750724765625 0.6682023453125 0.753157296875 0.7146178140624999 0.8047739609375 0.7119127 0.8023414296875 0.6654972296875
1 0.0696894125 0.2352933625 0.039683715625 0.23686589374999997 0.0416125125 0.2736695515625 0.07161820937499999 0.2720970203125 0.0696894125 0.2352933625
1 0.13423600156249998 0.2495702359375 0.06941870312500001 0.2529671671875 0.07210310156250001 0.304188540625 0.1369204 0.300791609375 0.13423600156249998 0.2495702359375
1 0.046638859375 0.1626814734375 0.0094243046875 0.1646318046875 0.0112691484375 0.1998334953125 0.048483701562499995 0.1978831640625 0.046638859375 0.1626814734375