0 0.2560050203125 0.3056362265625 0.4264537 0.335690928125 0.4445420515625 0.2331067875 0.274093371875 0.2030520875 0.2560050203125 0.3056362265625
0 0.2124572140625 0.594134246875 0.5048220156250001 0.64568605 0.5479554984375 0.40106390625 0.255590696875 0.34951210312500003 0.2124572140625 0.594134246875
0 0.10441123906250001 0.653196634375 0.3103745484375 0.689513521875 0.3663109671875 0.37228232499999997 0.1603476578125 0.3359654359375 0.10441123906250001 0.653196634375
0 0 0.919549815625 0.0379564640625 0.9262425640625 0.06578358437500001 0.7684271218750001 0 0.7568277015625 0 0.919549815625
1 0.058477418749999996 0.8306030109375 0.041503309375000005 0.9268679687500001 0.200118909375 0.954836178125 0.21709301875000003 0.8585712203125 0.058477418749999996 0.8306030109375
1 0.7047394890625001 1 0.7136637734375 0.94938786875 0.6414650546875 0.9366572874999999 0.6302960265625 1 0.7047394890625001 1
1 0.601783765625 0.898732203125 0.6751673312500001 0.9116717062499999 0.6963162328125 0.791730328125 0.6229326671875001 0.778790825 0.601783765625 0.898732203125
1 0 0.61363139375 0.0074092546875 0.6149378453125001 0.0157588375 0.5675850062500001 0 0.5648062984375 0 0.61363139375
1 0.083626353125 0.39729338125 0.143991990625 0.40793747187499996 0.15512356249999998 0.344807190625 0.09475792499999999 0.3341631 0.083626353125 0.39729338125
1 0.4036664140625 0.19498168437500002 0.45929266406249997 0.20479009375 0.47515614843750004 0.11482380156250001 0.41952989843750005 0.1050153921875 0.4036664140625 0.19498168437500002
1 0 0.4622799421875 0.0581505796875 0.47253345781249995 0.06677872343749999 0.42360082187500003 0.0075979328124999995 0.4131656515625 0 0.4562556703125 0 0.4622799421875
1 0.5222597453125 0.3460896203125 0.6134006249999999 0.362160215625 0.6253678781249999 0.2942905484375 0.5342269984375 0.2782199515625 0.5222597453125 0.3460896203125