0 0.7329558796875 0.5254534140625 0.7242754703125 0.6910854843750001 0.8234934765625 0.6962852796875 0.832173884375 0.5306532093749999 0.7329558796875 0.5254534140625
0 0.5157238828125 0.53693604375 0.5012562625 0.8129946953125 0.6804894578125 0.822387909375 0.6949570781250001 0.5463292578125001 0.5157238828125 0.53693604375
0 0.43096984687499995 0.4699085015625 0.41826365781249997 0.712357028125 0.6311173828125 0.72351221875 0.643823571875 0.4810636921875 0.43096984687499995 0.4699085015625
1 0.38170245625 0.21577864375 0.3783055265625 0.2805959421875 0.46633055937499995 0.2852091390625 0.46972749062499997 0.220391840625 0.38170245625 0.21577864375
1 0.259207865625 0.53191821875 0.2513452046875 0.681946703125 0.3233713609375 0.6857214328125 0.33123402031250004 0.53569295 0.259207865625 0.53191821875
1 0.07679198125 0.6752083078125 0.0679856390625 0.8432433312500001 0.2024261390625 0.8502890593749999 0.2112324828125 0.6822540359375 0.07679198125 0.6752083078125
0 0.13934000468750002 0.4004646671875 0.129841846875 0.5817003234375 0.21626491093750003 0.586229565625 0.22576307031249998 0.4049939078125 0.13934000468750002 0.4004646671875
1 0.26152020625 0.24318259687500002 0.257809259375 0.3139916734375 0.321825575 0.3173466265625 0.3255365203125 0.24653755 0.26152020625 0.24318259687500002
1 0.632739821875 0.41669227031249995 0.630160640625 0.46590598125 0.6701682359375 0.468002690625 0.6727474171875001 0.4187889796875 0.632739821875 0.41669227031249995
1 0.44061928124999994 0.377740325 0.43898378125 0.4089474984375 0.4853992515625 0.4113800296875 0.48703475 0.3801728578125 0.44061928124999994 0.377740325
1 0.5568867453124999 0.3332799875 0.5532379484375001 0.402903190625 0.6012553859375 0.405419678125 0.6049041828124999 0.335796475 0.5568867453124999 0.3332799875
1 0.6209320875000001 0.3667323953125 0.6194854890625 0.3943351390625 0.65468718125 0.3961799828125 0.6561337796875 0.3685772375 0.6209320875000001 0.3667323953125
1 0.2883313828125 0.92580254375 0.28518631875 0.9858139359375 0.3908121953125 0.9913495546875 0.393957259375 0.9313381609375 0.2883313828125 0.92580254375
1 0.7212219921874999 0.7800006578125 0.7174480796875 0.8520112093750001 0.7750565203125 0.855030340625 0.7788304328125 0.7830197890624999 0.7212219921874999 0.7800006578125
1 0.849370525 0.6314413390625 0.8460365609375 0.6950571609375 0.8844421890625 0.6970699140625001 0.887776153125 0.6334540921875 0.849370525 0.6314413390625
1 0.0507319015625 0.03955923125 0.023519246875 0.0381330765625 0.0211919328125 0.082540884375 0.0484045875 0.0839670390625 0.0507319015625 0.03955923125