0 0.5286385265625 0.660088009375 0.3981475234375 0.6323512890625 0.3718250375 0.75618885 0.502316040625 0.7839255703125 0.5286385265625 0.660088009375
0 0.6344491796875 0.7923632265625 0.5039581765625 0.7646265078125001 0.4872992515625 0.8430005843749999 0.6177902546875 0.8707373031250001 0.6344491796875 0.7923632265625
0 0.9570062046875 0.402170796875 0.7747803625 0.3634374984375 0.729135084375 0.5781816515625 0.911360925 0.61691495 0.9570062046875 0.402170796875
0 0.7545953640625 0.34277894531249997 0.6017598015625001 0.31029274375 0.572439921875 0.44823193281249996 0.725275484375 0.480718134375 0.7545953640625 0.34277894531249997
0 0.4115343828125 0.10109833906250001 0.2481226 0.0663640921875 0.22713218125 0.16511624375 0.390543965625 0.199850490625 0.4115343828125 0.10109833906250001
1 0.38246339375 0.19157289375 0.2625486125 0.16608421874999998 0.24755298125 0.23663311562499997 0.36746776406250004 0.2621217890625 0.38246339375 0.19157289375
1 0.14456270468750002 0.4899964109375 0.07636747656250001 0.47550106875000003 0.060709128125 0.549167809375 0.12890435625000002 0.563663153125 0.14456270468750002 0.4899964109375
1 0.055756251562500005 0.30071926875 0.032250142187500004 0.295722890625 0.010592675 0.3976132671875 0.034098784375 0.4026096453125 0.055756251562500005 0.30071926875
1 0.26195084375 0.41171292968750006 0.22316117812499997 0.4034679328125 0.21416466562499997 0.44579319375 0.25295433125 0.4540381921875 0.26195084375 0.41171292968750006
1 0.3913284890625 0.4736211484375 0.3231332609375 0.45912580468749997 0.3094717296875 0.523398253125 0.3776669578125 0.5378935968749999 0.3913284890625 0.4736211484375
1 0.824869065625 0.6018105484375 0.7555122875 0.5870683109375 0.7448481499999999 0.6372391296875 0.8142049281249999 0.65198136875 0.824869065625 0.6018105484375
1 0.680461115625 0.5875050890625 0.61815005625 0.5742604640625 0.60781944375 0.6228621734375 0.670130503125 0.6361067984375001 0.680461115625 0.5875050890625
1 0.70141390625 0.7721782203124999 0.64616385 0.7604344578125 0.630839025 0.8325320875 0.68608908125 0.8442758484375 0.70141390625 0.7721782203124999
1 1 0.0951186328125 0.9366690578125001 0.08165722656249999 0.9203436578125 0.158462190625 1 0.17539366875 1 0.0951186328125
1 0.183340234375 0.7931201953125 0.1551267890625 0.7871232421875 0.1447961765625 0.8357249515625 0.173009621875 0.841721903125 0.183340234375 0.7931201953125