0 0.8131323406250001 0.6187226609375001 0.820869884375 0.47108152499999995 0.6960411921875 0.46453953124999997 0.6883036484375 0.6121806656250001 0.8131323406250001 0.6187226609375001
0 0.8649539781250001 0.7321605703125 0.87143300625 0.6085333546875 0.7850099421875 0.6040041140625 0.7785309140625001 0.7276313296875 0.8649539781250001 0.7321605703125
0 0.5406685734375001 0.9486573609375 0.552054096875 0.7314086265624999 0.4256234359375 0.7247826749999999 0.41423791249999997 0.9420314109374999 0.5406685734375001 0.9486573609375
0 0.4850517734375 0.7543787875 0.4936070671875 0.591134065625 0.3735842796875 0.5848439375 0.3650289875 0.748088659375 0.4850517734375 0.7543787875
0 0.345379028125 0.3883954390625 0.3522988234375 0.2563578890625 0.28027266875 0.252583159375 0.27335287343750003 0.3846207078125 0.345379028125 0.3883954390625
1 0.40448663281249997 0.362609803125 0.4087013125 0.28218891875 0.344685 0.27883396562499996 0.34047031875 0.35925485 0.40448663281249997 0.362609803125
1 0.5660645796875 0.09665478281249999 0.5700273921875 0.0210398015625 0.47401332500000004 0.01600791875 0.47005051093750005 0.0916228984375 0.5660645796875 0.09665478281249999
1 0.1665997265625 0.95192051875 0.17125435625000002 0.8631049046875001 0.043221728125 0.856395 0.0385670984375 0.9452106140625001 0.1665997265625 0.95192051875
1 0.810587540625 0.789487565625 0.8129778218749999 0.7438782828125 0.7745721953125 0.7418655296875001 0.7721819140624999 0.7874748125 0.810587540625 0.789487565625
1 0.936996884375 0.33754645 0.9400789812499999 0.2787365328125 0.89526548125 0.27638795625 0.8921833828124999 0.335197875 0.936996884375 0.33754645
1 0.6294003265625 0.8786818859375 0.6336150078125 0.798261 0.58559756875 0.7957445125 0.5813828890625 0.8761653984375 0.6294003265625 0.8786818859375
1 0.6435345234375001 0.73139163125 0.645987771875 0.6845808718749999 0.6027762390625 0.6823162515625001 0.6003229906249999 0.7291270109375 0.6435345234375001 0.73139163125
1 0.7006749812499999 0.22286489999999998 0.7040089453125 0.159249078125 0.6720111921874999 0.157572146875 0.668677228125 0.22118796875000002 0.7006749812499999 0.22286489999999998
1 0.5147720515625 0.21793342187500003 0.5169734328125 0.1759285671875 0.4769658375 0.1738318578125 0.47476445624999997 0.21583671249999997 0.5147720515625 0.21793342187500003
1 0 0.638693971875 0.044869509375 0.6410454828125001 0.047574623437500005 0.58942881875 0 0.5869355390625 0 0.638693971875
1 0 0.969663178125 0.0227865578125 0.970857371875 0.026623437500000003 0.89764534375 0 0.89625006875 0 0.969663178125
1 0.6442938093749999 0.6556009375 0.6470618906250001 0.6027827968749999 0.60705429375 0.6006860875 0.6042862125 0.653504228125 0.6442938093749999 0.6556009375