0 1 0.6682708328125 0.8870234375000001 0.6682708328125 0.8870234375000001 0.8445625 1 0.8445625 1 0.6682708328125
0 0.46154687499999997 0.3573854171875 0.331734375 0.3573854171875 0.331734375 0.47436458281249994 0.46154687499999997 0.47436458281249994 0.46154687499999997 0.3573854171875
0 0.4639375 0.0993645828125 0.34975 0.0993645828125 0.34975 0.21155208281250001 0.4639375 0.21155208281250001 0.4639375 0.0993645828125
0 0.5757265625 0.10096875000000001 0.4603359375 0.10096875000000001 0.4603359375 0.16828125 0.5757265625 0.16828125 0.5757265625 0.10096875000000001
0 0.6935078125 0.22915625 0.4398984375 0.22915625 0.4398984375 0.3830104171875 0.6935078125 0.3830104171875 0.6935078125 0.22915625
1 0.2656328125 0.5368541671875 0.1346171875 0.5368541671875 0.1346171875 0.6233958328125 0.2656328125 0.6233958328125 0.2656328125 0.5368541671875
1 0.13582812500000002 0.6217916671875 0.003609375 0.6217916671875 0.003609375 0.7115416671875 0.13582812500000002 0.7115416671875 0.13582812500000002 0.6217916671875
1 0.6562578125 0.6442187500000001 0.6057734375 0.6442187500000001 0.6057734375 0.7147395828125 0.6562578125 0.7147395828125 0.6562578125 0.6442187500000001
1 0.7283671875 0.6474375 0.6646640625 0.6474375 0.6646640625 0.7243541671875 0.7283671875 0.7243541671875 0.7283671875 0.6474375
1 0.79928125 0.66025 0.72596875 0.66025 0.72596875 0.7612083328125 0.79928125 0.7612083328125 0.79928125 0.66025
1 0.8906328125 0.41987500000000005 0.8113046875000001 0.41987500000000005 0.8113046875000001 0.5064166671875 0.8906328125 0.5064166671875 0.8906328125 0.41987500000000005
1 0.7415859375 0.43910416718749995 0.6911015625 0.43910416718749995 0.6911015625 0.49839583281250005 0.7415859375 0.49839583281250005 0.7415859375 0.43910416718749995
1 0.5565 0.080125 0.5048125 0.080125 0.5048125 0.12179166718750001 0.5565 0.12179166718750001 0.5565 0.080125
1 0.6923125 0.1955 0.603375 0.1955 0.603375 0.24679166718749998 0.6923125 0.24679166718749998 0.6923125 0.1955
1 0.992796875 0.4326875 0.9591406250000001 0.4326875 0.9591406250000001 0.4647291671875 0.992796875 0.4647291671875 0.992796875 0.4326875
1 0.9266875000000001 0.8060833328125 0.74759375 0.8060833328125 0.74759375 0.9134583328125 0.9266875000000001 0.9134583328125 0.9266875000000001 0.8060833328125