0 0.43151607968750005 0.8488193875000001 0.5725672562499999 0.8339943125 0.5591658359375 0.7064883171874999 0.41811465937500003 0.72131339375 0.43151607968750005 0.8488193875000001
0 0.32865026249999996 0.8934621843749999 0.4493758984375 0.8807734093749999 0.44217214374999997 0.8122342765624999 0.32144650937499997 0.8249230515624999 0.32865026249999996 0.8934621843749999
0 0.0574456515625 0.6818704140625 0.4375705671875 0.641917675 0.4174684359375 0.4506586828125 0.0373435203125 0.490611421875 0.0574456515625 0.6818704140625
1 0.5478778515625 0.38054937187500004 0.6913220953125 0.3654727734375 0.6836174765624999 0.2921682234375 0.5401732328125 0.3072448203125 0.5478778515625 0.38054937187500004
1 0.5681340046875001 0.4122829515625 0.6625669656250001 0.402357646875 0.6573732078125001 0.35294234062499996 0.562940246875 0.36286764531250004 0.5681340046875001 0.4122829515625
1 0.8551644375 0.5561306140625 0.9890364078125 0.5420601031250001 0.9768087546875 0.425721759375 0.8429367843750001 0.4397922703125 0.8551644375 0.5561306140625
1 0.2615190859375 0.1512362296875 0.31889056718750003 0.14520624375 0.3071637796875 0.03363331875 0.2497922984375 0.0396633046875 0.2615190859375 0.1512362296875
1 0 0.29956204375 0.0864038515625 0.2904806328125 0.077693146875 0.20760380937499998 0 0.2157696890625 0 0.29956204375
1 0.1369611328125 0.7025156296875 0.2218373609375 0.693594778125 0.219324321875 0.6696848156249999 0.13444809375 0.6786056671875 0.1369611328125 0.7025156296875
1 0.288749490625 0.6978425765625 0.3258109703125 0.6939472578125 0.3222940234375 0.660485740625 0.28523254374999996 0.6643810593749999 0.288749490625 0.6978425765625
1 0.248112609375 0.8745269328124999 0.307877159375 0.8682454249999999 0.3023502171875 0.8156600796875001 0.24258566718750002 0.8219415874999999 0.248112609375 0.8745269328124999
1 0.7222964234375 0.913319571875 0.791633246875 0.9060319781249999 0.786106303125 0.8534466328124999 0.7167694796874999 0.8607342265625 0.7222964234375 0.913319571875
1 0.7811771328125 0.6799384578125001 0.8516949515625001 0.6725267359375 0.84650119375 0.6231114296875 0.775983375 0.6305231515624999 0.7811771328125 0.6799384578125001