4 0.447338846875 0.41233404218749997 0.45271276250000003 0.372053309375 0.4513092 0.31739191093749997 0.442670340625 0.2776082734375 0.42651471875 0.2382092 0.4113836078125 0.2163426796875 0.3814028515625 0.187102828125 0.340287684375 0.16568642656250002 0.31866056249999997 0.1439324328125 0.257599534375 0.1521120453125 0.226421678125 0.1668958578125 0.1894083234375 0.23341424375000003 0.17708433750000002 0.32087051718750004 0.1819216671875 0.37623548906250004 0.19176515624999999 0.4076046390625 0.2224026640625 0.47066194531249994 0.2494149953125 0.5055489625 0.2748474125 0.52952620625 0.2986999140625 0.5425936765625 0.3349852765625 0.544254278125 0.38091895781249996 0.5320127265625 0.41014537500000003 0.504799465625 0.447338846875 0.41233404218749997
4 0.5182139718750001 0 0.5128654140625 0.01771615625 0.508516009375 0.07552943749999999 0.5141902093749999 0.138764828125 0.540467021875 0.2062216625 0.5608895171875 0.2363901453125 0.59161331875 0.2686693484375 0.6223333578125 0.28314396406250003 0.671794628125 0.276437053125 0.7058470859375 0.2511750078125 0.7332158875 0.21636336093750003 0.7480542421874999 0.1703229296875 0.7556535359375001 0.121355675 0.75174313125 0.060887603125 0.74319809375 0.02593503125 0.73088498125 0 0.5182139718750001 0
4 0.6961764546875 0.5985332156250001 0.7243896515625 0.6072011609375 0.7713440796875 0.594687575 0.7858184375 0.5827366375 0.8024243500000001 0.5572681125 0.81485345 0.5280566578125 0.8307087890625 0.463939609375 0.8345065546875 0.43055369062500004 0.832829053125 0.3970082640625 0.820662603125 0.3516899875 0.7922542359375 0.2977507421875 0.7576313203125 0.258417225 0.7257967109375 0.2393835765625 0.6908173265625 0.2697487203125 0.6637224625 0.2834443953125 0.6408944734375 0.287909475 0.5949570296875 0.282346440625 0.5752025765625 0.3394091734375 0.5695509578125 0.38300129374999997 0.5800474359375001 0.43038331875 0.5997306484375 0.4753170296875 0.6113341671875 0.4916489125 0.6185732296875 0.49457573750000006 0.6290546499999999 0.47073942031250005 0.6288670062499999 0.46107728750000004 0.6411159890625 0.45781287343750005 0.669892115625 0.49546721250000003 0.6895790921875 0.5582055109375 0.6961764546875 0.5985332156250001
4 0.6102685218749999 0.718549490625 0.60478949375 0.7005854015625 0.619432678125 0.6092736703125 0.6225699265625 0.5242657046875 0.6209900109375 0.5133559328125 0.594161559375 0.470326459375 0.56251083125 0.44315035625 0.54385589375 0.43355378125 0.5112820015625 0.4292853640625 0.4829787484375 0.433590940625 0.4657198453125 0.443046590625 0.42610206406250006 0.481122653125 0.39335558125 0.5384104453125 0.38816930625 0.5883533078125 0.40247484062499994 0.65576316875 0.44137215625000004 0.7214752640625 0.46578382500000004 0.7457245421875001 0.4889871 0.7605837234374999 0.52610933125 0.7701147453125 0.54244130625 0.76576219375 0.5598840875 0.7481640890625 0.5890242125 0.75172893125 0.623354371875 0.7231554984375 0.6102685218749999 0.718549490625
4 0.029420990624999997 0.23720309374999998 0.005009323437499999 0.21295381406249997 0.0024654343749999997 0.211878953125 0.006480907812500001 0.5569678046875 0.010476765624999999 0.5733124359375 0.0246664578125 0.573539 0.064381825 0.5580985890625 0.0919382703125 0.5329490734375 0.1142933859375 0.4865240796875 0.120316528125 0.44445163593750003 0.1187290859375 0.397932690625 0.1108332734375 0.361188409375 0.09588604375000001 0.3311794296875 0.029420990624999997 0.23720309374999998
4 0.17962531718750002 0.9272020265625001 0.193251515625 0.8539669140624999 0.16910625937499998 0.7729924921875 0.14237162812499998 0.7347940859375 0.05986359375 0.6952726671875 0.041211479687500004 0.6990295296875 0.112732546875 0.9915788734375001 0.141681271875 0.9810189265625 0.16385627187500001 0.960540971875 0.17962531718750002 0.9272020265625001
4 0.1951352109375 0.545913828125 0.1802742765625 0.4851267484375 0.1415802546875 0.461334846875 0.1205079359375 0.47191835156249995 0.10065965937500002 0.52415001875 0.060392653124999994 0.5640177921875 0.0135320453125 0.5813624421875 0.034517471875 0.64051731875 0.060602878125 0.6805074359375001 0.08287922656249999 0.7004697171875 0.11777608125000001 0.7186872609375 0.15415526562499998 0.7251789296875 0.180417025 0.721417421875 0.21177875937500001 0.69849115625 0.2271762796875 0.6636325359375 0.2238288078125 0.63215085625 0.2289287859375 0.6129861 0.1951352109375 0.545913828125
4 1 0.5517053703125 0.9547973359374999 0.5312281734375001 0.9415238421875 0.5169600375 0.906908453125 0.5132356890625001 0.8749875484375 0.524980146875 0.863669259375 0.54094604375 0.8520770296875 0.5780279187499999 0.8443952031249999 0.6755778640625001 0.8680751156250001 0.7502015421875 0.89880268125 0.8002853296874999 0.92729734375 0.8234464703125 0.9613573296875 0.8337935953125 0.9808453703125 0.8334560062499999 1 0.8242386890625 1 0.5517053703125
4 1 0.38702484843749996 0.962583365625 0.233976071875 0.9327422343749999 0.240885725 0.9244974812500001 0.3094492765625 0.90882225625 0.34761928750000004 0.8821026796875 0.3806392234375 0.8956651656249999 0.44500972812499995 0.9365101578124999 0.5053466906249999 0.9681608875000001 0.5325227921875 1 0.5443230234375 1 0.38702484843749996
4 0.8194953421875001 0.09786676250000001 0.7608435734375 0.089217396875 0.751765715625 0.16771511562500002 0.7270951609375 0.23580015312499997 0.7499269140625 0.24913965781249997 0.7893758703125 0.2904243921875 0.8169473703125 0.3364932171875 0.8321760640625 0.380995390625 0.8636353859374999 0.38070477812500003 0.89741014375 0.35875411874999996 0.9220844593749999 0.3084736671875 0.9277360781249999 0.264881546875 0.9219642921875 0.1790105046875 0.906547953125 0.12484619999999999 0.8828755703125 0.085831690625 0.8707166468749999 0.076122584375 0.8194953421875001 0.09786676250000001
4 0.7313998890625 0 0.7438473203125 0.0241433203125 0.7544376171875 0.0763564078125 0.7744848281250001 0.08720062656250001 0.8248767875 0.0931952015625 0.8523431734375 0.08101920625 0.8989185515625 0.031376771875 0.90663400625 0.005121153125 0.9053820109374999 0 0.7313998890625 0
4 0.3849806328125 0 0.218686921875 0.044318089062499996 0.23150660312500002 0.0765127578125 0.25369289375 0.109448559375 0.278476084375 0.1352175140625 0.3233927796875 0.14105258437499998 0.3446483828125 0.1612869 0.38511432343749996 0.1844950140625 0.4125844734375 0.190123603125 0.446546875 0.1778350765625 0.477904846875 0.137104228125 0.4966347890625 0.0625089421875 0.4922628015625 0.0134947125 0.48979035781249997 0 0.3849806328125 0
4 0.2094891875 0.0467693296875 0.001190159375 0.10228204062499999 0.00225848125 0.1940933984375 0.0128976078125 0.21408892812500002 0.059863328125000004 0.2549890984375 0.0925310421875 0.26408858125 0.12158110625 0.28062694375 0.1611125953125 0.2733289890625 0.18263837031250002 0.25464274531250003 0.19218910312499998 0.2181049421875 0.21259654687500001 0.17705508125 0.23133777812499998 0.155873553125 0.2094891875 0.0467693296875
4 0.33213701875 0.6793646109375 0.312277453125 0.6781825203125 0.2670792921875 0.65785425625 0.2393352046875 0.6733416421875 0.19507902500000002 0.7191286171875 0.178383053125 0.7575706609374999 0.1780152953125 0.7738555703125 0.1879563671875 0.8278603703125 0.203740465625 0.8657397671875 0.23465191093749999 0.9076810999999999 0.29006131874999996 0.9430936078125001 0.31567385312499996 0.9411238109375001 0.35557310000000003 0.9175409468750001 0.3846081109375 0.86286096875 0.39081513437500004 0.8126460718749999 0.37149591718749997 0.733622865625 0.3527433953125 0.7013906390625 0.33213701875 0.6793646109375
4 0.3697845453125 0.539836171875 0.3261700640625 0.5482222640625001 0.28320104375 0.5370120625 0.2305724140625 0.48629025625000005 0.1894459578125 0.41146009375 0.183047528125 0.43420827500000003 0.1842672109375 0.497012128125 0.20367648593749998 0.5630618171874999 0.23793164218750001 0.6186802421875 0.26967619374999996 0.6506874093749999 0.2876819046875 0.6620756984375 0.3248041359375 0.6716067203125 0.34828135 0.665349928125 0.3772300671875 0.6414480546875 0.390496034375 0.620107021875 0.38733243906250003 0.5804828890625 0.39205713124999997 0.54199386875 0.38908494375 0.5298364515625 0.3697845453125 0.539836171875
4 0.6942739421875 0.8175633734375 0.7010514203125 0.8319440406249999 0.7355805140625 0.8664464953125 0.7656513281249999 0.8827128234374999 0.796183725 0.8875253109375001 0.8371975421875 0.8685014765625001 0.85835179375 0.8482955578125001 0.874770065625 0.8131649015625 0.8786616515624999 0.7846100453125 0.839385284375 0.6817691015625 0.8154502515625 0.7172843203125 0.7848315625 0.7432499406249999 0.7446508484375001 0.75233960625 0.7030741015624999 0.7423770453125 0.6942739421875 0.8175633734375