4 0.850441378125 0.32356580625000003 0.8720944265625 0.2786359828125 0.894561375 0.254263825 0.8844897984375001 0.19035283125 0.8681448171874999 0.15846660625 0.7970257109375 0.12405995781250001 0.704373415625 0.1172020640625 0.6460156875 0.1262088796875 0.61311756875 0.13881325312499998 0.547241425 0.175609375 0.511031003125 0.206593540625 0.486305375 0.23514102656250002 0.4730645421875 0.2612518296875 0.472162353125 0.2996899234375 0.48616874218749995 0.34733885 0.5155947359375 0.376289028125 0.6141208828125 0.40905904531250004 0.6567877109375 0.41189842031249996 0.7144829796875001 0.4065675625 0.75629595625 0.39464296718749997 0.7975263828125 0.37480695 0.8202646250000001 0.35728734375000004 0.850441378125 0.32356580625000003
4 1 0.450200946875 0.9712578828125 0.4499551734375 0.9046077984374999 0.46039994531249995 0.83398295 0.4929004703125 0.802601140625 0.5165928562500001 0.7692319515625 0.5513131171875 0.7546661968749999 0.5847758390625 0.762910209375 0.63653995 0.790388775 0.670724315625 0.8277958703125 0.697177675 0.8767676703125 0.709606975 0.9286606093750001 0.714184990625 0.99242950625 0.7057978140625 1 0.70342945 1 0.450200946875
4 0.5686172671875 0.8175715875 0.603965453125 0.8192318249999999 0.639353596875 0.815098371875 0.68692895 0.7990585890624999 0.743227771875 0.76525865 0.7839555546875 0.7259238390625 0.8033099703125 0.6909630265625 0.770420240625 0.656159021875 0.7553202703124999 0.6285082562500001 0.750068925 0.6047138624999999 0.7548659703125 0.55580739375 0.69413808125 0.538962221875 0.647967559375 0.5360627078125 0.5981734796875 0.550484125 0.5511806796875 0.5744353265625 0.5342048109374999 0.5878397484375 0.5312836671875 0.59569103125 0.556703325 0.6050822734375 0.566903153125 0.6042038203125 0.570638190625 0.6169102015625 0.5315465796875001 0.6499519609375 0.4657503453125 0.6751607046875 0.4233148640625 0.684967571875 0.41482273437500006 0.715373971875 0.4291403765625 0.7640817609375 0.4421015265625 0.77852678125 0.46938870312500003 0.7942712171874999 0.5005307828125 0.8053409671875 0.5686172671875 0.8175715875
4 0.584278571875 0.532862509375 0.59397575625 0.5124852578125 0.597719178125 0.4777832609375 0.5925077859375001 0.44819518125 0.5821165703125 0.4306337 0.5409744375 0.3914739625 0.4797039515625 0.36092368124999996 0.42683729687499994 0.35896275625 0.35598110156249996 0.378817040625 0.2874950703125 0.4245233078125 0.2624581890625 0.452011928125 0.24730988437499998 0.477563228125 0.238115340625 0.517439275 0.2430953890625 0.534381115625 0.26209021093749996 0.5515635046875 0.2590092515625 0.5825895437499999 0.28999150937499996 0.616834046875 0.294548828125 0.6026897124999999 0.313392215625 0.59563848125 0.4101707078125 0.6046742421875 0.5000217250000001 0.6020023484375 0.51150651875 0.599565665625 0.5563205499999999 0.5682024109375 0.584278571875 0.532862509375
4 0.444912603125 0 0.45119050312500003 0.014878835937500001 0.47839776875 0.0422106484375 0.52795211875 0.0625513671875 0.57252641875 0.06595024375 0.6216180828125 0.0609984765625 0.6602386171875 0.0500726078125 0.6915804718749999 0.0321739109375 0.73249975625 0 0.444912603125 0
4 0.028503412500000002 0.148269134375 0.0640829421875 0.162575615625 0.1417467484375 0.171810053125 0.22669762499999999 0.1406089421875 0.266411740625 0.10968491250000001 0.30621415 0.019765128125 0.30180875937499996 0.000331034375 0.0020910046875 0.094095184375 0.0025958140625 0.11681165 0.006356103125 0.12629178593749998 0.028503412500000002 0.148269134375
4 0.34856304531250004 0 0.32182514375000004 0.0195063140625 0.30126567187500003 0.044437975000000005 0.28284501562500003 0.0825753828125 0.2768429109375 0.121452703125 0.2814317984375 0.14892305625 0.30638038437500004 0.1804301890625 0.343556134375 0.1942373046875 0.37672555 0.188485490625 0.39708525 0.19252227187499998 0.46712755 0.152110328125 0.5309763546874999 0.132135771875 0.5551950046874999 0.08959568125 0.5435231593750001 0.068086240625 0.48789518281250005 0.050801840625000004 0.444845578125 0.011082601562499999 0.4403872515625 0 0.34856304531250004 0
4 0.5152228156249999 0.9383369968749999 0.5183437328125 0.9015172703125 0.505191190625 0.868632315625 0.4880638890625 0.8578031203125001 0.44862945625000006 0.8481713265625 0.34542612500000003 0.846926709375 0.267171384375 0.877189228125 0.2149987625 0.913167034375 0.1912068921875 0.944891115625 0.18107858906250002 0.9815905687500001 0.1813873359375 0.9893889921874999 0.49411782656250003 0.96854029375 0.5004656734374999 0.9533597859375 0.5152228156249999 0.9383369968749999
4 0.8065803515625 0.9096251171875 0.733976503125 0.9057451437499999 0.6932970578125001 0.8918778875 0.6577974359375001 0.865984028125 0.5901336828125 0.884839584375 0.52737006875 0.9322243562500001 0.49941204843750003 0.9675642578125 0.4991952859375 0.9682017953125 0.7880835703125 0.9489425765625 0.814578015625 0.940654015625 0.8065803515625 0.9096251171875
4 0.70289115 0.7940649515625 0.6562495578124999 0.8132813265625 0.65729479375 0.84648523125 0.6812696703125 0.8806094625 0.7349502171875 0.9031280484374999 0.7811207375 0.9060275624999999 0.8716741703125 0.8938860203125 0.9285155890624999 0.8737911890625 0.9691634640625001 0.8460437578125 0.9791319484375001 0.8325190609374999 0.9549656859375 0.779954896875 0.9627238312499999 0.7174034578125 0.8796089015625 0.7133430734374999 0.8071249171874999 0.6920820296875 0.79357283125 0.717133965625 0.75089761875 0.761702965625 0.70289115 0.7940649515625
4 1 0.7032776671875001 0.9761560515625 0.7097325890625 0.9651738999999999 0.7316680703125 0.9600256437500001 0.7853093609374999 0.973529390625 0.8134594890625 1 0.8360587796875001 1 0.7032776671875001
4 1 0.150450140625 0.997418359375 0.14166755 0.9637182546874999 0.15747321875 0.9294552609375 0.183223196875 0.9028221593750001 0.21121117968749997 0.897713859375 0.2590587828125 0.876843134375 0.282931584375 0.853282609375 0.3273019046875 0.847982921875 0.3567095765625 0.8617579687499999 0.3917122609375 0.9055099859375 0.4219618515625 0.9847300593750001 0.436490615625 1 0.4341058390625 1 0.150450140625
4 0.7683729859375 0 0.76235675625 0.02390700625 0.745572275 0.055751359375 0.75420745 0.0969869609375 0.7744472859375 0.1184048078125 0.8132592125 0.125918871875 0.8570911421874999 0.1445810890625 0.8799009109375 0.16288248125 0.9946137296875 0.1321263546875 0.9557752234375 0 0.7683729859375 0
4 0.2259952109375 0.1500785921875 0.16919374375000001 0.1643797328125 0.1295595375 0.1837163828125 0.085990521875 0.2193150984375 0.049891578125 0.2803265765625 0.0525729921875 0.3072374296875 0.078415384375 0.3477148484375 0.1368446390625 0.3745290296875 0.1900225453125 0.37754882031250003 0.27302599375000003 0.351581896875 0.3066265265625 0.3295078765625 0.3294047265625 0.30619458125 0.3301870546875 0.285137553125 0.35059509218749996 0.23597226875000002 0.3335876515625 0.20776200312499998 0.284193121875 0.1642465296875 0.2432024234375 0.14932041093749998 0.2259952109375 0.1500785921875
4 0.5185178484375 0.137189546875 0.4492179171875 0.16233815468749999 0.39128292187499997 0.2024311453125 0.3582249859375 0.238210275 0.34662032656249997 0.2580280234375 0.3374257828125 0.2979040703125 0.344584603125 0.3222579671875 0.370506903125 0.3511480078125 0.39335662656250003 0.3636557125 0.43512965000000003 0.357524803125 0.4758890046875 0.359804678125 0.488658765625 0.3558097671875 0.47764504375000005 0.336130559375 0.46776485624999997 0.2906595015625 0.478595571875 0.24449040156250001 0.5309280140625 0.1853378359375 0.608991371875 0.136635384375 0.5848167265625 0.1314796 0.5185178484375 0.137189546875
4 0.1633455484375 0.8738268828125 0.20083255156250002 0.8886928671875 0.2310808265625 0.8907923296875 0.338769946875 0.8420716125000001 0.30070039375 0.8192942109375 0.272559365625 0.7887858046875 0.26201671718749997 0.746990703125 0.27156246875 0.7023798343750001 0.19195123593750002 0.6983795828125 0.1769227921875 0.7065498156250001 0.14129491875 0.7454454015625 0.12482169218750001 0.7783486203125001 0.12045576250000001 0.8109328890624999 0.14150949375 0.8529083984374999 0.1633455484375 0.8738268828125