4 0.611153415625 0.13924796718750002 0.549957046875 0.1476063265625 0.5354946468749999 0.174893159375 0.5021660625 0.20709066874999998 0.48184921875000003 0.244012534375 0.47367555 0.269662478125 0.46964509374999996 0.3128896921875 0.472965965625 0.3544738046875 0.48760766718750004 0.40879283749999995 0.504568590625 0.44709695624999996 0.56744114375 0.52833639375 0.6035491421875 0.5473269765625 0.651366028125 0.5470474953125 0.6858237484374999 0.53564515 0.7049708203125 0.5163316124999999 0.7224472984375 0.4858268921875 0.7382531828125 0.4441309859375 0.749307853125 0.373660409375 0.7496090578125 0.340055803125 0.7380682937499999 0.2841185125 0.7006112234375 0.20113039375000002 0.6455039609375001 0.1454477390625 0.611153415625 0.13924796718750002
4 0.299305940625 0.03386156875 0.28568112343749996 0.022740253125000002 0.16321676406250002 0.023456031250000002 0.15763305 0.0282890734375 0.126061915625 0.07327739375 0.1120338 0.10856236718750001 0.10659332031249999 0.145397284375 0.1085910265625 0.18218872656250001 0.1225175546875 0.242912478125 0.14416315468750002 0.28918989375000004 0.1719237671875 0.3306311625 0.208466046875 0.3576198875 0.2486507203125 0.37338636875 0.298245375 0.366695959375 0.32359432187500003 0.3441459015625 0.34373745 0.30402478125 0.354577775 0.2687584390625 0.3601457453125 0.19511966249999999 0.3471081 0.13119044375 0.3260039546875 0.075309046875 0.299305940625 0.03386156875
4 0.369844234375 0.5694946921875 0.3762401375 0.5502556843749999 0.3820483578125 0.5006175328125 0.3782932015625 0.45103528125 0.36009596718750003 0.4095381140625 0.32437603125000003 0.358542553125 0.281764959375 0.3763930953125 0.2584746671875 0.3781293578125 0.2283745125 0.37190474375 0.1858040734375 0.3513517984375 0.1607157 0.3787007390625 0.13888165937500002 0.42683241875 0.12730584843749998 0.4877052296875 0.12884895000000002 0.5357002734375 0.1370485265625 0.5692551953125 0.1504742328125 0.6011794375 0.18450325781250002 0.6601855609375 0.20501972031250001 0.6856678140625 0.228463403125 0.706332553125 0.2458992484375 0.7142313203125 0.2947787328125 0.7139456328125 0.3194125046875 0.697800296875 0.31396643750000003 0.6562286046875 0.3145688484375 0.5890193906250001 0.3312636140625 0.54411801875 0.344014784375 0.544043490625 0.34666111875 0.5536288375 0.3637292203125 0.574330840625 0.369844234375 0.5694946921875
4 0.5451469140625 0.5092650703125 0.4958534640625 0.48235087656250003 0.4764661390625 0.47766378437499996 0.44794972031249997 0.48103072812500003 0.4178292453125 0.494007859375 0.40267199531250003 0.5084976703125 0.3801431015625 0.5438323296875 0.36689669375 0.593513953125 0.3685672875 0.6047051375 0.3964609796875 0.687749153125 0.43727955625000003 0.773917896875 0.43725923906249997 0.793119640625 0.4260049515625 0.8011860984375 0.46742593593750004 0.8201456281249999 0.49444547187500004 0.80878675625 0.5163922765625 0.8214595640625 0.5333938375 0.8213601953125 0.5663546765625 0.80196591875 0.584352296875 0.781058965625 0.6007661734374999 0.7505604546875 0.6189984546875 0.67524751875 0.613051565625 0.6048763140625 0.59344430625 0.55698685 0.5451469140625 0.5092650703125
4 0.8557910921874999 0.1618201484375 0.819280303125 0.27244289843749997 0.8136661125 0.30607855625 0.81681326875 0.3444634140625 0.828895490625 0.390796728125 0.8470058703125 0.430694265625 0.882117809375 0.4704924328125 0.9160137546874999 0.48789580781249997 0.9587782265625 0.49244626562500005 0.9734229687499999 0.48809364375 0.9525252515625 0.10322317656249999 0.9247471656249999 0.10061196406249999 0.9037557875 0.105535059375 0.872204971875 0.1313216359375 0.8557910921874999 0.1618201484375
4 0.8926071515625 0.6832491515625 0.8780375765624999 0.7281381015624999 0.8784774484375 0.8145428499999999 0.9130276171875 0.8831467390625001 0.9379681812499999 0.91180340625 0.9589888703125 0.9227504062499999 0.9723898156249999 0.6212291546875 0.9605006296875 0.6220471796875 0.8926071515625 0.6832491515625
4 0.7736109609375 0.5863363890625 0.7841297609375 0.6038764015625 0.7901172875 0.635844115625 0.8151447078125 0.666100409375 0.8520547328125 0.6802859 0.8784459578125 0.676931378125 0.911580509375 0.6607363578125 0.939856675 0.6333687859375 0.955468528125 0.6076753671875 0.9688886484375001 0.561193 0.971789965625 0.4971706203125 0.9215873109375 0.4926636390625 0.8711444078125 0.464156028125 0.8367476390625 0.4179531390625 0.8133579109375001 0.41317915781250003 0.7830559890625 0.4470693953125 0.7865302578125 0.511054509375 0.7736109609375 0.5863363890625
4 0.134894803125 1 0.1626453453125 0.9819405578125 0.1833096140625 0.951417203125 0.19824693124999998 0.8937250171875 0.1992170859375 0.8137125718749999 0.1632772140625 0.7195146359375 0.14126386875000002 0.6860404531250001 0.1256926515625 0.6733303796875 0.09151581875 0.6703298640625001 0.05927015 0.68331941875 0.050662195312500005 0.70097121875 0.0039541296875 0.74124760625 0 0.7532056734375 0 0.9109188140625 0.01737069375 0.949186809375 0.038862896875000004 0.9730632265624999 0.0806857234375 1 0.134894803125 1
4 0 0.73166990625 0.0034329890625 0.731649840625 0.038171596875000005 0.7058446328125 0.060700492187499996 0.6705099734375 0.0823811359375 0.5999772906249999 0.0766079609375 0.5328053421875001 0.0412151328125 0.5074100359375 0.0149514 0.47396069687500003 0 0.439017203125 0 0.73166990625
4 0 0.4336050703125 0.016989739062500002 0.472348646875 0.0554631875 0.5153274375 0.0944115484375 0.5279008765625 0.12479259375 0.5197226296874999 0.12643728125 0.47170895 0.1395099734375 0.41882806875 0.1654206921875 0.367472290625 0.18350516562500002 0.3481649625 0.13982590625 0.2876151078125 0.1081161078125 0.21259407656249998 0.054163889062500005 0.23691144843749998 0 0.2294465046875 0 0.4336050703125
4 0 0.21831787343750003 0.017601290625 0.2291244703125 0.0476145921875 0.23374945625 0.094389196875 0.21427444218749997 0.1105221890625 0.19817879375 0.10544386718750001 0.143803865625 0.11443988125 0.094147084375 0.1493928359375 0.0331376421875 0.15142193125 0.02352496875 0 0.0244099984375 0 0.21831787343750003
4 0.34112010625 0.0224162234375 0.340486675 0.02882046875 0.3446095703125 0.065599490625 0.35474031093749997 0.1151444796875 0.3946034640625 0.183717315625 0.43671930156250005 0.21547386875000002 0.47302133125 0.2184619625 0.497828815625 0.205515884375 0.5300079453125 0.17172495625 0.5445571984375001 0.1460377515625 0.586105675 0.1281934171875 0.6024327 0.09609527968750001 0.6141619046875 0.057623471875 0.6164814468750001 0.02970143125 0.447115165625 0.02179670625 0.34112010625 0.0224162234375
4 0.713342075 0.2202576109375 0.73953926875 0.232905578125 0.7797442593749999 0.22947031875 0.8028811499999999 0.2053330546875 0.8316784593750001 0.18756325000000001 0.8649405015625 0.1345643671875 0.87491225625 0.083301746875 0.8714161359375 0.0415998359375 0.6274162484375 0.030211784375000002 0.6375446390625 0.135893446875 0.661790353125 0.151753090625 0.6934539265625 0.18677100625 0.713342075 0.2202576109375
4 0.68024105 0.7068922828125 0.6716127796875 0.7437458312499999 0.6761293265625 0.826926478125 0.6967991828125 0.8748097343750001 0.7407593328125001 0.920956728125 0.7860832796875 0.9334929015625001 0.8113250484375 0.9285449625 0.8543241828125 0.8786894421874999 0.8718209781249999 0.8289829734374999 0.8759382875 0.7873553875 0.8697105125 0.7313870437500001 0.8645915546875 0.71541560625 0.8372652265625 0.6819724765624999 0.7812487625 0.648697034375 0.7499991515625 0.640879003125 0.7124201796875 0.6731013546875 0.69364085 0.6796116578125 0.68024105 0.7068922828125
4 0.6610162640625 0.54859123125 0.6165608828125 0.5520513328125001 0.5950483625 0.547376659375 0.595743215625 0.560173684375 0.6115546859375 0.5968843875000001 0.6201016890625 0.63683781875 0.6391212687500001 0.65432814375 0.67399295625 0.6701256843750001 0.698432696875 0.6699828375 0.7313935375 0.6505885625000001 0.7454013328125 0.6345053359375 0.7666070625 0.5943780046875 0.783322146875 0.5302748875 0.782688246875 0.459872628125 0.7654870671875 0.39756788125 0.7526693578125 0.376841034375 0.7349582140625001 0.4617517359375 0.699116375 0.52596664375 0.6610162640625 0.54859123125
4 0.3290270515625 1 0.33565470468749997 0.9969307093750001 0.35985419375 0.9727872375000001 0.3830114046875 0.9294482281249999 0.38533063125 0.9134333171875 0.35485714062499996 0.8416053296875001 0.3177327671875 0.8626240765625001 0.2763783234375 0.8644659171875 0.23929458593750003 0.8470811734374999 0.2058532390625 0.8184741921875001 0.1981194421875 0.9305288828125 0.2102219796875 0.9576604484375 0.236312 0.987910534375 0.258614721875 1 0.3290270515625 1