4 0.6391948859375 0.0145766234375 0.5742007453125 0.0278004671875 0.5594400312500001 0.05780989843749999 0.52469756875 0.0943750015625 0.5039282546875 0.1350339234375 0.4958281234375 0.1628581328125 0.492557834375 0.209057540625 0.49707996249999997 0.2529896625 0.513963553125 0.309644 0.532938671875 0.349123615625 0.6018395 0.43094574375 0.64075463125 0.44855194843749996 0.691686965625 0.444859171875 0.7281245734375 0.430301165625 0.748064584375 0.40842775312499996 0.765959996875 0.37478643125 0.78181080625 0.3293771953125 0.7919189984375 0.2537427859375 0.791444340625 0.21802874375 0.77782584375 0.1594353703125 0.7359585328125 0.073950909375 0.6759350171875 0.0187220640625 0.6391948859375 0.0145766234375
4 0.1131526265625 0 0.106760278125 0.017431565625 0.101836578125 0.056941624999999996 0.10483568750000001 0.09587725 0.1211090296875 0.159385059375 0.14526345000000002 0.2070006953125 0.17581765625 0.24904540000000003 0.2153847671875 0.275115875 0.25856642500000004 0.28900812343750004 0.31124083593749996 0.2783798140625 0.3377110359375 0.252628325 0.3582195578125 0.20858369531249998 0.3689328046875 0.1703561828125 0.37312105624999997 0.0917463765625 0.35771875 0.024770798437499998 0.347526546875 0 0.1131526265625 0
4 0.3923154203125 0.48869466875 0.398673475 0.46780600000000006 0.40368583593749996 0.41467105000000004 0.3985117296875 0.3622746625 0.37814399062500004 0.3194914 0.3388846 0.26786400625 0.2939139375 0.28984991875 0.26914408125 0.2933481296875 0.2369312671875 0.28887444218749997 0.1910947609375 0.2700677546875 0.16501575 0.300897803125 0.142895546875 0.353570821875 0.132004978125 0.41904811249999996 0.13478502812499998 0.46991577187500005 0.1443143234375 0.5049733203125 0.1593723703125 0.537927709375 0.1970200828125 0.598183496875 0.21947935312500003 0.6237920375 0.24494292343750002 0.6440758359375 0.26370417968750004 0.6512271140625 0.31576834374999996 0.6474522796875 0.3416282953125 0.6285542640624999 0.3348425109375 0.584786265625 0.3338932 0.5133581781250001 0.35061504375 0.46448117499999997 0.364197 0.463496434375 0.367243034375 0.4734894328125 0.38591563125 0.4942656 0.3923154203125 0.48869466875
4 0.5776381546875 0.4122727359375 0.5244890875 0.3871870046875 0.5037249640625 0.3835855546875 0.47342635624999996 0.3891869265625 0.4416464609375 0.4051095421875 0.4258425828125 0.421576146875 0.40267921093750003 0.4607063375 0.389744040625 0.5144157171875 0.3917886421875 0.526183628125 0.4234694859375 0.6124066453125 0.468993078125 0.701030628125 0.4694260015625 0.7214269265625 0.45762785624999996 0.7307938734375 0.5022021343749999 0.74798976875 0.5307169328125 0.73400619375 0.5543966953125 0.745907784375 0.5725059703125 0.7445947984375 0.60715976875 0.721654584375 0.62583755625 0.698170384375 0.6426011359375 0.6646111218749999 0.660240946875 0.58332371875 0.6522398625 0.509002296875 0.630218709375 0.4595296859375 0.5776381546875 0.4122727359375
4 0.9109183453125 0 0.9003398234375 0.021177303124999998 0.8640639562500001 0.14126665 0.8588794656250001 0.1773909984375 0.863140796875 0.2179374171875 0.87710875 0.26629160937499996 0.8973460937500001 0.30738201875 0.9356927140625 0.3471594375 0.9722137906249999 0.3632369125 0.9904306640625 0.3639534265625 0.9985185187500001 0 0.9109183453125 0
4 0.9374453624999999 0.6211038703125 0.9399594265625 0.7128461984375 0.97838951875 0.7832591 0.9810505484375 0.7860586765625001 0.986557384375 0.5382510109374999 0.9519035499999999 0.5723909921875 0.9374453624999999 0.6211038703125
4 0.923852834375 0.341208640625 0.886116459375 0.2945777453125 0.8610865515624999 0.2911682578125 0.8296084421875 0.3293163140625 0.8348242828125001 0.3970304453125 0.82284361875 0.47790753593749996 0.8344644421874999 0.4957903703125 0.84159968125 0.5293191890625 0.8689774578125 0.55967804375 0.9086332296874999 0.5721236281250001 0.93666818125 0.56668638125 0.9715827718750001 0.5471318734375 0.9867145687500001 0.5311777671875 0.9903367328125 0.36818039062499996 0.9782641265625 0.367905165625 0.923852834375 0.341208640625
4 0 0.8615057109375 0.0015318421875 0.8677032109375 0.025816653125 0.9170116984375 0.049277359375 0.9408453281250001 0.09450361874999999 0.9665054906250001 0.130111921875 0.9707329921875001 0.15009366875000002 0.964177321875 0.1813519765625 0.94148329375 0.2026428765625 0.907595784375 0.21718972499999997 0.8452580171875 0.21632907499999998 0.76020504375 0.17581265 0.662706484375 0.1515695703125 0.6287157375 0.1346807875 0.6163217750000001 0.098201446875 0.615562040625 0.06415789375 0.63164878125 0.055405781249999994 0.6510087203125 0.0066015171875 0.697104890625 0 0.718915925 0 0.8615057109375
4 0 0.6873696796875 0.005819140625 0.686947771875 0.0422150140625 0.657072021875 0.065378384375 0.61794183125 0.086804871875 0.541486803125 0.07906458125 0.4705510890625 0.0407596953125 0.44609140625 0.0119892984375 0.41242890781249997 0 0.3866304484375 0 0.6873696796875
4 0 0.38090691875 0.0141225625 0.4105719296875 0.056125465625 0.45348887187500003 0.0979145 0.464077478125 0.1300855796875 0.45323342499999997 0.1307010203125 0.40211957812500004 0.1433753984375 0.34502449375 0.169762128125 0.288637521875 0.188570309375 0.2668461703125 0.1406057328125 0.2056360875 0.10504955 0.1282055875 0.048150348437500004 0.15786559375 0 0.1544695328125 0 0.38090691875
4 0 0 0 0.147339484375 0.0090161578125 0.1521914234375 0.0410985796875 0.15497225625 0.090466159375 0.13096524062499998 0.107271475 0.11272372343749999 0.10057435156250001 0.055330831250000004 0.108982203125 0.0019496984375000001 0.110019340625 0 0 0
4 0.3638129375 0 0.365469425 0.007185771874999999 0.4095586625 0.07718836875 0.45517610937499997 0.1079270921875 0.4939191125 0.10852270312500001 0.5200398546875 0.09301039531250001 0.553520090625 0.054834501562500006 0.5684111984375 0.0265179234375 0.6122500296875 0.00461406875 0.614427109375 0 0.3638129375 0
4 0.666140646875 0 0.6672298359375 0.009139378125 0.6934340484375 0.0242625515625 0.727993990625 0.059207600000000006 0.749973409375 0.09336247187499999 0.7781804906249999 0.10493581562500001 0.8209292265625001 0.09843176875000001 0.8450053671875001 0.07115155 0.875262246875 0.050232437500000005 0.9045338046875001 0 0.666140646875 0
4 0.726231328125 0.6125853328125 0.717912140625 0.6523415765625 0.72469273125 0.740369946875 0.7478457140625 0.7897605000000001 0.7957685578125 0.8356528421875 0.8443485718750001 0.845749075 0.8711212953125 0.8387010359374999 0.9157476953125 0.7826939328125 0.9332101843749999 0.7286563078125 0.9366108656250001 0.684149753125 0.92865151875 0.6251460734375 0.9228202375000001 0.6085457843750001 0.8929180125 0.5749653453125 0.8324563812499999 0.5436005703125 0.7989813406249999 0.5375160921875 0.7597115640625 0.5744094390625001 0.7398602109375 0.5826579625 0.726231328125 0.6125853328125
4 0.70200383125 0.4458134734375 0.654727775 0.45264576874999995 0.6316999937500001 0.449208440625 0.6327431625 0.46275126875000006 0.650456053125 0.50062009375 0.6605069328125001 0.5424490546875 0.68118239375 0.5596753921875 0.7187049046875 0.5739779546875 0.744736984375 0.5720905328125 0.7793907812499999 0.5491503234375 0.7939324359375 0.5310729265624999 0.8155727921875 0.48694623750000005 0.8318617171874999 0.4176729328125 0.8295197812499999 0.3429412 0.8097205531249999 0.2779867234375 0.7955752781250001 0.2568823078125 0.7787178421875 0.3483268296875 0.7420559828125 0.4190772421875 0.70200383125 0.4458134734375
4 0.231460203125 0.91231565625 0.25996980937499997 0.9425924515625 0.288307284375 0.95585865 0.3364961140625 0.9608763296875 0.36601234374999997 0.9451178359375 0.3912203171875 0.91775555625 0.41486353906250006 0.870079034375 0.41695506875 0.85290431875 0.38279150624999997 0.778777459375 0.3437407859375 0.8037387734375001 0.299729825 0.8086320312499999 0.259813259375 0.7928007421875 0.223511240625 0.7647912328124999 0.2179251734375 0.8843577687499999 0.231460203125 0.91231565625