5 0 0.97270021875 0.107026921875 0.9928535734375 0.1211857875 0.9925883734375001 0.17668068125 0.9844730203125 0.2194016140625 0.970043859375 0.25236828437500003 0.951823728125 0.28080540468750004 0.9298193390625 0.303376915625 0.9018248828125 0.3062008546875 0.8486154484374999 0.25607151250000004 0.7707781359375 0.1834901796875 0.729751796875 0.1348926546875 0.7098525625 0.0950066453125 0.6994106203125 0.020578865625 0.687349965625 0 0.6886283453125001 0 0.97270021875
5 0 0.6642998234374999 0.0019935624999999997 0.665285184375 0.042868050000000005 0.6798217078125 0.138835578125 0.6978925593749999 0.20942897343750003 0.7023914046875 0.2376380328125 0.6910923062500001 0.3120548296875 0.674814634375 0.3551776125 0.6487357890625 0.3610212515625 0.5980491984375 0.2887222484375 0.5365566609375 0.271179690625 0.5088255562499999 0.26240292187500003 0.4807908375 0.23215165624999998 0.4653233484375 0.1864000390625 0.4488913390625 0.12613655 0.43558939687500003 0.0643089421875 0.4307869390625 0.003763121875 0.43795119375 0 0.4390648875 0 0.6642998234374999
5 0.041476417187499996 0.3844716984375 0.106041396875 0.41226319531250005 0.18366266874999998 0.425902303125 0.2375934453125 0.42628643593750004 0.2872227328125 0.41218101718750005 0.329411309375 0.3722466875 0.3274343546875 0.364057525 0.2827145 0.3136208625 0.269462446875 0.27204097968749996 0.2737419671875 0.22985387343750002 0.3036236859375 0.1905334796875 0.2254157890625 0.1611501078125 0.1599275859375 0.14784145625 0.10129346718750001 0.1446174484375 0.051718450000000006 0.1489619640625 0.0443582390625 0.1510936265625 0.0063399015625 0.35768682812499997 0.041476417187499996 0.3844716984375
5 0.8306782140625 0.033775289062500005 0.80102455625 0.0623903921875 0.7880877875000001 0.0853593 0.7863608609375 0.12314150312500001 0.8279524781250001 0.1905771375 0.8611691765625 0.21832837187499998 0.9573757484375 0.254032259375 0.9980549140624999 0.26258658437500004 0.9995793656249999 0.0567856578125 0.8415671140625 0.027031678125000003 0.8306782140625 0.033775289062500005
5 0.48793552656249994 0 0.4943738578125 0.0153957734375 0.5282857203125 0.0393694609375 0.5494778874999999 0.04726843125 0.662281825 0.06850960625 0.708381025 0.083052840625 0.7843076703125 0.068036584375 0.841212075 0.0269648234375 0.6980119874999999 0 0.48793552656249994 0
5 0.9925552484375 1 0.9925941593750001 0.9997885640625 0.9933910578124999 0.8922071578124999 0.9900736796875 0.890426875 0.8806370234375 0.8698197625 0.81938505625 0.8524232375 0.7843219109375 0.8536376859375 0.7323680875 0.8614427156250001 0.7004441640625 0.8739965218749999 0.660514871875 0.9016538171875 0.6384647359375 0.9268151109374999 0.62639691875 0.9450620828125 0.6182830109374999 0.97968738125 0.6197957484375001 1 0.9925552484375 1
5 0.742154653125 0.7987961203125 0.7019643484375 0.75214371875 0.672918634375 0.7017271859374999 0.6356394875 0.6771194359375 0.5689890171875 0.6606605859375 0.4386535078125 0.6400266359375 0.379965121875 0.6465635359374999 0.3524512234375 0.654085084375 0.306308740625 0.6776410859374999 0.27566660781249996 0.7021616046875 0.2598839296875 0.7216632859375001 0.25432261718750004 0.75188368125 0.26176332812499997 0.7777125921875 0.29115662656249996 0.8262403468749999 0.3248404265625 0.860919325 0.38029203906250003 0.8909032109374999 0.4095548296875 0.9022761171875 0.5240424078125 0.923834325 0.606301765625 0.9217358828125001 0.6561048421875 0.906686075 0.7195398546875 0.8648898109375001 0.7418180546875 0.8290232234375001 0.742154653125 0.7987961203125
5 0.616852971875 1 0.6123631359374999 0.9834582187500001 0.582807028125 0.9642131812500001 0.5652102046875 0.9462429796875 0.5344375640625 0.9336086546875 0.42854198125 0.91269121875 0.33263970625 0.9131977921875001 0.27453794375 0.9354789546875001 0.20669290468749998 0.9823074765625 0.194216284375 1 0.616852971875 1
5 0.0721632609375 0 0.058974060937499996 0.071670653125 0.0842613 0.0857148546875 0.137909746875 0.106565184375 0.24496760156250003 0.1306328140625 0.2911210671875 0.13541514062499999 0.3314089265625 0.13420740312499999 0.3742383984375 0.10025642812499999 0.4606034859375 0.056915264062500005 0.47591906249999993 0.0304858390625 0.47368533749999997 0 0.0721632609375 0
5 0.6814886609374999 0.6456913015625 0.7044730078125 0.6343854953125 0.765062109375 0.5891220046875 0.7766085515625 0.573708196875 0.7920869328125 0.5179960546875 0.7446406921875 0.472908684375 0.709338503125 0.456490096875 0.6097213625 0.45825137812500005 0.5288061374999999 0.4459462390625 0.4851319390625 0.434790975 0.43299334062500006 0.41520206093749995 0.367613675 0.382371596875 0.34944120624999997 0.37699546562499997 0.311597403125 0.3933201109375 0.27074489062499996 0.43546024687499996 0.2612406546875 0.47764064375000004 0.27333043749999997 0.5160703328125 0.2999320953125 0.5513699562500001 0.3487686625 0.588902228125 0.397833290625 0.6157292062499999 0.47621498124999995 0.6441681874999999 0.5265504140624999 0.6546235484375 0.574387525 0.6597229109375 0.6448613984375 0.6554052375 0.6814886609374999 0.6456913015625
5 0.8423248125 0.5763115562500001 0.7525271906250001 0.6004412328125001 0.7107404671875 0.6287258812500001 0.687821375 0.6586091140625 0.6769810796875 0.6985837015625 0.68058740625 0.716850803125 0.7185184265625 0.775780240625 0.7856469875000001 0.8275051625 0.8290197984375001 0.8473976875 0.890097975 0.8657386015625 0.9761374484375 0.880962871875 0.9934777390624999 0.880505278125 0.9955978921874999 0.5942846359375 0.9136133750000001 0.577032853125 0.8423248125 0.5763115562500001
5 0.9256798875 0.255880775 0.8619405765625 0.2614665765625 0.8180573765625001 0.27274554218749997 0.81498340625 0.2799836078125 0.8345681718750001 0.3344813 0.8228589203125001 0.3791778265625 0.8063810796875 0.4024570578125 0.72895556875 0.44455022343749995 0.754862059375 0.48362739687499995 0.792782096875 0.5142185031250001 0.8625175203125 0.5517776171875 0.920054625 0.5704288531249999 0.9956763296875 0.5836955015624999 0.998047075 0.2636449640625 0.98228278125 0.2606765203125 0.9256798875 0.255880775