5 0.2835100625 0.20070076874999998 0.30185466875 0.1557640390625 0.311480834375 0.11892281874999999 0.32259925 0.0502273515625 0.32017251562500004 0.0111806703125 0.06535663124999999 0.0022823031250000002 0.040963112499999996 0.1320078453125 0.04120759375 0.1450587390625 0.048688934375 0.1961626765625 0.061990817187500005 0.23544750468750003 0.0787875 0.26571423437499997 0.09907279687500001 0.2917794421875 0.12488018593750001 0.3123963890625 0.1739326328125 0.31463635624999997 0.24568890625 0.26789184062500004 0.2835100625 0.20070076874999998
5 0.487176440625 0.280030896875 0.513020946875 0.271748371875 0.5272800375 0.24375486249999997 0.542428296875 0.20146538125000002 0.554691025 0.1458191421875 0.5591182906250001 0.088789021875 0.55251374375 0.033022267187499996 0.5489952812500001 0.0211596109375 0.5349634046875 0.018681334375 0.3530915390625 0.012330228125 0.3429402203125 0.0329433515625 0.3295393625 0.070723784375 0.312880296875 0.15931725000000002 0.3087329234375 0.22442625781249997 0.3191492796875 0.250354325 0.334155259375 0.3188461546875 0.35819669374999996 0.3584218859375 0.40492339531250005 0.3634628671875 0.461611828125 0.296392309375 0.487176440625 0.280030896875
5 0.8076897437499999 0.2354681265625 0.8199586578125 0.175005309375 0.8229307890625 0.120929965625 0.8189256890625 0.0752576625 0.8169605625 0.068487025 0.6265074546875 0.034849634375 0.601815153125 0.067424015625 0.5761948671875 0.12713463593750002 0.5636213140625 0.1987848828125 0.5632671921875 0.248504940625 0.576270625 0.29416061875 0.613085084375 0.33278051249999996 0.62063446875 0.3309020859375 0.6671307671875 0.289331553125 0.705462221875 0.27683088125 0.7443534609375 0.28048798124999996 0.7806019484375 0.30776668281249997 0.8076897437499999 0.2354681265625
5 0.8942049390625 1 0.9313301718749999 0.8025667750000001 0.9251134046875 0.7925746203124999 0.8987338578124999 0.7654330593750001 0.8775593953125 0.753663821875 0.8427289265625 0.752329815625 0.7805617015624999 0.7911325859375 0.7549785328125 0.821943734375 0.7220640109375001 0.9108779796875 0.7048327875 0.9929468343750001 0.7026736437500001 1 0.8942049390625 1
5 0.9800413171875 0.46344169687500003 0.9713901406250001 0.4699344859375 0.942057021875 0.4824185328125 0.919956278125 0.513844740625 0.912674415625 0.533435209375 0.89309270625 0.6375713890625 0.8796856625 0.6801684 0.8935287734375 0.7500607359375 0.9313918031249999 0.8022390156249999 0.975083678125 0.5698841765625 0.9800413171875 0.46344169687500003
5 0 0.9423318406250001 0.12519122031250002 0.9644428265625 0.13538772500000001 0.9453671343750001 0.15438490625 0.8443394968750001 0.170422328125 0.7877540453125 0.16930275781249998 0.7554385 0.16210749687499998 0.7075968687499999 0.15053445625 0.6782527265625 0.1250378875 0.641631775 0.1018423203125 0.6214761234374999 0.0850208921875 0.6104757078125 0.0531006953125 0.6032321453125 0.022038734375 0.6057755046875 0 0.616943009375 0 0.9423318406250001
5 0.1244642046875 0.410282234375 0.10459023125 0.5159726859375 0.1065247328125 0.5917912015625 0.120398775 0.6376006421875 0.15892970625 0.6957943796875 0.19199421562500002 0.7160871734375001 0.21985982656249997 0.7161910625 0.26286750937500003 0.6788220500000001 0.30934525 0.6517012531249999 0.3320305203125 0.6171665015625 0.347203521875 0.55561070625 0.3662254453125 0.43531675468750003 0.360199240625 0.3812580375 0.3532653125 0.35594502499999997 0.3315496234375 0.31356828124999997 0.3089447703125 0.2854875078125 0.2909666578125 0.2710710234375 0.26310723125 0.2661505546875 0.2392962046875 0.2731863375 0.19455967968750001 0.300614665625 0.162589996875 0.33190373125 0.134948603125 0.3832279375 0.1244642046875 0.410282234375
5 0 0.6189114375 0.02494281875 0.6046825265625 0.0496244546875 0.5978005093750001 0.0673659734375 0.57042205625 0.083932253125 0.5540772703125 0.09557952187499999 0.5256224671874999 0.1148627828125 0.4278571359375 0.1143957859375 0.3394506859375 0.0938553390625 0.286040275 0.0506852953125 0.2238154078125 0.0268297765625 0.2071694015625 0 0.3498510390625 0 0.6189114375
5 0.9655943421875 0.46248728437500003 0.980502246875 0.453545353125 0.996955965625 0.1002774 0.8901786171875001 0.0814186296875 0.87723161875 0.1048262078125 0.8580102203125 0.15442575 0.8358228750000001 0.253284059375 0.8314141671874999 0.29586444375 0.83252755 0.33299656718750004 0.8638261046875 0.3722481453125 0.903781240625 0.451569996875 0.9281458671875 0.46550856406249996 0.9655943421875 0.46248728437500003
5 0.4133557578125 0.35210505 0.3886246375 0.3975196984375 0.3624074515625 0.46997201874999994 0.352768915625 0.51644639375 0.34806794218750003 0.5605810515625 0.352048296875 0.62551966875 0.36100333125 0.65921909375 0.371425871875 0.6803305843749999 0.41315315156250004 0.735877071875 0.42736275625 0.7464161921875 0.47872238749999996 0.7603048828125 0.52028730625 0.716257490625 0.5354231921875 0.6836011671875 0.5337995109375 0.59177864375 0.5451433109375 0.51710089375 0.5554270703124999 0.4767625640625 0.5734855999999999 0.4285635265625 0.603751184375 0.368067459375 0.6087073046875 0.351278003125 0.5936580234375 0.3165022234375 0.554810084375 0.279129075 0.51592503125 0.27065539375 0.48049766250000003 0.2820630890625 0.44795582187500005 0.3068275421875 0.4133557578125 0.35210505
5 0.3960002296875 1 0.3985971359375 0.9950663593750001 0.42429783906249996 0.8727402156249999 0.424962784375 0.8070161484374999 0.4027182390625 0.7243987390625 0.376643328125 0.6860697499999999 0.34909472343750003 0.6651452765625 0.31224314999999997 0.655424853125 0.295403165625 0.6588741765624999 0.241077590625 0.6942442484375 0.193393678125 0.756481603125 0.17505525625 0.7966017546875 0.1581472265625 0.8530334421875001 0.14411235312499998 0.9324550453124999 0.145049215625 0.9679501 0.32651403437500004 1 0.3960002296875 1
5 0.7010554953125 1 0.7068786390625 0.9820669343749999 0.7159388328125 0.933884521875 0.7203599109375001 0.8816709796875 0.7152105 0.8229494468749999 0.704812703125 0.7825716421875 0.6981401109375 0.7797872531250001 0.6479000515625 0.79821410625 0.606695440625 0.7877248609375 0.5852349 0.77269331875 0.5464302625 0.701604115625 0.51040599375 0.7257535093749999 0.4822048171875 0.7609199421875 0.44758000937500003 0.8254637656250001 0.4303859015625 0.8786331468749999 0.418104615625 0.9487291234375 0.4185389546875 1 0.7010554953125 1