5 0.0123611 0.0804835453125 0.022849578125 0.137972803125 0.0393607703125 0.1824790859375 0.059408515625000005 0.2170400140625 0.08318549374999999 0.24704450625000002 0.1129152609375 0.271181878125 0.1678919421875 0.2757208703125 0.2462415875 0.22639289843750002 0.2857745640625 0.15278138593749999 0.30443781875 0.103262728125 0.3136816515625 0.062440690624999996 0.3200337546875 0.0118531015625 0.021442401562499998 0.0007941625000000001 0.011546724999999999 0.065871015625 0.0123611 0.0804835453125
5 0.31497913125 0.1803726234375 0.3277082578125 0.209814703125 0.34733646875 0.287070765625 0.37587599531250004 0.3323475828125 0.42836651718749996 0.3399241984375 0.489014728125 0.2672293890625 0.5169404734375 0.24998231249999997 0.545514175 0.2417861484375 0.56030835 0.21105563593749999 0.5755049750000001 0.1643664796875 0.5869195265625 0.1026131203125 0.5895097796875 0.038986662500000005 0.5868393671875001 0.021734790625 0.331431134375 0.0122752265625 0.31692143125 0.10769525312499999 0.31497913125 0.1803726234375
5 0.599106359375 0.16224555937500001 0.600770540625 0.2178617171875 0.617211809375 0.26948385625000004 0.660003225 0.31422052031250003 0.6683722453125001 0.31243163125 0.718673390625 0.2678459546875 0.761043703125 0.255447646875 0.8047099281250001 0.2611511609375 0.84639810625 0.29317492343749996 0.8737100734375 0.2134039546875 0.8849319484375 0.14626167343750002 0.8860165249999999 0.0858809578125 0.8796426328125 0.0346131078125 0.8789761125 0.0325546703125 0.633759353125 0.02347256875 0.61020548125 0.0825984984375 0.599106359375 0.16224555937500001
5 1 1 1 0.8126711343749999 0.9975393828125 0.8101445828125 0.9733599578125001 0.796098734375 0.934333521875 0.7931627640625 0.8663837781250001 0.8340022390625 0.8390360687499999 0.8674160843750001 0.8058940703124999 0.9655589515624999 0.7998917265625 1 1 1
5 1 0.5743139015625001 0.9859290109375 0.666848803125 0.9726933453125 0.7139542078125001 0.9910784828124999 0.7927290828125 1 0.804740984375 1 0.5743139015625001
5 0.14066841875 1 0.1509022828125 0.9798363265625 0.16797128125 0.8675856546875 0.183570346875 0.8049378515625 0.18097852187500002 0.7687342046875 0.170945321875 0.714906934375 0.1567804421875 0.681594740625 0.1267352390625 0.6395636703124999 0.09994690625 0.6160506671875 0.0806698703125 0.603045428125 0.044654790625 0.5936179687500001 0.0220235515625 0.5946359125 0.0362471734375 0.9786736890625001 0.13671681875 1 0.14066841875 1
5 0.23591945625 0.7269160734375 0.2824913671875 0.68688683125 0.333370546875 0.6584679234374999 0.357321546875 0.620767721875 0.37174745625 0.5525228734375001 0.388045740625 0.41871651249999997 0.3790629375 0.35798150781250004 0.370255725 0.3293719140625 0.34420235625 0.281057475 0.31774654375 0.2487016828125 0.297033753125 0.2318263359375 0.26565846406250004 0.22516642187499997 0.23930831874999997 0.232051896875 0.190390096875 0.26088705 0.1559164421875 0.2945709703125 0.1271158859375 0.350851196875 0.116506221875 0.3806872640625 0.098649425 0.4981187359375 0.10395582343750001 0.5830308078125 0.1213775734375 0.634861065625 0.16690065625 0.7015696640625 0.20473684531249997 0.7256450828125 0.23591945625 0.7269160734375
5 0.059256290625 0.5574985328125 0.0771146578125 0.5398971687499999 0.0889674 0.508542290625 0.1064916765625 0.39995360625 0.10230559531250001 0.30101794531250003 0.077109946875 0.24040684843750001 0.0262292 0.16899565156250002 0.005714853125000001 0.1543010359375 0.0219238828125 0.5919448515625 0.040540203125 0.5873965578125 0.059256290625 0.5574985328125
5 1 0.053030215625 0.9596215000000001 0.0444592234375 0.9461053578125 0.07011299531250001 0.9266543046875 0.12481245156250001 0.9059259953125001 0.234503703125 0.9027577078125001 0.28196339375 0.905542209375 0.3235559640625 0.94218815625 0.3687708265625 0.9901803062500001 0.45917829218749995 1 0.4650355515625 1 0.053030215625
5 0.3914813390625 0.6690202078125 0.40401778281249995 0.693073365625 0.453007496875 0.7569524624999999 0.46934309843750005 0.76933333125 0.527383965625 0.78700146875 0.57206484375 0.7394401265625 0.5876468218750001 0.7035288140625 0.5820249859375 0.6007230406249999 0.5916227000000001 0.5176376031250001 0.6014573828125 0.4729299671875 0.6196653609375 0.419749321875 0.6510219921875 0.353315621875 0.6558715453125 0.3347355984375 0.6375920796875 0.2952019921875 0.5925771078125 0.251776021875 0.54871820625 0.24068358124999997 0.5095519281249999 0.25197932500000003 0.47416771874999997 0.2783392671875 0.43733066093749995 0.3275655875 0.41154146249999995 0.37735432343749997 0.385209975 0.45733341406249994 0.3763514984375 0.50893329375 0.3729206109375 0.5581199203125 0.3800652140625 0.630943459375 0.3914813390625 0.6690202078125
5 0.45554645000000005 1 0.4711486921875 0.9105478859374999 0.469169078125 0.837038021875 0.4408564078125 0.7436771484375 0.410093328125 0.699711021875 0.37840260312499996 0.6751574078125 0.3367672578125 0.662754278125 0.3180682578125 0.6659158125 0.2587501359375 0.7032394640625 0.207976625 0.7708996406249999 0.189120690625 0.815029375 0.172541146875 0.87746905625 0.16012902812500002 0.9657507828125 0.162299375 1 0.45554645000000005 1
5 0.7986326671875 1 0.7999941171875 0.9910467093750001 0.8027770453124999 0.9328091734375 0.79458204375 0.8668933671874999 0.7812748875 0.82128451875 0.7736936640625001 0.8178926046875 0.7182446203125 0.8364281124999999 0.671706884375 0.8229843750000001 0.647072184375 0.805276540625 0.6007084671875 0.72412810625 0.5614023453125 0.7496555609375 0.5313058796875 0.787833959375 0.495239534375 0.858615971875 0.4782047125 0.9173936640625 0.46736819531249996 0.9953137921874999 0.46758139062500004 1 0.7986326671875 1