15 0.4235424296875 0.9070200765624999 0.4451814984375 0.869442603125 0.4654518203125 0.8105787781249999 0.4687508109375 0.7611638828125 0.44533182812499994 0.63436925 0.43052138281249996 0.605480921875 0.41144004531249995 0.5870849359375 0.0406040265625 0.609060403125 0.0666666671875 1 0.34836366406249997 0.9833068453125 0.37072323749999997 0.9668892250000001 0.4235424296875 0.9070200765624999
15 0.2901366265625 0.5593333171875 0.2195964421875 0.2720702015625 0.02128961875 0.3193442734375 0.0406040265625 0.609060403125 0.09508213125000001 0.6058320703125 0.2901366265625 0.5593333171875
15 0.100710575 0 0.0015755109375 0.0236326609375 0.0294115421875 0.44117313124999996 0.3616561203125 0.361969834375 0.27277098906249997 0 0.100710575 0
15 1 0.5522073078124999 0.71732431875 0.568958459375 0.7236056703125 0.592432909375 0.7525204953125 0.636859296875 0.8096932375 0.6758998328125 0.8907378265625001 0.691692971875 0.9660668234375 0.673735403125 1 0.6493430874999999 1 0.5522073078124999
15 1 0.6759059374999999 0.95517015 0.6817350796875 0.9048437687499999 0.70723740625 0.8616848953125 0.7566907546875 0.8372167906250001 0.8246470968749999 0.8238021281250001 0.9551327140625 1 0.9446913578125 1 0.6759059374999999
15 0.6516375546875001 0.8702375671875 0.5781978078125001 0.9159325578124999 0.5817673390625 0.969475515625 0.8574826609375 0.9531368296875 0.8458968609375 0.9333196265625 0.6516375546875001 0.8702375671875
15 0.6233189890624999 0.78110223125 0.6389071703125 0.834107575 0.680048190625 0.886423453125 0.7274247015624999 0.9169952234375 0.7792333234375 0.928953809375 0.8047861624999999 0.9282643437500001 0.8135279828125 0.9167268296875 0.8996323625 0.7017272 0.8968509250000001 0.6956377140625001 0.7264634671875 0.609308259375 0.688210565625 0.6211283328125 0.6628104421875001 0.643389540625 0.6456782750000001 0.6731333296875001 0.62779713125 0.7260143218749999 0.6233189890624999 0.78110223125
15 0.6083113546875001 0.7671232578125 0.568796615625 0.7749146812500001 0.5794528546875 0.93475825625 0.5863338609375 0.9290215140625 0.63968646875 0.8582309640625001 0.6159527265625 0.7720541890625 0.6083113546875001 0.7671232578125
15 0.6032947562500001 0.3430588484375 0.539744609375 0.33913457812500003 0.550225325 0.49634530625 0.57030926875 0.4915575234375 0.5915518828125 0.4837890015625 0.6151847109374999 0.47004162968749996 0.62788253125 0.4589010421875 0.6474969749999999 0.43664577187500003 0.6600754281250001 0.40930648437499995 0.6581932421875 0.40164160000000004 0.6176207484375 0.3464050125 0.6112121546875 0.343875959375 0.6032947562500001 0.3430588484375
15 0.7191116671875 0.4925958296875 0.7325562515625 0.5002088953125 0.7468822453125 0.5035550546875001 0.7627170421875 0.505189271875 0.77427944375 0.5051374531249999 0.8070844578124999 0.4973171140625 0.824682071875 0.49041752031249997 0.8513325046875 0.4732462609375 0.8769821609375 0.4441432140625 0.88238998125 0.4347404765625 0.8889332203125001 0.414248965625 0.88881385 0.3980502703125 0.8831672953125 0.37505561875 0.8763853203125 0.3631497375 0.8531411500000001 0.347054678125 0.82964296875 0.3377814875 0.8016183765625 0.3336441265625 0.7675585703125 0.3363545453125 0.7493335609375 0.34069917968749996 0.7280909453125 0.34846769843750003 0.7111207265624999 0.3579222546875 0.691132903125 0.37080069843749996 0.6685008515625 0.3964798578125 0.6583126109374999 0.41784029218749996 0.65654979375 0.426374103125 0.660941559375 0.4442588359375 0.676895725 0.4620917484375 0.7191116671875 0.4925958296875
15 0.742670953125 0.34499199062499997 0.7693213875 0.3278207328125 0.7835280124999999 0.3149682 0.8051592843750001 0.27735725 0.8062947046875 0.26626847656249997 0.7975111734375 0.23049901562500003 0.7907291984375 0.218593134375 0.766857634375 0.199943115625 0.7519042453125 0.19404199375 0.7281520484375 0.19159066875 0.71658965 0.19164248749999999 0.6764946296875001 0.20120067968750002 0.6485894078125 0.21326201562499997 0.6286015828125 0.226140459375 0.612886153125 0.24070493750000002 0.5969167140625 0.262091284375 0.5903734734375 0.28258279218750004 0.5997843984375 0.320907215625 0.6144837734374999 0.33363020468750004 0.6507991453125 0.3479615 0.6946585359374999 0.3537330765625 0.7062209359375 0.35368125625 0.742670953125 0.34499199062499997
15 0.553730546875 0.141216896875 0.542168146875 0.1412687140625 0.5266927625 0.1433568859375 0.5365592828125 0.291354690625 0.5548048624999999 0.2870051546875 0.5687574765625001 0.280974484375 0.5954079109375 0.263803228125 0.6270927765625001 0.227852403125 0.6336360187500001 0.20736089375 0.6273620671875 0.181811278125 0.6212074875 0.1724603609375 0.61078050625 0.1614234046875 0.56956534375 0.1428511125 0.553730546875 0.141216896875
15 0.5600197734375 0.12754725312499998 0.5661743546875 0.136898175 0.5759739390624999 0.145380165625 0.5851461265625 0.1513071953125 0.6043719109375 0.1588943546875 0.62447910625 0.162214603125 0.64760390625 0.16211096875 0.6628113078125 0.1611902234375 0.6810363171875 0.156845590625 0.6986339296875 0.14994599687500001 0.7222667578124999 0.13619862656249998 0.7379821859375 0.121634146875 0.7515614171875 0.10622665 0.75873205 0.0882901015625 0.7604948671875 0.0797562921875 0.7517113359375001 0.0439868296875 0.7455567546874999 0.0346359125 0.730229984375 0.019357960937499998 0.7210577953125 0.01343093125 0.7018320109375 0.0058437734375 0.6896422140625 0.00334063125 0.67016241875 0.0025753421875000003 0.6513100140625 0.0043650124999999994 0.62215 0.0113164234375 0.6081973859375001 0.017347095312499998 0.5882095625 0.0302255375 0.5755117421875 0.041366128125 0.5619325109375 0.05677362500000001 0.5523716624999999 0.0806890234375 0.5518636375 0.09433275625000001 0.5600197734375 0.12754725312499998