15 0 0 0 0.2056886328125 0.018377679687500002 0.2501608125 0.0593121828125 0.31377349374999997 0.11194256875 0.366470059375 0.14560942968749999 0.3888658984375 0.19909643906250002 0.41130843749999996 0.2447516375 0.41742430312499995 0.3636517921875 0.4035420515625 0.3912622859375 0.3915905234375 0.409375 0.37502854218750004 0.409375 0 0 0
15 0.409375 0 0.409375 0.080420234375 0.4417848078125 0.2642253875 0.7121233515625 0.216557409375 0.6739384375 0 0.409375 0
15 0.5604853140625 0 0.6209250187500001 0.342770596875 0.9980347843749999 0.2762759703125 0.9493198765624999 0 0.5604853140625 0
15 0.2859960515625 0.8131493375 0.29851254531250004 0.8841338984375 0.32258938593750003 0.922386825 0.35306265312499996 0.9547898546875 0.3965412703125 0.98371918125 0.409375 0.9887099812500001 0.409375 0.659883271875 0.38725516875 0.664258125 0.34445650625 0.6883318109375 0.3051004 0.7389501875 0.2859960515625 0.8131493375
15 0.277170040625 1 0.287844646875 0.9780946390624999 0.296599921875 0.943496596875 0.2916911296875 0.8735316109375001 0.270801884375 0.8252725515625 0.22730203593749998 0.7821808609375 0.1656116828125 0.7552822484374999 0 0.7270436124999999 0 0.9996754093750001 0.00005723437500000001 1 0.277170040625 1
15 0 0.7829932375 0.0279292609375 0.7748373375 0.0643314984375 0.7566135515625 0.1335235515625 0.5803223765625 0.0951743796875 0.509375 0 0.509375 0 0.7829932375
15 0.28200094062500003 0.8185758203125 0.37144475 0.6658654203125 0.362583309375 0.62965164375 0.34333033125 0.604714246875 0.31668214687499996 0.5869833703125 0.268613396875 0.5671269718749999 0.217760809375 0.5595665296875 0.16773697031249998 0.5707481 0.11694808125 0.60567475 0.0859859578125 0.647729984375 0.0720455296875 0.6950474015625 0.0712804796875 0.7187924796875 0.0815019890625 0.7276147328125 0.2761995328125 0.8207792734374999 0.28200094062500003 0.8185758203125
15 0.23155244062499997 0.5465101125 0.22649727656250002 0.509375 0.0776429484375 0.509375 0.08258603125 0.5161124765625 0.145317628125 0.5699792 0.22655854999999997 0.5532932140625 0.23155244062499997 0.5465101125
15 0.5163791 0.5837242140625001 0.5359445984375 0.60329453125 0.5606127109375 0.6166527562499999 0.56782600625 0.6153808578125 0.6212928515625 0.5811621796875001 0.62399103125 0.5753740546875 0.625184175 0.5680805203125 0.6323174984375 0.509375 0.4859150078125 0.509375 0.489252109375 0.528300646875 0.49529041406249996 0.5484853843749999 0.506743225 0.5712569765625 0.5163791 0.5837242140625001
15 0.59462295 0.6478423796875 0.5720473734375 0.62526124375 0.552793771875 0.6144898703125 0.54497483125 0.612326984375 0.5281438078125 0.615294746875 0.5107252890625 0.6289908296875 0.48010961874999997 0.6662633812500001 0.4723088265625 0.6782635984375001 0.46841750624999995 0.6913452578125 0.46603122187499996 0.7059323281250001 0.4654437265625 0.7166606468750001 0.4708945328125 0.747573703125 0.4763271890625 0.7643236578125 0.49079007812500003 0.7901060671875 0.5163757312499999 0.8156980203125 0.5248003156250001 0.821295690625 0.543448275 0.8286322796875 0.5584805109375 0.829523265625 0.5801203953125 0.8257075703125001 0.591536909375 0.82015295625 0.6077441390625 0.7995873046875001 0.6176374640625 0.778364178125 0.6230156765625 0.752624825 0.6223737328125 0.720863834375 0.61934550625 0.7036899125 0.6133072046875 0.6835051734375 0.605470115625 0.667179184375 0.59462295 0.6478423796875
15 0.68199114375 0.55983470625 0.6459246656250001 0.5661942 0.6333150109375 0.5790423484375 0.618025325 0.6118417265625 0.6102608296875001 0.65216815 0.609673334375 0.66289646875 0.6157297859375 0.6972443109375 0.6301926734375 0.7230267203125 0.6413335874999999 0.7369993671875 0.6750319296875 0.7593900453125 0.6852553015625 0.7611289640625001 0.718917346875 0.7551934375 0.7303338609375001 0.7496388234375 0.7489455203125 0.72864920625 0.755241275 0.7151435796875 0.7588206984375 0.693262975 0.7594081953125 0.6825346578125 0.7527460984375 0.64475203125 0.7430920734375001 0.618121690625 0.7322449078125 0.598784884375 0.7195989546875 0.583306828125 0.7006391 0.5671712953125 0.68199114375 0.55983470625
15 0.7307398703125 0.5972794734375 0.7493878265625 0.6046160640625 0.7734321453125 0.6003764015625 0.7824442265625 0.595245753125 0.7932550953125 0.586256353125 0.812748 0.549174259375 0.8151342828124999 0.534587190625 0.8157217796875 0.523858871875 0.8146354734375001 0.509375 0.67681251875 0.509375 0.6798441625 0.52656830625 0.684671175 0.5398834781249999 0.6991340609375001 0.5656658875 0.7307398703125 0.5972794734375
15 0.9270401765624999 0.592769828125 0.9161930109374999 0.573433021875 0.9065571359375 0.560965784375 0.8930117890625 0.547417103125 0.8713537546874999 0.5370696953125 0.85872595 0.5357547421875 0.8274683390625001 0.541266303125 0.81845625625 0.5463969515625 0.8100498203125 0.5549623859375 0.8040478156249999 0.5631038515625 0.795953275 0.580468228125 0.79176820625 0.5989140484375 0.7905932124999999 0.6203706859375 0.7906113609375 0.6345337875 0.7936395875 0.651707709375 0.79907224375 0.6684576640625 0.8105250546875 0.6912292546875001 0.823171009375 0.7067073109375 0.8367163546875 0.7202559921875 0.8529598796875 0.728016546875 0.8607788203125001 0.7301794328125 0.8944408656249999 0.72424390625 0.903452946875 0.7191132578125 0.918467034375 0.7058411421875 0.9244690390624999 0.697699675 0.9325635796875 0.6803352984375 0.9355555078125001 0.6691830125 0.93733614375 0.6511611609375 0.9367123515625 0.6335632734375001 0.931867190625 0.606085 0.9270401765624999 0.592769828125