15 0.36807446875 1 0.39677228750000004 0.973251409375 0.42165655312499994 0.9375027375 0.44659270781249993 0.8797351375 0.45338811406249996 0.8294601671875 0.43796339062499995 0.69632056875 0.424683915625 0.6647569437499999 0.4062817140625 0.6434048906250001 0 0.6163194437499999 0 1 0.36807446875 1
15 0 0.6163194437499999 0.07893915 0.621582053125 0.283167096875 0.599186353125 0.23020267656249999 0.2952792328125 0 0.32052332968749997 0 0.6163194437499999
15 0 0.44658235625 0.37043955156249997 0.4059598390625 0.30321244375 0.0202141625 0.0824828578125 0.0054988578125 0 0.014543953125 0 0.44658235625
15 1 0.6829861109375 0.72278696875 0.6645052421875 0.7276479171875 0.6894068953125 0.7543964562500001 0.7387442015625 0.810639096875 0.7862227171875 0.893082596875 0.8129460046875 0.9719543312500001 0.8042969046874999 1 0.78851434375 1 0.6829861109375
15 1 0.8109517484375001 0.9601740124999999 0.8110909015625 0.906552834375 0.8307264296874999 0.858673178125 0.875867615625 0.8287858312499999 0.9424199640625 0.8188549046875 1 1 1 1 0.8109517484375001
15 0.710366034375 1 0.6343859734375 0.9651134515625 0.5607644078125 1 0.710366034375 1
15 0.814763421875 1 0.901560303125 0.82439620625 0.899112021875 0.8177869781249999 0.7294338 0.7070930875 0.6891962703125001 0.7142566312499999 0.6614880515625 0.7338016125 0.641787078125 0.7620973078125 0.6197244125 0.8140361859375 0.6113239218750001 0.8699790281249999 0.6237478890625 0.9263893359375001 0.6625552781249999 0.9854085953125 0.6807288390624999 1 0.814763421875 1
15 0.5784841671875001 1 0.62289355625 0.9512427625000001 0.604353571875 0.8597390703125001 0.5968167921875 0.8536878515625 0.5555555562500001 0.8565539531249999 0.5555555562500001 1 0.5784841671875001 1
15 0.6207839109375 0.41791706562500003 0.5555555562500001 0.4056425953125 0.5555555562500001 0.568312028125 0.5765840515625 0.5660060375 0.5990115375 0.5607919765625 0.6243133078125 0.549753415625 0.63816579375 0.5399703859375 0.659910590625 0.519680596875 0.6747530625 0.49326108125 0.6733398421875 0.48515209375 0.6353190890625 0.42320977187500003 0.6288878390625 0.41978304375000003 0.6207839109375 0.41791706562500003
15 0.7298759796875001 0.5863838218749999 0.743209553125 0.5959402734375 0.7577447312500001 0.6012329750000001 0.7739525875 0.6049649265625 0.785872940625 0.6064123890625 0.82022078125 0.60264579375 0.8388318421875001 0.597850246875 0.8674789640625 0.583690178125 0.8959144671875 0.557157375 0.9021340999999999 0.5482113671875 0.9102858656249999 0.5280348640625 0.91127585 0.511398378125 0.9070361890624999 0.48707141875 0.9008643953125001 0.47397495 0.878013671875 0.4544435359375 0.8544324203125001 0.4418788671875 0.8258331390625001 0.43399645781249996 0.79054315 0.43235706250000006 0.7714610140625 0.434449615625 0.7490335265625 0.439663675 0.7308935375 0.44716221875000006 0.7094082 0.45778226875000005 0.6843180484375 0.48119356562500004 0.67234985625 0.5017885765625001 0.66994665 0.510316075 0.6732441625 0.529237046875 0.6884620328125 0.54960548125 0.7298759796875001 0.5863838218749999
15 0.7642992343749999 0.43798963124999996 0.79294635625 0.4238295640625 0.80847151875 0.41248578281250003 0.83335005 0.37670174843750004 0.8352821828125 0.36547125468749997 0.828687153125 0.3276293140625 0.8225153593750001 0.3145328453125 0.7991935625 0.2922984359375 0.7841873109375 0.2843027375 0.759875528125 0.278704815625 0.747955175 0.27725735 0.7059744796875 0.2818609671875 0.6763852124999999 0.29061504375 0.654899871875 0.3012350953125 0.63770203125 0.3141396296875 0.6197736609375 0.3340109109375 0.6116218953125 0.3541874125 0.618688 0.39473235 0.6329637203125 0.40969479062499997 0.6694074734375 0.42911291562500004 0.7142146109375 0.440727275 0.726134965625 0.44217473749999997 0.7642992343749999 0.43798963124999996
15 0.5835691 0.204380403125 0.571648746875 0.2029329390625 0.5555555562500001 0.20306706718749998 0.5555555562500001 0.35620368281250003 0.5746592296874999 0.35410876875 0.5894538640625 0.34973173125 0.6181009859375 0.33557166562499996 0.6532271921875 0.30279584531250003 0.661378959375 0.282619346875 0.6566682234375001 0.25558938593749997 0.650967503125 0.24519591406250002 0.64097928125 0.23251795625 0.5997769546875 0.2081123515625 0.5835691 0.204380403125
15 0.5909903375 0.19117064687500002 0.5966910578125 0.20156411875 0.60620820625 0.2115390796875 0.6152542796875 0.2188110453125 0.63454803125 0.2290912296875 0.6550433875 0.2351076640625 0.6788840953124999 0.23800259218750003 0.694620875 0.23903154531249998 0.7137030109375 0.23693899218749997 0.7323140718750001 0.23214344374999998 0.7576158390625001 0.22110488281250001 0.774813678125 0.2082003453125 0.78986776875 0.19415356875 0.7984906078125 0.1766800640625 0.8008938140625 0.1681525640625 0.794298784375 0.1303106234375 0.7885980640625 0.119917153125 0.77385126875 0.10225171250000001 0.76480519375 0.094979746875 0.7455114421875 0.0846995625 0.7331200140624999 0.080549103125 0.713095734375 0.0772356671875 0.6935425265624999 0.07662522187500001 0.6630111109375 0.07997330625 0.648216475 0.08435034687500001 0.6267311359375001 0.094970396875 0.6128786500000001 0.104753425 0.597824559375 0.11880020468750001 0.5863274390625001 0.14209821250000002 0.5848663796875 0.156031703125 0.5909903375 0.19117064687500002