15 0.260400765625 0.7572402984375 0.2860628328125 0.712050284375 0.28727719218750003 0.6710656296875 0.2709826421875 0.6346461171875 0.23201556562499998 0.6011557578125 0.17699092968750002 0.58188358125 0.1038906828125 0.586302721875 0.045714590625 0.6147560296875 0.045136121875000004 0.75155144375 0.07046847656250001 0.7761252937500001 0.11169647499999999 0.7919455828124999 0.177615053125 0.7953635828125 0.22667238125 0.7814882484375001 0.260400765625 0.7572402984375
15 0.18251815 0.9817003765625 0.2141475265625 0.9696578765625 0.258446021875 0.940484990625 0.276845459375 0.9058644296875 0.281610178125 0.8623273578124999 0.2587006609375 0.8146188171875 0.226429509375 0.7896851781249999 0.0874916421875 0.7879540078125 0.028020234375 0.8601242812500001 0.019948034375 0.8980168390625 0.0294657 0.9286119359375 0.0614939796875 0.9617425078125 0.1026410203125 0.9802951078125 0.15807044374999998 0.9859057343750001 0.18251815 0.9817003765625
15 0.28630368125 1 0.2565898859375 0.9444935109375001 0.0940080015625 0.9784792156250001 0.10477776875 1 0.28630368125 1
15 0.4897437125 1 0.5003324499999999 0.9858653500000001 0.504611421875 0.958722140625 0.33252363906250004 0.844443503125 0.284674790625 0.8761688046874999 0.2616725484375 0.9488618171875001 0.28550318125 1 0.4897437125 1
15 0.556745128125 0.8410190078124999 0.589993653125 0.7743303 0.590479396875 0.7579364359375 0.5571616828125 0.7096882124999999 0.517951734375 0.684394784375 0.46962302187500005 0.6736793265625 0.42088952500000004 0.6766254203125001 0.3822403921875 0.6910404406249999 0.348431053125 0.7180207000000001 0.32648125625 0.755193678125 0.3251859390625 0.7989106453125 0.3445451 0.8491716 0.3731849375 0.8793899656249999 0.393758459375 0.888666265625 0.556745128125 0.8410190078124999
15 0.7833628359375 1 0.8111269953125 0.9924028437500001 0.8588948875 0.963409853125 0.8846379125 0.915487528125 0.87980400625 0.8440876671875 0.8435026390625 0.7792656859375 0.783800125 0.7419636484375001 0.7216747765625 0.7277962984374999 0.6729412765625 0.73074239375 0.6131519234375 0.7550072875 0.5790187546875 0.7929167890625 0.560133571875 0.8439312125 0.5627124390625 0.8741665234375 0.6023212906250001 0.9446330203125 0.6277346015624999 0.9664745578125 0.685985765625 0.9941235624999999 0.7359089515624999 1 0.7833628359375 1
15 0.8117172296874999 0.737938184375 0.8606936015625 0.726795159375 0.8978104265625 0.705459415625 0.941143315625 0.6502396312500001 0.9061372671875001 0.5417006843750001 0.8602313921875 0.5078505359375 0.80173735625 0.4883984625 0.7496963734375 0.485700040625 0.697169646875 0.4993954828125 0.6599718640625001 0.5234635359375 0.6345526687499999 0.5604566171875 0.6295450812500001 0.6121906218750001 0.6387389171875 0.6537149624999999 0.6875474890625 0.7068711796875 0.7286135734375 0.7281560890625001 0.8117172296874999 0.737938184375
15 0.6352812859375 0.5358658234375 0.599783609375 0.5025553609375 0.558636565625 0.48400276093750005 0.5065955828125001 0.48130433906250003 0.4023458203125 0.5402067390624999 0.39419266249999996 0.5808316062500001 0.40346745781250004 0.6196236359375 0.43202633749999997 0.6525743109375 0.46962302187500005 0.6736793265625 0.525133403125 0.67655764375 0.60928950625 0.650819703125 0.628816465625 0.636781415625 0.6352812859375 0.5358658234375
15 0.2838254421875 0.49438186875 0.3419956484375 0.524763184375 0.390486275 0.5300140203125 0.435912290625 0.5214234109375 0.5084517187500001 0.47729582031250006 0.5266892453125 0.4481398796875 0.531858746875 0.39094125625 0.51217575625 0.351609540625 0.49023184375 0.329947896875 0.4285922390625 0.2993866875 0.369693415625 0.2935961671875 0.324267403125 0.30218677656250004 0.26213616875 0.34685405 0.247529959375 0.370725265625 0.23945775937499997 0.4086178203125 0.242117584375 0.4361208203125 0.2552665625 0.46143119375 0.2838254421875 0.49438186875
15 0.641590075 0.381580234375 0.678868815625 0.35477986875 0.6972682546875 0.3201593078125 0.6921105187500001 0.2596886875 0.6758969265625 0.22053686875 0.6539530140625 0.1988752234375 0.5922324515625 0.17104632343749998 0.550599665625 0.1688875875 0.494522584375 0.18513544375 0.45353157343749995 0.2199528453125 0.43133890468749997 0.2653227546875 0.4337558578125 0.301022684375 0.5371033234375 0.3898449421875 0.5751857546875 0.39455609375 0.641590075 0.381580234375
15 0.7954579828125 0.34851094531250004 0.740109515625 0.340168009375 0.69484541875 0.343293996875 0.636264540625 0.38540885625 0.6003561937499999 0.424594565625 0.591717290625 0.48161329531249997 0.6015587859375 0.5012791515624999 0.647464659375 0.5351293 0.8671701890625 0.5082103250000001 0.8836325359374999 0.4803305921875 0.8382182874999999 0.37125195781250003 0.7954579828125 0.34851094531250004
15 0.3668083703125 0.097786234375 0.40867814375 0.1505826609375 0.4669293078125 0.17823166562499998 0.494603540625 0.182403134375 0.5959447234375 0.1630292875 0.6261227515625001 0.1413337546875 0.65138003125 0.10980529218749999 0.6627597140625 0.077557253125 0.6571925640625 0.0340766515625 0.3714570484375 0.019260735937500002 0.3614077640625 0.0455125453125 0.3668083703125 0.097786234375
15 0.135867421875 0.3279924953125 0.1668491390625 0.3378084796875 0.22235951874999998 0.3406867953125 0.271173975 0.335008390625 0.319022825 0.30328309062500003 0.34791141875 0.2664699015625 0.356550321875 0.209451171875 0.34372517187499996 0.1732115578125 0.28789684531250004 0.1224278609375 0.2364225640625 0.100603265625 0.1705039859375 0.09718526562499999 0.1284664125 0.10868808125 0.087718275 0.135308553125 0.0586677671875 0.1775863609375 0.0543887953125 0.20472956875 0.0899615453125 0.2941423453125 0.135867421875 0.3279924953125
15 0 0.5804746609375 0.027806779687499998 0.57414810625 0.057984807812500004 0.5524525734375 0.07259101875 0.5285813578125 0.0770319046875 0.49597352812500006 0.06727136875 0.473575359375 0.0317736890625 0.4402648953125 0 0.4259386046875 0 0.5804746609375
15 0.1918517796875 0.43214619218749994 0.1640965890625 0.430707034375 0.13956792499999998 0.43764470156249996 0.098657871875 0.4697297921875 0.076869990625 0.5014381484375 0.072105275 0.5449752203125 0.10050224062499999 0.5833905171875 0.22870808125000003 0.5955112421875 0.2949563734375 0.5291653796875 0.2922965484375 0.5016623828125 0.2635757515625 0.4741763265625 0.1918517796875 0.43214619218749994
15 0.2683287 0.5483084984375 0.2378268453125 0.5809332734375 0.2337097875 0.6026118609375 0.2901798890625 0.6903716953125001 0.30897823125 0.700924203125 0.35746885625 0.706175040625 0.447193365625 0.6684115453125 0.40089447187499994 0.5305537046875 0.3350568515625 0.5244033953125 0.3070587890625 0.5311611671875001 0.2683287 0.5483084984375
15 0 0.3884191953125 0.027575020312499997 0.3949211171875 0.106930546875 0.295086996875 0.028562903125 0.20531133437500002 0 0.20515405000000003 0 0.3884191953125
15 0.0488380390625 0.0402512609375 0.050850206249999995 0.08961274375 0.07602064375 0.11965121249999999 0.100225478125 0.12364278749999999 0.1739733859375 0.0973651609375 0.2465128125 0.053237571875 0.23667131874999997 0.0335717140625 0.21029706718750002 0.010904292187500001 0.07440505 0.0038580390625 0.0599748515625 0.01620015 0.0488380390625 0.0402512609375
15 0 0.813146996875 0.042481146875 0.751308515625 0 0.6803280703125 0 0.813146996875
15 0 0.888916240625 0.0083310515625 0.88813629375 0.0760210234375 0.791344565625 0.0192040921875 0.75557255 0 0.7667747609375 0 0.888916240625
15 0 0.194982753125 0.056247235937499994 0.20857053906249998 0.11006806093749999 0.11105966874999999 0.038626668749999996 0.10006059062499999 0 0.13643008125 0 0.194982753125
15 0 0.4198415546875 0.0083274703125 0.419454503125 0.06820288906250001 0.508271309375 0.1528744359375 0.46342275781250003 0.152667059375 0.39228910625 0.07349014375 0.3298264421875 0.0346174921875 0.391639009375 0 0.382850534375 0 0.4198415546875
15 0.3799145515625 0.2235295671875 0.3788522734375 0.1031126609375 0.2645708875 0.053419023437500004 0.1940921921875 0.088061515625 0.25177245625 0.0946996171875 0.312349240625 0.1598452703125 0.3799145515625 0.2235295671875
15 0.5782283921875 0.17180787656250002 0.6950910203125 0.2125170921875 0.7090056859375 0.28983248125 0.7699230453125 0.187218590625 0.71611896875 0.1278952765625 0.6329580671875 0.12175950937499999 0.5782283921875 0.17180787656250002
15 0.7747031343749999 0.72909466875 0.884514965625 0.851503171875 0.9446145125 0.8546194437500001 0.9791575031249999 0.7552861109375 0.9797297374999999 0.7359732234374999 0.8936159234375 0.7006110125 0.7747031343749999 0.72909466875