15 0.2460503796875 0.7036436375 0.2705988109375 0.6614245265625 0.2725531109375 0.6237344578124999 0.2582942953125 0.5907152296875 0.22310174843750002 0.56100415625 0.1728353359375 0.544793725 0.1054438015625 0.5508428359375 0.05130211875 0.578568703125 0.04797829375 0.70427316875 0.0707996703125 0.7261626265625 0.1084343359375 0.7395767859375 0.16905399375000002 0.740923890625 0.21450282812500002 0.7268404640624999 0.2460503796875 0.7036436375
15 0.1697660234375 0.9119982390624999 0.1991320296875 0.9000729843749999 0.24051168125000003 0.872063515625 0.2581579484375 0.8397532906249999 0.2634330453125 0.7996214484374999 0.243314359375 0.7564097359375 0.21411196875 0.7343784765625 0.086231065625 0.7365678140624999 0.030004796875 0.8044964218749999 0.021799765625000002 0.8395320187499999 0.0299381375 0.8673841046874999 0.05874966875 0.8969533765625 0.09625404843749999 0.91288020625 0.1471718921875 0.9165272796874999 0.1697660234375 0.9119982390624999
15 0.08834292031249999 0.9114466203125 0.10566195781250001 0.947049421875 0.1694387921875 0.979911265625 0.217296415625 0.98097476875 0.27794940156250003 0.95087803125 0.238720996875 0.8757970734375 0.08834292031249999 0.9114466203125
15 0.46677719218749997 0.8821227734375 0.3106725625 0.7818044671875 0.26597211875000004 0.81225570625 0.24331132968750002 0.87967243125 0.2662296625 0.930493059375 0.289181325 0.9498698437499999 0.32043497187500003 0.9631422046875 0.368162309375 0.9667183781249999 0.4201224484375 0.95026408125 0.44170761562500005 0.9343925687500001 0.46228381875 0.9071785859375 0.46677719218749997 0.8821227734375
15 0.5171769203125 0.7725578359374999 0.5491486625 0.7103791562499999 0.5499303828125 0.6953031281250001 0.520240171875 0.6518787125000001 0.48465676406249997 0.62970565625 0.440380509375 0.6211750375 0.3954528203125 0.6252077796875 0.359575509375 0.6395039031249999 0.327897671875 0.6652134015625 0.3069306078125 0.6999654 0.304846021875 0.7401681421874999 0.3216439109375 0.785821625 0.347395221875 0.812807325 0.3661474125 0.820770740625 0.5171769203125 0.7725578359374999
15 0.6330411515625001 0.909715409375 0.7093527749999999 0.9164423578124999 0.748290309375 0.904729803125 0.792860465625 0.8767912359375 0.8175391828125 0.8320594531250001 0.8145456203125001 0.766588196875 0.7824466250000001 0.7080168546875 0.7282413109375 0.6753677109375 0.6713333109375 0.664040821875 0.626405621875 0.6680735609374999 0.5708641140624999 0.691994971875 0.5386651296875 0.7277551546875001 0.52023714375 0.7751414078125001 0.5219944984375 0.8028516937499999 0.557023428125 0.8665192796875001 0.5799750921875 0.8858960640625 0.6330411515625001 0.909715409375
15 0.7540259515625001 0.67090956875 0.7993445 0.659338815625 0.8339522734375 0.6387255609375 0.8749743921875 0.5868102640624999 0.84495998125 0.48803618281250005 0.8033864156250001 0.458183309375 0.749929496875 0.4419019765625 0.7020718734375 0.44083847499999995 0.653432528125 0.4548510015625 0.61869446875 0.4779769265625 0.5945368984375 0.5126580234375 0.58887094375 0.5603278781250001 0.59648816875 0.5982306484375 0.640340234375 0.6457431203125 0.6777143265625 0.664182621875 0.7540259515625001 0.67090956875
15 0.5957094781250001 0.49004398125000004 0.5637074390625 0.460403809375 0.5262030609374999 0.444476978125 0.4783454359375 0.443413475 0.38116370625 0.500369696875 0.37282838906250004 0.5379179671875 0.380575903125 0.573308065625 0.406196925 0.6028064375 0.440380509375 0.6211750375 0.49142864062499997 0.622309440625 0.5694339921875 0.5963716625 0.5876983640625 0.5829419203125 0.5957094781250001 0.49004398125000004
15 0.272980328125 0.46148990625 0.3259161015625 0.48782192343749997 0.3704529296875 0.49132719687500004 0.412450684375 0.48219821406249996 0.4801361203125 0.43967991875 0.49752181562500003 0.41239503437499997 0.5034483437499999 0.3596998390625 0.48612930624999995 0.3240970390625 0.4663681515625 0.304791153125 0.410241871875 0.2783882359375 0.3561335171875 0.27467026250000004 0.3141357640625 0.28379924375 0.256021853125 0.3265302390625 0.2420872421875 0.3488606796875 0.2338822109375 0.383896278125 0.23576985156250002 0.4090938921875 0.2473593046875 0.431991534375 0.272980328125 0.46148990625
15 0.6046659296875 0.3481135015625 0.639534275 0.3224749046875 0.65718054375 0.290164678125 0.6536658328125 0.23474410781250002 0.63953730625 0.199212209375 0.6197761515625 0.1799063234375 0.563519584375 0.156016078125 0.525233484375 0.1551652765625 0.47327334531250004 0.17161957187500002 0.43482363125 0.2047252828125 0.41346570781249997 0.2470152953125 0.4149624890625 0.279750921875 0.5082992468749999 0.358549853125 0.543264553125 0.3618424265625 0.6046659296875 0.3481135015625
15 0.747002590625 0.3135430390625 0.6962150328125001 0.30738329375 0.6544778531250001 0.311486934375 0.5996847359374999 0.3517761578125 0.5658253546875 0.388757228125 0.5567083171875 0.4413815234375 0.5653678375 0.4591829234375 0.6069414 0.4890357953125 0.8097674328125001 0.45832511093750006 0.82549273125 0.43226111093749997 0.7859067953125 0.3332743265625 0.747002590625 0.3135430390625
15 0.353567175 0.0469544546875 0.35747274375 0.0948370109375 0.39494379375 0.142207684375 0.448009853125 0.166027028125 0.47340363124999996 0.1691069015625 0.5671009515625001 0.1485489640625 0.5953277078125 0.127793909375 0.6192247046875 0.0981381546875 0.6303596703125 0.0681988 0.626063240625 0.027854259375000003 0.61647058125 0.013699346875 0.373068303125 0.00829040625 0.3645718515625 0.0195277703125 0.353567175 0.0469544546875
15 0.14015459218749998 0.3126353609375 0.1684783078125 0.320811478125 0.21952643906249997 0.32194588125 0.2645844140625 0.31540046718750003 0.309284859375 0.28494922968749997 0.3366329375 0.25033903281250003 0.34574997500000004 0.197714734375 0.33468166718750003 0.16476640781250002 0.2843182984375 0.11962480625000001 0.23737268125000002 0.100972603125 0.176753025 0.0996255 0.1378154921875 0.1113380546875 0.0997566375 0.136905753125 0.0721479859375 0.1765412921875 0.0676546109375 0.20159710468749997 0.098581028125 0.2827824875 0.14015459218749998 0.3126353609375
15 0 0.5508455296875 0.03564348125 0.5417450171875 0.06387023750000001 0.5209899625000001 0.07780485000000001 0.4986595234375 0.0825587984375 0.4685783671875 0.07402956875 0.44826429531249995 0.0420275265625 0.4186241234375 0.010773878125 0.405351765625 0 0.40425939218750007 0 0.5508455296875
15 0.1895726265625 0.406809503125 0.1640485609375 0.40624230156249996 0.14132414375 0.41328401562500006 0.1030047140625 0.44387705468750005 0.082298225 0.473603709375 0.07702313125 0.51373555 0.10238358125 0.5482592640624999 0.2201718125 0.5559079125 0.282518525 0.493146446875 0.280630884375 0.467948834375 0.25474928750000003 0.44347580625000005 0.1895726265625 0.406809503125
15 0.2576125625 0.51145973125 0.22886465937499997 0.542265471875 0.2246318578125 0.5622959421875 0.2748316125 0.64139405625 0.291923403125 0.6505783578125001 0.33646023125 0.6540836328124999 0.419837634375 0.61694518125 0.3800244546875 0.491539896875 0.3195350859375 0.4876801234375 0.29362015937499997 0.49465093437499996 0.2576125625 0.51145973125
15 0 0.36899119687500004 0.03908715 0.377076125 0.1141846375 0.28318878281250004 0.043865559375 0.20283425312499997 0 0.20388955625 0 0.36899119687500004
15 0.076644390625 0.028222782812500003 0.0659002859375 0.0506241265625 0.066745634375 0.09592310937500001 0.089306434375 0.1228379078125 0.11150970625 0.12584688125000001 0.179943534375 0.09969639999999999 0.2476289671875 0.057178106250000006 0.2389694515625 0.03937670625 0.2129575671875 0.0174163484375 0.1814402140625 0.0040320046875 0.12350839531249999 0.00274463125 0.095039046875 0.01228036875 0.076644390625 0.028222782812500003
15 0 0.76951358125 0.045538890625 0.704122196875 0 0.6266640625 0 0.76951358125
15 0 0.832157271875 0.0113059421875 0.8307697468749999 0.075601203125 0.7399951546875 0.0240213484375 0.7086733 0 0.7231794625 0 0.832157271875
15 0 0.190340209375 0.069287253125 0.20507565625000002 0.12082825156250002 0.1140176359375 0.05527858125 0.10585522812499999 0 0.1583365171875 0 0.190340209375
15 0 0.40172406250000003 0.020865871875 0.4001412453125 0.0741792390625 0.48011787031250003 0.1530490890625 0.43660708281250005 0.1543096109375 0.3712545546875 0.08268815 0.3160174453125 0.0456379265625 0.3738688984375 0 0.36359689687499996 0 0.40172406250000003
15 0.36697350625 0.2100144296875 0.3684525453125 0.0994033078125 0.26425083125 0.056853537499999995 0.1986561953125 0.0906007828125 0.2516253609375 0.09513067343750001 0.3060674546875 0.1533389703125 0.36697350625 0.2100144296875
15 0.5506108953125 0.1570967921875 0.6573724125 0.19132137968750001 0.668605675 0.26198081875 0.726784378125 0.16604103125 0.678458928125 0.1129980859375 0.6020201984375 0.10962297343750001 0.5506108953125 0.1570967921875
15 0.873999953125 0.7745016421875001 0.913655040625 0.6664153500000001 0.830189440625 0.634384925 0.72012855 0.6637910828125 0.818731559375 0.77327345625 0.873999953125 0.7745016421875001