15 0.4175824171875 0.09767441875 0.2954822953125 0.10077519374999999 0.274725275 0.12403100781250001 0.2625152625 0.161240309375 0.2625152625 0.2201550390625 0.2771672765625 0.26356589218750004 0.3003663 0.29302325625000003 0.34188034218749996 0.3147286828125 0.378510378125 0.3147286828125 0.4102564109375 0.29922480625 0.4383394390625 0.26356589218750004 0.452991453125 0.21395348906249997 0.4456654453125 0.148837209375 0.4175824171875 0.09767441875
15 0.1978021984375 0.08837209375 0.1636141640625 0.0821705421875 0.13675213749999998 0.09147286875 0.108669109375 0.1209302328125 0.09401709375 0.158139534375 0.0915750921875 0.2077519375 0.09645909687500001 0.2294573640625 0.108669109375 0.257364340625 0.13675213749999998 0.29612403125000003 0.16849816875 0.31162790625 0.2075702078125 0.3147286828125 0.2490842484375 0.29302325625000003 0.2698412703125 0.26356589218750004 0.264957265625 0.139534884375 0.1978021984375 0.08837209375
15 0.0952380953125 0.150387596875 0.0610500609375 0.1689922484375 0.03052503125 0.2325581390625 0.03052503125 0.2790697671875 0.0610500609375 0.3364341078125 0.1330891328125 0.29457364375 0.0952380953125 0.150387596875
15 0.062271062499999995 0.347286821875 0.050061049999999996 0.3782945734375 0.047619046875 0.4248062015625 0.0647130640625 0.47441860468749997 0.08058608125 0.49457364375 0.1074481078125 0.5131782953124999 0.13186813125000002 0.5162790703125 0.22588522656249999 0.359689921875 0.19536019531249998 0.3178294578125 0.1294261296875 0.29922480625 0.08058608125 0.3240310078125 0.062271062499999995 0.347286821875
15 0.3394383390625 0.37054263593750003 0.30525030468750003 0.351937984375 0.266178265625 0.351937984375 0.222222221875 0.37054263593750003 0.196581196875 0.39689922499999997 0.1892551890625 0.4155038765625 0.23931623906250002 0.559689921875 0.3003663 0.5875969000000001 0.315018315625 0.5875969000000001 0.35653235625 0.556589146875 0.3772893765625 0.5209302328125001 0.384615384375 0.47751937968749997 0.37973137968750004 0.4341085265625 0.365079365625 0.4 0.3394383390625 0.37054263593750003
15 0.31868131875 0.6077519375 0.2832722828125 0.5782945734375 0.2368742375 0.5627906984375 0.210012209375 0.5658914734375 0.1489621484375 0.6031007749999999 0.13064713125 0.6263565890625 0.108669109375 0.6790697671875 0.103785103125 0.753488371875 0.115995115625 0.790697675 0.14407814375 0.8325581390625001 0.1880341875 0.854263565625 0.25152625156249997 0.8480620156249999 0.3076923078125 0.8139534890625001 0.3382173375 0.759689921875 0.3479853484375 0.70387596875 0.34310134375 0.660465115625 0.31868131875 0.6077519375
15 0.527472528125 0.643410853125 0.49328449374999994 0.6217054265625 0.44688644687499995 0.6186046515625 0.4102564109375 0.6279069765624999 0.365079365625 0.6728682171875 0.3479853484375 0.71007751875 0.34310134375 0.7844961234375 0.3553113546875 0.8279069765625 0.37606837656250003 0.860465115625 0.427350428125 0.89767441875 0.522588521875 0.8635658921875 0.55067155 0.8217054265625 0.565323565625 0.7689922484375 0.565323565625 0.7224806203125 0.55067155 0.6759689921875001 0.527472528125 0.643410853125
15 0.42979242968750003 0.4170542640625 0.4017094015625 0.44341085312499995 0.384615384375 0.47751937968749997 0.384615384375 0.5271317828125001 0.4114774109375 0.6015503875 0.42490842500000003 0.6186046515625 0.515262515625 0.6217054265625 0.54334554375 0.5891472875 0.5579975578124999 0.5519379843750001 0.5579975578124999 0.50542635625 0.5006105 0.41395348906249996 0.4639804640625 0.40775193749999994 0.42979242968750003 0.4170542640625
15 0.709401709375 0.337984496875 0.6666666671875 0.28372092968749996 0.6446886453125 0.27131782968749996 0.6105006109375 0.2651162796875 0.5860805859375 0.2682170546875 0.5641025640625 0.2806201546875 0.5360195359375 0.30697674375 0.5115995109375 0.359689921875 0.509157509375 0.40310077499999997 0.5189255187499999 0.44341085312499995 0.5616605609375 0.50697674375 0.5885225890625 0.5224806203125001 0.6398046390625 0.5255813953125 0.6739926734374999 0.50697674375 0.6923076921875 0.4868217046875 0.7167277171875 0.43100775156250004 0.71916971875 0.3782945734375 0.709401709375 0.337984496875
15 0.8217338218749999 0.4868217046875 0.7887667890625 0.45116279062500003 0.747252746875 0.43255813906249996 0.715506715625 0.4356589140625 0.641025640625 0.5302325578125 0.6385836390625 0.5643410859375 0.653235653125 0.6232558140625 0.678876678125 0.655813953125 0.7106227109375001 0.6713178296875 0.7643467640625 0.6651162796875 0.7985347984375 0.649612403125 0.8168498171874999 0.6294573640625 0.8388278390625 0.5736434109374999 0.8388278390625 0.5364341078125 0.8217338218749999 0.4868217046875
15 0.5616605609375 0.5813953484375001 0.5445665453124999 0.590697675 0.5164835171875 0.6325581390624999 0.55067155 0.8279069765625 0.5763125765625 0.841860465625 0.6715506718750001 0.7984496125 0.689865690625 0.759689921875 0.6947496953125001 0.71007751875 0.689865690625 0.6697674421875 0.64957265 0.6186046515625 0.6129426125 0.5875969000000001 0.5616605609375 0.5813953484375001
15 1 0.4020222453125 0.99389499375 0.3922480625 0.9670329671875001 0.37364341093750003 0.940170940625 0.3643410859375 0.8937728937499999 0.37054263593750003 0.8485958484375 0.40930232499999997 0.8266178265624999 0.46201550312500006 0.8241758234375001 0.4868217046875 0.846153846875 0.5767441859375 0.8669108671875 0.6031007749999999 0.896214896875 0.6248062015625 0.9255189250000001 0.6341085265624999 0.9645909640625 0.6279069765624999 0.99389499375 0.60620155 1 0.5984496125 1 0.4020222453125
15 0.8852258859375001 0.1953488375 0.8730158734375 0.158139534375 0.847374846875 0.1224806203125 0.8083028078125001 0.09767441875 0.783882784375 0.09457364375 0.70573870625 0.1286821703125 0.677655678125 0.17054263593750002 0.6703296703125 0.19844961249999998 0.6703296703125 0.24806201562500002 0.677655678125 0.29147286875 0.7081807078125 0.3333333328125 0.7423687421875 0.358139534375 0.79365079375 0.3643410859375 0.825396825 0.351937984375 0.8681318687499999 0.30077519375 0.8852258859375001 0.25426356562499997 0.8852258859375001 0.1953488375
15 0.443035596875 0 0.440781440625 0.037209301562500005 0.452991453125 0.0806201546875 0.47374847343750004 0.10697674374999999 0.49572649531249996 0.11937984531250001 0.525030525 0.1224806203125 0.5445665453124999 0.11317829531250001 0.572649571875 0.0806201546875 0.584859584375 0.049612403124999996 0.5873015875 0.018604651562499998 0.581568190625 0 0.443035596875 0
15 0.48107448125 0.11937984531250001 0.4481074484375 0.145736434375 0.44322344375 0.260465115625 0.50549450625 0.3178294578125 0.5299145296875001 0.3147286828125 0.553113553125 0.28837209375 0.5873015875 0.2232558140625 0.5873015875 0.19844961249999998 0.5799755796875 0.17674418593750002 0.54945055 0.141085271875 0.5201465203125 0.1224806203125 0.48107448125 0.11937984531250001
15 0.352869353125 0.3348837203125 0.35042735 0.3782945734375 0.3882783875 0.45736434062500003 0.509157509375 0.41240309999999997 0.5115995109375 0.35348837187500004 0.5042735046875 0.3286821703125 0.4871794875 0.29457364375 0.45665445625 0.2682170546875 0.4371184375 0.2651162796875 0.36141636093749996 0.3178294578125 0.352869353125 0.3348837203125
15 0.6267419921874999 0 0.6129191296875 0.0756744234375 0.7056809 0.1438499265625 0.7821686265625 0.0715425421875 0.7788535125 0 0.6267419921874999 0
15 0.9304029296874999 0.0852713171875 0.8864468859375 0.08837209375 0.8608058609375 0.11162790625 0.8583638578125001 0.13333333281249998 0.8852258859375001 0.19844961249999998 0.927960928125 0.262015503125 0.9450549453124999 0.252713178125 0.9658119656249999 0.22635658906249997 0.9804639796875 0.1891472875 0.9829059828125001 0.151937984375 0.96825396875 0.11162790625 0.952380953125 0.09457364375 0.9304029296874999 0.0852713171875
15 0.37516854843749997 0 0.3932201984375 0.061212890625 0.420885940625 0.0426195703125 0.44326784531249996 0 0.37516854843749997 0
15 0.2486238375 0 0.2304802015625 0.057081103125 0.2955762296875 0.09839952656249999 0.37206395625 0.0488173421875 0.3694568109375 0 0.2486238375 0
15 0.227220065625 0 0.16375687187500002 0.015762584375 0.17189381875 0.0715425421875 0.261400840625 0.12938839375 0.29069403125000004 0.077740315625 0.2404467859375 0 0.227220065625 0
15 0.7805411765625 0.0963336359375 0.8700481984374999 0.1417839390625 0.8765578453125 0.077740315625 0.7984426703125 0.0013011453125 0.7805411765625 0.0963336359375
15 0.5843114546875 0 0.5901354375000001 0.059146996875 0.5136477109375 0.1149269546875 0.557587496875 0.18930023125 0.6210560765625 0.18723433750000001 0.6731328109375 0.1149269546875 0.6161738796875 0.08187219531249999 0.6325903703125 0 0.5843114546875 0
15 0.7821686265625 0.385563078125 0.8895769921875001 0.381431196875 0.928634578125 0.278134946875 0.894459190625 0.2161572171875 0.891204440625 0.2678053890625 0.8358728078125001 0.32358534687499996 0.7821686265625 0.385563078125
15 0.8375002578125 0.5611666171875 0.8065796171875 0.666528759375 0.7382288406249999 0.6809902 0.8326180593749999 0.732638371875 0.88306734375 0.6830561859375 0.8846947937499999 0.6086829093749999 0.8375002578125 0.5611666171875
15 0.24512679531249998 0.8524620484375 0.24512679531249998 0.9061760187499999 0.3509077125 0.939230871875 0.380200903125 0.856593834375 0.3492804125 0.7512316921875 0.24512679531249998 0.8524620484375