15 0.3498166421875 0.9220625312499999 0.3532861546875 0.8700198562500001 0.34076596718749996 0.8461824531250001 0.3088414265625 0.82240506875 0.26731570625 0.8103702 0.23559316875 0.8100178265625001 0.21062636562499998 0.8141494890625 0.1745346671875 0.8264244359375 0.1394710453125 0.84973328125 0.1201034765625 0.8756965343750001 0.11209959218750001 0.9428447515625 0.1180292546875 0.9597199 0.1394897609375 0.9817276765624999 0.1505673359375 0.9855177328125 0.29673285312500003 0.975773365625 0.32641034687500003 0.9556966593749999 0.3498166421875 0.9220625312499999
15 0.43809945 0.7089315140625 0.470023990625 0.7327088984375 0.5184706625 0.7467495796875 0.5572793703125 0.7466295390625 0.6147947874999999 0.7304591375 0.6498584125 0.7071502921875 0.6810117328125 0.6631308609375 0.6871982546875001 0.623243096875 0.668417975 0.5874869890625 0.636163003125 0.56866605 0.5946372859375 0.55663118125 0.5700009140625 0.5558063984375 0.53794794375 0.5604104703125 0.49460486406250004 0.5756360500000001 0.47066613593750006 0.5908016125 0.4517942125 0.6093301984374999 0.42789227187499995 0.6503989953125 0.4257444796875 0.6826158890625 0.43809945 0.7089315140625
15 0.358866671875 0.759857053125 0.3839986890625 0.7532471703125 0.40946113593750005 0.7416808390625 0.44114689062499995 0.7161299765625 0.4445428296875 0.6122808328125 0.43288550312499996 0.60195555 0.363510759375 0.5843756578125 0.31745066875 0.5874463296875 0.2739423734375 0.605150134375 0.24209140312500002 0.6331792203125 0.22981000312500002 0.6586700609375 0.2270013515625 0.7007998453125001 0.23935632187500003 0.727115471875 0.2746587328125 0.753134875 0.3058856296875 0.7609219140625 0.358866671875 0.759857053125
15 0.5955182156250001 0.4640521421875 0.5872755453125 0.48187211249999995 0.58545818125 0.5091325609374999 0.5942700703125 0.5356843921875 0.6224863140625 0.5621762046875001 0.6429187421875 0.573150084375 0.67752350625 0.583179140625 0.7019946640625 0.586482146875 0.7409685890625 0.5838838859375 0.7696436890625 0.5770377953125 0.7951061359375 0.5654714656250001 0.8303349734375001 0.5396843984374999 0.849702540625 0.5137211453125 0.8579452125 0.495901175 0.8597625765625001 0.4686407265625 0.850785471875 0.4445671171875 0.8191913609375 0.4158332859375 0.7847518109375 0.4033260078125 0.7567375703125 0.40025920625 0.675081425 0.4081701578125 0.6423675953125 0.422687121875 0.6071387578125 0.44847418906250003 0.5955182156250001 0.4640521421875
15 0.4576870890625 0.6003021109375 0.5613910265625 0.552679578125 0.573341996875 0.53214518125 0.57870244375 0.5046485265625 0.5731032093749999 0.482816934375 0.5482648375 0.4585671390625 0.49627508125 0.44476266249999996 0.4397509546875 0.44606373125000004 0.400116171875 0.45857488281250003 0.36892606250000004 0.476691078125 0.33810316875 0.5157540609375 0.33579016093749997 0.5504491781249999 0.3516882171875 0.5765285984374999 0.377022234375 0.593343725 0.40824913125 0.601130765625 0.4576870890625 0.6003021109375
15 0.5448869671875001 0.45632512187499996 0.601741525 0.4500676078125 0.6735577046875 0.4045709265625 0.68971261875 0.37388743281250003 0.695899140625 0.3339996640625 0.68659160625 0.3148825 0.6028425265624999 0.2748224203125 0.5530741375 0.28060752031249997 0.52406860625 0.29241005625 0.48496625312499997 0.323389775 0.46056866875 0.3718932390625 0.45875130468750003 0.3991536875 0.47448414687499996 0.42771132968750003 0.499818165625 0.4445264578125 0.530879846875 0.45479172031250004 0.5448869671875001 0.45632512187499996
15 0 0.7800176546875 0.025982001562500003 0.7795821562499999 0.06932508125 0.7643565765625 0.10068040781250001 0.743762159375 0.1237562734375 0.7150844765625 0.1250779921875 0.6952586953125001 0.0517561609375 0.6310649859375 0.036225321875 0.625932353125 0.0115889484375 0.6251075703125 0 0.6267722015625 0 0.7800176546875
15 0.075272815625 0.6751405625 0.10954715156249999 0.6901260625 0.130475225 0.6936652765625 0.17299223125000002 0.690830809375 0.20554084687500002 0.67879206875 0.22964478906250002 0.6611482828125 0.260963328125 0.6146506328125 0.2624502609375 0.5923466296875 0.25009528593749997 0.566031003125 0.23827274687500002 0.55818394375 0.1478047140625 0.5395430625000001 0.108500359375 0.5470977687499999 0.08658099687500001 0.55842789375 0.069893653125 0.5706428203125 0.054399598437499995 0.5914134234375 0.0517561609375 0.6310649859375 0.060402835937499996 0.6600950390625 0.075272815625 0.6751405625
15 0.140883759375 0.5375372515625 0.19608616875 0.556061965625 0.2561533796875 0.55452469375 0.28853677968749997 0.5449641749999999 0.3067478421875 0.5363484781250001 0.34197668124999997 0.5105614109375 0.36134425000000003 0.48459815624999997 0.3638224734375 0.44742481874999995 0.347924415625 0.42134539687499994 0.29523701562500004 0.3915505765625 0.2535460828125 0.38199393125 0.21457216093749998 0.3845921921875 0.1676859953125 0.400053978125 0.1290792875 0.42359903125000004 0.10196469374999999 0.45994758593749996 0.09948647031249999 0.4971209265625 0.11217187343749999 0.51848010625 0.140883759375 0.5375372515625
15 0 0.24377102343749998 0.0149474578125 0.257269634375 0.05630795937500001 0.2717827265625 0.11637517187499999 0.270245453125 0.1489237875 0.2582067125 0.1802791109375 0.23761229374999998 0.20755892031249998 0.198785515625 0.2095414984375 0.16904684375 0.19380865625000002 0.1404892 0.1617188984375 0.1191900390625 0.1304920046875 0.11140299843749998 0.091683296875 0.11152303906250001 0.044962346874999996 0.1245066015625 0.013607023437499999 0.1451010203125 0 0.16465389375 0 0.24377102343749998
15 0.30757327343749996 0.2858718078125 0.337313234375 0.31596285156250004 0.36264725468750003 0.3327779796875 0.390331065625 0.340801225 0.411424353125 0.3418622140625 0.44702040781249996 0.3370219359375 0.479569021875 0.32498319531250003 0.52592275625 0.2910528421875 0.54578596875 0.2576549203125 0.54472110625 0.22071778593750002 0.5154767890625 0.183192075 0.48997755625000006 0.1688551703125 0.45166449374999995 0.161540540625 0.41639886875 0.161424375 0.3914320671875 0.16555603593749998 0.340837603125 0.18373224999999999 0.30915185 0.20928311093750002 0.2933273640625 0.2350101625 0.2920056453125 0.25483594374999996 0.30757327343749996 0.2858718078125
15 0.3054067640625 0.18609430625 0.330043134375 0.186919090625 0.3914320671875 0.16555603593749998 0.4273217640625 0.129856078125 0.43993359375 0.0994087890625 0.43787744375 0.0773409921875 0.41538886562500005 0.0442993140625 0.3829686796875 0.027956596875 0.3411125296875 0.0208781734375 0.2984303078125 0.026190864062500003 0.262173396875 0.040944032812499996 0.2304876421875 0.0664948953125 0.21449794375 0.094700165625 0.21284579531249997 0.11948239218750001 0.235169159375 0.1550022921875 0.2775577375 0.1805492828125 0.3054067640625 0.18609430625
15 0.13413112656249998 0 0.15230101093749998 0.0223631703125 0.1811781109375 0.038942093750000004 0.2054840546875 0.044723323437500004 0.2549220125 0.0438946671875 0.31276786093750003 0.0227678171875 0.3470176125 0 0.13413112656249998 0