15 0.297427840625 0.948324375 0.322419665625 0.9120076125000001 0.3253609484375 0.8552828984374999 0.311314203125 0.8290721031249999 0.276097375 0.8026120593750001 0.2305956734375 0.7888079203125 0.1959791875 0.7879089328125 0.168806253125 0.792011815625 0.1296276203125 0.8048189578124999 0.09174963281250001 0.8296812750000001 0.0710398296875 0.8576942609374999 0.0633963421875 0.9308262812500001 0.0701395921875 0.9493340328125001 0.093910965625 0.9736936296875 0.1399700296875 0.9900536796875 0.2304616015625 0.9853615250000001 0.251546053125 0.9789895312500001 0.297427840625 0.948324375
15 0.415283409375 0.6809036390625 0.4505002375 0.707363684375 0.5035855546875 0.7234685140625 0.5459257203125001 0.7239670125 0.608415446875 0.7072572312500001 0.6462934359375 0.682394915625 0.6795691828125 0.6348729578125 0.6856719984375 0.5914538859375 0.6646018796875001 0.55213769375 0.6291049296875 0.531080003125 0.58360323125 0.5172758625 0.5567104203125 0.515976390625 0.521813809375 0.5204797578125 0.4747714375 0.5363885640625 0.44889915 0.5525466203125 0.42860952812499997 0.572456078125 0.40319751875 0.6168763687500001 0.4013767265625 0.65199166875 0.415283409375 0.6809036390625
15 0.32966274375000004 0.7351806484375001 0.3569757390625 0.728376590625 0.38456885625 0.716170178125 0.418725065625 0.6888069265625 0.42074578906250004 0.575557740625 0.40785962812500004 0.5641032984375001 0.3318833984375 0.5437975734375 0.28167949375 0.5464007390625001 0.23449706250000002 0.5650107234374999 0.20020079062499999 0.5950751515625 0.187214665625 0.6226876484375 0.18483362812499998 0.6686076562500001 0.1987403109375 0.6975196296874999 0.2376789171875 0.7264806078125 0.27187522343750004 0.7354831234375 0.32966274375000004 0.7351806484375001
15 0.583062759375 0.41628209531250004 0.57435865625 0.43559082031249996 0.5728179843750001 0.46530376406249996 0.5828628296875 0.49441598124999997 0.614077759375 0.5237774453124999 0.6365484859375 0.53608186875 0.67446656875 0.54758531875 0.70121931875 0.55158596875 0.7436995468750001 0.549383290625 0.7748743796875 0.5423789875 0.8024674953125001 0.530172575 0.8404855453125 0.5026090828124999 0.86119535 0.47459609687500004 0.8698994546875 0.4552873703125 0.8714401265625 0.4255744234375 0.86125521875 0.3991633859375 0.8263185125 0.3673009875 0.7885404890625 0.3530963609375 0.7579259015625001 0.34929595468749997 0.6689635468749999 0.3566027328125 0.6335066921875 0.371910809375 0.59548864375 0.3994743015625 0.583062759375 0.41628209531250004
15 0.4348925 0.5627015937500001 0.5472659140625 0.512425234375 0.55997191875 0.4902150890625 0.5653744281249999 0.46030189843749997 0.5589113 0.4363917953125 0.53141815 0.4095312625 0.47447099374999996 0.3936266765625 0.41282163125000004 0.39412939687500004 0.3697811609375 0.40713678125 0.336045134375 0.4263965015625 0.30304950937499997 0.4685161015625 0.3010886546875 0.5063325796875 0.3188571765625 0.535044309375 0.346770509375 0.5538013078125 0.380966815625 0.562803825 0.4348925 0.5627015937500001
15 0.5276963718750001 0.407030328125 0.5896258546875 0.40112525468750004 0.6672427187500001 0.3526510875 0.68437080625 0.31943599218749996 0.690473621875 0.2760169171875 0.68000859375 0.25500823437500003 0.5879846703125 0.20994242812500002 0.533778865625 0.2154470125 0.5023239109375 0.22785366875 0.46016390156250003 0.261019759375 0.434331709375 0.31354358125 0.43279103750000003 0.3432565265625 0.4504194984375 0.37466943124999996 0.4783328328125 0.3934264328125 0.512389078125 0.405130125 0.5276963718750001 0.407030328125
15 0 0.7400713734375 0.013832325000000001 0.735393553125 0.047708414062499996 0.7134326578125 0.0724201171875 0.68251825 0.07354060625 0.660908834375 0 0.5962715984375 0 0.7400713734375
15 0 0.613764675 0.0024066453125 0.62149463125 0.018874521875 0.6381511843750001 0.0565124828125 0.6550569875 0.07940339375 0.6592578812500001 0.12574545937499998 0.656854959375 0.1610622546875 0.644248059375 0.187074603125 0.625388825 0.2204904125 0.5751656953125 0.22175096249999998 0.550855103125 0.207844278125 0.52194313125 0.1948180546875 0.5131898640625 0.09581085624999999 0.491384425 0.05305050625 0.498989459375 0.029319228125000003 0.5109956265625 0.0113106796875 0.52405201875 0 0.5393513375000001 0 0.613764675
15 0.08822723906249999 0.48908373593750004 0.14875611093750002 0.5101904312500001 0.214267309375 0.50948746875 0.2494440421875 0.499581746875 0.26917342031249997 0.490477 0.3071914703125 0.4629135046875 0.32790127343750003 0.43490051875 0.3300021890625 0.394382865625 0.3122336671875 0.3656711359375 0.2542659875 0.332309021875 0.20862422656250001 0.3212060609375 0.16614400000000001 0.3234087390625 0.11523978906250001 0.3395177875 0.0734999625 0.36458035 0.0445062359375 0.4037985296875 0.0424053203125 0.444316184375 0.056592128124999995 0.46782580156250003 0.08822723906249999 0.48908373593750004
15 0 0.1976716375 0.057151825 0.197058375 0.09246861875 0.1844514765625 0.12634470625 0.1624905796875 0.15547849375 0.1205712203125 0.1571592265625 0.0881570984375 0.1395307640625 0.0567441921875 0.1041738734375 0.0329853265625 0.0699775703125 0.023982809375 0.027637403124999998 0.0234843109375 0 0.0307839265625 0 0.1976716375
15 0.266011340625 0.21720863906250001 0.2989470953125 0.250521746875 0.3268604296875 0.2692787484375 0.357194896875 0.2784815078125 0.38022586875000003 0.2799812234375 0.4189843171875 0.2752776125 0.45430111249999994 0.26267071249999996 0.5043248609375001 0.22640295781250003 0.5254548484375 0.190286440625 0.523693925 0.14996903125 0.4911783515625 0.108552390625 0.46312495781249996 0.0924965671875 0.42120497500000004 0.0838945375 0.3827266453125 0.083195796875 0.3555537125 0.0872986765625 0.300647603125 0.10630914843749999 0.26649139375 0.1336723984375 0.2496434265625 0.1614851421875 0.24852293749999999 0.1830945578125 0.266011340625 0.21720863906250001
15 0.165325975 0 0.16136105625 0.007121792187500001 0.159960446875 0.034133559375 0.184892403125 0.073249509375 0.2315546875 0.10181 0.2620292140625 0.10831158437499999 0.2889220234375 0.10961105625 0.3555537125 0.0872986765625 0.3941320046875 0.048930476562500005 0.40739825625000003 0.015915623437500002 0.4056811015625 0 0.165325975 0