15 0 0.32850864999999996 0.0063427015625 0.35344587031249997 0.0319574546875 0.3935546875 0.06367096093749999 0.41448102656249997 0.11490046875 0.41448102656249997 0.139295471875 0.400530134375 0.1649102265625 0.3673967640625 0.17954722812499999 0.32554408437500004 0.18198672968750002 0.2941545765625 0.17954722812499999 0.2697405140625 0.1697892265625 0.23486328125 0.1490534734375 0.2017299109375 0.12465847031249999 0.1842912953125 0.058791959375 0.180803571875 0.04171545625 0.1877790171875 0.018540203124999998 0.21044921875 0 0.2568359375 0 0.32850864999999996
15 0.408860265625 0.57666015625 0.3966627640625 0.5348074781250001 0.38324551093750003 0.5121372765625 0.3661690078125 0.49469866093750003 0.32713700156250003 0.473772321875 0.29542349687499997 0.473772321875 0.26858899375 0.48772321406249997 0.24297423906249999 0.5208565843749999 0.2258977359375 0.5696847093749999 0.2234582359375 0.6080496656250001 0.2356557375 0.6638532359375 0.256391490625 0.6969866078125 0.29786299843749997 0.7248883921875 0.336895003125 0.7283761156249999 0.37348750937499997 0.7074497765625 0.3942232625 0.67431640625 0.408860265625 0.6324637281250001 0.41129976562500004 0.6080496656250001 0.408860265625 0.57666015625
15 0.35641100625 0.28892299062500004 0.332016003125 0.27845982187499996 0.290544496875 0.27845982187499996 0.2637099921875 0.29241071406249997 0.2356557375 0.32903180781249997 0.2258977359375 0.36042131718750003 0.2234582359375 0.412737165625 0.2283372359375 0.437151228125 0.2380952375 0.461565290625 0.2612704921875 0.4912109375 0.3637295078125 0.48772321406249997 0.374707259375 0.47551618281249997 0.3966627640625 0.40576171875 0.3966627640625 0.36042131718750003 0.3820257609375 0.3185686390625 0.35641100625 0.28892299062500004
15 0.5332747859375 0.84521484375 0.5479117875 0.8103376109375 0.5527907890625 0.7824358265625 0.5503512875000001 0.7022181921875 0.5381537859375001 0.6708286828125 0.5149785328125 0.6376953125 0.5003415296875 0.6272321421875 0.48326502656250003 0.6202566968750001 0.4564305234375 0.6202566968750001 0.42959601875000003 0.6307198656249999 0.40154176406250003 0.6603655140625 0.3893442625 0.6812918531250001 0.3771467609375 0.7161690843749999 0.372267759375 0.7405831468749999 0.372267759375 0.7789481031250001 0.3771467609375 0.8068498890625 0.3869047625 0.8312639515625 0.410080015625 0.8643973218750001 0.43447501875 0.8818359375 0.45155152187500003 0.8888113843750001 0.4783860265625 0.8888113843750001 0.5027810296874999 0.8783482140625001 0.5332747859375 0.84521484375
15 0.5027810296874999 0.40401785781250005 0.466188525 0.37611607187499996 0.43203551874999996 0.37611607187499996 0.4052010140625 0.3935546875 0.3869047625 0.41971261093749995 0.3771467609375 0.45110212031249997 0.374707259375 0.49993024531249997 0.41495901562500004 0.5993303578125 0.43447501875 0.6097935265625 0.4613095234375 0.61328125 0.48326502656250003 0.6063058031249999 0.50887978125 0.5801478796875 0.5259562843750001 0.52783203125 0.528395784375 0.472028459375 0.5186377828125 0.43366350468750003 0.5027810296874999 0.40401785781250005
15 0.6467115531250001 0.5086495531249999 0.6003610453125 0.48772321406249997 0.5735265421875 0.48772321406249997 0.5442525375 0.5051618296875 0.5259562843750001 0.5313197546875 0.5137587828125 0.5627092640625 0.51131928125 0.57666015625 0.5137587828125 0.6324637281250001 0.5540105390625001 0.7004743296875 0.5832845437499999 0.7144252234375 0.6223165500000001 0.7179129468750001 0.641832553125 0.7074497765625 0.686963309375 0.6220005578125 0.684523809375 0.5731724328125 0.6747658078125001 0.5452706468749999 0.6467115531250001 0.5086495531249999
15 0.24624316875000002 0 0.2356557375 0.01513671875 0.2283372359375 0.0360630578125 0.2258977359375 0.0848911828125 0.2380952375 0.1267438609375 0.256391490625 0.156389509375 0.2832259953125 0.17731584843749998 0.3027419984375 0.17731584843749998 0.37104800937500004 0.1005859375 0.3771467609375 0.0848911828125 0.3795862609375 0.0604771203125 0.3771467609375 0.0290876109375 0.369828259375 0.008161271874999999 0.3646634890625 0 0.24624316875000002 0
15 0.450331771875 0.1511579234375 0.4405737703125 0.130231584375 0.42959601875000003 0.11453682968750001 0.410080015625 0.1005859375 0.37104800937500004 0.1005859375 0.3417740046875 0.11104910781249999 0.3259172515625 0.1267438609375 0.30884075 0.16162109375 0.3039617484375 0.18254743281250002 0.3039617484375 0.2244001109375 0.31371975 0.25578962031249997 0.32957650312500003 0.27845982187499996 0.37348750937499997 0.3063616078125 0.3954430125 0.3063616078125 0.4222775171875 0.29241071406249997 0.43081576874999994 0.28020368281249997 0.45521077343750005 0.18952287968749998 0.450331771875 0.1511579234375
15 0.604020296875 0.2453264515625 0.5918227953125 0.1999860484375 0.5710870406249999 0.1633649546875 0.5369340359375 0.1389508921875 0.5003415296875 0.1389508921875 0.4783860265625 0.15290178593749998 0.45765027343750003 0.18254743281250002 0.4356947703125 0.2383510046875 0.43325526875 0.2976422984375 0.4405737703125 0.32903180781249997 0.44789227187499997 0.3464704234375 0.47106752500000004 0.3796037953125 0.49546252968750004 0.39704241093750003 0.532055034375 0.39704241093750003 0.5588895390624999 0.3796037953125 0.5918227953125 0.32554408437500004 0.604020296875 0.28369140625 0.604020296875 0.2453264515625
15 0.4281583390625 0 0.42837626875 0.004673548437499999 0.4405737703125 0.0360630578125 0.4613095234375 0.062220982812500006 0.468628025 0.062220982812500006 0.532000253125 0 0.4281583390625 0
15 0.8723653390624999 0.0604771203125 0.8540690859375 0.0308314734375 0.8223555812500001 0.009905134375000001 0.7906420765625 0.0064174109375 0.7638075718749999 0.0168805796875 0.7430718187500001 0.03955078125 0.725995315625 0.081403459375 0.7235558156249999 0.14069475468749998 0.7333138171875 0.1720842640625 0.7516100703124999 0.2017299109375 0.7882025765625 0.2261439734375 0.81747658125 0.2261439734375 0.8467505859375001 0.2087053578125 0.8699258390625 0.1755719859375 0.879683840625 0.144182478125 0.882123340625 0.105817521875 0.8723653390624999 0.0604771203125
15 0.8113778296874999 0.43017578125 0.8089383296875001 0.40576171875 0.7943013265625 0.35693359375 0.7711260734375001 0.32728794687499996 0.7467310687500001 0.31333705312500004 0.727215065625 0.31333705312500004 0.6955015609374999 0.3307756703125 0.66378805625 0.36216517812500004 0.645491803125 0.38832310312499996 0.6357338015625 0.41622488906250005 0.6332943015625 0.437151228125 0.6357338015625 0.472028459375 0.645491803125 0.50341796875 0.6759855578125 0.5470145093750001 0.7076990624999999 0.564453125 0.74429156875 0.5609654015625 0.783323575 0.5295758921875 0.7991803281250001 0.50341796875 0.8089383296875001 0.46505301406250005 0.8113778296874999 0.43017578125
15 0.94067135 0.2697405140625 0.917496096875 0.24009486562500001 0.8906615921875 0.2261439734375 0.8662665890625 0.2261439734375 0.8296740828125 0.25055803593750003 0.801619828125 0.2941545765625 0.7943013265625 0.3220563609375 0.7918618265624999 0.3464704234375 0.8089383296875001 0.40576171875 0.841871584375 0.43889508906249997 0.8711455890625001 0.449358259375 0.8931010921875 0.44587053593750003 0.9272540984375001 0.42145647343750003 0.9455503515625001 0.38832310312499996 0.955308353125 0.3464704234375 0.9528688531249999 0.30461774531249997 0.94067135 0.2697405140625
15 1 0.133347284375 0.995560109375 0.1354631703125 0.9662861046875 0.1598772328125 0.9479898515625 0.18952287968749998 0.94067135 0.2139369421875 0.93823185 0.26276506718750003 0.955308353125 0.3185686390625 0.97604410625 0.35170200937499996 0.997999609375 0.369140625 1 0.3700939359375 1 0.133347284375