15 0.5743945187499999 0 0.573886371875 0.000268125 0.55467135625 0.025849121875 0.541128846875 0.063879140625 0.5406405140625 0.0778631515625 0.5380785125 0.0812739515625 0.53649143125 0.1267219953125 0.5410050203125001 0.13738041406249998 0.5407608546875 0.1443724203125 0.5581446234375 0.171231475 0.616580596875 0.17677237031249998 0.636832446875 0.15647798125 0.6417122859375 0.1566483890625 0.6518382109374999 0.14650119374999998 0.666721890625 0.1400204109375 0.6813614046875001 0.140531634375 0.6902063296875001 0.1320898390625 0.6905725781250001 0.121601828125 0.69313458125 0.118191028125 0.6942333296875 0.08672699843750001 0.69191549375 0.08314579062500001 0.692403825 0.06916177812499999 0.6814250625 0.033775725 0.6745936375 0.0195361 0.6640412921875 0.0069166703125000005 0.653973571875 0 0.5743945187499999 0
15 0.7489185046875 0 0.71979318125 0.0193643703125 0.7005781640625 0.0449453671875 0.697771996875 0.0553481734375 0.6926479921875 0.062169771875 0.692159659375 0.0761537859375 0.6944774953125 0.07973499218749999 0.692524165625 0.13567104531250002 0.69600091875 0.14104285625 0.7080784312499999 0.1449648796875 0.72466953125 0.1595453203125 0.75 0.1955975421875 0.75 0 0.7489185046875 0
15 0.7008807578125 0.1412132640625 0.669161809375 0.1401056140625 0.6292685234375 0.16321437656249999 0.61273759375 0.1818885703125 0.59663308125 0.22332938593749999 0.5938269125 0.23373219218750002 0.5924839984375 0.2721882296875 0.594801834375 0.2757694375 0.5951101249999999 0.2890625 0.75 0.2890625 0.75 0.20034919062499998 0.7490068078125 0.197147996875 0.729305203125 0.166707734375 0.7008807578125 0.1412132640625
15 0.6091387562499999 0.1800127625 0.6043810015625 0.1763463515625 0.5799818109375 0.1754943125 0.577663975 0.17191310625 0.55302061875 0.178053075 0.5111138328125 0.2238432546875 0.50330574375 0.2375716578125 0.5030615765625 0.24456366406250002 0.495009321875 0.2652840734375 0.49232777031249997 0.2890625 0.5937611203125 0.2890625 0.593948996875 0.23023618906249999 0.6049295031249999 0.1956169703125 0.612615509375 0.1853845734375 0.6091387562499999 0.1800127625
15 0.781721771875 0 0.763595809375 0.03138814375 0.75 0.065726134375 0.75 0.2890625 1 0.2890625 1 0 0.781721771875 0
15 0.1808731125 0.4813217109375 0.24096446093749999 0.5066858078124999 0.3406016375 0.5171449124999999 0.404508590625 0.50309063125 0.45562552343749996 0.471140465625 0.4841268375 0.42327786562499997 0.4867235265625 0.348918428125 0.47762825 0.32998828593749996 0.43761716406250006 0.2890625 0.1088063859375 0.2890625 0.0953208671875 0.3119846859375 0.09800213437500001 0.3748956015625 0.1252068234375 0.4340097625 0.1808731125 0.4813217109375
15 0.4895670890625 0.4071818796875 0.519370184375 0.46173364687499996 0.5607443828124999 0.499240240625 0.616044653125 0.5221104640625 0.7112153375 0.5207807640625 0.75 0.5080689765625 0.75 0.2890625 0.5337742609375 0.2890625 0.52009706875 0.3012259703125 0.49167689843750007 0.3467648375 0.4895670890625 0.4071818796875
15 0 0.5700820390625 0.0563085015625 0.556075065625 0.13389636875 0.4645585671875 0.09337163281250001 0.2979572203125 0.083764525 0.2890625 0 0.2890625 0 0.5700820390625
15 0.488225596875 0.3408279015625 0.5268038953125 0.2890625 0.4261880015625 0.2890625 0.488225596875 0.3408279015625
15 0.511334959375 0.6219861109375 0.4874624296875 0.6769900515625 0.4853526203125 0.7374070921875 0.514912275 0.79893005625 0.5538503609375 0.8363515781249999 0.6349741125 0.8880423703125 0.663882878125 0.8983581515625 0.7392400734375 0.905642815625 0.75 0.9018880640625 0.75 0.5634325234374999 0.6879108328125 0.5595185765624999 0.5530320296875 0.5804007328125 0.53179761875 0.5947818890625001 0.511334959375 0.6219861109375
15 0.21856115312500002 0.868847778125 0.2943240828125 0.8645137796875 0.38632661874999996 0.8142155578124999 0.4210399359375 0.7630800375 0.43281305000000003 0.7053270109375 0.42306688281250004 0.635189684375 0.39419783124999996 0.588813515625 0.24900483437499998 0.5558244718750001 0.083756628125 0.6082180296875 0.0596803734375 0.6341327796875 0.043765353125 0.6708020703125 0.0411686640625 0.7451615078125 0.056841962499999996 0.7852604546874999 0.177390678125 0.860430375 0.21856115312500002 0.868847778125
15 0 0.9165291625 0.1935111390625 0.922647315625 0.1756451703125 0.8754921 0.144015421875 0.838325790625 0.09147585 0.806245709375 0.031222207812500003 0.7855290765625 0 0.7862985390625 0 0.9165291625
15 0.45226395 0.8118650078125 0.415641115625 0.8129126765624999 0.3810486609375 0.8256640796875001 0.30390623906249997 0.8695015265625001 0.2821038046875 0.9001488125 0.2765824078125 0.9185685296875 0.2872609015625 0.9270844109375 0.666198128125 0.936827340625 0.651377728125 0.9072277265625001 0.5606718203125001 0.8505491875000001 0.522343190625 0.8305981921875001 0.45226395 0.8118650078125
15 1 0.40261214843750004 0.99888721875 0.401535975 0.9446346390624999 0.2890625 0.75 0.2890625 0.75 1 0.9699073109375 1 1 0.9816191859375 1 0.40261214843750004