15 0.5515555453125 0.0708758796875 0.550520165625 0.085249684375 0.5477540421875 0.08868108125 0.544389059375 0.13539595625 0.5486270859375 0.146500425 0.5481093968749999 0.153687328125 0.564972665625 0.181853634375 0.6248885546875 0.18933641875 0.6464998671875 0.16907215312499999 0.6515144296875001 0.1693962640625 0.6623200859375 0.15926412968749998 0.6778814578125 0.1530495609375 0.6929251421875 0.15402189375 0.7023477359375 0.1456054578125 0.70312426875 0.1348251015625 0.705890396875 0.1313937046875 0.7082199984375 0.0990526375 0.7059715625 0.09529712968750001 0.7070069390625 0.0809233234375 0.6970589859375 0.044178525 0.6905725234375 0.0293185515625 0.683501996875 0.0202519109375 0.5790324203125 0.017156515625 0.566939240625 0.0321581859375 0.5515555453125 0.0708758796875
15 0.716340696875 0.0562553265625 0.7130568828125 0.066873628125 0.70752463125 0.0737364203125 0.7064892515625 0.0881102265625 0.7087376875 0.0918657328125 0.704596171875 0.149360965625 0.707968825 0.15499422499999999 0.7202463828125001 0.15939795625 0.7367619671875001 0.174906153125 0.7614515640625 0.2127739390625 0.7684887453125 0.0227700375 0.7504491468750001 0.0222355296875 0.7370866359375 0.030519853125000003 0.716340696875 0.0562553265625
15 0.5964584390625001 0.286778875 0.598706875 0.2905343828125 0.598517503125 0.3042215296875 0.757889721875 0.30894367031250003 0.761270484375 0.2176630953125 0.7603705453125 0.21433898281250002 0.7412588390625 0.1824171671875 0.7129833875 0.1553183359375 0.6803887375000001 0.15321161562500002 0.6384603359375001 0.17577289062499998 0.6207393671875 0.194483515625 0.6025895453125 0.23663260312499998 0.5993057312500001 0.24725090156250001 0.5964584390625001 0.286778875
15 0.5060186609375 0.248441753125 0.505500971875 0.25562865625 0.49642606093749997 0.2767032015625 0.49276074062499997 0.301087996875 0.5971294609375 0.304180403125 0.5995645765625001 0.2436574515625 0.6121821453125 0.208371153125 0.620480521875 0.198076965625 0.6171078671875 0.1924437046875 0.6123521515625 0.1885261421875 0.5872793453125 0.1869055859375 0.585030909375 0.1831500796875 0.5594404140625 0.188716428125 0.51457588125 0.23455410937500001 0.5060186609375 0.248441753125
15 0.7664008140624999 0.0791441953125 0.757889721875 0.30894367031250003 0.9894009765625 0.3158032625 1 0.0296296296875 0.7946295625 0.0235445796875 0.7816986531250001 0.0442269953125 0.7664008140624999 0.0791441953125
15 0.484713275 0.36250523281249997 0.47607619687499997 0.34274998437500004 0.43646686875 0.2994200296875 0.098140665625 0.28939555 0.083391353125 0.31256994531250004 0.0837527515625 0.377383178125 0.109491940625 0.4390374296875 0.1649661484375 0.4894156359375 0.22582987812500002 0.5173457515625 0.3279518609375 0.531145178125 0.394243803125 0.5186325171874999 0.44805758906250004 0.4873161546875 0.47920768750000003 0.4389373859375 0.484713275 0.36250523281249997
15 0.757889721875 0.30894367031250003 0.5354066468750001 0.302351578125 0.520870115625 0.3144500703125 0.48989206249999995 0.360440334375 0.48541877343750006 0.4225414578125 0.514005434375 0.47958050312499995 0.5551476234375 0.5194338734375 0.6111766656250001 0.54465188125 0.709152159375 0.5461851765625 0.7495436375 0.53428795625 0.757889721875 0.30894367031250003
15 0 0.5699055921875 0.0339480078125 0.5625346609374999 0.117268771875 0.470735203125 0.08192028125 0.2980771140625 0.072374121875 0.288632096875 0 0.286487678125 0 0.5699055921875
15 0.486567134375 0.35422636875 0.5282345671875001 0.302139071875 0.424706959375 0.29907158749999996 0.486567134375 0.35422636875
15 0.6460609093749999 0.9332462125 0.7233212499999999 0.9430391078125 0.7345356453125 0.9395037374999999 0.747433796875 0.5912536625 0.6836969921875 0.5853335328125 0.54411915 0.6027079359374999 0.5217221890625 0.6168578921875 0.49963064062500007 0.6442255265625 0.4729711296875 0.7000934171875 0.468497840625 0.7621945390625 0.49656835 0.8263990984375 0.535207171875 0.8660906671875 0.616708678125 0.9217505609375 0.6460609093749999 0.9332462125
15 0.3803678625 0.606521784375 0.23223031249999998 0.5681515625 0.0602033453125 0.6170233984375 0.034442768750000005 0.642954078125 0.016669762499999997 0.6801993359375 0.011164175 0.7566314890625 0.0257629171875 0.7983686875 0.146935540625 0.879389121875 0.1889766671875 0.8893052828125001 0.26709725624999997 0.887155653125 0.363679053125 0.8382067453125 0.4013456515625 0.7866497265625 0.41566036874999995 0.7275843171874999 0.4083050109375 0.6551201609375 0.3803678625 0.606521784375
15 0 0.9340165359375 0.1611514953125 0.94389801875 0.1445655359375 0.8948335015625 0.11343682031249999 0.855627340625 0.060599346875 0.82101711875 0 0.79809418125 0 0.9340165359375
15 0.25744518125 0.951321675 0.64697714375 0.9728992421875 0.6328558640625 0.9419912171875 0.54168498125 0.8809071046874999 0.503007471875 0.859210221875 0.43161411562499996 0.8377984093749999 0.39389153125 0.8377598718750001 0.357812065625 0.849825665625 0.27676663281249997 0.892579871875 0.25316532812500003 0.9234493640625001 0.24678219218750003 0.942233796875 0.25744518125 0.951321675
15 0.9640603562500001 1 0.98700195625 0.3805768203125 0.958156875 0.3148775109375 0.757889721875 0.30894367031250003 0.7322950421875001 1 0.9640603562500001 1