15 1 0.184385175 0.9934091765625 0.1789252953125 0.8669224203124999 0.11784531093749999 0.7542201953125 0.1140720859375 0.7508148578125 0.1178064515625 0.6898228625 0.2890625 1 0.2890625 1 0.184385175
15 0.5770441046875 0 0.5484358015625 0.0025972968749999998 0.503355209375 0.0220654265625 0.45892363906250006 0.0682926765625 0.4390625 0.12158784375000001 0.4390625 0.215787790625 0.45714246718749996 0.2525525265625 0.48406176093750003 0.287963371875 0.48538855937500003 0.2890625 0.7134660375 0.2890625 0.8049773374999999 0.1583047453125 0.80238223125 0.1211929875 0.7929764515625 0.091549959375 0.7628137671874999 0.044711779687499995 0.67498796875 0 0.5770441046875 0
15 0.9140755828125 0 0.909082778125 0.0041829109375 0.8763269656249999 0.06008243125 0.868705815625 0.0909161 0.8701660562500001 0.14675382812499999 1 0.23360501875 1 0 0.9140755828125 0
15 0 0.9576345953125 0.006372796875 0.9577432531250001 0.0844837546875 0.834505221875 0.0838155640625 0.7855757953125 0.0583260609375 0.7360498453125001 0.0220487984375 0.7094341296875 0 0.7018618765625 0 0.9576345953125
15 0.26290128125 0.8266934484374999 0.3044960375 0.8506051328125 0.34624356875 0.85701465 0.39813921875 0.8510535562499999 0.4390625 0.8313294609374999 0.4390625 0.6469838953125 0.3586928109375 0.6019345703125001 0.22799898125 0.6425582421875 0.19404135 0.7475494874999999 0.26290128125 0.8266934484374999
15 0 0.69916683125 0.079280971875 0.7404150296875 0.12859901875 0.7369663765625 0.176456459375 0.7126300796875 0.216247 0.6713663921874999 0.2345957609375 0.6187749734375 0.2234548734375 0.5775744625 0.1891060546875 0.5391629078125 0.14912467499999998 0.5186367 0.0598252515625 0.5015591484375 0 0.5531526859375 0 0.69916683125
15 0.2451538921875 0.6287993828125 0.3911133390625 0.6014045484375 0.4390625 0.4560970734375 0.4390625 0.4101943046875 0.2828898609375 0.38061366093750004 0.192778090625 0.41883605937499996 0.19995453125 0.5214639296875 0.2451538921875 0.6287993828125
15 0 0.534881153125 0.161590134375 0.511869246875 0.20228863125 0.43044828749999997 0.1599351234375 0.2890625 0.0758471328125 0.2890625 0 0.298546490625 0 0.534881153125
15 0.75922321875 0.3647416046875 0.7891233546875001 0.37234557968750004 0.8134779453125001 0.370642540625 0.8229949062499999 0.3667454515625 0.84622511875 0.34896304375 0.8647902015625 0.316964659375 0.8707473234374999 0.2971585046875 0.8710547703125 0.2890625 0.7061668390625 0.2890625 0.7128922328125 0.3146600046875 0.7213229890624999 0.3302284625 0.7386151671875 0.35002466718749997 0.75922321875 0.3647416046875
15 0.8228082062500001 0.3990744921875 0.800439321875 0.3941754796875 0.7665677703125 0.3997756078125 0.757050809375 0.403672696875 0.738466640625 0.41789862343750006 0.71945180625 0.44346525937500003 0.711059225 0.46344171875000006 0.7018053140625 0.5060995968750001 0.7018434890624999 0.5416445140625 0.7087382890625 0.5702467703125 0.7173939218750001 0.5890310999999999 0.7530835671875 0.6269304203125 0.7785625375 0.64130675 0.7984959609375 0.6463760671875 0.8325923890625001 0.6439918125 0.8491908515625 0.6363679375 0.8651146859375001 0.619096440625 0.8836797687500001 0.58709805625 0.8933834296875001 0.5508719265625001 0.8966802171875001 0.528020203125 0.8946563359375 0.4990773375 0.8910964968749999 0.48316827343749996 0.8819911140625001 0.45795219375 0.8735603578125 0.44238373593749997 0.8431913812499999 0.41057555625 0.8228082062500001 0.3990744921875
15 0.5921278562500001 0.3070785203125 0.5342480703125 0.412320984375 0.6366497953125 0.5472640921874999 0.5921278562500001 0.3070785203125
15 0.5684767 0.2890625 0.4390625 0.2890625 0.4390625 0.32779874375 0.46223510156250003 0.408744209375 0.5475321281250001 0.41569818124999997 0.5684767 0.2890625