15 0.1568627796875 0 0.0968482703125 0.1138352734375 0.0870161484375 0.22917229374999998 0.0906535078125 0.23254066718750002 0.2625062890625 0.2897089640625 0.27752823437499996 0 0.1568627796875 0
15 0 0.5083825765625 0.0245588109375 0.5324596890625 0.0779930140625 0.5511505750000001 0.1742996703125 0.54829704375 0.212845065625 0.5286990453125 0.2504748796875 0.5001050484375 0.25166892343749997 0.49871528125 0.2637596484375 0.265537028125 0.134928746875 0.1759401 0.09684944375 0.17971744375 0.0660448578125 0.19023153125 0.0165602109375 0.2224876140625 0 0.2524547578125 0 0.5083825765625
15 0 0 0 0.0839988921875 0.0382921171875 0.10597017187499999 0.06941135000000001 0.112827740625 0.1265752546875 0.1096433890625 0.20406940625 0 0 0
15 0.7880574890625 0.892063309375 0.7379983718750001 0.8942286265625 0.6860135765625001 0.9217884359375 0.6568795109375001 0.9596832624999999 0.64923195625 0.979227146875 0.90968208125 0.97151010625 0.9099108656249999 0.968187996875 0.7880574890625 0.892063309375
15 0.5648218046875 0.6187668765625001 0.59942571875 0.7511529859375 0.7049648671875001 0.7826896296875 0.7895291890625 0.70989225 0.8161806374999999 0.6666429203125 0.824946596875 0.6237675796875 0.821603253125 0.5708918984375 0.8036074484375 0.5296508875 0.6151391375 0.5352351343749999 0.5648218046875 0.6187668765625001
15 0.690675878125 0.8499161140625 0.6683323140625 0.8017255828125001 0.6282551515625 0.762295128125 0.5754602609374999 0.745129125 0.5327477390625 0.7577672265625 0.4916562578125 0.794047803125 0.46855152499999997 0.8355451203125 0.446358153125 0.9273589734375 0.4933444921875 0.9838460343750001 0.6470416453125 0.9792920453124999 0.6915872359375 0.900232653125 0.690675878125 0.8499161140625
15 0.47413654843749997 0.78349285 0.5862685609375 0.73403120625 0.5659985875 0.5856373421875001 0.41998328125000006 0.5410175296874999 0.3730539328125 0.5424080296875 0.33453279999999996 0.7029694125 0.3688330546875 0.79393861875 0.47413654843749997 0.78349285
15 0.3812091484375 0.7838636203125 0.23441615625 0.8314472281249999 0.229958528125 0.9174157812500001 0.2354000203125 0.9914888328125 0.476964634375 0.9843313640625 0.4622935359375 0.8230058828125 0.3812091484375 0.7838636203125
15 0.2803744265625 0.10449302499999999 0.272113659375 0.104423946875 0.26337270625000003 0.27299946875000003 0.28989920156250004 0.265348259375 0.3062627625 0.256257353125 0.327418378125 0.23797877656250002 0.3435569125 0.21646403281249998 0.3529159953125 0.1856648625 0.35246594062500003 0.1608171890625 0.34898620625 0.15120544062500002 0.33203757500000003 0.1279943703125 0.30030773437499997 0.1099834 0.2803744265625 0.10449302499999999
15 0.4419111328125 0.262715325 0.4850324578125 0.2708839875 0.5213743328125 0.2697682234375 0.550981759375 0.2618528 0.570645034375 0.2524345703125 0.6112839046875 0.21479869843750002 0.6273324265625 0.18831441875 0.6335718140625 0.16778163906250002 0.632941740625 0.13299489375 0.6260272734375001 0.116256165625 0.6092136578125 0.1004993984375 0.5774838171875001 0.0824884265625 0.5409619234374999 0.07366512343750001 0.5177739078125 0.0709868359375 0.48807646875 0.073932725 0.47162289843750005 0.0780540984375 0.44536019062500004 0.08812696875 0.42899662968749996 0.0972178765625 0.39486717968749996 0.1292295734375 0.38202836093750003 0.1504169953125 0.3758339796875 0.17343454375 0.37976376875 0.207893965625 0.38324350625000003 0.2175057140625 0.396802409375 0.23607456718750003 0.42193281875000005 0.2547401828125 0.4419111328125 0.262715325
15 0.275746265625 0.3890430984375 0.380274103125 0.44502928593749996 0.5236635749999999 0.33624969375 0.275746265625 0.3890430984375
15 0.24921311093749998 0.5460773859375 0.288815659375 0.544903978125 0.372799821875 0.51876111875 0.3844310359375 0.43134583906249996 0.25607354843749996 0.4137689390625 0.24921311093749998 0.5460773859375