15 0.7558601375 0.13032075468749998 0.7521285546875001 0.1340074609375 0.6789293234375 0.3074302703125 0.9836131953124999 0.32097177499999996 0.990548715625 0.2039348625 0.8715937734375 0.1393571140625 0.7558601375 0.13032075468749998
15 0.45480938281250005 0.06971244531250001 0.43112385781249996 0.12364165468749999 0.42538009531250004 0.22056764375000001 0.4417415765625 0.25922311875 0.46728073906249995 0.2968897515625 0.46857891562500004 0.2980813625 0.70325670625 0.3085114875 0.8053890875 0.17815461562499998 0.8049817390625 0.13985020625 0.7971112265625 0.10891921093750001 0.7689315859375 0.05934622656250001 0.72110570625 0.032049142187500004 0.507628865625 0.0225612828125 0.503345421875 0.0241793125 0.45480938281250005 0.06971244531250001
15 0.8750707640625001 0.1117301578125 0.8731686046875 0.16925054687500002 0.9875682515624999 0.2542302109375 1 0.04444444375 0.91119610625 0.0404976046875 0.88479251875 0.0803527171875 0.8750707640625001 0.1117301578125
15 0.3191396203125 0.614213734375 0.182186659375 0.6500363 0.140844578125 0.7565129749999999 0.20687150468749999 0.8410962828124999 0.24821197343749998 0.8676020984375 0.290776815625 0.876106240625 0.34453774375 0.872345859375 0.387847959375 0.8539224171875001 0.399088275 0.6642420921875 0.3191396203125 0.614213734375
15 0 0.7304066859375 0.023198178125 0.743923990625 0.0741537140625 0.74263088125 0.12487998125 0.7197788703125 0.16833803593750002 0.6791407015625001 0.1904245078125 0.6258664453125 0.18147338125 0.58296415625 0.14847265625 0.541870221875 0.10858582812499999 0.518921634375 0.017743465625 0.49726615937499996 0 0.5110739453125 0 0.7304066859375
15 0.16071425781249998 0.5241551624999999 0.20067695 0.6366637796875 0.35253067968749996 0.615150984375 0.41072743906250003 0.46783121562499996 0.41352632187499994 0.4206000703125 0.25463787187500003 0.3830215234375 0.1595877875 0.4182291703125 0.16071425781249998 0.5241551624999999
15 0 0.5243630296874999 0.12182466562500001 0.5125283921875 0.1686655046875 0.43061236562499994 0.1337072125 0.2831981765625 0.0471858078125 0.27935278124999996 0 0.283127815625 0 0.5243630296874999
15 0.86459589375 0.3240343515625 0.8654058843750001 0.3157181171875 0.6957462765625 0.308177690625 0.7011055109375001 0.334823515625 0.7088309703125 0.35122805156250003 0.7254165078125 0.37238791718750003 0.7457235796874999 0.3884731671875 0.7760253484375 0.3976645453125 0.801188575 0.397025971875 0.8112185671875001 0.39345132031249996 0.8362053046875 0.3762166421875 0.857258715625 0.34414125156250003 0.86459589375 0.3240343515625
15 0.6901476171875001 0.487826984375 0.6780248796875 0.5312961484375001 0.6758968390625 0.5678714421875 0.68124716875 0.5976167203125 0.6890079265625 0.6173404765625 0.7234195125 0.6579686703125 0.74875923125 0.6739262046875 0.768960409375 0.6800537890625 0.8041889281250001 0.6791597875 0.8217325921875 0.6720743437500001 0.839170359375 0.6550312359375 0.8602237703125001 0.6229558468749999 0.8724171015625 0.5861251249999999 0.8772026593750001 0.5627628625 0.8768849765625 0.53288986875 0.8741921609375 0.5163576203125 0.8663608078125 0.4899954203125 0.8586353484375 0.47359088437499997 0.829327003125 0.43947341875 0.8090552296875 0.426707390625 0.786337728125 0.42064366406250003 0.75114450625 0.42485688593750004 0.7411145125 0.42843153593750005 0.7211251265625 0.44221927968749997 0.70000111875 0.4676562265625 0.6901476171875001 0.487826984375
15 0.57730861875 0.32150000156249997 0.511336784375 0.4271411890625 0.6084738609375 0.570672296875 0.57730861875 0.32150000156249997
15 0.42091223125 0.29596284375000004 0.418550321875 0.335820071875 0.43745792968749997 0.4201677078125 0.524799346875 0.43122360625 0.5540715359374999 0.30188103593750004 0.42091223125 0.29596284375000004