15 0.34037731718750003 0.45279680000000005 0.3211850671875 0.477883953125 0.3169264375 0.5112635953125 0.33151627031249997 0.5427615296875 0.3631308390625 0.5684405171875 0.41184654062500003 0.583143790625 0.47595423906249995 0.575198959375 0.5122476203125 0.53913609375 0.513240775 0.4720981390625 0.4779405484375 0.44112305156250003 0.4554828234375 0.432551890625 0.40661433125 0.42816215 0.3802035625 0.4323435671875 0.34037731718750003 0.45279680000000005
15 0.4968076375 0.692062196875 0.5155415062500001 0.6979156390625 0.5795346078125 0.69770595625 0.6193226546874999 0.6798311078125 0.64227695625 0.6548832906250001 0.6504504359375 0.611329453125 0.592921675 0.55631290625 0.551615484375 0.5496234531249999 0.47378672499999996 0.5944671625 0.4317165703125 0.639345365625 0.4575925640625 0.67126130625 0.4968076375 0.692062196875
15 0.35755484531250004 0.43666432187500004 0.526312465625 0.4790317703125 0.5527232328125 0.4748503515625 0.5623002578125 0.463595965625 0.5557693078125 0.3962793421875 0.5374174203125001 0.364642071875 0.4907546390625 0.33840574375 0.4343620375 0.33373733125 0.38518795781250004 0.3499746515625 0.3526566296875 0.386176853125 0.348321603125 0.424713259375 0.35755484531250004 0.43666432187500004
15 0.4469362015625 0.882410028125 0.43906830937499997 0.9053368031250001 0.4424483796875 0.931259965625 0.46840077031250005 0.95801914375 0.492605828125 0.975684309375 0.5300735671875 0.9873911937500001 0.5886336796875 0.9727914046875 0.619455871875 0.9249168109375001 0.619723259375 0.9068681312500001 0.6013331765625 0.87780924375 0.55839425 0.854290634375 0.5208119156250001 0.8503188984375001 0.4754762828125 0.8615387875 0.4469362015625 0.882410028125
15 0.57584011875 0.311889384375 0.6224265046874999 0.3432824796875 0.6826193546875 0.34551184375 0.7225219953125 0.31990184374999997 0.7308482671875 0.266034475 0.712381784375 0.242132353125 0.684376475 0.2269062328125 0.6467941390624999 0.222934496875 0.612821065625 0.229415628125 0.59195788125 0.24025200624999998 0.569003578125 0.26519982343750004 0.57584011875 0.311889384375
15 0.710996859375 0.46265375468750003 0.758538203125 0.4295872765625 0.7588819875 0.40638183124999994 0.7405300984375 0.3747445609375 0.708953728125 0.346487190625 0.6939437140625 0.3433514671875 0.622311909375 0.35101762812500004 0.597610271875 0.3668714375 0.586056725 0.38450211093750003 0.67326173125 0.46899555 0.710996859375 0.46265375468750003
15 0.4354697859375 0.2589642296875 0.3715530796875 0.254017146875 0.34316579062499997 0.264574853125 0.35376437968749996 0.31140375 0.38146410468749997 0.34725693281250003 0.5039409234375001 0.3376042265625 0.48578002812500004 0.293075040625 0.46165136875 0.2702531078125 0.4354697859375 0.2589642296875
15 0.10117203749999999 0.33816564531250004 0.0969516046875 0.36896690312499997 0.1115414375 0.4004648390625 0.135746496875 0.4181300078125 0.16945218125 0.42969755625 0.2033106625 0.4309515734375 0.23352168281250002 0.4243311078125 0.265900215625 0.3984424375 0.26674057812499996 0.34171801562500004 0.2594074625 0.32854743124999997 0.22399264218749998 0.305307490625 0.15251363125 0.3026601203125 0.11648763749999999 0.32067430625000004 0.10117203749999999 0.33816564531250004
15 0.3075599765625 0.254226828125 0.27013043593749997 0.23994156093750002 0.22110914843749999 0.2458653515625 0.1851213546875 0.261301153125 0.1808245265625 0.29725917812499997 0.2761266109375 0.3433555453125 0.33157404218750003 0.28478390937500003 0.328041178125 0.269174278125 0.3075599765625 0.254226828125
15 0.4624045921875 0.8546051578125 0.47171423125 0.861399453125 0.5994712484375 0.8764503859375001 0.6673791984374999 0.8660665062499999 0.6735761546875 0.828888959375 0.658871725 0.805126171875 0.630981009375 0.782164903125 0.60476123125 0.7734544078125001 0.518043015625 0.783141609375 0.48023149218750005 0.7946401703125 0.4629011703125 0.8210861812499999 0.4624045921875 0.8546051578125
15 0.5161597171875 1 0.520649334375 0.9883320484375 0.4293384921875 0.92690471875 0.3691838375 0.9220969718750001 0.33292865625 0.9555814546875 0.3222107296875 1 0.5161597171875 1
15 0.34933338125 0.610496159375 0.3639614140625 0.6394157125000001 0.38828106562500003 0.6493457312500001 0.41845388906250003 0.6453036484375 0.427992715625 0.636627646875 0.3985074625 0.5942588390625 0.3665491078125 0.5917852984375 0.34933338125 0.610496159375
15 0.9752667734375 1 0.9857766609375 0.9971123875 0.9871210187499999 0.9063682859375 0.8449906953124999 0.884827196875 0.755708703125 0.9399997093750001 0.7566808984375 1 0.9752667734375 1
15 0.350395421875 0.455548290625 0.3694625640625 0.34146184218750003 0.2668206859375 0.338743271875 0.2082499828125 0.45353249375000004 0.259887328125 0.48685047968750006 0.350395421875 0.455548290625
15 0.398946615625 0.590549228125 0.3129591921875 0.5299682375 0.3202687703125 0.46309604843749996 0.248642846875 0.49942940625 0.287752990625 0.63191480625 0.398946615625 0.590549228125
15 0.7794044859375 0.8949752390624999 0.6876147312499999 0.7995249109375 0.6198274328125 0.8966455546875001 0.6408411125 0.971064446875 0.71203409375 0.9639546812500001 0.7794044859375 0.8949752390624999