15 0.507885146875 0.45611029218750004 0.44440858437499997 0.45611029218750004 0.41633241249999997 0.4899511375 0.40900819374999997 0.511324303125 0.40656678749999997 0.557632825 0.41144959999999997 0.582568184375 0.43220155312499997 0.6199712234375 0.45661561562499997 0.6377821953125 0.48835389687499997 0.6413443890625 0.517650771875 0.6270956125 0.54084413125 0.5968169624999999 0.5530511625 0.5505084375 0.5432855375 0.4899511375 0.507885146875 0.45611029218750004
15 0.571361709375 0.3243091078125 0.52131288125 0.3795231171875 0.51643006875 0.41870725468750003 0.561596084375 0.491732234375 0.605541396875 0.5309163703124999 0.634838271875 0.5059810109375 0.65314881875 0.468577971875 0.65803163125 0.4507670015625 0.655590225 0.3902097015625 0.637279678125 0.35280666250000003 0.612865615625 0.331433496875 0.571361709375 0.3243091078125
15 0.34186952187499997 0.434737128125 0.31867616249999997 0.47926455468749996 0.31623475624999997 0.53269746875 0.33332459999999997 0.579005990625 0.36872499062499997 0.6092846421875 0.40534608437499997 0.6128468359375 0.41633241249999997 0.60394135 0.45051209999999997 0.4436426125 0.44562928749999997 0.41870725468750003 0.43464295937499997 0.40980176874999996 0.37116639687499997 0.41692615625 0.34186952187499997 0.434737128125
15 0.8692132718750001 0.34924446875 0.8521234281250001 0.34924446875 0.8252679593750001 0.3670554375 0.8045160062500001 0.40802067031249994 0.8020746000000001 0.4436426125 0.8142816312500001 0.48638894375 0.8350335843750001 0.5131053984375 0.8570062406250001 0.5202297875 0.8814203031250001 0.51666759375 0.9058343656250001 0.491732234375 0.9217035062500001 0.468577971875 0.9314691312500001 0.4329560296875 0.9155999906250001 0.377742021875 0.8692132718750001 0.34924446875
15 0.219799209375 0.27087619531249996 0.206371475 0.2975926515625 0.20393006875 0.33321459375 0.2112542875 0.3652743421875 0.222240615625 0.384866409375 0.246654678125 0.406239575 0.29059999062499997 0.399115184375 0.31867616249999997 0.35458775781249996 0.31867616249999997 0.2975926515625 0.29304139687499997 0.2601896125 0.241771865625 0.25306522343750004 0.219799209375 0.27087619531249996
15 0.31867616249999997 0.2726572921875 0.31623475624999997 0.28690606875 0.32600038124999997 0.35458775781249996 0.34186952187499997 0.377742021875 0.35895936562499997 0.388428603125 0.43586366249999997 0.304717040625 0.42853944374999997 0.2690950984375 0.39558045937499997 0.2245676703125 0.37360780312499997 0.2245676703125 0.34431092812499997 0.2423786421875 0.31867616249999997 0.2726572921875
15 0.25397889687499997 0.6199712234375 0.29792420937499997 0.6092846421875 0.33088319374999997 0.582568184375 0.31745545937499997 0.466796875 0.27595155312499997 0.4846078453125 0.25519959999999997 0.5077621078125001 0.245433975 0.53269746875 0.24299256875 0.5932547687499999 0.25397889687499997 0.6199712234375
15 0.38337342812499997 0.6912151078125001 0.32966249062499997 0.6912151078125001 0.31745545937499997 0.698339496875 0.29670350624999997 0.7321803421874999 0.29670350624999997 0.7998620296875 0.31501405312499997 0.833702875 0.33210389687499997 0.8479516515625001 0.36140077187499997 0.8515138453125 0.39069764687499997 0.8372650687500001 0.40656678749999997 0.8141108062500001 0.41633241249999997 0.782051059375 0.41633241249999997 0.7499913109375 0.40900819374999997 0.7214937578125 0.38337342812499997 0.6912151078125001
15 0.2405511625 0.7357425359375 0.25642030312499997 0.7695833796875 0.29059999062499997 0.7731455734375 0.33088319374999997 0.6823096234375 0.27351014687499997 0.6306578078125 0.25886170937499997 0.6342200015625 0.245433975 0.65381206875 0.23322694375 0.6894340109375 0.2405511625 0.7357425359375
15 0.754467178125 0.313622525 0.733715225 0.34033898281249997 0.72639100625 0.3652743421875 0.7385980375 0.4472048078125 0.75080506875 0.4828267484375 0.776439834375 0.4988566234375 0.8081781156250001 0.4988566234375 0.8142816312500001 0.4899511375 0.8240472562500001 0.3688365359375 0.8118402250000001 0.304717040625 0.776439834375 0.2993737484375 0.754467178125 0.313622525
15 0.8777581937500001 0.529135271875 0.8753167875000001 0.5861303796875 0.9082757718750001 0.6199712234375 0.9717523343750001 0.6342200015625 0.9900628812500001 0.6110657390625 0.9998285062500001 0.579005990625 0.9998285062500001 0.54694624375 0.9925042875000001 0.518448690625 0.9522210843750001 0.4489859046875 0.9326898343750001 0.441861515625 0.8777581937500001 0.529135271875
15 1 0.3656030890625 0.9717523343750001 0.381304215625 0.9558831937500001 0.41870725468750003 0.9534417875000001 0.4472048078125 0.9607660062500001 0.47926455468749996 0.9986078031250001 0.5273541765624999 1 0.5279345531249999 1 0.3656030890625
15 0.607982803125 0.5950358640625 0.616527725 0.571881603125 0.6116449125 0.54338405 0.603099990625 0.5344785640625 0.564037490625 0.5629761171875 0.5628167875 0.5932547687499999 0.581127334375 0.6092846421875 0.607982803125 0.5950358640625
15 0.838951565625 0 0.823369190625 0.1363703546875 0.8787113671875 0.22008935625 0.9750477796875 0.2170994015625 0.9580206859375 0.1080085 0.9242071859375001 0 0.838951565625 0
15 0.4672496375 0.69566595 0.43445430468749996 0.61045195625 0.32581963125 0.594007159375 0.32684451718749996 0.691181003125 0.43752887031250004 0.74500036875 0.4672496375 0.69566595
15 0.6035554000000001 0.6672613078125 0.5605114859375 0.56261253125 0.5061941953125 0.6448365734375 0.4426531140625 0.638856665625 0.4795478984375 0.706130871875 0.6035554000000001 0.6672613078125
15 0.902912096875 0.26108522343749996 0.8352716593749999 0.1982959640625 0.74815894375 0.28649994687499997 0.8424455828124999 0.34928920625000004 0.9121357937499999 0.32835943125 0.902912096875 0.26108522343749996