15 0.360396859375 0.45176165937499996 0.3422419625 0.47698639062500003 0.3396790609375 0.5108694234375 0.3561449375 0.543122525 0.389581353125 0.5697140562499999 0.4397941171875 0.585400728125 0.5044337 0.578285971875 0.5393649421875 0.5421563828125 0.5368403953125 0.47399363125000005 0.49938460625000003 0.44196046874999995 0.47614226249999997 0.43290548281249996 0.42631789375 0.4277053859375 0.3997358640625 0.431560278125 0.360396859375 0.45176165937499996
15 0.53175415625 0.6974500203125 0.551074228125 0.7036850203125 0.6160051015625 0.704435196875 0.6554412046875 0.686855459375 0.677421275 0.661829071875 0.6834209609374999 0.617657803125 0.62214024375 0.5608397890625 0.5798691203125 0.5534147328125 0.503249346875 0.597849134375 0.462920184375 0.6428569640624999 0.490861584375 0.6757050921875 0.53175415625 0.6974500203125
15 0.376979009375 0.43561351249999997 0.550471253125 0.48124194062500003 0.5770532796875 0.4773870484375 0.5861792765625 0.46608550624999995 0.5760043828125 0.39752606875 0.55571333125 0.365074625 0.5069762140625 0.337689725 0.4495014890625 0.3320929453125 0.400453903125 0.347866003125 0.3693478359375 0.384193934375 0.3669791296875 0.42332025624999997 0.376979009375 0.43561351249999997
15 0.4911732671875 0.8902832406250001 0.48439679687500004 0.9134813546875 0.4891929515625 0.9398961390625 0.51694015625 0.9675009796875 0.5424349296875 0.9858308921875001 0.581075071875 0.9983008953124999 0.6397341437499999 0.9843345125 0.6684906828125 0.9361100109375 0.6678109984375 0.9177585 0.647617046875 0.8879287015624999 0.602802203125 0.8633637875 0.56445335625 0.8587587187500001 0.5190367453125 0.86948683125 0.4911732671875 0.8902832406250001
15 0.591926025 0.31200351875 0.6408573375 0.344631709375 0.7020601375 0.3478051875 0.7412049453125 0.32236051718750003 0.7468162406250001 0.267702671875 0.7268164828125 0.24311616093750002 0.6975936328125 0.22720954999999998 0.659244784375 0.22260448125 0.6251095015625 0.22868433281249997 0.60450798125 0.23939084843749997 0.5825279109375 0.2644172375 0.591926025 0.31200351875
15 0.73703094375 0.4673659203125 0.7835348093750001 0.4344530015625 0.7826609265625 0.410858203125 0.7623698765625 0.37840676093750003 0.7288363609374999 0.349193584375 0.7134385640625001 0.3457785703125 0.64114863125 0.3524966421875 0.6169161296875 0.368248103125 0.6061202906250001 0.3860045875 0.6990704875 0.4732474296875 0.73703094375 0.4673659203125
15 0.44668564999999993 0.256065259375 0.3815605796875 0.25007179375 0.353308709375 0.26038162656249997 0.3665319953125 0.30816625000000003 0.39653163281250003 0.3450460171875 0.520315778125 0.33707310156250003 0.49953923749999996 0.2915134359375 0.47385026718749995 0.26794023437500003 0.44668564999999993 0.256065259375
15 0.1116046453125 0.3315803296875 0.10894464687500001 0.36284171875000004 0.1254105203125 0.39509481874999997 0.15090529531250002 0.41342473281250003 0.1857202609375 0.4256963921875 0.2201468359375 0.4274814734375 0.2504569421875 0.42120327968750004 0.28195139999999996 0.395361925 0.2798152453125 0.33768575 0.27167940625 0.3241808453125 0.234514909375 0.300012615625 0.16183658750000002 0.296244109375 0.12622565937500002 0.3140221875 0.1116046453125 0.3315803296875
15 0.3166297046875 0.24932161718749998 0.2778924640625 0.23422997343750002 0.22845648281250003 0.2395164546875 0.19274845937500001 0.25467288906249996 0.1902826546875 0.2911775671875 0.28942673124999996 0.33949242968750004 0.3426099671875 0.2807597515625 0.338202203125 0.26483154375 0.3166297046875 0.24932161718749998
15 0.5054058875 0.862238521875 0.5152115703125 0.8692884890625001 0.6456559109375 0.8865187078125001 0.71402356875 0.8769806499999999 0.7183534140625001 0.8392643203124999 0.70217883125 0.8148761531250001 0.6726646859375001 0.7911046078124999 0.6455971671875 0.781851278125 0.5581036328125 0.790397625 0.5203373734375 0.8015224234374999 0.504143615625 0.8281571453125001 0.5054058875 0.862238521875
15 0.5712653359375001 1 0.5715606828124999 0.9991158609375 0.47565919375 0.9352694749999999 0.41435929531250004 0.9294743515624999 0.37933095625 0.962982296875 0.3723107953125 1 0.5712653359375001 1
15 0.37779535625 0.6122769875 0.3941641359375 0.6419084453125 0.41936761406249995 0.6523734265625001 0.4497748171875 0.6487168765625 0.4589979125 0.640036978125 0.4268429453125 0.5965039296875 0.394280409375 0.593507196875 0.37779535625 0.6122769875
15 1 1 1 0.9160605187499999 0.8952570578125 0.8987342640625 0.8075584890625 0.95350064375 0.8107187843749999 1 1 1
15 0.37070848437500004 0.454710753125 0.3840467828125 0.33897171406250004 0.27973979375 0.3346616375 0.22634924843749998 0.45052066562500004 0.2805078390625 0.48518251562500003 0.37070848437500004 0.454710753125
15 0.427093140625 0.592737859375 0.336638596875 0.5298323468749999 0.3405328609375 0.4619332734375 0.2697594578125 0.49780601718749995 0.316430528125 0.6331326859375 0.427093140625 0.592737859375
15 0.829233134375 0.9080674296875 0.7310528609375 0.809612390625 0.66737805625 0.9073636921875 0.6926246546875 0.9833641859375 0.764498575 0.9772053625 0.829233134375 0.9080674296875