15 0.48697378281250003 0.1821462109375 0.48654653281250004 0.1739047671875 0.4792534046875 0.1582557265625 0.43933987500000005 0.13853445312499998 0.428842775 0.14064814375 0.41401260312500004 0.1501112625 0.4003115359375 0.169987684375 0.3891432703125 0.20462113906249998 0.38902131562500003 0.22500173750000002 0.3957652375 0.252789940625 0.40711683593750003 0.267159134375 0.4309184453125 0.2716192 0.45050893593749997 0.2630480953125 0.4656137109375 0.247515396875 0.4795893859375 0.22156939375 0.48697378281250003 0.1821462109375
15 0.555753734375 0.0766945125 0.5508407656250001 0.061491475 0.5432730328125001 0.0519120140625 0.5109272375 0.0417702015625 0.48868197812499997 0.055964882812500005 0.4766592171875 0.07411545 0.469824028125 0.1013994734375 0.47406583125 0.14912226875 0.49158145937500003 0.1687272015625 0.503482259375 0.170957234375 0.5173359765625001 0.1653918328125 0.5434870578125001 0.135606284375 0.550749496875 0.1165637015625 0.555204528125 0.08883367187499999 0.555753734375 0.0766945125
15 0.5288192890625 0 0.5279849249999999 0.018442068750000002 0.53051773125 0.033199095312499996 0.5480333546875 0.052804026562499995 0.5673663078125 0.056426734374999996 0.5686202359375 0 0.5288192890625 0
15 0.4652518625 0.1451963265625 0.48688091718750004 0.054585384375000004 0.44350616875000004 0.0482106125 0.39594091875 0.12694938125 0.40475425468750004 0.1601555046875 0.4652518625 0.1451963265625
15 0.536952078125 0.209469928125 0.5091727875000001 0.2868126015625 0.5622990921875 0.28445143281249996 0.5642704578125 0.1957400046875 0.536952078125 0.209469928125
15 0.56687275625 0.07863656249999999 0.5653447171875 0.083312640625 0.5439513234375 0.16870863593750002 0.563383409375 0.17234991875 0.5647916109375 0.1722880625 0.56687275625 0.07863656249999999
15 0.6533977875 0 0.6521345859375 0.0039599671875 0.6534901 0.0085017015625 0.64663763125 0.0458072375 0.644548190625 0.0840052921875 0.6502623234375 0.1408165484375 0.6631397203125 0.18396303281249998 0.6950505 0.24568315 0.6998135249999999 0.24657566874999998 0.7099986140625 0.2656351296875 0.714761640625 0.26652765 0.7228443859375 0.2773160859375 0.8878220375 0.26998374687500004 0.9210209109375 0.2344299921875 0.946595965625 0.192057328125 0.949673959375 0.179770903125 0.9575149796875 0.1683769984375 0.961618971875 0.1519950984375 0.96502648125 0.1483458828125 0.9718789484375 0.11104034843749999 0.970890396875 0.08512871875 0.9631242671875 0.0365084109375 0.949137734375 0 0.6533977875 0
15 0.3147796921875 0.5473506296874999 0.3273374 0.5569393046875 0.3424921640625 0.5561613078125001 0.358728159375 0.5411148234375001 0.38838754999999997 0.5322014562499999 0.3955320875 0.5335402359375 0.406897284375 0.5230076968749999 0.4269193390625 0.4779195890625 0.43070890625 0.48767413125000003 0.42053622031250004 0.518327884375 0.4260571625 0.5211713140625001 0.44391675625 0.50462018125 0.46036829218750003 0.47876076406249995 0.4809292078125 0.40664032656250004 0.48114124062499997 0.356031228125 0.4724773625 0.310994465625 0.4656561390625 0.2934362875 0.46282788437500005 0.288872375 0.2875275796875 0.2966635 0.2538162546875 0.32790500625 0.23065477343750002 0.370595946875 0.21788503124999997 0.411616371875 0.215507028125 0.450966278125 0.23099212812499997 0.5135612203125001 0.2550263171875 0.5470070578125 0.2716969078125 0.550130878125 0.2968088140625 0.529512059375 0.3063348671875 0.5312971 0.3147796921875 0.5473506296874999
15 0.45625892031250004 0.525021784375 0.4590750328125 0.5436383515625 0.456477975 0.5540050234375 0.45777825625 0.5687197703125 0.46427616718750003 0.602497346875 0.47651055781249996 0.6283054171875 0.5061734578125 0.6591882171875 0.5228440484375 0.6623120375 0.5543594109375001 0.6417371171874999 0.561111175 0.3379076890625 0.5531254984375 0.34238670312499997 0.540567790625 0.33279803124999996 0.53807850625 0.3377582359375 0.540244475 0.349017425 0.5086381703125 0.37565483906249997 0.499546715625 0.392040103125 0.4815793515625 0.4139977015625 0.461018434375 0.48611814062500003 0.462534265625 0.4900199578125 0.45625892031250004 0.525021784375
15 0.431258296875 0.5800303078125 0.393154084375 0.57289014375 0.382762346875 0.5745606624999999 0.35353755468750003 0.601644334375 0.29010589375 0.6259359203125 0.2678065875 0.6253751375000001 0.2444225421875 0.5992866718750001 0.2200685515625 0.6218564 0.1904126703125 0.6705659359375 0.1707174453125 0.739230815625 0.169205128125 0.775125165625 0.1744062625 0.8339841578125 0.1909725953125 0.8823106109375001 0.20179892968750002 0.8988104015625 0.2104592984375 0.9040509984374999 0.24055328281250002 0.9133079374999999 0.25787401875 0.9237891312500001 0.2769261234375 0.9273592140625 0.27844195312500003 0.93126103125 0.32520653125 0.943641790625 0.37434911249999997 0.916672640625 0.396321590625 0.8936566546875 0.3974028203125 0.8793881656250001 0.4049784484375 0.859101084375 0.422080128125 0.8405990437499999 0.4409096734375 0.7753897203125 0.457576753125 0.7387173734375 0.469049721875 0.72277836875 0.4783567203125 0.6955801734375 0.47445586874999995 0.6514359265625 0.4630871640625 0.6221723 0.452260828125 0.6056725125 0.431258296875 0.5800303078125
15 0.21767299687500002 0.46222546875 0.210851775 0.44466729374999997 0.20370723281249997 0.4433285140625 0.1731821609375 0.4556974359375 0.16344056093749998 0.46472532656250004 0.137678515625 0.47798677187500005 0.10185155312500001 0.5164955015625 0.07544287499999999 0.562195740625 0.0592103890625 0.6170383921875 0.060726218750000005 0.6209402093749999 0.054450871874999994 0.6559420390625 0.056835896875 0.696184465625 0.0678812875 0.7416674921874999 0.08011568125 0.7674755656250001 0.10588123593750001 0.7940102859375 0.144420046875 0.8193207546875 0.16347215312500002 0.8228908359375 0.1691008640625 0.8203277968749999 0.1715901515625 0.8153675937499999 0.16877052812499999 0.7569548593750001 0.1769927890625 0.704228984375 0.1802399890625 0.7012196875 0.1854341015625 0.680486346875 0.205348384375 0.6408047015625 0.2404174296875 0.600345059375 0.229698865625 0.5784388078125 0.23792463437500003 0.5655091 0.246692775 0.56534323125 0.251021203125 0.548065446875 0.23164227187500003 0.520918596875 0.2187577375 0.4877531484375 0.21767299687500002 0.46222546875
15 0.2174469234375 0.3536498984375 0.1903881015625 0.391992759375 0.17869959062500002 0.41874469843749995 0.1675534484375 0.45826047187499996 0.1933154953125 0.4449990265625 0.20847026093749998 0.44422103437500005 0.21334105937499998 0.4397070875 0.2129064609375 0.4215367828125 0.2198319453125 0.3938923265625 0.23238614375000002 0.3636848328125 0.24970336875000002 0.334369859375 0.24981114375 0.32896339375 0.238553715625 0.33408946875 0.2174469234375 0.3536498984375
15 0.5131024546875 0.6713399296875 0.491995659375 0.6909003593749999 0.47402829375 0.7128579578124999 0.4500011265625 0.75900445625 0.438312615625 0.7857563921875 0.4261930140625 0.8341341906249999 0.42359946875 0.8842970296875 0.42988183125 0.92888753125 0.43973471093749994 0.9542493421874999 0.45666667656250004 0.9787160484375 0.54696016875 0.9747030046875 0.5542919375 0.6447733828125 0.5131024546875 0.6713399296875
15 0.5153481140625 0.3588233140625 0.5234661109375 0.3513000703125 0.527363453125 0.35564815 0.540244475 0.349017425 0.53504685 0.3299546015625 0.5438149921875 0.3297887328125 0.551609671875 0.3384848875 0.55648046875 0.3339709421875 0.5614771921874999 0.3214369375 0.5622990921875 0.28445143281249996 0.46370879687500005 0.2888332234375 0.47767498750000004 0.3300572890625 0.48244152656250006 0.37074597656249997 0.480494609375 0.3884700234375 0.48255280625 0.40513567968749997 0.4865579203125 0.404077290625 0.498896575 0.38468273124999997 0.5118853718749999 0.37264554375 0.5159982546874999 0.3661806890625 0.5153481140625 0.3588233140625
15 0.5738713125 0.6804259234375001 0.5753869984375 0.6843275906249999 0.5777683390624999 0.68477381875 0.57841836875 0.692130921875 0.58318105 0.6930233765625 0.5896750453124999 0.68700495625 0.592056384375 0.687451184375 0.6050443734375001 0.67541434375 0.61305405 0.6732975890625 0.6195480453125 0.66727916875 0.6219293859375 0.6677253984375 0.6284233796875001 0.6617069765625 0.6308047218749999 0.662153203125 0.637298715625 0.6561347843750001 0.6396800546875 0.6565810125 0.649421046875 0.6475533812500001 0.6518023890625 0.6479996109374999 0.6696608703125 0.6314489531249999 0.6705265265625 0.6279935156249999 0.6737735234375 0.62498430625 0.678101803125 0.607707115625 0.6813488000000001 0.60469790625 0.6848114234375 0.5908761546875 0.6832957375 0.5869744890625 0.6867583625 0.5731527359374999 0.690005359375 0.5701435265625 0.6908710140625 0.5666880875 0.6941180109375 0.5636788765625 0.6949836671875 0.5602234390625 0.6982306640625 0.5572142296875 0.703208971875 0.5472941437500001 0.70645596875 0.5442849328125 0.713381215625 0.516641428125 0.7166282140625 0.5136322203125 0.7174938703125 0.5101767828125 0.7247457078124999 0.5061091953125 0.73903375 0.5087865625 0.74065725 0.50728195625 0.74325421875 0.49691564218749995 0.7417385328125 0.4930139765625 0.74346984375 0.4861031015625 0.741954159375 0.48220143593750003 0.743685471875 0.47529055781249996 0.74151975625 0.4640317890625 0.74325106875 0.457120915625 0.741735384375 0.4532192484375 0.7434666953125 0.446308371875 0.7419510109375 0.44240670625 0.7436823218749999 0.43549583125 0.7421666359375 0.43159416562499997 0.74303229375 0.42813872656249996 0.7415166078125 0.42423705937499995 0.7423822640625 0.4207816234375 0.740866578125 0.41687995625 0.741732234375 0.41342452031250004 0.7402165484375 0.40952285312500003 0.7404321765625 0.3987103109375 0.7358851203125 0.3870053140625 0.7367507765625 0.3835498765625 0.7223517687500001 0.34648405000000004 0.7199704265625 0.3460378234375 0.7154233734375001 0.33433282656249996 0.7058980078125 0.332547915625 0.7026510109374999 0.335557125 0.6946413312499999 0.33767387968749996 0.6849003421875001 0.3467015109375 0.6753749765625 0.3449166 0.67212798125 0.347925809375 0.6649839578125001 0.346587125 0.6617369609375 0.34959633437500004 0.6474489140624999 0.34691896875 0.6459332296875 0.343017303125 0.6316451859375001 0.3403399359375 0.6301295 0.33643826875 0.620604134375 0.33465335937499996 0.61908845 0.33075169375 0.6143257671875 0.3298592375 0.6128100828124999 0.3259575703125 0.6080474 0.3250651140625 0.606531715625 0.3211634484375 0.5993876921875 0.319824765625 0.5978720078124999 0.3159231 0.593109325 0.31503064375 0.591593640625 0.311128978125 0.5868309578125 0.3102365234375 0.5853152734375 0.30633485781249997 0.580552590625 0.3054424015625 0.57903690625 0.3015407359375 0.5727585390625001 0.2967466140625 0.5697271703125 0.2889432828125 0.5673458265625 0.288497053125 0.5657152390625 0.28429960468750004 0.5622990921875 0.28445143281249996 0.5526339984375 0.7193806328125001 0.5555815765625 0.7186016625 0.556447234375 0.7151462265624999 0.563806884375 0.705672365625 0.5622911984375001 0.7017707 0.5640225109375 0.694859825 0.562506825 0.6909581593749999 0.56510379375 0.6805918453124999 0.5667272890625 0.679087240625 0.5738713125 0.6804259234375001
15 0.8185812453124999 0.36332949531250003 0.8194280984375 0.36550862500000003 0.7681568203125 0.3922688421875 0.7439807859374999 0.46653527187500005 0.75089058125 0.589055696875 0.8391723640625001 0.6035779921875 0.9750049781250001 0.80076728125 0.9813545703125 0.794599925 0.9910880953125 0.3565912578125 0.8860559890624999 0.32748300625 0.8185812453124999 0.36332949531250003
15 0.7744619171875 0.9296460812499999 0.7761932296875 0.9227352046874999 0.77467754375 0.9188335390625 0.7755432 0.9153781015625 0.774027515625 0.9114764359375 0.774243140625 0.90066389375 0.7674225578125 0.8831063984374999 0.7650412171875 0.8826601703125 0.763525534375 0.8787585046874999 0.7444748062500001 0.8751886828125001 0.741227809375 0.8781978921875 0.729321103125 0.8759667515625 0.72607410625 0.8789759625 0.721311425 0.87808350625 0.7197957390624999 0.8741818421875 0.7126517156250001 0.8728431578125001 0.7111360312499999 0.8689414921875 0.6992293265625 0.866710353125 0.6977136421875 0.8628086875 0.69056961875 0.8614700046875001 0.6890539328124999 0.8575683359375 0.6842912515624999 0.8566758796875 0.682775565625 0.8527742171874999 0.67563154375 0.8514355312499999 0.6723845453124999 0.8544447421875001 0.6700032046875 0.853998515625 0.6635092109375 0.8600169359375001 0.6611278703125001 0.8595707078125001 0.646516384375 0.8731121515625 0.645650728125 0.8765675906249999 0.63829108125 0.8860414499999999 0.6356941125 0.8964077625 0.6324471140625 0.8994169734374999 0.629850146875 0.9097832875 0.62660315 0.912792496875 0.6188122468749999 0.9438914374999999 0.6209779609375 0.9551502078125 0.61838099375 0.9655165218749999 0.619896678125 0.9694181875 0.6193790546875 0.9714843875 0.768129946875 0.9648732375 0.7759776031250001 0.9335477484375 0.7744619171875 0.9296460812499999
15 0.6972259390625 0.768988834375 0.6132291359375001 0.858573215625 0.5935742109375 0.9726312703125 0.857632590625 0.9608953421875001 0.8214292984375 0.7647778625 0.6972259390625 0.768988834375