15 0.4023934890625 0.2705177703125 0.414002925 0.28531313125 0.43777774843749995 0.29080198125 0.45707558125 0.2831421265625 0.4717574375 0.268359034375 0.485085953125 0.24316757187500002 0.49155999687499996 0.20427851874999997 0.49095281875 0.1960616 0.4833521828125 0.1801725578125 0.44321295781250003 0.1587905765625 0.43281787656250004 0.160429053125 0.41827500625 0.169186678125 0.40508548125 0.188352671875 0.394741625 0.22230994062499998 0.3950708265625 0.2425777921875 0.4023934890625 0.2705177703125
15 0.495846771875 0.1911339015625 0.50773418125 0.19387832656249998 0.5213918984375 0.18895471875 0.5467468140625 0.16048221406250002 0.5535500578125 0.1418610140625 0.5573686437500001 0.11447401093750001 0.55764661875 0.1024230765625 0.5524234640625 0.08708291875 0.5446838406250001 0.07721934531249999 0.512284240625 0.0657009375 0.4904699359375 0.07883737656249999 0.47891172656250003 0.0963608046875 0.47271565937500004 0.12319892187499999 0.47799003906250004 0.17085786875 0.495846771875 0.1911339015625
15 0.5362035015625 0 0.5328329625 0.0038118734374999997 0.529292353125 0.019147940625000002 0.528736403125 0.0432498125 0.531582075 0.0580410828125 0.5494388046875 0.078317115625 0.56875 0.08277545625 0.56875 0 0.5362035015625 0
15 0.40928745624999996 0.17876869687500002 0.46913571562499995 0.1665629359375 0.48864786718750003 0.07738551875 0.4453606828125 0.06912671406250001 0.3997865171875 0.14534784843749998 0.40928745624999996 0.17876869687500002
15 0.56875 0.309375 0.56875 0.22121801875 0.5418790234374999 0.2336678640625 0.5159557359375 0.309375 0.56875 0.309375
15 0.56875 0.19791265156249999 0.56875 0.1048464734375 0.5673333765625 0.1094303640625 0.5479403656249999 0.1934307234375 0.5673505828125001 0.19791192500000002 0.56875 0.19791265156249999
15 0.6622474390625 0 0.6519119703125 0.03433269375 0.6533607406249999 0.0389104328125 0.6473690140625 0.07571650937499999 0.646134953125 0.1136209796875 0.653074809375 0.170385603125 0.6668381328125 0.21387412499999997 0.6999451546875 0.2766799140625 0.7047028203125 0.2777783078125 0.7152555703125001 0.2971876578125 0.7200132375 0.2982860515625 0.7282918859375 0.309375 0.892238428125 0.309375 0.9244765015624999 0.2754762609375 0.948980184375 0.234457478125 0.9517703718750001 0.2223718515625 0.959318225 0.21138461875 0.9630384734374999 0.19527045 0.9663473687499999 0.1917911046875 0.9723390953125 0.15498502812499998 0.9707829703125 0.129166184375 0.9619829890625 0.0804586453125 0.9405644578125001 0.026716253125 0.924627275 0 0.6622474390625 0
15 0.22746551875 0.45968092812499994 0.244252721875 0.52263075 0.268899634375 0.5569629703125 0.285551465625 0.5608073484375 0.31007531093749996 0.5414073453125 0.31959064375 0.5436041328125001 0.3283458515625 0.5599464484375 0.34104937031250004 0.5700397953125 0.356107109375 0.5699358937500001 0.3719249734375 0.555686465625 0.40123110000000006 0.5481313015625 0.4083675984375 0.5497788921875 0.4194401046875 0.5398042921874999 0.4383600125 0.4958388703125 0.44234524375 0.5057095687500001 0.43290375000000003 0.5357521125 0.43845846406250005 0.538824646875 0.455858115625 0.5231502765625 0.4716513671875 0.49815440468750005 0.49050974218750004 0.42732286875 0.4896019359375 0.3769897296875 0.47998814999999995 0.3318071671875 0.47281473125 0.31403990937500004 0.4699004875 0.309375 0.295695809375 0.309375 0.262852659375 0.3389615515625 0.240756871875 0.38040363906249997 0.228961159375 0.42064343125 0.22746551875 0.45968092812499994
15 0.5482387984375 0.372625846875 0.51738780625 0.39772562031250003 0.5087064406249999 0.41362263906249996 0.491319096875 0.43467023125 0.4724607203125 0.5055017671875001 0.474054815625 0.509450046875 0.468586246875 0.543990065625 0.4717990484375 0.5626330703125 0.469444828125 0.5728303171875 0.4710635328125 0.587525040625 0.4782738734375 0.621411965625 0.49101431093750003 0.647624978125 0.5212036296875 0.6796565078125 0.537855459375 0.6835008859375 0.56875 0.66442765 0.56875 0.3624971546875 0.5609053984375 0.3665995265625 0.5482018796875 0.3565061828125 0.545835353125 0.36133020625 0.5482387984375 0.372625846875
15 0.474620915625 0.7566182640625 0.485681115625 0.7412704421874999 0.49433786875 0.7146269796875 0.48948175000000005 0.6705428078125 0.4775260515625 0.6409307140625 0.46639201249999995 0.6240392031249999 0.44493328906249996 0.5976035421875 0.4068719578125 0.588816390625 0.3965718859375 0.5900186859375001 0.368099725 0.6156676562500001 0.3055391640625 0.6370269515625 0.283344925 0.6354832609375001 0.259507365625 0.608498403125 0.23578056875 0.6298725453125 0.20735763437500002 0.6770144046875 0.189284003125 0.74444685625 0.1885731015625 0.7800852703125 0.1950479265625 0.8388641640625 0.212595259375 0.8876684593749999 0.22372929687499998 0.9045599718749999 0.232459890625 0.9101558421875 0.2625999796875 0.920694484375 0.280061165625 0.9318862234375 0.29909183125 0.9362798 0.300685925 0.9402280796875001 0.34747784843749996 0.9546111015625 0.3957654109375 0.929956621875 0.4171133765625 0.908033284375 0.41787350312499993 0.8938877578125 0.4249607765625 0.8740424593749999 0.4415633828125 0.85639395 0.458852278125 0.7923605796875 0.474620915625 0.7566182640625
15 0.2444004015625 0.5871094171875 0.2522970265625 0.5746114812500001 0.2610153140625 0.574834128125 0.2649390140625 0.5578387171875 0.2450620765625 0.5299781140625 0.23151228437500002 0.4964177375 0.22986896406250001 0.4709765703125 0.22269554687499998 0.45320931406250003 0.21555904531249998 0.4515617234375 0.1854681828125 0.46251596875 0.1759774609375 0.47106562500000004 0.1506442640625 0.48311826562500004 0.1158572640625 0.519840228125 0.09059790625 0.5641322015625 0.07566323124999999 0.6179683234375 0.07725732656249999 0.6219166031250001 0.0717887578125 0.6564566234375 0.07505078281250001 0.6965925140625 0.0870434015625 0.7423242765625 0.0997838421875 0.7685372921875 0.12600023124999998 0.79607134375 0.164895528125 0.8229523015625 0.18392619375000002 0.8273458765624999 0.18946860000000001 0.8250451859375 0.191835128125 0.8202211625 0.187739134375 0.7619914640625 0.19475256875 0.709906834375 0.19791614375 0.7070569484375 0.2026245828125 0.6866624546875 0.221556796875 0.648070253125 0.255546746875 0.6093741484375 0.2444004015625 0.5871094171875
15 0.22422810625 0.43029148125 0.230506025 0.403098821875 0.2423263515625 0.373605475 0.2589043453125 0.34521051875 0.25889204062500004 0.339837296875 0.24780722656249998 0.344438675 0.2272440015625 0.3629629296875 0.2011752875 0.399907540625 0.19013970156249999 0.4260018078125 0.1799257765625 0.46481665625 0.20525897343750002 0.452764015625 0.22031671249999998 0.4526601171875 0.225062071875 0.4483852875 0.22422810625 0.43029148125
15 0.56875 1 0.56875 0.6674449375 0.5283647421875 0.69205054375 0.507801515625 0.7105748000000001 0.49041416875 0.7316223921875 0.46753364218750004 0.7764635625 0.45649805781249997 0.8025578281250001 0.445511696875 0.8501449828125001 0.44404067031250005 0.899928925 0.4512756203125 0.944562290625 0.46163722656250006 0.9702261062499999 0.48226904531250003 1 0.56875 1
15 0.489675775 0.40922906406250004 0.492091528125 0.42589792656250003 0.49605214843749995 0.42502218125 0.5078970890625001 0.40627527812500003 0.52055138125 0.3948757359375 0.5244996937499999 0.3886267671875 0.5236903421875 0.38127940625 0.531599275 0.374154690625 0.5355722015625 0.37865216875 0.5482387984375 0.372625846875 0.542647165625 0.35343364843749997 0.5513654546875 0.3536562953125 0.5593113062499999 0.3626512484375 0.5640566640625 0.3583764203125 0.56875 0.3461293453125 0.56875 0.309375 0.4707758953125 0.309375 0.48557978281249997 0.350999365625 0.49122064375 0.3916844546875 0.489675775 0.40922906406250004
15 0.5795610078125 0.7284437921875 0.5779670593749999 0.72449566875 0.5795364859375 0.7176977390625 0.5779425375 0.7137496171875 0.5802966765625001 0.7035527203124999 0.5818783625 0.702127815625 0.5890143453125 0.7037752875 0.59060829375 0.7077234109375 0.5929869546875 0.70827256875 0.593796190625 0.71561965625 0.5985535125 0.7167179703125 0.6048802609374999 0.7110183546875 0.607258921875 0.7115675109375 0.61991241875 0.700168278125 0.6278331140625 0.698416784375 0.6341598625 0.69271716875 0.6365385234375001 0.6932663265625 0.6428652718750001 0.687566709375 0.6452439328125 0.688115865625 0.6515706812500001 0.68241625 0.6539493421875 0.6829654078125 0.6634394640625 0.6744159828125 0.6658181265625001 0.674965140625 0.6832166828124999 0.6592911953125 0.6840013953125 0.6558922296875 0.6871647703125 0.6530424218750001 0.6910883343750001 0.6360475953125 0.694251709375 0.6331977875 0.6973905609375 0.619601925 0.6957966124999999 0.6156538031250001 0.698935465625 0.6020579406250001 0.7020988390625 0.5992081328125 0.7028835515625 0.5958091671875 0.7060469265625 0.592959359375 0.7068316390625 0.58956039375 0.7099950125000001 0.5867105859375 0.7147278125 0.577062846875 0.7178911875 0.5742130390625 0.724168890625 0.547021315625 0.7273322656250001 0.5441715078125 0.728116978125 0.54077254375 0.7352407015625 0.5370469890625 0.749512665625 0.54034193125 0.7510943546875 0.5389170265625001 0.75344849375 0.52872013125 0.7518545453125001 0.5247720078125 0.7534239703125001 0.517974078125 0.7518300234375 0.51402595625 0.7533994484375001 0.5072280234375001 0.750996265625 0.4959328140625 0.752565690625 0.489134884375 0.75097174375 0.48518676093749996 0.75254116875 0.4783888296875 0.750947221875 0.4744407078125 0.752516646875 0.467642778125 0.7509226984375 0.46369465468750004 0.7517074125 0.4602956890625 0.7501134640625 0.45634756562499995 0.7508981765625 0.45294860156250005 0.749304228125 0.449000478125 0.7500889421875 0.44560151406250004 0.74849499375 0.441653390625 0.7484704718749999 0.4309073375 0.7436886265625 0.41906297031250006 0.7444733390625 0.41566400468750003 0.7293308328125 0.378156840625 0.726952171875 0.3776076828125 0.722170328125 0.36576331562500003 0.7126556828124999 0.3635666875 0.7094923093750001 0.3664164953125 0.7015716125 0.3681679890625 0.692081490625 0.3767174140625 0.6825668453125 0.3745207859375 0.6794034718749999 0.37737059375 0.6722674875 0.375723121875 0.6691041140625 0.3785729296875 0.654832146875 0.3752779859375 0.6532382 0.3713298640625 0.638966234375 0.368034921875 0.6373722859375001 0.36408679843749997 0.627857640625 0.36189017031250004 0.62626369375 0.3579420484375 0.6215063703125 0.3568437328125 0.6199124234375 0.35289560937500003 0.6151551000000001 0.35179729531250004 0.613561153125 0.3478491734375 0.60642516875 0.34620170156249996 0.6048312203124999 0.34225357968750003 0.6000738984375 0.3411552640625 0.59847995 0.3372071421875 0.593722628125 0.336108828125 0.5921286796875 0.33216070625 0.5873713578124999 0.331062390625 0.585777409375 0.32711426875 0.5794261390625 0.3220678328125 0.57623824375 0.3141715859375 0.57385958125 0.313622428125 0.572144796875 0.309375 0.56875 0.309375 0.56875 0.7415858921875 0.5716648328125 0.7409413390624999 0.5724495468749999 0.7375423750000001 0.5795610078125 0.7284437921875
15 1 0.40109051874999996 0.8917527125 0.3664933015625 0.8254257875000001 0.3991678875 0.8263163499999999 0.40137297812500006 0.775906684375 0.42572551406250003 0.7534996703125 0.4985319125 0.763081403125 0.6207124390625001 0.851219175 0.639061203125 0.9906951859375001 0.8412169953124999 1 0.832402521875 1 0.40109051874999996
15 0.7874552718750001 1 0.79565133125 0.9644989671875001 0.7940573828125 0.9605508437499999 0.7956268093750001 0.9537529125 0.7940328609375 0.9498047906249999 0.7948175734375 0.946405825 0.7932236265625 0.9424577031249999 0.793199103125 0.9317116484374999 0.7860263359374999 0.9139450984374999 0.783647675 0.913395940625 0.782053728125 0.90944781875 0.7630244390625001 0.9050545609375 0.759861065625 0.90790436875 0.747967759375 0.9051585828125001 0.7448043859375 0.9080083906249999 0.7400470640625 0.9069100765625 0.7384531156249999 0.9029619546875001 0.73131713125 0.9013144828125 0.7297231828124999 0.8973663609375 0.717829878125 0.894620575 0.7162359296874999 0.8906724531249999 0.709099946875 0.8890249812500001 0.7075059984375 0.8850768562500001 0.7027486765625001 0.8839785421874999 0.701154728125 0.8800304203125 0.6940187453125 0.8783829484375 0.6908553703125 0.88123275625 0.6884767093749999 0.8806836 0.6821499609375 0.8863832171875 0.6797713 0.885834059375 0.6655361171874999 0.8986581953125 0.6647514046875 0.9020571609375001 0.65763994375 0.91115574375 0.6552858046875001 0.9213526390625001 0.6521224296875 0.924202446875 0.649768290625 0.93439934375 0.6466049171875 0.9372491515625001 0.6395425 0.9678398390625 0.6419456828125 0.97913505 0.63959154375 0.9893319453125 0.6411854921875 0.9932800687500001 0.639634075 1 0.7874552718750001 1
15 0.8784423109375 1 0.8371329218750001 0.7986275203125001 0.71367689375 0.7973252390625001 0.632102825 0.882724203125 0.6143636734375 1 0.8784423109375 1