15 0.455184678125 0.44243159062500004 0.5314533875 0.42326756718749997 0.54577083125 0.415855171875 0.568854115625 0.38757465 0.5912037734375 0.3331832171875 0.6078005171875 0.272335121875 0.6011194468750001 0.16910538125000002 0.588678678125 0.13708021406249998 0.5593101640625 0.1257940984375 0.5324154796875 0.13173445 0.498293840625 0.1566575640625 0.4659772390625 0.1962502984375 0.44777676718750004 0.23542970312499997 0.41310923906249997 0.38256531875 0.421134665625 0.41324752187499997 0.43906219375 0.435174365625 0.455184678125 0.44243159062500004
15 0.4431601109375 0.241085809375 0.5121438078125 0.13968925000000001 0.5185722968750001 0.0710415265625 0.5092092984375001 0.0352456234375 0.49770346875 0.022332293750000003 0.46833495625 0.011046178125 0.41494821562500006 0.0089287453125 0.40580637187499996 0.0115553203125 0.407580290625 0.251034446875 0.4431601109375 0.241085809375
15 0.40995290781250004 0.5713376609374999 0.46631336718750005 0.5671628125 0.44815903593749995 0.45441528125 0.43906219375 0.435174365625 0.4087502140625 0.40897395156250005 0.40995290781250004 0.5713376609374999
15 0.4575003890625 0.5678156249999999 0.6697318437499999 0.5520947765625001 0.6618356796875 0.50999311875 0.644310784375 0.47406813750000004 0.6104620859375001 0.4378850015625 0.5515237453124999 0.42231183593750005 0.5232914890625 0.42313848906249996 0.45893123437499994 0.44121770312499997 0.450568021875 0.4480876953125 0.442672278125 0.46451360468749997 0.44681467656249996 0.5269628203125001 0.4575003890625 0.5678156249999999
15 0.9255619265625 0.4772428984375 0.825145303125 0.4584674953125 0.7182353484374999 0.4847857578125 0.6770232234375 0.49813850625 0.6638420375 0.5176636718750001 0.6705993328125001 0.55203051875 0.9681715343749999 0.5299881328125 0.9408143109375 0.48894234374999995 0.9255619265625 0.4772428984375
15 0.78990773125 0.11642737968750001 0.7376910921875 0.20523066562499998 0.85360569375 0.2577988046875 0.97790678125 0.19821279687499999 0.98246478125 0.059403428125000005 0.8687476203125 0.01054193125 0.7751099453125 0.041826490625000004 0.78990773125 0.11642737968750001
15 0.605330196875 0.2400122546875 0.6283555578125 0.32804107031249996 0.7216579828125 0.31819638437500003 0.7846848843750001 0.402920884375 0.8974464203125001 0.33527170625 0.872196815625 0.2147032734375 0.7165385296875 0.19647029375 0.605330196875 0.2400122546875
15 0.529278153125 0 0.5749063578125 0.0996620890625 0.7862999828125 0.0365349765625 0.8580754171875 0.016498437499999997 0.8647785640625001 0 0.529278153125 0
15 1 0.52763046875 0.5617810046875 0.560091134375 0.41023331562500004 0.6091926578125 0.41290568906249997 0.9699630906250001 1 0.9264746234375 1 0.52763046875
15 1 0.5424760078124999 0.610856925 0.66855854375 0.68443325 0.9498499375 1 0.9264746234375 1 0.5424760078124999
15 0.40984980625 0.5574190484375 0.40739265312499995 0.225703259375 0.374180603125 0.2163034421875 0.27983085937499996 0.221945590625 0.23839114687500002 0.2326023859375 0.2315666546875 0.24173775000000003 0.06615132500000001 0.525216690625 0.072162046875 0.548196428125 0.0890627703125 0.5634932625 0.25412352656250004 0.5828805781249999 0.37783907499999997 0.5737164625 0.40984980625 0.5574190484375
15 0.31236696249999996 0 0.31360164375 0.07541955624999999 0.2121663578125 0.22168919062499998 0.3979860359375 0.1950847515625 0.40714750312500003 0.1926079921875 0.4057207765625 0 0.31236696249999996 0
15 0 0 0.0010971140625000001 0.14811044375 0.135334240625 0.1415784875 0.2336530578125 0.2504288625 0.3425271484375 0.047146921875 0.2892048171875 0 0 0
15 0.21952679218750001 0.43141286562500003 0.22423250156250002 0.289182496875 0.194311578125 0.1854723328125 0.1679353234375 0.095314353125 0.000951928125 0.12851019218749998 0.0039768140624999995 0.5368699609375 0.07410505625 0.5163310921875001 0.21952679218750001 0.43141286562500003
15 0.03016409375 0.8516741718749999 0.006251304687500001 0.843926084375 0.0074074078125 1 0.030161765624999996 0.9983144921875 0.116679053125 0.9634787546875 0.03016409375 0.8516741718749999
15 0.1841374734375 0.6521039328125 0.1344130953125 0.5933730765624999 0.13037957656250002 0.592046796875 0.004454626562499999 0.6013745703125 0.0056274453125 0.7597051718750001 0.086883690625 0.7072483468749999 0.1841374734375 0.6521039328125
15 0.41187261093750005 0.8304975499999999 0.409334534375 0.8233593484374999 0.3271366625 0.8046927828125 0.2167394453125 0.8424311031249999 0.0303053421875 0.9835857703125 0.051369425 0.9967435546875001 0.3852073859375 0.9720148171874999 0.4128395734375 0.961037575 0.41187261093750005 0.8304975499999999
15 0.41090620937500005 0.700033378125 0.4106773046875 0.669131315625 0.30783219375000004 0.665203609375 0.14738974062500002 0.6758272859375001 0.005561484375 0.7508004921875 0.0068775828125 0.9284737359375 0.2051192125 0.8855862421875 0.41090620937500005 0.700033378125
15 0.23788357968749999 0.638629134375 0.23567526249999998 0.584247115625 0.10667900781249999 0.59380239375 0.1583683296875 0.6959043625 0.23788357968749999 0.638629134375