15 0.21811706718749999 0.485667221875 0.2519262765625 0.51530556875 0.28631017812500004 0.53211131875 0.41770428906249996 0.5646103921875001 0.44613092187500003 0.5575228375 0.4672666671875 0.541376553125 0.47494801875 0.5267720671875 0.4626650203125 0.4573242234375 0.4568919796875 0.444261534375 0.43274254531249995 0.42309128906250004 0.384812134375 0.4024120296875 0.3306261046875 0.3869179875 0.2363532421875 0.3922952671875 0.2064087625 0.40338678124999994 0.19417386718750002 0.43000314375000004 0.1977622515625 0.454487078125 0.21811706718749999 0.485667221875
15 0.10850350625 0.47492902499999995 0.09599226562499999 0.4852994609375 0.083757371875 0.5119158234375 0.07823867031250001 0.5604235109375 0.080010434375 0.56875 0.2977867640625 0.56875 0.291140065625 0.5363453671875 0.20362740625 0.472965075 0.1416679109375 0.46666020937499997 0.10850350625 0.47492902499999995
15 0.4414130015625 0.56875 0.5890625 0.56875 0.5890625 0.5174972078125 0.485366715625 0.5332381859375 0.4672666671875 0.541376553125 0.4414130015625 0.56875
15 0.46314759843750003 0.4390763171875 0.4619982109375 0.46474151093750005 0.47409697968750003 0.5233587375 0.47977790625 0.531006115625 0.4941754515625 0.5382929562500001 0.551212946875 0.5349484624999999 0.5890625 0.525511509375 0.5890625 0.33251353125 0.5502656984375001 0.3394067203125 0.5164344859375001 0.355092821875 0.48126965468750005 0.3856135015625 0.46314759843750003 0.4390763171875
15 0.5311523859375 0.2879766921875 0.5405138109375 0.3255233125 0.5573723578124999 0.33763483125 0.5890625 0.3317246578125 0.5890625 0.0611199375 0.5499151515625 0.0857079328125 0.53825495 0.09949169687500001 0.5144299640625001 0.19063158281249998 0.5311523859375 0.2879766921875
15 0.2783812296875 0.26841174687499997 0.33396301875 0.163413621875 0.28817517656249997 0.0500381515625 0.1623214953125 0.044960971875 0.11025652500000001 0.14798684687500002 0.13238624062499998 0.23330253281250002 0.2011854703125 0.2203554203125 0.2783812296875 0.26841174687499997
15 0.382639771875 0.36861103281249996 0.379973678125 0.28374439218749997 0.4612210015625 0.227031134375 0.4073278453125 0.1240894046875 0.29604614375 0.1462264546875 0.26899505625 0.28757783125 0.3010823046875 0.3889455921875 0.382639771875 0.36861103281249996
15 0 0.45006095625000003 0.0661158296875 0.46155083281250003 0.17147310468750002 0.4156522015625 0.12833026875 0.223096546875 0.1149517546875 0.1577266625 0.071384821875 0.1391438859375 0 0.1801083328125 0 0.45006095625000003
15 0.6210957484375 0 0.5890625 0.007986785937500001 0.5890625 0.430681325 0.6234868875 0.56875 1 0.56875 1 0 0.6210957484375 0
15 0.5945079796875 0 0.690949953125 0.38680763125 1 0.3097528 1 0 0.5945079796875 0
15 0.2774872453125 0.728662034375 0.5239980875 0.8809126062500001 0.5452884921875001 0.8756043124999999 0.56032925 0.8603466296875 0.5890625 0.71045734375 0.5890625 0.5979535171875 0.5764052609375 0.56875 0.274751215625 0.56875 0.263971971875 0.5988723625000001 0.26274796718750004 0.6846625937499999 0.2696437828125 0.7223979125 0.2774872453125 0.728662034375
15 0 0.6878517359375 0.017790603125000002 0.6540037562500001 0.13184751875 0.652982653125 0.2579594765625 0.746159528125 0.2462894875 0.577093315625 0.2446552078125 0.56875 0 0.56875 0 0.6878517359375
15 0.17528761718750002 1 0.1799760984375 0.81545108125 0.28552685625 0.7268242640625 0.10809857656249999 0.6265026046875 0 0.73857076875 0 1 0.17528761718750002 1
15 0.540360915625 1 0.5432932578125 0.9965379234375 0.51645765625 0.8736238265624999 0.44906788906250006 0.7408817515624999 0.3201148859375 0.735647290625 0.223840775 0.7621434875 0.1401225625 0.7855092609375001 0.1668351921875 1 0.540360915625 1
15 0.9788157515625 1 0.9257258296875 0.8379397140625 0.8182847437499999 0.9158183953125001 0.7846923984374999 1 0.9788157515625 1
15 0.7296723609375 1 0.7353757625 0.94159890625 0.6908381343750001 0.8632949625 0.6472662140625001 0.77453205 0.590539478125 0.8193299578125 0.5890625 0.8229869984375 0.5890625 1 0.7296723609375 1
15 1 0.744252890625 0.9434458593749999 0.56875 0.8247360234375 0.56875 0.8180774078124999 0.5710087406250001 0.7955779046875 0.6455907671875 0.82244496875 0.7461822515625001 0.9381855796874999 0.9165781015625001 1 0.8285205093749999 1 0.744252890625
15 0.782729496875 1 0.8892701187500001 0.95687383125 0.8608853296874999 0.7570341453125 0.7060951671875 0.56875 0.6779936046875 0.56875 0.66749984375 0.6621970421875 0.666353796875 0.8080909093749999 0.7532449890625 1 0.782729496875 1
15 0.5890625 0.8445397031249999 0.6853405 0.798247896875 0.6386377000000001 0.7255927703125 0.5890625 0.727233734375 0.5890625 0.8445397031249999