15 0.47037507500000003 0.5595493609375 0.45760916875 0.48421610625 0.4514518484375 0.4700464109375 0.4254259578125 0.4470820765625 0.3735998078125 0.4246503375 0.3149462390625 0.407843240625 0.21264094375 0.413676221875 0.1800696734375 0.42570769531249997 0.16658405781250002 0.45457968125 0.170279809375 0.481138525 0.19210907187499998 0.5149610546875001 0.2285453203125 0.547111125 0.2657080734375 0.5653410921875001 0.40797614531250004 0.6005943234375 0.4388687640625 0.592906128125 0.4619254125 0.575391515625 0.47037507500000003 0.5595493609375
15 0.270913253125 0.5699339578125 0.17649353750000002 0.5011824546875 0.10933389843750001 0.494343278125 0.07329250937500001 0.503312840625 0.059637665625 0.5145621265625 0.04615205 0.5434341140625001 0.0397758953125 0.596052621875 0.0416309046875 0.6050847453125 0.2778628546875 0.6050847453125 0.270913253125 0.5699339578125
15 0.5938229749999999 0.6050847453125 0.5942347984375 0.549488496875 0.48162475625 0.56656345625 0.4619254125 0.575391515625 0.4336608078125 0.6050847453125 0.5938229749999999 0.6050847453125
15 0.5941704031249999 0.5581819765625 0.595721171875 0.34882823749999997 0.55358111875 0.3563055953125 0.5167568140625 0.3733210265625 0.4783666734375 0.4064282046875 0.45827926718749995 0.46442176718750006 0.4568262515625 0.492261978125 0.46947934062499996 0.555846765625 0.47558025312499996 0.5641422265625 0.491139378125 0.572046596875 0.5530374328125001 0.5684186718750001 0.5941704031249999 0.5581819765625
15 0.5424802640624999 0.09605878906250001 0.5159038875 0.1949223953125 0.5332612812499999 0.3005170890625 0.5431143546875 0.3412456265625 0.5613042734375 0.3543835453125 0.5957275109375 0.3479725109375 0.5979018609375 0.0544351859375 0.555239371875 0.0811069109375 0.5424802640624999 0.09605878906250001
15 0.175874415625 0.2271652015625 0.2592260484375 0.27929409843749997 0.320361834375 0.1653978265625 0.27160465624999997 0.042414265625 0.135126203125 0.0369068171875 0.0778211203125 0.1486636984375 0.101140709375 0.2412095265625 0.175874415625 0.2271652015625
15 0.282882434375 0.41004267656250004 0.37151494218750003 0.38798484843750003 0.36930482656249997 0.2959261203125 0.45789321562499996 0.23440665468750002 0.4002599953125 0.1227410484375 0.2793697671875 0.14675412031249999 0.24889043437499997 0.3000844265625 0.282882434375 0.41004267656250004
15 0 0.484029575 0.027420153125000003 0.488800903125 0.1420748125 0.4390125578125 0.0968230171875 0.2301386265625 0.0828359890625 0.15922892187499998 0.035726259375 0.13907133437500002 0 0.15948620156249999 0 0.484029575
15 0.598305084375 0 0.594932378125 0.4553153359375 0.6311646843750001 0.6050847453125 0.995517890625 0.6050847453125 1 0 0.598305084375 0
15 0.607170175 0 0.7058068921875 0.4077235328125 0.9975175859375 0.33512596562499997 1 0 0.607170175 0
15 0.5800930890625 0.6050847453125 0.2528751421875 0.6050847453125 0.24094036562499999 0.6377598515625 0.23892329375000002 0.730820440625 0.246100290625 0.7717536671875 0.25455812031249997 0.778548646875 0.5207363546875 0.9437018109374999 0.543873684375 0.9379436609375 0.56031168125 0.9213929546875 0.592684334375 0.7588011859375 0.5935883203125 0.6367631375 0.5800930890625 0.6050847453125
15 0 0.69732575 0.097184140625 0.696455759375 0.23323486093749998 0.7975289796875 0.2219343640625 0.614135121875 0.22022862499999998 0.6050847453125 0 0.6050847453125 0 0.69732575
15 0.14390868437499998 1 0.148085953125 0.8726926984375 0.26329382031250004 0.776555134375 0.0716353453125 0.6677316390625 0 0.7414315984375001 0 1 0.14390868437499998 1
15 0.5261575609375 1 0.5126154703125 0.9357953374999999 0.440581309375 0.7918039343750001 0.3007421453125 0.786125875 0.196096309375 0.8148675125 0.10509558593749999 0.8402134359375 0.123811765625 1 0.5261575609375 1
15 0.9898053953125 1 0.9568541140625 0.8970871468749999 0.8396820843749999 0.9815657171875 0.8321894046875 1 0.9898053953125 1
15 0.7441893281249999 1 0.70185695 0.9245911453125 0.6553057171875001 0.828305953125 0.5934116734375 0.87690029375 0.5917801421875 0.880867253125 0.5908976765625 1 0.7441893281249999 1
15 0.84946883125 0.6050847453125 0.8422277781249999 0.6075349046875 0.817222259375 0.6884374421875 0.8455579234374999 0.797553628125 0.9697379046875 0.9823898046874999 0.9929655828125 0.949646384375 0.99512069375 0.658706396875 0.9782388234375 0.6050847453125 0.84946883125 0.6050847453125
15 0.9128393718750001 1 0.8871687453125 0.809325175 0.720773665625 0.6050847453125 0.6902906140625 0.6050847453125 0.6781566906250001 0.7064510281249999 0.6757412421875 0.8647087828125001 0.73599525 1 0.9128393718750001 1
15 0.6463392078125 0.7752192765625 0.592549534375 0.7769993046875 0.5916069625 0.9042464578124999 0.6964160781250001 0.8540316171875 0.6463392078125 0.7752192765625