1 0.0661800078125 0.7565992125000001 0.056741128125 0.7595103953125 0.0664719828125 0.8211640499999999 0.0937446390625 0.8595715578125 0.15359664687500002 0.8983350281250001 0.2819752734375 0.9412306390625 0.40463715625 0.965824121875 0.5626932828125 0.9817306296874999 0.6228560359374999 0.9776665765624999 0.6620158984375 0.9659602968750001 0.6930355875 0.9474751453125 0.708893428125 0.9225188890625 0.7066191984375 0.8812317937499999 0.6971368421874999 0.8659489734375001 0.6824845374999999 0.853747009375 0.6491284687500001 0.8395105703124999 0.5853244015625 0.8294629203125 0.4056936859375 0.82021054375 0.300778628125 0.8005477390625 0.1476314984375 0.75302920625 0.0661800078125 0.7565992125000001
1 0.3169348609375 0.669970775 0.38649292343749997 0.725434390625 0.46386805468750003 0.767711215625 0.6106024484375 0.8283549875 0.6832177781250001 0.84943348125 0.74453626875 0.8795698937499999 0.900653621875 0.9369481531250001 0.96401029375 0.94416115 0.981148171875 0.9362743515625 0.990879125 0.917295153125 0.9940357921875 0.9014583640625 0.9841681890625 0.8747753906250001 0.9565537609374999 0.84316173125 0.9246641765625 0.8202982375 0.8535774828125 0.7820271812499999 0.7294740125 0.730381409375 0.5343459968750001 0.631899078125 0.4727416578125 0.60891084375 0.36271880156249997 0.5837633953125 0.3292384328125 0.5866579671875 0.286027115625 0.6085317328125 0.28826409375 0.622704984375 0.300107725 0.6350300515625 0.3169348609375 0.669970775
1 0.09345898281250001 0.7054540265625 0.2178855515625 0.77706545625 0.30847140156249997 0.8044919578125 0.3624451140625 0.8149704703125 0.3814347265625 0.8098567671874999 0.3949312921875 0.7878582625 0.395055590625 0.7707272546875 0.3643715421875 0.7107055375 0.30391059062500003 0.6591245875 0.10140054375 0.5138705140625001 0.0434002703125 0.4778801453125 0.027945351562499998 0.4715778078125 0.0379543265625 0.640479253125 0.042522709375 0.6694240390624999 0.09345898281250001 0.7054540265625
1 1 0.694373709375 0.691619278125 0.56221209375 0.581372725 0.5356473187499999 0.5101989828125 0.5416211109375 0.5222414125 0.5910428484375 0.5321711687499999 0.609160321875 0.5893760515625 0.658029725 0.6310959875 0.68046235625 1 0.81778173125 1 0.694373709375
1 1 0.212778065625 0.9935146609375 0.1993331953125 0.95574678125 0.148184740625 0.9125231078124999 0.10726532343749999 0.8669132609375 0.104983003125 0.85612596875 0.10831006875 0.834203390625 0.130677884375 0.8219868625 0.16974584375 0.8289214953125 0.21368293437500002 0.8507942796875 0.26267380625 0.9387826140625 0.3901132640625 1 0.44978613125000005 1 0.212778065625
1 1 0.4483499046875 0.9347933046874999 0.391715246875 0.838167609375 0.326020959375 0.7517947671874999 0.29840980156249997 0.7143250890624999 0.30290635312499997 0.7011765203125 0.3091911703125 0.691955115625 0.32243951718749997 0.6890842921875 0.3311281234375 0.699560840625 0.37062858125 0.7711694328124999 0.46596196718750005 0.95149595 0.6050526859375001 1 0.6461624921875 1 0.4483499046875
1 0.05111793906249999 0.446145015625 0.099834659375 0.5039492359375 0.10708003749999999 0.5050588031250001 0.11981846249999999 0.5230531703125 0.150751103125 0.5488128703124999 0.2839267890625 0.640020653125 0.291905409375 0.6368166875 0.277824796875 0.6103183671875 0.2849086265625 0.601445103125 0.3437913390625 0.5803115921875001 0.3445245828125 0.5759980671875 0.2558775078125 0.507099815625 0.225454409375 0.4756092625 0.18101285 0.40905488281249996 0.16711868125 0.356860046875 0.13944210625 0.33381189375 0.0903152421875 0.300286865625 0.06251436875000001 0.294369721875 0.0301524890625 0.3043509203125 0.019580203125 0.330415925 0.0201022703125 0.3392258125 0.0287977609375 0.3943194921875 0.05111793906249999 0.446145015625
1 0.20107134218749997 0.321120784375 0.1787635140625 0.33208844531250004 0.1720649328125 0.3523618625 0.17468715625 0.3779352734375 0.1870775890625 0.411643328125 0.22641135 0.472713059375 0.26334658437499997 0.5096267046875 0.355026028125 0.5798191796875 0.505426634375 0.618895309375 0.5210980296875001 0.619635565625 0.52700121875 0.612241178125 0.509179890625 0.5530828203125 0.25060835312499996 0.330366628125 0.23522280312500002 0.32247819375 0.20107134218749997 0.321120784375
1 0.701897028125 0.5646158796875 0.718749059375 0.563877259375 0.6270945140624999 0.45800544531250004 0.48226164843749997 0.32877608281250004 0.461482453125 0.3225511828125 0.3748486625 0.2664088625 0.305327853125 0.23805908593749997 0.24634573906249999 0.2406442609375 0.2300405015625 0.26276586874999996 0.2354092515625 0.296781678125 0.24786182656250003 0.3219242265625 0.267845628125 0.341028165625 0.33880802656250003 0.396430228125 0.399393278125 0.43088016875 0.5285175 0.5322554312500001 0.53924264375 0.5374938734375 0.5867663703125 0.5339837859375 0.701897028125 0.5646158796875
1 0.615984125 0.44136685 0.7315496328125 0.573306125 0.8612082984375 0.6332711921875 0.91208749375 0.6510209859375 0.9092415703125001 0.6240302515625 0.8997592125 0.6087474296875001 0.86103439375 0.5604951765624999 0.8280263218749999 0.530545053125 0.814616803125 0.508298709375 0.7493339015625 0.4440849328125 0.7027547578125 0.38190563437499997 0.6769548125 0.3259512375 0.6158849156249999 0.26155280468750003 0.534358921875 0.2108951296875 0.493919025 0.205531953125 0.46532276093749997 0.21249384531249998 0.4594195703125 0.21988823124999998 0.45636230156249996 0.254273353125 0.46562096249999996 0.268138846875 0.47884402968749995 0.3160817078125 0.498318290625 0.340916496875 0.615984125 0.44136685
1 1 0.091486928125 0.9161520703124999 0.05858384062500001 0.8290318546875 0.012281953125 0.568954875 0.0084289609375 0.5750476078125 0.020730578125 0.61306408125 0.037617015625 0.6619672484375 0.06972471875 0.73695620625 0.1506386421875 0.7992937890625 0.169313346875 0.8187929453124999 0.15846879375 0.8323516578125 0.127904784375 0.8571450593750001 0.0968483625 0.8852317781249999 0.09561732656250001 0.9106713765625001 0.104492225 0.9344207921875001 0.1205768515625 0.9747736437500001 0.170184878125 1 0.180214815625 1 0.091486928125
1 0.53110285625 0.2081835828125 0.5987097859375 0.24232576562500002 0.6426667015625 0.2789316546875 0.6609230687500001 0.27813148125 0.6479609468749999 0.25871978906250004 0.582839590625 0.204488840625 0.44812292343750004 0.067680440625 0.4243735078125 0.051595809375 0.3893894046875 0.036003596875 0.3540573046875 0.036125065625 0.3391191546875 0.0310712828125 0.3250136453125 0.040252304687500004 0.31027429375 0.0722951921875 0.3137913109375 0.103537903125 0.3236589140625 0.1302208796875 0.380577953125 0.1862384625 0.40141929374999996 0.1838978609375 0.4616192984375 0.2069476453125 0.50330198125 0.2022664421875 0.53110285625 0.2081835828125