1 0.0420848203125 0.41138322812499994 0.026380084375 0.4456442734375 0.014749940625 0.49877891874999997 0.0080616375 0.639322440625 0.013867859375 0.7488317 0.035346762500000004 0.864058603125 0.062207115624999997 0.918450546875 0.088955009375 0.94057391875 0.14823443593750002 0.9524427546875 0.15099571875 0.946546403125 0.1650066140625 0.8745407953125 0.1426633296875 0.7372135078125 0.1389293234375 0.6435972515625 0.154453721875 0.48418540312499997 0.153897878125 0.42732105468750003 0.14554204843750002 0.3972715359375 0.1365313546875 0.3838588484375 0.12406888125 0.37491441875 0.0873042765625 0.37142299375 0.0627954953125 0.3845736734375 0.0420848203125 0.41138322812499994
1 0.16668659218749998 0.12934835625000002 0.144040509375 0.11965482187500001 0.1294039328125 0.1218836796875 0.11107400781250001 0.1298222703125 0.10171985937500001 0.1447173453125 0.099790190625 0.201084046875 0.13059119375 0.3413945671875 0.1495118828125 0.396776528125 0.15880193125 0.4618388359375 0.1937794171875 0.59395666875 0.2214692296875 0.6639927921875 0.262034809375 0.7275779859375 0.2911711546875 0.743730359375 0.3006649828125 0.75466009375 0.31309253593749997 0.75714831875 0.3384628265625 0.719663128125 0.3455031953125 0.690116525 0.3375228703125 0.59178055 0.325057528125 0.5364012265625 0.262529909375 0.36007208125 0.2326282015625 0.24831814687499998 0.2077003875 0.1839943953125 0.1914048890625 0.15493489062500002 0.16668659218749998 0.12934835625000002
1 0.4042430265625 1 0.3981992703125 0.9766934875000001 0.3735828609375 0.924040665625 0.2700443140625 0.739500375 0.2317575984375 0.684110503125 0.181942625 0.6547889953125 0.16654642656250002 0.654286075 0.14500629062499998 0.66545145 0.1378960859375 0.6820856453124999 0.1401428984375 0.7302596593749999 0.15274791875 0.81146379375 0.20053133281250002 0.9242182921875 0.224521140625 0.9677167624999999 0.3857611953125 1 0.4042430265625 1
1 0.41770833593749995 0.49819857343749996 0.4084852546875 0.39961377656249997 0.314050684375 0.062115203125 0.2958896203125 0.00946501875 0.2942319953125 0.006848325 0.23711234062500003 0.0055188515625 0.2438684921875 0.031295484375 0.2368281265625 0.06084208437500001 0.217601771875 0.086658984375 0.2161872890625 0.1005640421875 0.29429431250000004 0.44898180468750004 0.308898840625 0.48673164062499996 0.34518318125 0.5391409140625 0.3601311640625 0.5485829875 0.40290289843749993 0.561016203125 0.41770833593749995 0.49819857343749996
1 0.8462293234375 0.22026088437500002 0.815227409375 0.18051783125 0.774318371875 0.1452404 0.6507995906249999 0.0766550234375 0.567635915625 0.0174393265625 0.5437443296875 0.0126557890625 0.46925262500000003 0.010921976562500001 0.472774171875 0.029402465625000002 0.4927979359375 0.0592084375 0.5957806390625 0.1868843828125 0.6985189046875 0.26936690625000004 0.739599671875 0.2904904578125 0.7781250859375 0.29820395624999996 0.8148198531249999 0.28878297656249996 0.8378093921875 0.2701687484375 0.8422274390625001 0.260734584375 0.8462293234375 0.22026088437500002
1 0.6399725968750001 0.2782823296875 0.59381318125 0.1903599875 0.5270100625 0.09572470937500001 0.45798095937500005 0.010659625 0.2964386625 0.0068996859374999995 0.299894371875 0.0154262109375 0.4045010765625 0.1679343125 0.5054493531250001 0.3326083515625 0.5815367828125 0.3994361484375 0.61560923125 0.4101276078125 0.6237904671875001 0.407896115625 0.6369078015625 0.40020371250000003 0.6442944921875 0.38878424218749996 0.6533023171875 0.355762034375 0.6399725968750001 0.2782823296875
1 0.5364465265625 1 0.5522310921875 0.9946350828125 0.565485234375 0.9663325921875 0.5638612359375 0.9415004343750001 0.540280934375 0.8967941140625 0.5232607359375 0.8714590390625 0.47824505625 0.8572866984375 0.4243904140625 0.8155477921875001 0.40015524999999996 0.7874783046875 0.35006092187500004 0.7065071734374999 0.3460910890625 0.70700218125 0.3193063140625 0.75839243125 0.3104003796875 0.764348353125 0.28847899843749997 0.750930390625 0.2845440828125 0.757881603125 0.3487598046875 0.879085521875 0.3677823796875 0.9074011953125 0.3822472296875 0.919326221875 0.38228214843749997 0.9257824234375001 0.42771399218750006 0.9709943000000001 0.4712802671875 0.99261549375 0.508162503125 1 0.5364465265625 1
1 0.34802362656249997 0.6970703734375 0.398877575 0.7807732781250001 0.427117490625 0.8148039609375 0.4767258140625 0.8518231500000001 0.5053441078125 0.864002271875 0.5279552703125 0.867239603125 0.547044815625 0.8620327859374999 0.5598507453125 0.8426694515625 0.5631628453124999 0.8123763828125 0.5581219843749999 0.7984686859375 0.3924777234375 0.5615085750000001 0.34173140156250004 0.5436091734375 0.3343097875 0.5485724390625 0.33289530625 0.5624774968749999 0.34802362656249997 0.6970703734375
1 0.419917359375 0.4934814921875 0.410461321875 0.5354428546875 0.41374137187500004 0.5451284750000001 0.48762264999999994 0.66310825 0.51051316875 0.7179952000000001 0.55083718125 0.7828218703125 0.5653369500000001 0.8012031000000001 0.5862571421875 0.8131307624999999 0.6160832703125 0.8191025046875 0.638106540625 0.8054541765625001 0.6482523625 0.7533121859375 0.632023834375 0.690730190625 0.5931143046875 0.6119984640625 0.59028246875 0.5933736875 0.49347862343750004 0.4604856546875 0.410589521875 0.3755280859375 0.407690715625 0.3904258 0.419917359375 0.4934814921875
1 0.4550115671875 0.2799449828125 0.4325022953125 0.2496413640625 0.394320334375 0.21362010156250003 0.3818578625 0.204675675 0.35800394375 0.201189521875 0.367189234375 0.24688322187499998 0.403822771875 0.363854521875 0.50694228125 0.4709203796875 0.5815133421875001 0.5787195234375 0.6012257 0.5968545671875 0.6425131125 0.6102804374999999 0.6537328296875 0.6189760421875 0.6850083609375 0.6174989281250001 0.6924299734375 0.6125356609375 0.7024739046875 0.5874599546875 0.703024009375 0.5514545140625 0.6683607984375 0.4774425046875 0.618647715625 0.4210547078125 0.5718363078124999 0.39620409218749997 0.522193065625 0.3527286984375 0.473204684375 0.292616475 0.4550115671875 0.2799449828125
1 0.8690294312500001 0.4879537 0.8791460703125 0.52222529375 0.893092865625 0.53017706875 0.9194322953125 0.534160865625 0.9436995093749999 0.5222516625 0.9532952265624999 0.5061151125000001 0.9578500812499999 0.47607086406250004 0.9563628921875 0.4306286234375 0.938268796875 0.34445595 0.8904155406250001 0.2187890453125 0.8566458921875 0.08046383124999999 0.8534696421874999 0.07466851875 0.7622497109374999 0.056404603124999994 0.7878490046875 0.12215263750000001 0.7980005625000001 0.162880434375 0.8371837093750001 0.20039199531250002 0.8484732656249999 0.22200000625 0.8530659125 0.24484685625 0.84823456875 0.2696763765625 0.8170637968750001 0.2905221 0.7878255609375 0.3014360125 0.775502765625 0.3183163953125 0.783998275 0.374190725 0.846691884375 0.44349620156249997 0.8690294312500001 0.4879537
1 0.6594519937500001 0.43696353125 0.6563116203125 0.45310271875 0.6833437015625 0.49334077968749995 0.705026384375 0.5544351125 0.7066503843749999 0.57926726875 0.696917859375 0.6160139046875 0.7096247671875 0.6701517515625001 0.7047585062499999 0.68852506875 0.7474981921875 0.7409369765625 0.7701442734375 0.7506305109375 0.797726459375 0.75486313125 0.828449015625 0.7429565640625 0.8385627859375001 0.7307932640625 0.8360074375 0.7173832124999999 0.8408038609374999 0.6860974890625 0.8314468406250001 0.6545576718749999 0.820157284375 0.6329496609375 0.7152071249999999 0.508749321875 0.6751595984375001 0.449137378125 0.6594519937500001 0.43696353125