1 1 0.47793500624999996 0.9944055234375 0.467746390625 0.97022975625 0.4479096046875 0.9306666671875 0.4423854359375 0.9161531703125 0.4486126796875 0.9046729453125 0.46036409375 0.8915254234375001 0.48964218437499996 0.8828575015625001 0.548851225 0.876710609375 0.7190960453125 0.859445071875 0.8158694296875 0.8161958578125 0.9536220953125 0.818944178125 1 0.9373672 1 0.9554651609375 0.97501569375 0.9946566234375 0.8601129937499999 1 0.832358559375 1 0.47793500624999996
1 0.9202611421875 0.175467671875 0.8903603265625 0.19600753437500001 0.8689165093750001 0.22227244218750003 0.833290646875 0.2831889515625 0.785642184375 0.3923666046875 0.6941519140625 0.560803515625 0.6730395484375 0.6154927796874999 0.6505913359375 0.7161330828125 0.65387570625 0.748725675 0.6755103578125 0.7941745140625 0.68906968125 0.7946767109375 0.700710609375 0.7856371625 0.7339661015625001 0.7760451984375 0.7861042046875 0.7197991203125 0.825476459375 0.6536095421875 0.8814111734375001 0.5244444453125 0.900524796875 0.45885750156249994 0.9284971750000001 0.405775265625 0.9811575640625 0.2670182046875 0.9871136234375 0.20770872499999998 0.9792893921875001 0.1898305078125 0.960939109375 0.17697426249999998 0.9457024484375 0.170998115625 0.9202611421875 0.175467671875
1 0.768666059375 1 0.7713898296874999 0.9966101703125 0.838182046875 0.8908474578125001 0.8631111125 0.809240428125 0.8723414937499999 0.7595229125 0.8671487750000001 0.7403892015625 0.8458455734375001 0.7233647203125 0.8294136859375 0.7200502203125 0.7723138734375 0.7382297546875 0.72376145625 0.7864908984375 0.5875254234375 0.9532705578125 0.555324415625 1 0.768666059375 1
1 0.6249290640625 0.397237915625 0.601124921875 0.497827996875 0.6079347140625 0.5670809796875 0.6551512859375 0.5647708734375 0.672376646875 0.55864406875 0.718377903125 0.51299435 0.739259259375 0.47723791562500006 0.8717489015625001 0.133082234375 0.8722209671875 0.1182172 0.8554576265625 0.08647834374999999 0.8521732578125001 0.053885749999999996 0.8616195859375001 0.0319118359375 0.794005353125 0.029407606250000003 0.7732178281250001 0.06854990625 0.6249290640625 0.397237915625
1 0.22383427500000003 0.0671437546875 0.1852454484375 0.1008914 0.1837489015625 0.144130571875 0.187103578125 0.15507846875 0.20888888906249997 0.18023854374999998 0.24654362812500002 0.1992215953125 0.2885775265625 0.20077840624999999 0.3352316375 0.1889767734375 0.4561205265625 0.128512240625 0.5829201562499999 0.0215896359375 0.36562313125 0.013541596875 0.272316384375 0.0405273078125 0.22383427500000003 0.0671437546875
1 0.4577175140625 0.13263025781249999 0.3961782796875 0.2128813546875 0.3710081609375 0.29042059062500003 0.37588951718749997 0.3271311984375 0.3821167609375 0.3408914 0.3949629640625 0.352190834375 0.40333961093750004 0.35655994999999996 0.44106465781250004 0.3538983046875 0.53140991875 0.3031261765625 0.6620715625 0.1564344 0.7890329015625 0.029223440625000003 0.576949153125 0.021368487499999998 0.5421468921875 0.050521029687499996 0.4577175140625 0.13263025781249999
1 0.4759813890625 1 0.5233345890625001 0.98877589375 0.5780338984375 0.9529190203125 0.5789880734375 0.9461895796875 0.59605273125 0.9373509109375 0.6202887625 0.912542371875 0.705742625 0.8020590078125001 0.7025486515625 0.793822975 0.6773484 0.8023603265625001 0.668730696875 0.793923415625 0.647568109375 0.7336095421875 0.6434199625 0.73210295 0.5786867531250001 0.8041180156250001 0.548946640625 0.8273697421874999 0.48579033281250006 0.8575015703125001 0.4359422484375 0.86106716875 0.41425737500000004 0.88326428125 0.38284996875 0.9240426859375 0.3775969875 0.9495543 0.3876610171875 0.9823979921875001 0.4143075953125 0.99826741875 0.4610872578125 1 0.4759813890625 1
1 0.43155304531249994 0.8554927812500001 0.45604017656250007 0.8577526671875001 0.48818079062499997 0.8521782796874999 0.546154425 0.8259133703125 0.5809968624999999 0.7974387953125001 0.646925296875 0.722762084375 0.682119271875 0.5860640296875 0.6825913375 0.5711989953125001 0.67540991875 0.5641682359375 0.618942875 0.5701946015625 0.40926553749999994 0.77619585625 0.4019334578125 0.789453859375 0.40115003125 0.8218957937500001 0.4120075328125 0.8452981796874999 0.43155304531249994 0.8554927812500001
1 0.3460389203125 0.6453232890625 0.31990458125 0.7065913359375 0.32327934687500004 0.7635404890624999 0.344743253125 0.7832768359375 0.37728562499999996 0.7844821078125 0.40121029531249996 0.7772504703124999 0.419229128125 0.7616823609375001 0.47128688125 0.7040803515625 0.5034074078125 0.6525047078124999 0.5986741984374999 0.547796609375 0.60353546875 0.5385059640625001 0.5994475828125 0.49235404843749997 0.6270784671875 0.3878468296875 0.6261142484375 0.37157564375 0.5259661015625 0.43957313124999997 0.4042234765625 0.5541242937499999 0.3985687375 0.572856246875 0.3460389203125 0.6453232890625
1 0.5107595734375 0.31994978125 0.4518317640625 0.35294413125 0.39855869374999997 0.367206528125 0.3377225359375 0.4136597609375 0.29037539218749997 0.4822598875 0.285845575 0.519974890625 0.292956684375 0.5486503453125 0.3001381046875 0.55568110625 0.3331625859375 0.5650219703125 0.34632015 0.5587445062499999 0.3921004390625 0.5550282484375 0.41562335156249997 0.5410169484375 0.5101770250000001 0.4471060890625 0.6349629640625001 0.3610797234375 0.6905059640625 0.2481355921875 0.7067570609375 0.202736975 0.6809139984375 0.20042686718749997 0.6664005015625001 0.20665411093750002 0.620710609375 0.2347269296875 0.59248713125 0.260740740625 0.5713546765624999 0.2694287515625 0.5107595734375 0.31994978125
1 0.0698003765625 0.207558065625 0.038332704687500004 0.2929817953125 0.030297553124999998 0.34003766562500004 0.03087005625 0.3725298171875 0.0387746390625 0.3917639671875 0.06287005625 0.410244821875 0.09142498437499999 0.41265536718750007 0.107374765625 0.407834275 0.12299309375 0.37458882656250003 0.15304457031250002 0.33376020156249997 0.2295091015625 0.27706214687499997 0.24647332031250002 0.2208662890625 0.235776521875 0.20017576875 0.206257375 0.1814940359375 0.1760954171875 0.151964846875 0.1744883859375 0.1248462015625 0.1826139359375 0.10214689218749999 0.19767985 0.082410546875 0.24464532343749998 0.053032015625 0.2612178265625 0.013057125 0.2631615359375 0.0097467234375 0.171984046875 0.0063697796875 0.1385009421875 0.0883364734375 0.0698003765625 0.207558065625
1 0.13926428125 0.5578405515625 0.12484118125000002 0.58842435625 0.1254940359375 0.6222724421875 0.1208738234375 0.6356308859375 0.1298932828125 0.6508474578125 0.1608487140625 0.6709353421875 0.1907595734375 0.6733961093749999 0.21620087968749999 0.668926553125 0.26906214687499996 0.6248838671875 0.2665009421875 0.6044946640625 0.287693659375 0.55116133125 0.28257125 0.510382925 0.28782423125 0.4848713125 0.3195430015625 0.4265160078125 0.353983678125 0.3912617703125 0.35293910781250004 0.37363465156250003 0.33451851875 0.38242310156250003 0.28349529218749997 0.4346516 0.15433019375 0.53810420625 0.13926428125 0.5578405515625