1 0.8410365375 1 0.9063366453125001 0.9896770109374999 0.9603792109375 0.9640274968749999 0.9816460828125001 0.9375209453125001 0.991026853125 0.8776578265625 0.9849122359375 0.8746752343749999 0.9111310921875001 0.8582745796875001 0.7726328031249999 0.8768389765625001 0.677699165625 0.8778144078125001 0.51505604375 0.8572453031249999 0.4573141828125 0.8560983562500001 0.42716495312499997 0.8636823296875 0.413946196875 0.8724323296875 0.40542247187499997 0.88482339375 0.403535546875 0.9220664703124999 0.4180015359375 0.947360115625 0.446171725 0.9692064984375 0.48168566406249996 0.9861917703125 0.536188815625 0.99960586875 0.5413037171874999 1 0.8410365375 1
1 0.371076078125 0.8771886062500001 0.4264828515625 0.8596345828124999 0.4921584484375 0.8521554437500001 0.6247941578125 0.8205994984375 0.6946917734375 0.79457825 0.7574547234375 0.75528268125 0.77254798125 0.726170040625 0.7832225578124999 0.7168545015625 0.785189175 0.7043045796875 0.745963515625 0.677403284375 0.715630046875 0.6693618125 0.6160934953125 0.674508903125 0.5603979421874999 0.68550519375 0.38409303906250003 0.7437178171875 0.2719152921875 0.77073036875 0.20769601718750003 0.794117721875 0.1789109921875 0.8097971875000001 0.15403435000000001 0.8341376859375 0.14520941874999999 0.85685145625 0.1481344953125 0.8717874468750001 0.1570266890625 0.8906472750000001 0.17258053281250002 0.9005982421875001 0.22992906875000002 0.904255175 0.371076078125 0.8771886062500001
1 1 0.6264124062499999 0.951999475 0.6478775421875 0.7692047296875 0.74750490625 0.7146642953125 0.784732115625 0.687126509375 0.8344552265624999 0.6873107421875 0.850080671875 0.69962588125 0.8722987906249999 0.7168451359375 0.8800225453125 0.7656823734375 0.8791901031249999 0.847606346875 0.8688292437499999 0.95999318125 0.8236812656250001 1 0.80227789375 1 0.6264124062499999
1 0.0812737921875 0.760820759375 0.108368553125 0.78112938125 0.122558190625 0.7829848578124999 0.47297986875 0.7141253937500001 0.5106695140624999 0.7004253171875 0.562272446875 0.66514255 0.57118949375 0.6502415046875 0.581888921875 0.6071650921875 0.5174057234375 0.5902338406250001 0.417672509375 0.5966359234375 0.07908052812500001 0.6824107671874999 0.031013453125 0.6978027 0.0336377375 0.7568491046875 0.050940326562500006 0.7527792921875001 0.0812737921875 0.760820759375
1 0.0680572 0.500738765625 0.1931100890625 0.399964453125 0.2722632359375 0.29807814062500004 0.2918672875 0.2569811171875 0.297963803125 0.2180763625 0.28673651875 0.18051556875000002 0.2667888515625 0.156600828125 0.2570054640625 0.1518286875 0.215708640625 0.146545025 0.176734478125 0.17684276875 0.1427441265625 0.21733930781250002 0.07864695625 0.3407542890625 0.022246159374999998 0.4234556328125 0.01957721875 0.44048740625000005 0.0232307109375 0.5226909796875 0.038682190625 0.5201832093750001 0.0680572 0.500738765625
1 0.182495478125 0.5937098046875 0.345225584375 0.4961158515625 0.4096788 0.42083219843749997 0.4190015984375 0.3865407296875 0.4163653015625 0.378162465625 0.40795855156250005 0.3646053796875 0.3960243109375 0.3567577140625 0.3620712390625 0.346612940625 0.2839635328125 0.357822109375 0.1967296921875 0.40206775625 0.10360842031249999 0.46708272656250005 0.02364196875 0.5319442859375 0.03092919375 0.6959068703125 0.0322895984375 0.695386446875 0.182495478125 0.5937098046875
1 1 0.46088548906250004 0.9862983265624999 0.45420208281249996 0.96114533125 0.4551044125 0.9167940343750001 0.47771334843749996 0.8918252765625001 0.49424112343750004 0.8794604312500001 0.5395447515625 0.8394905359375 0.592997890625 0.812069715625 0.61677285 0.732075084375 0.6652251 0.7327571859375 0.6692728453125001 0.786172484375 0.6980296187499999 0.7926250484375 0.7072561890625 0.77998385 0.72912165 0.7872230609375 0.7333282546875 0.9074515156249999 0.6717414671874999 0.935357778125 0.653269246875 0.946819003125 0.6389337390625001 0.9533761078125 0.6390925968750001 0.9972543890625 0.5943004875 1 0.5883133078125 1 0.46088548906250004
1 0.88117555 0.4697957890625 0.860926675 0.45620375468749996 0.8300032234374999 0.4519272640625 0.8161023640625 0.456629515625 0.5828598046875 0.6177705671875 0.566967478125 0.6687836140625001 0.5723446109375 0.676472425 0.586534246875 0.6783279 0.7225804765625 0.6670106859375 0.8053159484375 0.617868984375 0.8386117703125 0.5902051375 0.8739787531250001 0.54092365625 0.8850590828125 0.5122176953124999 0.8873269078125 0.48934506874999995 0.88117555 0.4697957890625
1 0.8185544265625 0.4493823328125 0.829726871875 0.42848909687500003 0.83444675625 0.3983692859375 0.8195874390625001 0.3755856265625 0.766159715625 0.3637092890625 0.7033170703125 0.3783116984375 0.625092396875 0.4154690203125 0.606299846875 0.4177852015625 0.47567316406250004 0.51212569375 0.3931094984375 0.5937732765625 0.40837456562499996 0.597166515625 0.5125140296875 0.58784776875 0.555568384375 0.5987169375 0.5652596515625 0.595676359375 0.6817763890624999 0.524173546875 0.7365010546875 0.5025717796875 0.8005360937500001 0.463558984375 0.8185544265625 0.4493823328125
1 0.3815561578125 0.6002960609375 0.4856656375 0.4987624109375 0.5918090015625 0.42625243125 0.6093418921875 0.40677304062499997 0.6211167484375 0.3652343921875 0.629443809375 0.354098321875 0.6265311625 0.32228189218750003 0.6211540265625 0.31459308125 0.5952268109375 0.3036349453125 0.5586250171875 0.3019923484375 0.48500325625 0.3349780109375 0.42996495625 0.383782921875 0.4068334171875 0.43058936406250004 0.36490932656249997 0.4797119890625 0.30605476249999997 0.5276685875 0.2940035515625 0.5457690734375 0.26423521562499996 0.5677234984374999 0.22936609843750003 0.6054272843749999 0.2208423765625 0.617818346875 0.21837789062500002 0.6419459671875 0.264382171875 0.6339902562499999 0.3815561578125 0.6002960609375
1 0.47053942812500005 0.0408523734375 0.42444302812499995 0.040995359375 0.33771948125 0.0567828703125 0.212218434375 0.10161313593750002 0.073222278125 0.13175523125 0.067478384375 0.1348074578125 0.053043137500000004 0.2269255828125 0.1186789859375 0.2028989625 0.1595949125 0.19381217343749998 0.1959327796875 0.1551361671875 0.217374053125 0.1443178109375 0.24037619375000002 0.1403399546875 0.2658179671875 0.145995353125 0.2884019328125 0.178288353125 0.30080918749999996 0.2083191984375 0.318513884375 0.22134569218750003 0.37489153750000004 0.21439714687500003 0.44246649062500004 0.15279449218750002 0.486621125 0.1314405484375 0.520979946875 0.1221949 0.52842824375 0.10826607656250001 0.531286053125 0.0816284703125 0.518092153125 0.056617596874999995 0.5012662203125 0.0463838578125 0.47053942812500005 0.0408523734375
1 0.678908315625 0.2988595953125 0.6977929828125 0.3043561359375 0.749107134375 0.2625156375 0.757932065625 0.23980186718750002 0.7609865375 0.2119092703125 0.7475038546875 0.18034066875000002 0.7346908515624999 0.16970024687500002 0.721183315625 0.17189251562500002 0.6891844359375 0.166078259375 0.6575664546875 0.1746344578125 0.6361251828125 0.1854528125 0.5146919 0.288330425 0.45594187656249996 0.3272193109375 0.44428399062499996 0.3428098109375 0.46082114374999994 0.34648581875 0.5004774078125 0.320235821875 0.561562521875 0.30004790468750003 0.586715515625 0.299145571875 0.624484853125 0.3101386546875 0.678908315625 0.2988595953125