1 0.9105610875 0.951530234375 0.9351811984375 0.9229354921875 0.950498403125 0.8601444562499999 0.944400840625 0.8573205046875 0.8690129578124999 0.8436501203125 0.722932090625 0.8693956125 0.6238881703125 0.8748038375 0.45626110625000005 0.86090259375 0.3961802578125 0.8623793234375 0.36405258749999997 0.8716741156250001 0.349464428125 0.881400215625 0.3394332015625 0.8947018484375 0.33402023125 0.9335837796875 0.34675834375000003 0.9592618859375 0.3740999453125 0.9807150828125 0.402081128125 0.9933848062499999 0.8195276874999999 0.9872004125 0.8518566796875 0.980748621875 0.9105610875 0.951530234375
1 0.30433884375 0.8883380484375 0.36371614218750004 0.8674892968749999 0.43286486875 0.856660059375 0.5740370265625 0.8176530234375001 0.6493022734375 0.7873138703125 0.718359021875 0.7434774796875 0.7367852375 0.7124537015625 0.7487738140625 0.702256209375 0.751984965625 0.6890924703125 0.713587478125 0.6628852578125 0.68271360625 0.6559121718750001 0.5784858500000001 0.6658788046875 0.5194143375 0.6799099859375 0.3302572140625 0.748704603125 0.2108297296875 0.7820324671875001 0.1417269921875 0.8093652812500001 0.1102722078125 0.8270297140625 0.082089896875 0.8535351734375001 0.07078953906249999 0.87760349375 0.0724564359375 0.893026390625 0.07998005625 0.912260521875 0.0952717625 0.9219064421875001 0.154710378125 0.9230624609375001 0.30433884375 0.8883380484375
1 0.731326275 0.734832059375 0.6710316171875 0.77613350625 0.6377267921875001 0.8292021421875001 0.6364729890625 0.8454700234375 0.6472537515625 0.8680439874999999 0.6644874796875 0.8752928546875 0.7154697875 0.8721662546875001 0.801821584375 0.8575834999999999 0.9231451015625 0.8053550109375 0.9645656171875 0.7824587984375 0.9725412999999999 0.6030059249999999 0.9310802062500001 0.6225971 0.731326275 0.734832059375
1 0 0.7775867062499999 0.013032345312499999 0.7805301546875001 0.0393952703125 0.800431284375 0.0540140859375 0.8017075703125001 0.4256462296875 0.71376695625 0.46619954999999996 0.697752396875 0.52325239375 0.65861230625 0.5339258499999999 0.6426779265625 0.5490642593749999 0.597311928125 0.4834171453125 0.5826586687499999 0.3788682765625 0.5939416734375 0.0180015671875 0.698955059375 0 0.7053333953124999 0 0.7775867062499999
1 0 0.5257734578125 0.0233217578125 0.5102245640625 0.1629948453125 0.3994663328125 0.254927434375 0.28967335312500003 0.279164384375 0.245957225 0.2891189609375 0.20514963281249998 0.280891790625 0.166543484375 0.262312284375 0.1425553421875 0.252556184375 0.1380370234375 0.2099995234375 0.1344438640625 0.1665714921875 0.1678069796875 0.12739461093749999 0.21156319375 0.04916348125 0.343085159375 0 0.4087603015625 0 0.5257734578125
1 0 0.6928957359375 0.134003284375 0.6017742453125 0.3126547734375 0.49258571250000005 0.3868033796875 0.41118376406249996 0.3996939828125 0.37503238125 0.397721303125 0.3664270453125 0.39021301406250003 0.3526941109375 0.3784995640625 0.3450716546875 0.344047434375 0.3360751046875 0.26159501406249996 0.3513649453125 0.1665731015625 0.4014897984375 0.0634926484375 0.4735216109375 0 0.5241593203125 0 0.6928957359375
1 0.91012945 0.44697262968749996 0.8825740390625001 0.46534414843749994 0.8654936046874999 0.5131072015625 0.8188850796875 0.5706364374999999 0.7881031875 0.5966705078125 0.7002377906249999 0.6508422828125 0.7005742359375 0.6550271000000001 0.7535905421875 0.6825106 0.7594625984375 0.6918230203125 0.744262865625 0.7151842515625 0.7514193828125 0.7192311796874999 0.8824376812500001 0.6495162375 0.9132349062499999 0.6289833609375 0.9265079453125 0.613520375 0.9333280140625 0.6133824828125001 0.9738374890625 0.573841696875 0.9806930796875 0.419590903125 0.9584508578125 0.421369865625 0.91012945 0.44697262968749996
1 0.8737352984375001 0.44037313281249996 0.8538866578125001 0.42715167656249997 0.8220494421875 0.42412771562499996 0.8071248375 0.429668996875 0.54909491875 0.6083143093750001 0.5278093296875 0.6621878390625 0.53270270625 0.66994819375 0.547321521875 0.671224475 0.6901759078125 0.65314153125 0.7809619984375 0.5981247734374999 0.8182275203125 0.567767996875 0.859652209375 0.5147971640625 0.8738579359375 0.48438266875 0.8783382218750001 0.4604522421875 0.8737352984375001 0.44037313281249996
1 0.8103513234375 0.4220064484375 0.823930146875 0.39972589531249997 0.831636915625 0.368132921875 0.8182565703125 0.3450875625 0.763665346875 0.3351883171875 0.6968104140625 0.35330651562500004 0.6118350593749999 0.3956309265625 0.5920324078125 0.398913046875 0.447144828125 0.5032272984375 0.3535300140625 0.592096190625 0.369127509375 0.594924546875 0.47853909687499996 0.5803995093750001 0.52241088125 0.5897295546875 0.5327938765625 0.5861139359374999 0.660860821875 0.506241590625 0.7199016734375 0.4812080234375 0.7902582125000001 0.4376073296875 0.8103513234375 0.4220064484375
1 0.340883878125 0.5994252390625 0.45879695781249996 0.4888449921875 0.5761444578125 0.40840344999999995 0.5962222374999999 0.3873013765625 0.612339325 0.3434874484375 0.6220494328124999 0.331502190625 0.62195745625 0.2984950375 0.6170640781250001 0.290734684375 0.5910529265625 0.28051956875 0.5530531984375 0.280501940625 0.473261678125 0.3182679453125 0.41137677500000003 0.37165245625 0.382934665625 0.4214790578125 0.334689903125 0.47458778125 0.268905628125 0.5272652015625 0.2546692453125 0.5466773125 0.22160888281250002 0.5709236125 0.1817744390625 0.6118113843749999 0.171743215625 0.625113015625 0.1669418140625 0.6503598171875 0.215630328125 0.63994425625 0.340883878125 0.5994252390625
1 0.48540113749999997 0.01255815 0.43733952499999995 0.01483976875 0.3454827796875 0.035297303125 0.21051911875 0.08780158125000001 0.0628480046875 0.1256301328125 0.05657845625 0.1290752625 0.0330081484375 0.2256989015625 0.103646596875 0.1976346484375 0.14713594531250002 0.1862763046875 0.18859129531250002 0.1443078578125 0.21194154531249998 0.13204681406250002 0.236285803125 0.12683903125 0.262281625 0.1315529578125 0.282833815625 0.16414643281250002 0.292987675 0.1948543390625 0.310236734375 0.20760440156249999 0.3696446890625 0.19775803593750002 0.44578130624999995 0.130462609375 0.4937816 0.1061762171875 0.530450878125 0.0949557640625 0.5395034265625 0.0801020625 0.5449470578125 0.0522225125 0.5335087374999999 0.026780103125 0.5169172390625 0.0168984859375 0.48540113749999997 0.01255815
1 0.6787198437499999 0.27167370625 0.69789559375 0.27652552343750003 0.755254221875 0.2305678625 0.7665545796875 0.20649954375 0.7723193265625 0.17730361875 0.7611867906249999 0.1450436453125 0.74881578125 0.1345527421875 0.7345334078125 0.137461275 0.7017175156250001 0.1328852421875 0.6679689375 0.143260715625 0.6446186859374999 0.1555217578125 0.50852385625 0.26830345 0.443687596875 0.31153055625000003 0.43009344531249993 0.3283099171875 0.44699072968750003 0.331373971875 0.490755203125 0.3021956734375 0.5562950125 0.2783405875 0.5825966203124999 0.2762369484375 0.6209481234374999 0.2859405828125 0.6787198437499999 0.27167370625