1 0 0.7875 0.025 0.83375 0.0725 0.8699999999999999 0.18 0.9125 0.28500000000000003 0.93875 0.4225 0.95875 0.47625 0.9574999999999999 0.5125 0.9487500000000001 0.5425 0.9337500000000001 0.5599999999999999 0.9125 0.56375 0.87625 0.5575 0.8625 0.54625 0.85125 0.51875 0.8375 0.46375 0.8262499999999999 0.30625 0.81125 0.21625 0.79 0.0875 0.7424999999999999 0.015 0.7424999999999999 0 0.7462500000000001 0 0.7875
1 0.5974999999999999 0.87625 0.7275 0.9324999999999999 0.7825 0.9412499999999999 0.79875 0.9349999999999999 0.8099999999999999 0.91875 0.8150000000000001 0.905 0.8099999999999999 0.88125 0.79 0.8525 0.765 0.83125 0.7075 0.795 0.605 0.745 0.44625000000000004 0.65125 0.395 0.6287499999999999 0.30125 0.6025 0.27125 0.60375 0.22999999999999998 0.6212500000000001 0.22999999999999998 0.63375 0.23875000000000002 0.645 0.24874999999999997 0.67625 0.3025 0.7275 0.365 0.7675 0.48624999999999996 0.8262499999999999 0.5475 0.8474999999999999 0.5974999999999999 0.87625
1 0 0.6599999999999999 0.04625 0.69875 0.14625 0.76625 0.2225 0.79375 0.26875 0.805 0.28625 0.8012499999999999 0.30125 0.7825 0.30375 0.7675 0.28500000000000003 0.71375 0.23875000000000002 0.66625 0.08 0.53125 0.03375 0.49749999999999994 0.005 0.48375 0 0.48375 0 0.6599999999999999
1 0.9199999999999999 0.825 0.95375 0.8412499999999999 0.9737500000000001 0.85875 0.9800000000000001 0.8525 0.9862500000000001 0.8237500000000001 0.975 0.8012499999999999 0.9512499999999999 0.7787499999999999 0.9037499999999999 0.75125 0.595 0.5962500000000001 0.50125 0.56875 0.4375 0.57125 0.44125 0.615 0.44749999999999995 0.63125 0.49124999999999996 0.67625 0.525 0.6975 0.8474999999999999 0.8387499999999999 0.8612500000000001 0.8400000000000001 0.89 0.8262499999999999 0.9199999999999999 0.825
1 1 0.5225 0.9550000000000001 0.4225 0.9125 0.29 0.8862500000000001 0.24375 0.85375 0.20625 0.81375 0.20249999999999999 0.80375 0.205 0.78125 0.22374999999999998 0.765 0.2575 0.765 0.29625 0.7775000000000001 0.33999999999999997 0.8375 0.45499999999999996 0.9412499999999999 0.57875 0.9662499999999999 0.60375 0.9974999999999999 0.61625 1 0.63625 1 0.5225
1 1 0.64375 0.9125 0.5387500000000001 0.83375 0.45625 0.7575000000000001 0.395 0.6849999999999999 0.3675 0.65125 0.37 0.63875 0.375 0.6287499999999999 0.38625 0.625 0.39375 0.6287499999999999 0.42874999999999996 0.67875 0.515 0.81875 0.64375 0.94625 0.7737499999999999 0.975 0.7925 1 0.79875 1 0.64375
1 0.23125 0.64625 0.2225 0.6224999999999999 0.22999999999999998 0.615 0.28500000000000003 0.59875 0.28625 0.595 0.21749999999999997 0.53125 0.195 0.5025000000000001 0.16499999999999998 0.4425 0.16 0.39625 0.13874999999999998 0.375 0.1 0.34375 0.07625 0.3375 0.04625 0.34500000000000003 0.0325 0.36875 0.0325 0.42374999999999996 0.045 0.47000000000000003 0.08 0.5225 0.08625000000000001 0.5237499999999999 0.095 0.54 0.11875 0.56375 0.22374999999999998 0.6487499999999999 0.23125 0.64625
1 0.4425 0.63375 0.43499999999999994 0.58125 0.2375 0.37625000000000003 0.225 0.36875 0.195 0.36625 0.17375000000000002 0.375 0.16499999999999998 0.39249999999999996 0.16375 0.41500000000000004 0.16999999999999998 0.445 0.19624999999999998 0.5 0.22374999999999998 0.5337500000000001 0.29500000000000004 0.59875 0.4225 0.63875 0.43624999999999997 0.64 0.4425 0.63375
1 0.50625 0.5675 0.60375 0.59875 0.61875 0.59875 0.5525 0.5025000000000001 0.4425 0.38375 0.425 0.3775 0.35625 0.325 0.29874999999999996 0.2975 0.24625 0.2975 0.22875 0.31625000000000003 0.22875 0.34625 0.23625 0.36875 0.25125000000000003 0.38625 0.30625 0.4375 0.355 0.47000000000000003 0.45499999999999996 0.56375 0.46375 0.56875 0.50625 0.5675
1 0.7775000000000001 0.6825 0.7787499999999999 0.6587500000000001 0.7725 0.645 0.745 0.6012500000000001 0.72 0.57375 0.7112499999999999 0.55375 0.6625 0.495 0.63 0.43875000000000003 0.615 0.38875000000000004 0.5700000000000001 0.32999999999999996 0.505 0.28250000000000003 0.47000000000000003 0.27625 0.44375 0.28125 0.4375 0.2875 0.43 0.3175 0.43624999999999997 0.32999999999999996 0.44125 0.3725 0.45499999999999996 0.395 0.545 0.4875 0.6287499999999999 0.6075 0.735 0.665 0.7775000000000001 0.6825
1 0.78 0.22125 0.80625 0.195 0.83125 0.195 0.8525 0.20375000000000001 0.8712500000000001 0.21875 0.9 0.26375000000000004 0.9375 0.28125 0.99875 0.32 0.99875 0.22875 0.99125 0.2225 0.8637499999999999 0.16375 0.75125 0.09375 0.67125 0.06 0.6275000000000001 0.05 0.5974999999999999 0.04875 0.58 0.05500000000000001 0.56375 0.07625 0.5625 0.1025 0.5675 0.11750000000000001 0.59875 0.13374999999999998 0.6375 0.16375 0.6925 0.2375 0.745 0.25625 0.76375 0.2475 0.78 0.22125
1 0.5575 0.3125 0.5912499999999999 0.34625 0.6075 0.34625 0.59875 0.32875 0.54875 0.27875 0.44875 0.15375 0.43 0.13874999999999998 0.40125 0.12375 0.37 0.12250000000000001 0.35750000000000004 0.11750000000000001 0.34375 0.125 0.32625000000000004 0.1525 0.325 0.18 0.32999999999999996 0.20375000000000001 0.3725 0.255 0.39125 0.25375000000000003 0.44125 0.27625 0.47874999999999995 0.27375 0.5025000000000001 0.27999999999999997 0.5575 0.3125