1 0.068519709375 0.8940097640625 0.1797784921875 0.9418363703124999 0.2882172203125 0.9728474453124999 0.4300011921875 0.9986661890624999 0.485287603125 0.9994283671874999 0.5224532578125001 0.991806596875 0.553092771875 0.9775157796875 0.5707752765625 0.9563177328125001 0.5740812203125001 0.9191616046875 0.567440753125 0.904775515625 0.5556937 0.8927712281250001 0.5271882812500001 0.8775753234374999 0.470425153125 0.863903775 0.308138621875 0.8424675484374999 0.21521019375 0.8171727984375 0.0820102421875 0.7633916875 0.0112706921875 0.7607717046875 0.0124854109375 0.8427652734375 0.019092534375 0.854900559375 0.068519709375 0.8940097640625
1 0.8275336421875 0.9336906046875001 0.8065166125 0.903346434375 0.7804692156249999 0.8805287609375 0.72075265 0.8410384656250001 0.6145242343749999 0.7856853640625 0.44975110156250003 0.6831725625 0.39667500312500004 0.6580683578125 0.29981183749999996 0.6274860078125 0.268962725 0.627628915625 0.22678575625000003 0.64406335625 0.22697630000000002 0.6569250921875 0.23615100625 0.6688341078125 0.24691675625 0.7013695359375001 0.303003453125 0.75615100625 0.36792187656249997 0.799690365625 0.49357627812500005 0.8647612234375 0.5569227109375 0.8889603421875 0.6088079078125 0.920447778125 0.7434274140625 0.98327974375 0.8001524359375001 0.9943789453124999 0.8167774203124999 0.9885673453124999 0.8281052750000001 0.9722758125000001 0.833040371875 0.958318446875 0.8275336421875 0.9336906046875001
1 0.1428224375 0.7900678812499999 0.221698225 0.8212695015625 0.2694581390625 0.8346075984375 0.2874074078125 0.8314159828125 0.3025556734375 0.8126950109375001 0.30489936875 0.7973561984375 0.284787425 0.7413361921875 0.23647493125 0.690699059375 0.0710730015625 0.5457425265625 0.022970109375 0.5092533046875001 0.00742666875 0.5013001546875 0.0102525671875 0.6920483187500001 0.0388996078125 0.7168036203125 0.1428224375 0.7900678812499999
1 1 0.8654008843750001 0.9960890796875 0.8576634515625001 0.9713088015625001 0.833607240625 0.92201500625 0.8035012515625001 0.6019673703125 0.6322496125 0.5050851484375001 0.6003810875 0.439528403125 0.6005239953125 0.44405382812500005 0.6456829828124999 0.45073240468750003 0.6626414203125 0.49643444062500003 0.7106109328125 0.5314850546875001 0.7337620578124999 0.8654710015625 0.89138978125 0.8796379671875 0.8931999515625 0.9090103609375 0.8801476718749999 0.9398594734374999 0.8800047640625 0.9748338703125 0.8980111953125001 0.995679409375 0.9167798015624999 1 0.91255666875 1 0.8654008843750001
1 1 0.5333838562500001 0.9697368109375001 0.4671906640625 0.9239871390625 0.32923663125 0.896272478125 0.2806478515625 0.8622603312500001 0.2408241046875 0.8210456125000001 0.2354412296875 0.81079433125 0.2376324875 0.7879290218749999 0.25606764375 0.771723234375 0.2901750625 0.772313921875 0.3300464453125 0.7858425625 0.37553888281250003 0.8493319046875 0.49615338906249995 0.9579707046875001 0.6274383703125 0.984075265625 0.654114565625 1 0.661033265625 1 0.5333838562500001
1 1 0.67296475 0.92777896875 0.585185184375 0.8454924374999999 0.497296653125 0.7661021796874999 0.431368346875 0.6910849109375 0.400309634375 0.6563963312500001 0.40159580781250004 0.6436108125 0.4062641421875 0.6334929140625001 0.41745861562500003 0.6297487203125 0.42503275 0.6341407640625001 0.46118851875000005 0.6869024640625 0.55183994375 0.8329165171874999 0.689651065625 0.9660878890625 0.8282720015624999 0.9959556984375 0.8486602359375001 1 0.8498168171874999 1 0.67296475
1 0.188962725 0.5205430515625 0.15717994531249999 0.4576634515625 0.15133023750000002 0.4098844828125 0.129141359375 0.38720971875 0.08879361718749999 0.353578659375 0.0642610453125 0.34624270625000003 0.0335072046875 0.3528164828125 0.019721328125 0.37672978437500004 0.0205597234375 0.43332142500000004 0.034126475 0.481386209375 0.07093962031249999 0.5367393125000001 0.07738954375 0.5382636656249999 0.0866404671875 0.555317375 0.1114398 0.580659759375 0.22077408593749998 0.6721209953125 0.22845301875000001 0.6698344640625 0.21908776875 0.6450637140625 0.226690484375 0.6376324875 0.2830344171875 0.6230082171875 0.284263428125 0.6191973328125 0.21255210156249998 0.5509824937500001 0.188962725 0.5205430515625
1 0.15641776875 0.40621650625 0.155474575 0.4293199953125 0.1623627484375 0.46042634375 0.190210790625 0.5180183390625 0.2190210796875 0.553793021875 0.29332380625 0.6233893046875 0.425123259375 0.6694057390625 0.43929022343749996 0.6712159093750001 0.44562581874999996 0.6650232234375 0.43710849218750003 0.6107181125000001 0.23076813125 0.392259140625 0.21779206874999998 0.3840657375 0.18688579375 0.380350125 0.165154221875 0.388543528125 0.15641776875 0.40621650625
1 0.3521733953125 0.344051446875 0.2925902109375 0.31356436875 0.23857091874999997 0.311563653125 0.22085030312499998 0.33018935312500003 0.221307609375 0.3610575203125 0.22936763125 0.3844944625 0.24506847656250003 0.4030725265625 0.30244134843750003 0.45790163125000005 0.35309753593750004 0.49319995156249996 0.4574205078125 0.593473859375 0.466499940625 0.59895200625 0.5102107890625 0.599285459375 0.61100869375 0.6351554125 0.6264427765625 0.6357270453125 0.556808384375 0.534166965625 0.44181493437499997 0.407788496875 0.42371323125 0.4006907234375 0.3521733953125 0.344051446875
1 0.6698773375 0.530641896875 0.6355793734375 0.47152554375 0.6193831140625 0.4195069671875 0.572185303125 0.3573419078125 0.5045802078125 0.3059902359375 0.4684720734375 0.29822555624999997 0.44153864531250003 0.30236989375 0.43520304843749996 0.30856258125 0.42794331249999995 0.3391449328125 0.434564725 0.3522448484375 0.44035727031249994 0.39616529843750004 0.4548481609375 0.41984041875000006 0.5488626890625 0.5184470640625001 0.636865546875 0.6451113484375 0.7470668093749999 0.7083244015625 0.791063475 0.7279504593749999 0.7919876140625 0.7035607953125 0.7853471484375001 0.6891747046875001 0.7563844234375 0.6431106359375 0.730241753125 0.61386209375 0.7209336656249999 0.5929498640624999 0.6698773375 0.530641896875
1 1 0.260812903125 0.8719018703125 0.1974752890625 0.75507919375 0.1211623203125 0.6722496125 0.08338692343750001 0.6270811000000001 0.07143027187499999 0.596193878125 0.0690008328125 0.5782827203124999 0.074764796875 0.5618863890625 0.09601047968750001 0.5610003578125 0.1229724890625 0.5663737046875 0.13859711875 0.598775753125 0.156508278125 0.6391044421875 0.1888531625 0.69682029375 0.2668333921875 0.7511254015625 0.2881267125 0.7702846265625001 0.27983803749999997 0.7866047390625 0.253447659375 0.8132142437500001 0.227438371875 0.8389377171874999 0.2283910921875 0.8609360484374999 0.238204121875 0.88045730625 0.25435274531249996 0.9107252578124999 0.301750625 0.9495772296875 0.32118613749999997 1 0.3546402140625 1 0.260812903125
1 0.4252185296875 0.155222103125 0.3954078828125 0.138692390625 0.3632344875 0.1362153140625 0.350296534375 0.130594259375 0.3362629515625 0.1377873046875 0.3186757171875 0.16541621875 0.3178087421875 0.193664403125 0.32331546875 0.2182922484375 0.3678266046875 0.2726449921875 0.38710015468750003 0.272073359375 0.43889007968750005 0.297129928125 0.4774371796875 0.2959866625 0.5019697515625 0.3033226140625 0.55905680625 0.3388591171875 0.5942979625 0.374871978125 0.6110182203125001 0.375491246875 0.60174824375 0.35715136406250003 0.5495391203125 0.30379897499999997 0.4447397875 0.171370728125 0.4252185296875 0.155222103125