1 0.8505179265624999 1 0.8743497609374999 0.9660505046875001 0.9195841890625 0.8419729234375 0.9465987468750001 0.7222175078124999 0.9658044203125 0.566748115625 0.9631112390625001 0.506827340625 0.9524002953125 0.46715997187499997 0.9348083421875 0.43506215781249996 0.910485040625 0.41751510625000005 0.8696173843749999 0.4167387390625 0.8542995765624999 0.42501429531249996 0.8419137593749999 0.43863948906249994 0.8271047890625001 0.470651175 0.8157665703125 0.53314486875 0.8026643312499999 0.710483475 0.7809151265625001 0.8130133078125 0.730565 0.9612976890624999 0.731394665625 1 0.8505179265624999 1
1 0.6521787906250001 0.787418746875 0.7085432015625 0.7225559328125 0.7520428921875 0.64897843125 0.8152278046875001 0.5080125 0.8376654296874999 0.4375962515625 0.8688092359375 0.37904018437500003 0.9289723609375 0.2285358875 0.9374983125 0.16627752812500002 0.9300785390625 0.1487147109375 0.9115294234375 0.1376782046875 0.8959422328125 0.1333875765625 0.86934543125 0.1412082328125 0.83748326875 0.1662544734375 0.8141776343749999 0.1961796796875 0.7747766171875 0.263819209375 0.720985665625 0.383017825 0.619326965625 0.5691657343750001 0.5952437546875 0.6285297078125 0.567959815625 0.7357189375 0.5700843046874999 0.7691110984375 0.59075790625 0.8135397640625 0.6048192328125 0.8123630875 0.6172649125 0.8015303812499999 0.6521787906250001 0.787418746875
1 0.6894965984375 1 0.7558747546875 0.893438590625 0.7849838703125 0.8056790906250001 0.7965316062500001 0.7529591 0.791894165625 0.7337647015625001 0.770442990625 0.7187748015625 0.7535095328125 0.7173943265625 0.6934947765625 0.7433976765625 0.641169178125 0.79953003125 0.49310808437500003 0.989560971875 0.4860917265625 1 0.6894965984375 1
1 0.553895271875 0.4081902140625 0.5252051953125 0.5154971125000001 0.5295439625 0.5864701609375 0.57866883125 0.57816306875 0.5967989046875 0.569652171875 0.6463721015624999 0.516547640625 0.6694682140625 0.4768487375 0.820638959375 0.1033216484375 0.8217158484375 0.0878453078125 0.8055599593749999 0.057026067187499994 0.803435475 0.0236339078125 0.8086260828125 0.011979645312499999 0.7410764921874999 0.0109789109375 0.720862725 0.048727453125 0.553895271875 0.4081902140625
1 0.349822515625 0.022428078125 0.20179006875 0.0823731015625 0.1503917 0.11604790312499999 0.108985921875 0.1558802453125 0.10572532812499999 0.2009130171875 0.10877704375 0.2118476265625 0.1304078078125 0.23521498125 0.16876250937499998 0.25018911250000003 0.2123526390625 0.2465414171875 0.261267984375 0.2284606234375 0.3891955296875 0.150615546875 0.52591840625 0.023078296875 0.5396301296875 0.0079945203125 0.42550328593750003 0.006303753125 0.37148617968750003 0.0108239953125 0.349822515625 0.022428078125
1 0.390691459375 0.15468660625 0.3236167484375 0.245623134375 0.29441783906249996 0.3291939046875 0.2980382546875 0.36665712500000003 0.3039621 0.38014888281250003 0.3168567515625 0.390259815625 0.3253833421875 0.393742540625 0.3646652765625 0.38625911875 0.4604912109375 0.322290340625 0.6019706078125 0.153791378125 0.7342850703125 0.010878296875 0.5365989140625 0.0079496140625 0.48161056875 0.0589572484375 0.390691459375 0.15468660625
1 0.47055303593750003 1 0.4832651515625 0.99038464375 0.4845216296875 0.9832857625000001 0.5025918390624999 0.971982384375 0.528739671875 0.9432180890625 0.6218424921875 0.8179322906250001 0.618850634375 0.80979016875 0.592343625 0.8217995531250001 0.5837272375 0.8141281015624999 0.5641305234375 0.754223096875 0.5598821953125 0.7531798578125 0.48981563125000005 0.8359742625000001 0.45801333125 0.8638129875 0.3912372953125 0.902970859375 0.33933009375 0.912909534375 0.3159346609375 0.9386460109374999 0.2817092078125 0.984871228125 0.2781040203125 1 0.47055303593750003 1
1 0.304744815625 0.8766387578125 0.31509658281249997 0.8995512124999999 0.334991965625 0.907677565625 0.3603322953125 0.9069557921875001 0.3939298359375 0.8971505531249999 0.4551711328125 0.8626520796875001 0.49247823906250004 0.8287577125000001 0.5638910734375 0.74305315625 0.60583433125 0.5968710234375 0.6069112203125 0.581394684375 0.5997308968749999 0.575001809375 0.5408528921875 0.5883213078125 0.3149762140625 0.8282251578125001 0.30683872968750003 0.8428935953125001 0.304744815625 0.8766387578125
1 0.556498015625 0.3981811796875 0.5561388390625 0.381426265625 0.44945294999999996 0.4644875421875 0.31850426249999997 0.5985353328125 0.3118926375 0.6186710718749999 0.25448127187499997 0.7004064640625 0.2249231890625 0.7672223203125 0.22618030625 0.8258645187500001 0.24769134375 0.84364690625 0.28143853750000003 0.84082288125 0.30656934687500004 0.8303274078125 0.3258960375 0.8119251500000001 0.3822305140625 0.7456660937499999 0.4176226515625 0.6881532625 0.5206881234375 0.5676287671875 0.5261031390625 0.5573843984375 0.5236793375000001 0.510029809375 0.556498015625 0.3981811796875
1 0.43275894062500003 0.4742770078125 0.565742321875 0.3694326484375 0.6278802765625 0.2453393 0.646548471875 0.1962196953125 0.6198020109375 0.19705913749999998 0.604484203125 0.205334696875 0.5559280328125 0.24017040625 0.52559173125 0.2706839484375 0.5033031234374999 0.28234033125 0.4383821890625 0.34232417656249997 0.3758844125 0.383921534375 0.3199982609375 0.40538315156250004 0.254987534375 0.461178271875 0.20311090625 0.5382542671875 0.1969183203125 0.5779374046875 0.2031714125 0.6067878328125 0.2103517375 0.613180709375 0.24427851875 0.61873414375 0.25819019375 0.6105762515625 0.30587899687500003 0.6009905843750001 0.3308601484375 0.58351389375 0.43275894062500003 0.4742770078125
1 0 0.490658378125 0.0160047578125 0.483974253125 0.03353620625 0.447538503125 0.0663555265625 0.40143095000000006 0.1480004015625 0.3330538796875 0.1678352796875 0.272646665625 0.1575433765625 0.252526696875 0.127625471875 0.236846559375 0.09746811562499999 0.20999648125 0.09686948906250001 0.18207162500000001 0.1062035875 0.157511825 0.1226282125 0.1351561703125 0.1725605859375 0.0988065515625 0.191348509375 0.05527191875 0.20940142968750003 0.024387521875000002 0.1103773578125 0.032674025 0.060937942187500004 0.1487110015625 0 0.254682834375 0 0.490658378125
1 0.2003585015625 0.5412820875000001 0.2356009828125 0.476788046875 0.27275842968749997 0.43591246406249995 0.27236932343750003 0.4177613078125 0.2528929796875 0.42918235468750005 0.1978449078125 0.48973877187500003 0.05962610625 0.6132049578125 0.0432014765625 0.6355606125000001 0.0270163 0.6690862109375 0.026358453124999997 0.7041099484375 0.0210332359375 0.7185430453125 0.029799279687500003 0.7331957124999999 0.061153250000000006 0.7501544234375 0.092118109375 0.748961978125 0.11871491406250001 0.741141321875 0.17534870625 0.6888446921875 0.1734936015625 0.66801871875 0.197606740625 0.6100509890625 0.1938965359375 0.568399040625 0.2003585015625 0.5412820875000001