1 0.8409104328125 0.4029000921875 0.8282306421875001 0.4328988234375 0.8198319890624999 0.4912205 0.8137504046874999 0.656457175 0.79704195625 0.7521856140625001 0.7552907484375 0.8908939796875 0.7596981328125 0.96624325 0.7625132609375 0.9751115406249999 0.8192671515625 0.9695041015625 0.8543323828125 0.9464400609375 0.8892807156250001 0.893335003125 0.9271049937500001 0.7772273968750001 0.9481203171875 0.6653938265625 0.9606364796875001 0.52042753125 0.9560642500000001 0.46469404687500004 0.9447277484375001 0.4279217578125 0.9272477546875001 0.3982896296875 0.9040042234375001 0.38229328749999997 0.8659403265625001 0.3821342046875 0.8519687140625001 0.3900478046875 0.8409104328125 0.4029000921875
1 0.6178708265624999 0.5830396484375 0.5961716 0.6831810890625001 0.599300034375 0.7142311921875 0.6200733046875 0.755297634375 0.6331201734375 0.7540085671875 0.6443304328125 0.74375453125 0.6763396984375001 0.7301388609374999 0.7265643296875 0.668991296875 0.7645148515625 0.5999100171875 0.8184641796875001 0.46783624531249995 0.8369203828125 0.40198768906250004 0.8638886125 0.347057821875 0.914696640625 0.20614798437499998 0.9204859187500001 0.1480841203125 0.912974621875 0.131840025 0.8953297828125001 0.1218236828125 0.880674265625 0.11804515468750001 0.85618916875 0.12569088281250002 0.8273971921875001 0.1494417421875 0.8067372984375 0.1776156625 0.77239688125 0.241113721875 0.7264405218750001 0.35279826875000003 0.6382396328125 0.5274551875 0.6178708265624999 0.5830396484375
1 0.5106127578125 1 0.679586284375 0.983304953125 0.712134346875 0.9382768499999999 0.7765083046875 0.8273858609375001 0.800576071875 0.7453032671875001 0.80950665 0.6960754703124999 0.8045287359375 0.678274434375 0.7840465546875001 0.6646185296875 0.76823833125 0.6635671578125 0.7132766234375 0.688597025 0.6665101171875001 0.7415631171875 0.53525455 0.9204739578125001 0.5028396046875 0.9720220749999999 0.491572753125 1 0.5106127578125 1
1 0.8100189265625 0.0766806625 0.7939196109375 0.048218753125 0.7907911796875 0.0171686515625 0.795877609375 0.00463028125 0.733296025 0.0042661921875 0.714802496875 0.041662775 0.5717906625 0.3785311640625 0.5487867468750001 0.4788015125 0.5552715781249999 0.5447990921875 0.6007076625 0.536389984375 0.61728865 0.5282185687500001 0.6615977609375 0.4781085421875 0.681725728125 0.4408407453125 0.809550121875 0.09109995 0.8100189265625 0.0766806625
1 0.24833118125000003 0.2327877140625 0.29323533749999997 0.21528472812500002 0.4096190703125 0.141067296875 0.532475984375 0.02047813125 0.547355721875 0.003184421875 0.473796115625 0.002756465625 0.3883174109375 0.011201995312500001 0.368554203125 0.0223010859375 0.232841 0.0801354546875 0.18616335 0.11218663437500001 0.1489984578125 0.14983109375 0.14751605625 0.191789825 0.1507333453125 0.201925015625 0.1716714625 0.2233756703125 0.20788587656250002 0.23678382031249998 0.24833118125000003 0.2327877140625
1 0.48189470625 0.29986869843749997 0.6077666749999999 0.14108927031250001 0.7277580765625 0.004233971875 0.5450500953125 0.003171009375 0.49247375 0.0544830296875 0.41115172656250004 0.144835765625 0.35185740625 0.230398840625 0.3275616703125 0.3085840578125 0.332222759375 0.3434026296875 0.3382014 0.35587825624999997 0.3505515015625 0.365111096875 0.35860759062500003 0.3682350359375 0.3949108640625 0.360728271875 0.48189470625 0.29986869843749997
1 0.3429078734375 0.9747574359375 0.3685328125 0.9865985875 0.4259390484375 0.9809266937500001 0.47345257968750004 0.9631658953125 0.5261217390625 0.9213763046875 0.52704648125 0.9147517703125001 0.5434754875000001 0.90398210625 0.5668207453125 0.8768495 0.64915636875 0.7589573140625 0.64609105625 0.751420375 0.6218339265624999 0.7629634796875 0.6135498671875 0.7559421671875 0.5932454 0.7004564390625 0.5892553515625 0.6995440328125 0.5268957203125 0.77757016875 0.498255721875 0.803919278125 0.4374544828125 0.8412858046875 0.3894850140625 0.8512518546875001 0.36859715 0.8755283984375 0.3383356421875 0.9190239515625 0.3332560046875 0.9443518671875 0.3429078734375 0.9747574359375
1 0.626636559375 0.5534276359375 0.6271053640625001 0.53900835 0.6202019812499999 0.5331572578125 0.5658610546875 0.5463660906250001 0.36389867656249997 0.7727685875 0.3568304484375 0.7865332828125 0.35604481718750003 0.8179701046875 0.3664694484375 0.8391528890625001 0.38526699375 0.8464420734375 0.40882735312499996 0.8454208796874999 0.4397599 0.835831490625 0.49557035781250003 0.802877965625 0.5291251453125 0.770816728125 0.5926374859375 0.6900634359375 0.626636559375 0.5534276359375
1 0.37350029375 0.7574469578125 0.42364893437499995 0.69500026875 0.454607215625 0.6409828046875 0.546379603125 0.5273847765624999 0.5510664281250001 0.5177752734375 0.5471781015625 0.4737339171875 0.573868109375 0.3691794734375 0.5729562375 0.35358996875000004 0.47652276093749996 0.4323694265625 0.3592645421875 0.5589385906250001 0.353804959375 0.5777708796875001 0.3031875125 0.654636853125 0.27797990625 0.717232565625 0.281171459375 0.7717958296874999 0.30180561875 0.7880499859375 0.333118109375 0.784956225 0.35614654375 0.7748411546875 0.37350029375 0.7574469578125
1 0.25220420468750004 0.5682098109375 0.2591075890625 0.5740609046875 0.290876015625 0.578761896875 0.303542940625 0.5709772015625 0.3475983484375 0.5613978765625001 0.370246834375 0.544787175 0.4613224515625 0.44171105781250003 0.5814811343749999 0.34229461875 0.6350376468750001 0.2259392578125 0.650719628125 0.1799643015625 0.6258545828125001 0.1811144015625 0.6118829703124999 0.189028003125 0.567890684375 0.2221204953125 0.540707353125 0.25093894843750003 0.5203642859375 0.2620953328125 0.4620075734375 0.3188198328125 0.4052723734375 0.35839789375 0.3539967578125 0.3791436640625 0.295412078125 0.431970790625 0.2497854109375 0.5044237625 0.245389678125 0.54144380625 0.25220420468750004 0.5682098109375
1 0 0.4211935765625 0.00018569375 0.43239403281250005 0.00777298125 0.4499372515625 0.030940525000000003 0.46463446875000003 0.0584149453125 0.46322655468749996 0.073767234375 0.45648317499999996 0.088828434375 0.422329253125 0.11778525468750001 0.37896260625 0.1914182671875 0.3141955984375 0.2077970203125 0.2576987328125 0.1975243703125 0.23911419843749998 0.1691380765625 0.224932609375 0.14014386875 0.2003580171875 0.13862408125 0.17437551093749998 0.14646507343749998 0.1513880328125 0.16098147812500002 0.13035427187499998 0.2062024625 0.09583375 0.22218840156250003 0.055055295312499995 0.23792632343750003 0.026061045312499996 0.14604637812500001 0.0351390359375 0.104031178125 0.1438209171875 0.037807740625 0.2679609734375 0.007444504687500001 0.35458547500000004 0 0.3990930703125 0 0.4211935765625
1 0.1537435328125 0.702068159375 0.17822863125 0.69442243125 0.2291371671875 0.6449669953125 0.226692640625 0.625609021875 0.2471374328125 0.5713236875 0.2422483796875 0.5326077421875001 0.247328015625 0.507279825 0.27790634999999997 0.44676673750000007 0.311081190625 0.408209871875 0.31009332968750003 0.3913212421875 0.2923596359375 0.4022198140625 0.243211721875 0.4593410953125 0.11882215468749999 0.5761617890624999 0.10430574687500001 0.59719555 0.09039725625 0.6286223140625 0.0909923046875 0.6612293546875 0.08653345 0.674736234375 0.09519745625 0.6882531734375 0.1249644265625 0.70360498125 0.1537435328125 0.702068159375