0 0.9566567156250001 0.9331413843749999 0.9535032734375 0.9019938968749999 0.8879031578125 0.8080217609375 0.848868803125 0.7640886453125 0.8098569140625 0.7403822671875 0.78022585625 0.7385468109375 0.76152469375 0.7492615687499999 0.733492825 0.78322659375 0.7319748625 0.820553553125 0.7413747046875 0.85953940625 0.7632500515625 0.8986429656249999 0.7882339046875 0.9284405375 0.83193101875 0.9584146656250001 0.856901503125 0.9674398625 0.92403475 0.9649534453124999 0.9426494218749999 0.957903409375 0.9566567156250001 0.9331413843749999
0 0.1767038296875 0 0.165018984375 0.0232580125 0.16193813125 0.05745845000000001 0.166682121875 0.1166269015625 0.1807620046875 0.1572127984375 0.219805003125 0.2089254296875 0.24945334375 0.2263199140625 0.2790809453125 0.225043565625 0.32113912031249997 0.183431446875 0.33354895 0.124424840625 0.33658659687500003 0.0513268296875 0.3256325046875 0.016993970312500002 0.313529246875 0 0.1767038296875 0
0 0.026412162500000003 0.186874234375 0.024883834375 0.2148657765625 0.03897063125 0.2616752828125 0.071768959375 0.3071054484375 0.18412111874999998 0.37351273281249997 0.1997172328125 0.37521576875 0.2355704921875 0.363106953125 0.2542630125 0.3446126765625 0.2370711640625 0.310220965625 0.24013646562500002 0.2620174015625 0.2291823703125 0.22768454375 0.1963754015625 0.1744748625 0.16203491718750002 0.1445890140625 0.11679219062499999 0.12704739375000002 0.0793725796875 0.1329178859375 0.038861748437499996 0.1636533984375 0.026412162500000003 0.186874234375
0 0.24792847187499997 0.257423259375 0.24015201875 0.2760205265625 0.24487526874999999 0.3165181453125 0.2698625796875 0.3494275203125 0.2979463015625 0.36213958281249997 0.3369322609375 0.362507415625 0.3696701 0.3534809796875 0.4226564421875 0.3228631734375 0.45069349531249997 0.293565859375 0.4662533125 0.2625949328125 0.469332440625 0.22683859375 0.4583887171875 0.2018411515625 0.4349712171875 0.1782819078125 0.40376689062500004 0.1639845140625 0.356992378125 0.17132262812500001 0.297775196875 0.20810519218749998 0.24792847187499997 0.257423259375
0 0.2888489171875 0.59543674375 0.3294219703125 0.6207137375 0.4042974859375 0.6416467171875 0.471356796875 0.6453911984375 0.5009740296875 0.6347794312499999 0.5181122984375001 0.6209381515625 0.5289920734375 0.58836718125 0.5195905046875 0.547825425 0.50553481875 0.52902216875 0.477444184375 0.51008649375 0.40880296875 0.48610056406249996 0.3183693640625 0.49769441406250003 0.285640165625 0.514500365625 0.27162769062500003 0.5345946828125 0.270088990625 0.55325080625 0.2888489171875 0.59543674375
0 0.7031687062499999 0.15747405781249998 0.6610742390625 0.166412215625 0.6439428828125 0.186477109375 0.6330596515625 0.21593627031249998 0.6330821203125 0.23616300781250002 0.6440275718749999 0.26271635312499997 0.6643227421875 0.28313436406250003 0.6908487484375 0.2973876171875 0.773531825 0.32772958124999996 0.8499408562499999 0.3253387296875 0.888900890625 0.30236801562500004 0.90758995625 0.2807619375 0.9138017859374999 0.257482246875 0.9106587125000001 0.235670178125 0.89815900625 0.2137698296875 0.8841085046874999 0.199634284375 0.8638306218749999 0.1947753 0.799902284375 0.20195156875000003 0.7031687062499999 0.15747405781249998
0 0.3338548640625 0.3998196625 0.3338790609375 0.4216023 0.3417090921875 0.45123802343749997 0.3542053390625 0.470026565625 0.49147394687499996 0.50555120625 0.5491714437499999 0.5045396953125 0.5709932109375 0.495410265625 0.58812629375 0.476901278125 0.597403421875 0.405418021875 0.58801568125 0.377323490625 0.57552461875 0.36320265625000003 0.5349532953125 0.339481565625 0.48503916562500005 0.32811941875 0.43357423749999996 0.3245220734375 0.39149013906249996 0.3427956484375 0.3431872984375 0.3781252984375 0.3338548640625 0.3998196625
0 0.27209261093750003 0.953132575 0.2767017921875 0.8909405953125 0.267319234375 0.8675137703125 0.248585234375 0.8486663765625 0.197099565625 0.8263981953125 0.1471975375 0.825927365625 0.10354881406250001 0.8395185203125 0.0661499453125 0.8640598468749999 0.0459014421875 0.885651215625 0.0350320375 0.9275575999999999 0.047543839062499996 0.9603492687499999 0.0756362 0.9808408500000001 0.1325046796875 0.9942693734375 0.223554996875 0.990897140625 0.22691037343749998 0.990047559375 0.27209261093750003 0.953132575
0 0 0.506832496875 0.01120319375 0.5336934578125 0.029937195312499998 0.552540853125 0.056461475000000004 0.5652382031250001 0.09856631406250001 0.5656354625 0.1235035015625 0.55342365625 0.148416496875 0.5194292 0.15306024375 0.48835528437500003 0.1467550875 0.4276162171875 0.11705489375 0.3635446421875 0.067095828125 0.311729015625 0.0343441625 0.3083082296875 0.0047321140625 0.3235877078125 0 0.33182145625000004 0 0.506832496875
0 0.3031482984375 0.8336223140625 0.30786290781250003 0.8663404171875 0.33285885937500004 0.9070293062499999 0.3609598625 0.9353004015625 0.41557650312499994 0.9684893265625 0.46391909531250003 0.968945440625 0.49508885312500006 0.9521247781250001 0.512197740625 0.9118331484375 0.5059167796875 0.8728767187500001 0.4902895546875 0.8431674296875 0.46530743281250003 0.8149257640625001 0.4294334328125 0.8083637453125 0.39041117812500004 0.77532195 0.3373902671875 0.774821696875 0.3171348515625 0.790189453125 0.30935494218750004 0.8056749171875 0.3031482984375 0.8336223140625
0 0 0.8694889124999999 0.0224943078125 0.871427390625 0.0567933140625 0.8639715671875001 0.0895207796875 0.8456097124999999 0.13002470156249998 0.8086505890625 0.1486912984375 0.76681776875 0.143968046875 0.726320153125 0.12991063281249998 0.7059609953125 0.1127481671875 0.6980196328125 0.06596501406250001 0.697578234375 0.0036272265625 0.7327754671875 0 0.736150884375 0 0.8694889124999999
0 0.5074865875000001 0.8822268515625 0.5293532921875 0.9135508953125001 0.56211186875 0.9231952953125001 0.5839457359375 0.9249571828125 0.621358434375 0.91286308125 0.66187618125 0.8883511796875 0.682121228125 0.86364800625 0.6945483421875001 0.820200434375 0.6929543375 0.7890676578125 0.6523709140625 0.7544552484375 0.6196192500000001 0.7510344609375 0.5931139796875 0.75545204375 0.5385803 0.7969464578125 0.5214489437500001 0.8170113484374999 0.5058960375 0.854205884375 0.5074865875000001 0.8822268515625
0 0.6060679921875 0 0.5673748484375001 0.0457248890625 0.554939090625 0.08139294999999999 0.5580959921875001 0.1156522421875 0.576854190625 0.156282278125 0.5987053421875 0.173603196875 0.6298941124999999 0.1738974640625 0.667298165625 0.15402384687499998 0.696889475 0.12007353437499999 0.710898496875 0.0968674109375 0.7124406515625 0.08132309374999999 0.7295754624999999 0.06437000781249999 0.7419922078125001 0.011587015624999999 0.7367755296875 0 0.6060679921875 0
0 0.74711124375 0.4083864078125 0.72535860625 0.4797519546875 0.7254208281250001 0.535764459375 0.736362821875 0.5592059984375 0.7613328484374999 0.57655634375 0.7831649890625 0.5767623296875 0.8190113328124999 0.558429903125 0.8486043703125 0.5260354921875 0.87194928125 0.4842468140625 0.8828169593749999 0.44078452500000004 0.8843245468750001 0.39412215 0.8702550359375 0.36287167187499997 0.85620971875 0.3534038328125 0.83437239375 0.3485301390625 0.7953916171875 0.352830015625 0.7735784906250001 0.369738959375 0.74711124375 0.4083864078125
0 0.402815821875 0.7116476390625001 0.39193431875 0.7426627015625 0.393521409375 0.7675718625 0.4044634046875 0.7910133984375001 0.434115203125 0.8115196906250001 0.5058459156249999 0.8090847 0.5448145953125 0.7938935046875 0.5744197296875 0.772390415625 0.6055687468750001 0.736898915625 0.619565671875 0.7028014703125 0.6195362921875 0.676351121875 0.6054685078125 0.646656546875 0.5602171375 0.6213354109375 0.5383849984375 0.621129425 0.47447567343749997 0.6454206234375001 0.43707853124999996 0.671517853125 0.402815821875 0.7116476390625001
0 0.5289920734375 0.58836718125 0.575821890625 0.6308179609375 0.6241852234375 0.649944909375 0.675644965625 0.6488745484375 0.6927918765625 0.64281278125 0.7130438359375 0.624333221875 0.7254847765625 0.5933328703125 0.7207563390625 0.5481675453125 0.6926536109375 0.5183405484375 0.65052975625 0.5008283546875 0.5912659109375 0.4956015390625 0.5522903218749999 0.5045691234375 0.533594340625 0.5199515921875 0.5242601796875 0.54009005 0.522733578125 0.5696374921875 0.5289920734375 0.58836718125
0 0.5708393921875 0.35693490156249996 0.59734811875 0.3556291265625 0.63318581875 0.3295171859375 0.645631946875 0.303184540625 0.644034484375 0.2689399625 0.626830540625 0.22365693125 0.5893556265625 0.17973852968749998 0.542534446875 0.14506726406249998 0.5144645531250001 0.1448024234375 0.48641021562500003 0.158540709375 0.47395544687499996 0.177093840625 0.4708953359375 0.2299651109375 0.4756013046875 0.2549036984375 0.509986725 0.325243025 0.5708393921875 0.35693490156249996
0 0.7517306109375 0 0.7451128140625001 0.013172346875 0.732701253125 0.070623046875 0.7343453796875 0.1468770046875 0.7468468109375 0.1703332546875 0.7686927765625 0.1829864671875 0.8279427968749999 0.175766059375 0.8637770437500001 0.14654230937499998 0.890247746875 0.11100666875000001 0.9244793453125 0.042870634375 0.9396475437499999 0 0.7517306109375 0
0 0.669540290625 0.768620221875 0.68514331875 0.77654686875 0.70541601875 0.77673814375 0.7506155390625 0.7553821890625 0.77710179375 0.7338496734375 0.8020061453125 0.6920757078124999 0.812880734375 0.6548370296875 0.8097307484374999 0.6268013515625 0.7894303953125 0.60171563125 0.758236440625 0.59675365625 0.658510153125 0.665827634375 0.6445045890625 0.6921455640625 0.6414099078125 0.713898778125 0.6539286234375 0.7529140578125 0.669540290625 0.768620221875
0 0.15806521406250001 0.78246508125 0.18148789999999998 0.8106920328125 0.2579453234375 0.8518664609375 0.275100871875 0.8535842125 0.2969191859375 0.8413429765625 0.30623779375 0.8072013921875 0.30619976875 0.7729715265625 0.292114703125 0.727717921875 0.2702428125 0.6917261671875 0.248393390625 0.6759611515625 0.21563826874999997 0.6694285578125 0.181346178125 0.6831079921875001 0.1564193578125 0.7046552187499999 0.1470903828125 0.729461384375 0.14867747343749999 0.7543705468749999 0.15806521406250001 0.78246508125
0 0.0502945828125 0.62897136875 0.0472171875 0.666283615625 0.07375529374999999 0.6914281875 0.11430415000000001 0.694922540625 0.1470454453125 0.6890079078125 0.2312222859375 0.6602402734374999 0.2530371390625 0.64488723125 0.277955315625 0.6155604890624999 0.281049996875 0.593807275 0.2701010890625 0.5641421249999999 0.23421153593750002 0.5435769828125 0.19365749375000002 0.53541491875 0.1671539546875 0.541388403125 0.1172813046875 0.5673679265625 0.07521275937500001 0.599644628125 0.0502945828125 0.62897136875
0 0 0.151527459375 0.0154615265625 0.1556531828125 0.0419719796875 0.1559033109375 0.0793708515625 0.1313619828125 0.130828865625 0.12873571875 0.1417362921875 0.121059196875 0.1588590046875 0.0932147890625 0.16037696562499998 0.05588783125 0.15724080468749999 0.040299375 0.1400627828125 0.0183548875 0.1010595375 0.002428025 0.03400886875 0.006463060937499999 0 0.01972076875 0 0.151527459375
0 0.3168030140625 0.4914560875 0.3370342328125 0.45430569062500004 0.330730803125 0.395122525 0.3166768453125 0.377875171875 0.28235364218750003 0.363548353125 0.24024880468749998 0.36315109375 0.1950423734375 0.37828343593749997 0.165442421875 0.4044542328125 0.151436859375 0.43077216093750004 0.148371559375 0.478975725 0.159310096875 0.4993054578125 0.19364366875 0.5229676953125 0.265376109375 0.52208860625 0.3168030140625 0.4914560875
0 0.33893069374999996 0.7577214765625 0.3701211921875 0.7595716484375 0.3903835234375 0.750427503125 0.39192221875 0.73177138125 0.41059573125000004 0.6961621734375 0.40901901093750004 0.6805884296875 0.39339524375 0.653990946875 0.37310353125 0.6366847421874999 0.29354105937499997 0.6079281078125 0.279516484375 0.617131103125 0.262390315625 0.6418637046875 0.265547215625 0.6761229984375 0.29211124375 0.724606115625 0.310845246875 0.7434535109375 0.33893069374999996 0.7577214765625
0 0.5113387640625 0.1385493859375 0.5300001765625 0.09204885625 0.52997598125 0.07026621562499999 0.51278931875 0.0405422109375 0.43635263750000003 0.01803861875 0.4114016203125 0.017803206250000002 0.3817861171875 0.029970875 0.34128046875 0.0653740953125 0.33662980625 0.0902244015625 0.3413409609375 0.11983069843750001 0.36787906718749996 0.1449752703125 0.41000464687499993 0.1640433671875 0.4661461578125 0.16612895156250002 0.5113387640625 0.1385493859375