0 0.04798941875 0.7862959546875 0.0184417125 0.8292466296875001 0.0086653015625 0.8548400734375001 0.0066990953125 0.9079276328124999 0.016038573437500002 0.933859703125 0.039141490625000004 0.9457334015625 0.06874381406249999 0.9410363546875 0.15951698125 0.8738576546875001 0.202172725 0.8345444609375001 0.2256579625 0.7963672984375 0.22817033750000001 0.768261478125 0.2185031578125 0.751177334375 0.1870438640625 0.7265560671875 0.15170677500000002 0.7271786984374999 0.11451271562500001 0.7382113 0.0768817203125 0.7610411328125 0.04798941875 0.7862959546875
0 0.7947653171875 0.1696610328125 0.744736303125 0.2094111625 0.727477384375 0.2383908515625 0.72791431875 0.26632189687499996 0.766255334375 0.30377811875 0.8218552656250001 0.31225464999999997 0.8910547859375001 0.311096775 0.9238795015625 0.29885168281249996 0.9556664953125 0.2748967390625 0.97773169375 0.235332309375 0.9786601796875001 0.2102631859375 0.9708499749999999 0.18276907343749998 0.9481839890625 0.1590981390625 0.9221317640625 0.147399215625 0.8897986015624999 0.14637241875 0.8335978828125 0.1541170859375 0.7947653171875 0.1696610328125
0 0.699458953125 0.0414097953125 0.655547021875 0.074911759375 0.5896791265625 0.1847571265625 0.587658303125 0.1995910578125 0.5981993515624999 0.23280901250000002 0.6152398015625 0.249456221875 0.648282984375 0.2313125109375 0.693888034375 0.231552825 0.72671275 0.21930773124999997 0.7779979515625 0.1853688328125 0.80721795625 0.1512660859375 0.8250230421875001 0.107539853125 0.8204352281249999 0.07249769687499999 0.7923621796875 0.03590441875 0.770679296875 0.025417990624999998 0.7441901343749999 0.0255163 0.699458953125 0.0414097953125
0 0.6421112812499999 0.23903533124999998 0.61026966875 0.264464925 0.597489334375 0.2917078 0.5961239125 0.328574159375 0.603824884375 0.35901757968750003 0.631461 0.407408090625 0.6584963312500001 0.43229151874999994 0.6874432484375 0.44529032187500006 0.721251065625 0.44622973125 0.7452278546875 0.434508959375 0.7681669234374999 0.41107834218750006 0.7825311484374999 0.3807987703125 0.7767963796874999 0.33699607343750004 0.7434801156249999 0.28305649375 0.6980389140625001 0.23866393593750002 0.680616146875 0.23233930625000002 0.6421112812499999 0.23903533124999998
0 0.35160436875 0.3357071171875 0.32981225468750003 0.40762655625 0.324514421875 0.4712114703125 0.33379928125 0.49861819374999994 0.34647038750000003 0.5140529093749999 0.3770558125 0.5225403656250001 0.415724525 0.511420378125 0.43391192968750003 0.49709984687500003 0.452590884375 0.46950742500000003 0.4771138421875 0.403311828125 0.46848438281250004 0.31848096875 0.45341013906249994 0.2884744828125 0.4347311828125 0.276338625 0.417089946875 0.2759126125 0.3766188765625 0.2959679140625 0.35160436875 0.3357071171875
0 0.7081430281250001 0.6015053765625 0.6826915875 0.6133135328125 0.662811059375 0.6336200734374999 0.648610684375 0.659475678125 0.617697559375 0.7392927125 0.61797064375 0.8113760031249999 0.6387250390625 0.846931559375 0.6587147984375 0.8634039937500001 0.6806161453125 0.8679918078125001 0.7013705406249999 0.86381908125 0.7224526359375 0.8507984296875 0.736216078125 0.8367400578125 0.741350059375 0.817307390625 0.736216078125 0.7572834953124999 0.7808926421875 0.6634080906250001 0.773519371875 0.6241167421875 0.7549496515625 0.6090315734375 0.727313534375 0.6003693453125 0.7081430281250001 0.6015053765625
0 0.5119047625 0.3379791765625 0.49377197500000003 0.35082505625 0.4565232984375 0.482517153125 0.4559771296875 0.536991978125 0.4640604203125 0.5571128171875 0.48115548593749996 0.5722853734375 0.5486618875 0.5771135015625 0.5755333671875 0.566692609375 0.589242190625 0.5541088921874999 0.6127820453124999 0.5144570734375 0.6248523640625 0.466656428125 0.6296040281249999 0.4178180578125 0.6133828296875 0.37905103281249997 0.5811588999999999 0.33534664687500004 0.560841440625 0.3277221359375 0.540196278125 0.32894555312499996 0.5119047625 0.3379791765625
0 0 0.24071357187500003 0.0042413375 0.2591780171875 0.038049154687499996 0.299845709375 0.0968714796875 0.30077419375000003 0.11931899531250001 0.2906154640625 0.13767025 0.27187096718750003 0.16011776875 0.22198395468749998 0.16186550625 0.17479501718749998 0.1501228890625 0.1342911765625 0.1278392203125 0.1002976609375 0.107904078125 0.082350571875 0.0684707296875 0.0743874375 0.037066053125 0.08801979843749999 0.01691244375 0.11569960937499998 0 0.1805485890625 0 0.24071357187500003
0 0.5567414203125 0 0.4962843484375 0.0048929859375 0.4423775390625 0.030158729687500004 0.424026284375 0.0489032265625 0.4113005625 0.0746714453125 0.40982590781250006 0.1144871140625 0.42074927500000003 0.1373824890625 0.452317803125 0.159054446875 0.48164703906249995 0.1617306703125 0.5393770265625 0.1524239640625 0.6008755765625 0.12082266562499999 0.651286909375 0.07074995625 0.655383171875 0.039607440625000004 0.641674346875 0.012462879687500001 0.6214661218749999 0.001889059375 0.5780094546875 0 0.5567414203125 0
0 0.08015873125 0.354735621875 0.05263185 0.3828523640625 0.01975251875 0.43630039218750005 0.018059396875 0.482014678125 0.033188259375 0.510546509375 0.0709284859375 0.5244956484375 0.10801331249999999 0.5164123578125001 0.136577915625 0.5000054625 0.1639955609375 0.4748380265625 0.1711503671875 0.440571428125 0.2034835296875 0.40186994374999996 0.2053405015625 0.3517316953125 0.1913039765625 0.33343505625000003 0.1768305171875 0.3269356546875 0.1505052046875 0.3226100015625 0.1193736125 0.32886909062499997 0.08015873125 0.354735621875
0 0.1433273625 0 0.1263645671875 0.020928485937499998 0.121995221875 0.05944427343749999 0.128166921875 0.09144973437500001 0.144715821875 0.12136883437499998 0.178687490625 0.1576125625 0.21784775625 0.1729489671875 0.2563526203125 0.16625294375 0.276014678125 0.1518450265625 0.2839887359375 0.1351868921875 0.285627240625 0.090947259375 0.25389486250000004 0.033970984375 0.23122887812499998 0.010300051562499999 0.214690178125 0 0.1433273625 0
0 0.068853046875 0.5408042328125 0.058858165625 0.572296296875 0.056618876562499997 0.5930288453125 0.0671053078125 0.6277214546875001 0.089279740625 0.6646642765624999 0.1121641921875 0.6824365953125 0.15301757968750002 0.69178699375 0.182565284375 0.6885646015625 0.21642771875000003 0.648301075 0.22052397968749998 0.617158559375 0.21702850312500002 0.592351596875 0.17912442343749999 0.543098140625 0.1605547015625 0.528012971875 0.125709165625 0.5153637140625 0.0991107703125 0.518411334375 0.068853046875 0.5408042328125
0 0.8568646531249999 0.5191213515624999 0.8243130234375 0.5239931734375001 0.78531660625 0.5439610859374999 0.768330771875 0.565567503125 0.7672384343750001 0.5950605906249999 0.7850981406249999 0.629316265625 0.8165028156249999 0.6554121859375 0.8381310796875001 0.6673732718750001 0.8528230078125001 0.6679740562500001 0.8684434203125001 0.6832339984375 0.918144734375 0.692060078125 0.9481293734375 0.67704045 0.9634220859375 0.6614200375 0.968993003125 0.630190134375 0.959708140625 0.602783409375 0.934639015625 0.5645407062500001 0.89034476875 0.5289086859375 0.8568646531249999 0.5191213515624999
0 0.42178699374999995 0.705288275 0.39928486093750004 0.7169216609375 0.38218979375 0.7414773859375 0.38142515781249997 0.7621225468749999 0.3978648234375 0.794990953125 0.427794846875 0.8211742624999999 0.46679126093749995 0.84093463125 0.5076992671875 0.848810378125 0.5518842796875 0.8476634234375 0.5818689203125 0.8326437953125 0.5912083984375001 0.818847584375 0.596396996875 0.7979402624999999 0.5933384546875 0.7613360640625 0.5778818921875 0.741652159375 0.5419440171875001 0.7187677078125 0.47487455 0.7021423453125 0.42178699374999995 0.705288275
0 0.21074756875 0.4043823171875 0.18824543437500002 0.4160157015625 0.168037209375 0.445170165625 0.1684741421875 0.51282949375 0.181855265625 0.548821984375 0.20146270624999998 0.575617 0.234287421875 0.6031001875 0.2662382671875 0.6144495640625001 0.291307390625 0.6129639874999999 0.319817375 0.598031746875 0.3449957328125 0.553868578125 0.34576036875 0.5332234171875 0.32440518906250004 0.4741607796875 0.3006468671875 0.44025464999999997 0.263507425 0.410084315625 0.234396653125 0.40150947343750004 0.21074756875 0.4043823171875
0 0.3356016375 0.5691394437499999 0.316212665625 0.6159023718750001 0.3158849640625 0.6644785796875 0.3211827953125 0.68035023125 0.3381686296875 0.69847209375 0.36722478125 0.708521590625 0.410153609375 0.70156340625 0.439155146875 0.6733592765624999 0.45685099687499997 0.6325823515625 0.4633504015625 0.5762833234375 0.4558678953125 0.5399412859375 0.441776753125 0.523119303125 0.4229339484375 0.5154074078125 0.39497013124999997 0.51559310625 0.3770558125 0.5225403656250001 0.3356016375 0.5691394437499999
0 0.595304659375 0.5493353812499999 0.595850828125 0.57431711875 0.619663765625 0.6067485921875 0.6442959546875 0.61706025 0.67679296875 0.61366308125 0.72015873125 0.5949076640625 0.7627598578125 0.5570691234375 0.7968407578125001 0.51090698125 0.7978238609375 0.4843632015625 0.7855350734375001 0.45860590625000003 0.76827615625 0.44785731406249996 0.7182471406250001 0.4478791609375 0.694488821875 0.45370131406249997 0.626927803125 0.49007612187499994 0.595304659375 0.5493353812499999
0 0.8624355687499999 0.6865328546875 0.7901228875 0.6922894703125 0.7675661390624999 0.7053975078125 0.7550042671875 0.7267417640625 0.7603020984375 0.782341696875 0.7870643453125 0.8145983953125 0.820052909375 0.8376576203124999 0.8837361328125001 0.8662549921875 0.9332189796874999 0.8809796890625 0.965098353125 0.8830852109375 0.9711529265625 0.7196117078125 0.916560846875 0.6950967734375 0.8624355687499999 0.6865328546875
0 0.20255504375000002 0.66530875625 0.19463560468750002 0.6804922343750001 0.1939255859375 0.699662740625 0.21298685781249999 0.7412042999999999 0.2327035328125 0.7650500078125 0.27164533125 0.78628503125 0.30665471875 0.7945103265625 0.33330773125 0.789988053125 0.357612221875 0.76941935625 0.3631285203125 0.7396641078124999 0.3002645515625 0.6492186375 0.275686978125 0.637432325 0.25515105 0.6357064343750001 0.21784775625 0.6496883437500001 0.20255504375000002 0.66530875625
0 0.175410478125 0.2063635421875 0.13439324218749998 0.28089366718750003 0.1323178015625 0.297202253125 0.1433504015625 0.31714831875 0.175465096875 0.32407373125 0.20790749375 0.32215121875 0.25116402187500003 0.3063451109375 0.28584570625 0.2836900484375 0.3013568859375 0.26217101875000004 0.30840245624999996 0.230853728125 0.2963321390625 0.19919781406249998 0.276560846875 0.1768267625 0.25329407656249997 0.169377028125 0.22964499218749998 0.17224987187500002 0.2027735109375 0.1826707640625 0.175410478125 0.2063635421875
0 0.3157757296875 0.0715036703125 0.2912527734375 0.097970984375 0.2868834265625 0.1364867734375 0.291635090625 0.16710496875 0.316704215625 0.2450759515625 0.330686125 0.2648472421875 0.3578306875 0.2867813625 0.37836661562499996 0.28850725312500003 0.40676736562500004 0.27652432031249996 0.427194059375 0.241471240625 0.4359873703125 0.20269329218749998 0.43101723906249995 0.177973715625 0.407695853125 0.132270353125 0.378202765625 0.0942898125 0.3510582015625 0.0723556921875 0.3157757296875 0.0715036703125
0 0.8044342906249999 0 0.8005547015625 0.0133476703125 0.799626215625 0.0384167953125 0.8219098828125 0.07241030937500001 0.8230568359375001 0.12089912968750001 0.830047790625 0.13078477500000002 0.8559907828125001 0.1454330078125 0.891327871875 0.1448103765625 0.90618365 0.1409872 0.9274295953125 0.12354258437500001 0.9435415609375 0.08580235625 0.941466121875 0.022654376562500002 0.93304378125 0 0.8044342906249999 0
0 0.4467468859375 0.2697409109375 0.47443761562500003 0.3166567671875 0.509119303125 0.3337299875 0.5653746374999999 0.3245106671875 0.5820873859375 0.3102775203125 0.596560846875 0.27704864375 0.5980355015625001 0.237232975 0.5848728453125001 0.1953418671875 0.560841440625 0.1688090125 0.5362638671875 0.1570227015625 0.49065881562499997 0.1567823859375 0.471105990625 0.1682409953125 0.44778460468750003 0.201994196875 0.4467468859375 0.2697409109375
0 0.2215070828125 0.3522450921875 0.218940090625 0.3818255671875 0.22707799999999997 0.400471753125 0.24471923437499998 0.4008977640625 0.277980884375 0.416583715625 0.29278204531249996 0.41423519375 0.3183973375 0.39800307031250004 0.3353285546875 0.3778713078125 0.3646577921875 0.301090971875 0.356301415625 0.288343403125 0.33330773125 0.2735203953125 0.3007561015625 0.2783922171875 0.2541133296875 0.3061703375 0.23576207500000002 0.3249148328125 0.2215070828125 0.3522450921875
0 0.7788718203125 0.43987233281250004 0.8038317109375 0.48106434531250003 0.8474159421874999 0.4961385890625 0.8680611031250001 0.49491517343749997 0.8966803203125 0.477033621875 0.9200017062500001 0.4035521421875 0.920875575 0.379957671875 0.9101160593750001 0.35263833437500003 0.877619046875 0.31630721875 0.8541884281250001 0.313281446875 0.8260061437499999 0.3193657609375 0.8014831890625 0.3458330765625 0.78231268125 0.3866973875 0.7788718203125 0.43987233281250004