0 0.2757142859375 0.7871428578125 0.2657142859375 0.77 0.2342857140625 0.7442857140625 0.2 0.7428571421875 0.1642857140625 0.751428571875 0.128571428125 0.771428571875 0.10142857187500001 0.7942857140624999 0.0742857140625 0.8342857140625 0.0657142859375 0.8585714281250001 0.0657142859375 0.9099999999999999 0.0757142859375 0.9357142859375 0.098571428125 0.9485714281250001 0.1271428578125 0.9457142859375001 0.2128571421875 0.8857142859374999 0.2528571421875 0.85 0.2742857140625 0.8142857140625 0.2757142859375 0.7871428578125
0 0.9842857140625 0.288571428125 0.9757142859375 0.261428571875 0.9528571421875001 0.23714285781250002 0.9271428578125 0.2242857140625 0.8957142859375 0.22142857187499998 0.841428571875 0.2257142859375 0.8042857140624999 0.23857142812499998 0.7571428578125 0.2742857140625 0.741428571875 0.301428571875 0.7428571421875 0.328571428125 0.781428571875 0.3671428578125 0.8357142859375 0.378571428125 0.9028571421875 0.381428571875 0.9342857140625 0.371428571875 0.9642857140625001 0.35 0.9842857140625 0.3128571421875 0.9842857140625 0.288571428125
0 0.8157142859375 0.22142857187499998 0.831428571875 0.18 0.8257142859375 0.1457142859375 0.7971428578124999 0.10857142812500001 0.7757142859374999 0.09714285781250001 0.75 0.0957142859375 0.7071428578125001 0.10857142812500001 0.6657142859375 0.138571428125 0.6057142859375 0.241428571875 0.6042857140625 0.2557142859375 0.6157142859375 0.288571428125 0.6328571421875 0.3057142859375 0.6642857140625 0.29 0.708571428125 0.29285714218750003 0.74 0.2828571421875 0.788571428125 0.2528571421875 0.8157142859375 0.22142857187499998
0 0.7871428578125 0.47142857187500004 0.8 0.44285714218749994 0.7928571421874999 0.4 0.758571428125 0.34571428593750003 0.7128571421875 0.3 0.6957142859375 0.29285714218750003 0.6585714281249999 0.2971428578125 0.628571428125 0.32 0.6171428578125 0.34571428593750003 0.6171428578125 0.381428571875 0.6257142859375 0.411428571875 0.6542857140625 0.45999999999999996 0.6814285718749999 0.4857142859375 0.71 0.5 0.7428571421875 0.5028571421875 0.7657142859375 0.4928571421875 0.7871428578125 0.47142857187500004
0 0.5042857140625 0.44714285781249996 0.4928571421875 0.3642857140625 0.4771428578125 0.3342857140625 0.45857142812499996 0.32142857187499996 0.44142857187500006 0.32 0.4028571421875 0.33714285781250003 0.38 0.3742857140625 0.361428571875 0.44285714218749994 0.358571428125 0.5042857140625 0.368571428125 0.531428571875 0.381428571875 0.5471428578124999 0.411428571875 0.5571428578125001 0.448571428125 0.548571428125 0.46571428593749997 0.5357142859375 0.4828571421875 0.51 0.5042857140625 0.44714285781249996
0 0.7757142859374999 0.8642857140625001 0.768571428125 0.8057142859375 0.808571428125 0.7171428578125 0.8 0.6785714281249999 0.781428571875 0.6628571421875 0.7542857140625 0.6528571421875 0.7357142859375 0.6528571421875 0.711428571875 0.6628571421875 0.6928571421874999 0.6814285718749999 0.6799999999999999 0.7057142859375001 0.6528571421875 0.781428571875 0.6557142859375 0.8514285718749999 0.6771428578124999 0.8871428578125 0.6971428578125 0.9042857140624999 0.718571428125 0.9099999999999999 0.738571428125 0.9071428578124999 0.758571428125 0.8957142859375 0.771428571875 0.8828571421875001 0.7757142859374999 0.8642857140625001
0 0.65 0.5171428578125 0.6528571421875 0.47000000000000003 0.6357142859375 0.431428571875 0.6028571421875 0.3871428578125 0.5828571421875 0.378571428125 0.5628571421874999 0.378571428125 0.5357142859375 0.3857142859375 0.518571428125 0.39714285781249997 0.4871428578125 0.5228571421875 0.48857142812500004 0.5757142859375 0.4971428578125 0.5957142859375 0.5142857140625 0.611428571875 0.58 0.62 0.6057142859375 0.611428571875 0.618571428125 0.6 0.64 0.5628571421874999 0.65 0.5171428578125
0 0.19 0.2071428578125 0.1771428578125 0.1671428578125 0.1542857140625 0.1328571421875 0.1342857140625 0.11428571406250002 0.0957142859375 0.1042857140625 0.0657142859375 0.1157142859375 0.0471428578125 0.141428571875 0.0328571421875 0.20428571406249998 0.0328571421875 0.2528571421875 0.04 0.27999999999999997 0.0742857140625 0.32142857187499996 0.131428571875 0.3257142859375 0.1528571421875 0.3171428578125 0.16999999999999998 0.3 0.19 0.2528571421875 0.19 0.2071428578125
0 0.6642857140625 0.1042857140625 0.65 0.0771428578125 0.63 0.0657142859375 0.5742857140625001 0.06 0.508571428125 0.061428571875000004 0.4571428578125 0.0828571421875 0.44000000000000006 0.1 0.428571428125 0.1242857140625 0.428571428125 0.1628571421875 0.44000000000000006 0.1857142859375 0.47142857187500004 0.208571428125 0.5 0.2128571421875 0.5557142859375 0.2071428578125 0.6142857140625 0.18 0.6614285718749999 0.1342857140625 0.6642857140625 0.1042857140625
0 0.23857142812499998 0.43 0.23857142812499998 0.381428571875 0.2242857140625 0.3628571421875 0.21000000000000002 0.3557142859375 0.1842857140625 0.35 0.1542857140625 0.3542857140625 0.1171428578125 0.3771428578125 0.091428571875 0.4028571421875 0.061428571875000004 0.4528571421875 0.061428571875000004 0.4971428578125 0.0771428578125 0.5257142859374999 0.11428571406250002 0.541428571875 0.15 0.5357142859375 0.1771428578125 0.521428571875 0.2028571421875 0.498571428125 0.208571428125 0.46571428593749997 0.23857142812499998 0.43
0 0.3071428578125 0.1757142859375 0.3071428578125 0.1328571421875 0.2742857140625 0.0757142859375 0.251428571875 0.051428571874999995 0.2128571421875 0.025714285937499998 0.1928571421875 0.022857142187500002 0.16857142812499998 0.0328571421875 0.15 0.0557142859375 0.1471428578125 0.09285714218749999 0.1542857140625 0.1242857140625 0.171428571875 0.1542857140625 0.2057142859375 0.191428571875 0.24428571406250002 0.208571428125 0.281428571875 0.20428571406249998 0.3 0.191428571875 0.3071428578125 0.1757142859375
0 0.2628571421875 0.64 0.258571428125 0.6157142859375 0.22000000000000003 0.5657142859375 0.20142857187500002 0.55 0.1671428578125 0.5357142859375 0.141428571875 0.5371428578125 0.11285714218750001 0.5571428578125001 0.1042857140625 0.5871428578125 0.1028571421875 0.6071428578125 0.11428571406250002 0.641428571875 0.1371428578125 0.6785714281249999 0.16 0.6971428578125 0.2 0.708571428125 0.22857142812500003 0.7071428578125001 0.26 0.67 0.2628571421875 0.64
0 0.971428571875 0.74 0.9857142859374999 0.7257142859375 0.99 0.6957142859375 0.9800000000000001 0.668571428125 0.9542857140625 0.63 0.9099999999999999 0.5928571421875 0.8771428578125 0.581428571875 0.8457142859375001 0.5842857140625 0.808571428125 0.601428571875 0.7928571421874999 0.621428571875 0.7928571421874999 0.65 0.8114285718750001 0.6842857140625 0.8428571421875001 0.711428571875 0.8642857140625001 0.7242857140625001 0.878571428125 0.7257142859375 0.8942857140625 0.741428571875 0.9428571421875 0.7528571421875 0.971428571875 0.74
0 0.63 0.8571428578125 0.6342857140625 0.8371428578125 0.63 0.8014285718749999 0.6142857140625 0.781428571875 0.578571428125 0.7571428578125 0.5128571421875 0.7371428578125 0.46142857187499997 0.7371428578125 0.44000000000000006 0.7471428578125 0.42428571406250004 0.77 0.42428571406250004 0.79 0.44142857187500006 0.8228571421875 0.47142857187500004 0.85 0.51 0.871428571875 0.55 0.881428571875 0.5928571421875 0.8828571421875001 0.621428571875 0.8699999999999999 0.63 0.8571428578125
0 0.381428571875 0.5857142859375 0.381428571875 0.5657142859375 0.358571428125 0.5071428578125 0.3342857140625 0.4728571421875 0.2971428578125 0.44142857187500006 0.268571428125 0.431428571875 0.24571428593750003 0.4328571421875 0.2242857140625 0.44285714218749994 0.2057142859375 0.47000000000000003 0.208571428125 0.5357142859375 0.2228571421875 0.5714285718750001 0.2428571421875 0.598571428125 0.2757142859375 0.6271428578125 0.3071428578125 0.64 0.33142857187499997 0.64 0.358571428125 0.6271428578125 0.381428571875 0.5857142859375
0 0.4971428578125 0.6142857140625 0.48857142812500004 0.578571428125 0.47428571406250003 0.561428571875 0.4557142859375 0.5528571421875 0.428571428125 0.551428571875 0.411428571875 0.5571428578125001 0.3728571421875 0.6 0.3557142859375 0.6442857140625 0.3571428578125 0.6914285718750001 0.3628571421875 0.7071428578125001 0.38 0.7257142859375 0.40857142812499997 0.7371428578125 0.45 0.7328571421875 0.4771428578125 0.7071428578125001 0.4928571421875 0.668571428125 0.4971428578125 0.6142857140625
0 0.8185714281250001 0.5442857140624999 0.8057142859375 0.518571428125 0.788571428125 0.5071428578125 0.74 0.5042857140625 0.7171428578125 0.508571428125 0.6528571421875 0.54 0.6242857140625 0.5957142859375 0.6257142859375 0.62 0.65 0.6528571421875 0.6742857140625 0.6642857140625 0.7057142859375001 0.6628571421875 0.7471428578125 0.6471428578125 0.7871428578125 0.6128571421875 0.8185714281250001 0.5700000000000001 0.8185714281250001 0.5442857140624999
0 0.941428571875 0.7557142859375 0.8885714281249999 0.7442857140625 0.8185714281250001 0.7457142859375 0.7971428578124999 0.7571428578125 0.7857142859375 0.7771428578124999 0.7928571421874999 0.831428571875 0.82 0.8642857140625001 0.8528571421875 0.8885714281249999 0.9157142859375 0.9199999999999999 0.9642857140625001 0.9371428578125001 0.9985714281250001 0.941428571875 0.9985714281250001 0.7842857140625 0.941428571875 0.7557142859375
0 0.40142857187500003 0.7957142859374999 0.40571428593750003 0.7671428578125 0.341428571875 0.6757142859374999 0.3171428578125 0.6628571421875 0.2971428578125 0.6599999999999999 0.261428571875 0.671428571875 0.24714285781249998 0.6857142859375001 0.24 0.7 0.24 0.718571428125 0.26 0.76 0.27999999999999997 0.7842857140625 0.318571428125 0.8071428578125 0.35285714218750003 0.8171428578125 0.378571428125 0.8142857140625 0.40142857187500003 0.7957142859374999
0 0.3342857140625 0.27 0.32142857187499996 0.23857142812499998 0.301428571875 0.2157142859375 0.278571428125 0.2071428578125 0.2557142859375 0.208571428125 0.22999999999999998 0.2171428578125 0.20428571406249998 0.23857142812499998 0.1671428578125 0.308571428125 0.16571428593749998 0.3242857140625 0.1771428578125 0.3442857140625 0.208571428125 0.35285714218750003 0.24 0.35285714218750003 0.281428571875 0.33999999999999997 0.3142857140625 0.32 0.328571428125 0.3 0.3342857140625 0.27
0 0.45 0.28714285781250004 0.4571428578125 0.25 0.451428571875 0.2257142859375 0.42714285781249994 0.18 0.39714285781249997 0.141428571875 0.37 0.11857142812499999 0.3357142859375 0.1157142859375 0.3128571421875 0.13999999999999999 0.31 0.1771428578125 0.3157142859375 0.2071428578125 0.3428571421875 0.28428571406250003 0.3571428578125 0.3042857140625 0.3842857140625 0.3271428578125 0.4042857140625 0.32999999999999996 0.431428571875 0.32 0.45 0.28714285781250004
0 0.9314285718749999 0.20142857187500002 0.9457142859375001 0.16571428593749998 0.941428571875 0.1042857140625 0.9242857140625 0.061428571875000004 0.8928571421875 0.024285714062499998 0.8742857140625 0.0142857140625 0.85 0.0142857140625 0.8300000000000001 0.024285714062499998 0.8157142859375 0.0428571421875 0.8042857140624999 0.0871428578125 0.8042857140624999 0.111428571875 0.8271428578125001 0.1457142859375 0.8300000000000001 0.1928571421875 0.8371428578125 0.2028571421875 0.8628571421875 0.21857142812500002 0.8971428578125 0.22000000000000003 0.911428571875 0.2171428578125 0.9314285718749999 0.20142857187500002
0 0.601428571875 0.251428571875 0.5771428578125 0.2242857140625 0.5528571421875 0.21142857187500003 0.508571428125 0.208571428125 0.49000000000000005 0.21857142812500002 0.468571428125 0.25 0.47000000000000003 0.3157142859375 0.498571428125 0.3628571421875 0.5328571421875 0.381428571875 0.5871428578125 0.3757142859375 0.6028571421875 0.3628571421875 0.6157142859375 0.33142857187499997 0.6157142859375 0.29285714218750003 0.601428571875 0.251428571875
0 0.391428571875 0.341428571875 0.3828571421875 0.328571428125 0.36 0.3128571421875 0.328571428125 0.3157142859375 0.28428571406250003 0.33999999999999997 0.2671428578125 0.3571428578125 0.2542857140625 0.3828571421875 0.2528571421875 0.411428571875 0.261428571875 0.43 0.278571428125 0.431428571875 0.311428571875 0.448571428125 0.3257142859375 0.44714285781249996 0.35 0.4328571421875 0.3657142859375 0.4142857140625 0.391428571875 0.341428571875
0 0.9228571421874999 0.42285714218750003 0.89 0.3857142859375 0.8671428578124999 0.381428571875 0.8400000000000001 0.3857142859375 0.8171428578125 0.41 0.8 0.448571428125 0.798571428125 0.5 0.8242857140625001 0.541428571875 0.8671428578124999 0.5585714281249999 0.8871428578125 0.5585714281249999 0.9142857140625 0.5428571421874999 0.9342857140625 0.4728571421875 0.9342857140625 0.45 0.9228571421874999 0.42285714218750003