0 0.9492383921875 0.9159990328125 0.8799055078125001 0.8187976140625001 0.8388338125000001 0.77335476875 0.7980955765625 0.7488337390625001 0.7674012875 0.7469352078125 0.748211178125 0.758018171875 0.719720996875 0.7931503796875 0.7187224765625 0.8317600515624999 0.7290485828125 0.8720856250000001 0.7522877984375 0.9125329499999999 0.7786013859375001 0.9433544921875001 0.8170721625 0.9694637203124999 0.9438573859374999 0.9647679703125001 0.9529796859375 0.9482168796874999 0.9492383921875 0.9159990328125
0 0.123180946875 0 0.1197337828125 0.0070660375 0.11706982343750001 0.042441748437499996 0.12288697343749999 0.10364347968750001 0.1380811453125 0.14562408124999998 0.179281096875 0.199113778125 0.21023189375 0.21710601093749998 0.2408748796875 0.215785803125 0.28376405625 0.1727437140625 0.295702434375 0.111709390625 0.2977251203125 0.036099420312500005 0.2858618296875 0.0005867359375 0.28543502187500003 0 0.123180946875 0
0 0 0.2632551296875 0.0275795578125 0.30066768125 0.1448748921875 0.369357003125 0.1610419328125 0.3711185625 0.19796192031249998 0.35859363593750004 0.217023775 0.3394638203125 0.19870392812499998 0.3038902625 0.2011370296875 0.2540302171875 0.1892737375 0.2185175375 0.15450469218750001 0.16347934375 0.118506271875 0.132566490625 0.07141408437499999 0.11442206562499999 0.032777354687499996 0.12049429375000001 0 0.1456313984375 0 0.2632551296875
0 0.2091307703125 0.249278203125 0.20136788593750002 0.2685145515625 0.206877225 0.3104038390625 0.2332421140625 0.3444441203125 0.2625018234375 0.357593025 0.30285529375000003 0.3579734984375 0.33659830468749996 0.3486368734375 0.390966009375 0.316966909375 0.41953314218750004 0.286662815625 0.4351615125 0.2546275953125 0.437799821875 0.217642515625 0.4260904359375 0.1917860546875 0.40149359218749997 0.1674172171875 0.3689799546875 0.152628503125 0.32068404375 0.1602187859375 0.2599623875 0.1982653546875 0.2091307703125 0.249278203125
0 0.2566646171875 0.5989072703125 0.2990426421875 0.6250528875 0.37685476875 0.6467052140625 0.44631404375 0.6505783703125 0.476803125 0.6396019390625 0.49432779531250004 0.6252850140625 0.5050880984375 0.591594765625 0.4947363421875 0.5496598234375 0.4799012828125 0.5302104078125 0.450538971875 0.5106240234375 0.37913209999999997 0.4858138328125 0.2857172515625 0.49780609531250003 0.2521024953125 0.5151895718749999 0.2379087078125 0.5359744156249999 0.236602378125 0.5552716421875 0.2566646171875 0.5989072703125
0 0.678740709375 0.1458943203125 0.63531286875 0.15513963125000002 0.6178908 0.1758940390625 0.6070791953125 0.2063655421875 0.60741265625 0.22728735625000002 0.6191476921875 0.2547531875 0.6404649609375 0.27587284843750004 0.6681361781249999 0.2906159046875 0.7541729046875 0.32200054843750003 0.8332144093749999 0.3195275375 0.873183115625 0.2957674515625 0.8921936718750001 0.27341889531249997 0.8982654640625001 0.249339215625 0.8946780750000001 0.22677759062499997 0.8814058484375 0.20412465468750002 0.8666477421875 0.1895033515625 0.8455869859374999 0.18447739218749998 0.7795355453124999 0.191900265625 0.678740709375 0.1458943203125
0 0.3002426359375 0.3965679515625 0.3006017484375 0.419099134375 0.309159809375 0.44975326718749997 0.32238073125 0.4691874625 0.46498927031250004 0.5059328828125 0.5246867578125001 0.5048866125 0.5471307953125 0.49544345625 0.5645785109375 0.476298421875 0.57308340625 0.40235869375 0.5629368578125 0.373298715625 0.549792890625 0.35869262812499997 0.5074405171875 0.3341563796875 0.4556085171875 0.32240378125 0.40229063125 0.31868281718749997 0.35901669062499997 0.33758434843749996 0.30956835781250003 0.374128078125 0.3002426359375 0.3965679515625
0 0 0.944773796875 0.012526696875000002 0.97635974375 0.0419146578125 0.9975555015625 0.044184001562500005 0.9980892078125001 0.2172441 0.9916795734375 0.244808790625 0.9688950515625001 0.24862517031250003 0.9045658937500001 0.238555575 0.880334021875 0.2188780984375 0.86083895 0.1652524015625 0.8378055390625001 0.113599959375 0.8373185328125 0.06863492812500001 0.8513767359375001 0.0303060109375 0.8767614078125 0.0096813171875 0.8990947468750001 0 0.938660571875 0 0.944773796875
0 0 0.5602141203125 0.0156962109375 0.567670978125 0.0592779609375 0.5680818890625 0.084898975 0.5554504328125 0.11016087968749999 0.5202877828125 0.11449027656249999 0.488146034375 0.10703333906250001 0.42531971406249997 0.07531301562500001 0.3590463671875 0.02281409375 0.30545013593750003 0 0.30307227812500004 0 0.5602141203125
0 0.4926679515625 0.9261764031249999 0.4855701234375 0.8858812640625 0.4689413671875 0.8551510375 0.4426534328125 0.82593886875 0.40542563437499995 0.81915135 0.364533496875 0.7849740984375 0.309652771875 0.784456653125 0.2889254765625 0.8003525125 0.281111290625 0.8163701218750001 0.27511644999999996 0.8452779109374999 0.28049753437499997 0.879120346875 0.3069906796875 0.9212074796874999 0.33650689375 0.950450090625 0.393540421875 0.9847795296875 0.401515171875 0.98485471875 0.44743634375 0.983153934375 0.4755793453125 0.9678526234374999 0.4926679515625 0.9261764031249999
0 0 0.8811646859375 0.0206211765625 0.8766700953125 0.054210282812499996 0.857677246875 0.09556227187500001 0.8194480515624999 0.11423936562499999 0.776177678125 0.1087300265625 0.7342883890625 0.093869315625 0.71322960625 0.0759855328125 0.70501534375 0.0275613671875 0.7045587765625 0 0.7202432 0 0.8811646859375
0 0.4873381671875 0.8955527062499999 0.5104491296875 0.927953178125 0.5444999484374999 0.9379289999999999 0.56712354375 0.9397514359375 0.605657671875 0.927241728125 0.64721486875 0.9018874953125 0.6677882578125 0.8763354140624999 0.6799831453125 0.8313947984375 0.6778559890625 0.7991921671875 0.6353240625 0.7633903265625 0.6013758421875 0.7598519875 0.5740124343749999 0.7644213765625001 0.5182101484375 0.807341715625 0.50078808125 0.828096121875 0.4852623125 0.8665688203125 0.4873381671875 0.8955527062499999
0 0.5616987296875 0 0.53648941875 0.0303049734375 0.5241662765624999 0.0671987390625 0.5279588734375 0.10263532812500001 0.5479954640625 0.144661584375 0.57087556875 0.162577725 0.6031583453125 0.1628821046875 0.6415642171875 0.1423255453125 0.6716685359375 0.10720855468749999 0.6858110234375 0.0832049703125 0.687168653125 0.06712648437499999 0.7046420203125 0.04959081875 0.7155789578125 0 0.5616987296875 0
0 0.7280663875 0.40542908593749993 0.7066483828125001 0.4792470578125 0.7075718156249999 0.537184390625 0.71925555 0.5614314828125 0.74536393125 0.579378059375 0.7679618765625 0.5795911234375 0.804779259375 0.5606287156249999 0.8349092312499999 0.5271210953125001 0.8584287390625001 0.48389637968750004 0.8690094875 0.438940540625 0.8698541000000001 0.3906746484375 0.854813834375 0.3583502703125 0.840132678125 0.3485570765625 0.8174577812500001 0.3435159 0.7771812625 0.3479635390625 0.7548654781249999 0.365453546875 0.7280663875 0.40542908593749993
0 0.3763949203125 0.7191116656250001 0.36560896249999997 0.7511925374999999 0.367633515625 0.776957684375 0.37931725156249996 0.8012047703125 0.41031934999999997 0.8224157484375001 0.4845184359375 0.8198970796875 0.5246154 0.80418385 0.5549249265625 0.781941825 0.5866177359375 0.745230684375 0.600580665625 0.70996150625 0.6001446031250001 0.6826022093749999 0.5851299859375 0.6518872015625 0.5379095453125 0.625695925 0.5153116 0.625482859375 0.44954231875 0.650608809375 0.4112390515625 0.67760285 0.3763949203125 0.7191116656250001
0 0.5050880984375 0.591594765625 0.5542048375 0.635504334375 0.6045509515624999 0.65528856875 0.6577918859375 0.654181425 0.675444809375 0.64791135 0.696120803125 0.6287967531249999 0.708520896875 0.5967310968749999 0.7029346046875 0.5500136984374999 0.6733927421875 0.5191617203125001 0.6295288296875 0.5010477343749999 0.5681146015625 0.4956413015625 0.5279150375 0.50491705 0.5088018765625 0.5208281265625 0.4994505046875 0.541658628125 0.4983237328125 0.572221446875 0.5050880984375 0.591594765625
0 0.544847871875 0.35220948750000003 0.57226258125 0.350858840625 0.6089517078125 0.3238495828125 0.6214287546875 0.296612034375 0.619250296875 0.2611906671875 0.6007508953125 0.21435151874999997 0.5612933390625 0.16892389531250002 0.5123048531250001 0.133061175 0.48325035312500003 0.132787234375 0.45442671093750003 0.14699762656249998 0.44182140781249996 0.1661883203125 0.43946526406249997 0.220876475 0.44471809375 0.24667205781249998 0.4813834375 0.3194285421875 0.544847871875 0.35220948750000003
0 0.7192592109375 0 0.707972903125 0.0560587375 0.7108439343749999 0.1349331078125 0.72414180625 0.15919541406249998 0.746944959375 0.17228344375 0.80815398125 0.1648149109375 0.844791809375 0.134586909375 0.8716421984375 0.0978301140625 0.9060246171875 0.0273526328125 0.9153020968750001 0 0.7192592109375 0
0 0.6533104437499999 0.7780420703125001 0.6695800890625 0.7862411109375 0.6905638921875 0.7864389593750001 0.737014809375 0.764349121875 0.76409605625 0.74207665625 0.7892297046875 0.698867159375 0.7999130562500001 0.660348803125 0.7962230640625 0.6313496984375 0.774828846875 0.6054019265624999 0.7424691140624999 0.6002694359375 0.640318515625 0.671717090625 0.62622733125 0.6989394171875001 0.623358165625 0.721440165625 0.6369125484375 0.7617961734375001 0.6533104437499999 0.7780420703125001
0 0.124180709375 0.7923626968749999 0.14885450625000002 0.821559646875 0.228614234375 0.8641490046875001 0.2463954109375 0.8659257859375 0.2687881484375 0.8532638875 0.2779086625 0.817949053125 0.27734434375 0.7825429046875 0.2620732203125 0.735734190625 0.23888530624999998 0.6985056078125 0.21603085156250001 0.6821988390625 0.1820313328125 0.6754417578125 0.1467511359375 0.6895912765625 0.12128402499999999 0.71187895625 0.1120096078125 0.7375375671875 0.11403415937500001 0.763302715625 0.124180709375 0.7923626968749999
0 0.0102913421875 0.6335942875 0.007678684375 0.6721887390625 0.0355294609375 0.6981973890625001 0.077548371875 0.701811821875 0.11134268437499999 0.6956939375 0.1980188171875 0.665937725 0.22036025 0.6500570859375 0.24569910625000002 0.619722553125 0.24856827343750001 0.5972218046875 0.236781934375 0.5665372328125 0.199323278125 0.5452653859375001 0.15722741406250001 0.5368228390625001 0.1298896578125 0.543001596875 0.078673278125 0.5698738890625 0.0356301953125 0.6032597546875 0.0102913421875 0.6335942875
0 0 0 0 0.14057588906250001 0.03275170625 0.11888492343749998 0.08596698750000001 0.1161684078125 0.097137703125 0.1082280890625 0.11443151562500001 0.0794268296875 0.11543003437499999 0.0408171578125 0.1119452484375 0.024693015625000002 0.0938306078125 0.001994421875 0.08891421875 0 0 0
0 0.2840005109375 0.49135339531250005 0.3043686953125 0.4529263515625 0.29693740625 0.3917094 0.282127996875 0.3738693546875 0.24638608281250002 0.35905020625 0.20280433593749997 0.3586392953125 0.1562508171875 0.374291646875 0.1260182421875 0.40136178593749994 0.11192705781250001 0.428584109375 0.1094939546875 0.47844415468749996 0.121126390625 0.49947250312499997 0.1570222078125 0.5239478765625 0.23124694375 0.5230385765625 0.2840005109375 0.49135339531250005
0 0.3109847515625 0.766768796875 0.3432931796875 0.7686825484375001 0.36412308125 0.7592241703125 0.3654294078125 0.7399269453125 0.38420910468749997 0.7030940546875 0.38233845781250003 0.6869851296875 0.365761003125 0.65947364375 0.3444950390625 0.641572725 0.261712240625 0.611827890625 0.2473388984375 0.6213471390625 0.229993784375 0.6469296578125 0.23378638125 0.682366246875 0.262021915625 0.7325154515625 0.28169939374999997 0.7520105234375001 0.3109847515625 0.766768796875
0 0.479919471875 0.126319315625 0.4985196140625 0.07822082968750001 0.498160503125 0.0556896453125 0.4799176078125 0.0249441953125 0.40046569062500004 0.001667284375 0.37463946875 0.0014237812500000001 0.3441760375 0.014009584375 0.3027983953125 0.050629410937499994 0.29836639374999996 0.076333678125 0.303696178125 0.10695737187500001 0.33154695156249997 0.132966021875 0.3754365109375 0.152689378125 0.433571159375 0.15484663125 0.479919471875 0.126319315625