0 0.06940744374999999 0.7959616078125 0.039921250000000005 0.8397690234375 0.030426268750000002 0.8659927218749999 0.029616270312499998 0.920667615625 0.0398425015625 0.9475325640625 0.063939953125 0.9601212875 0.0943598953125 0.9557337968749999 0.1864297140625 0.8878964296875 0.2295171296875 0.8480377562499999 0.252860834375 0.8090565843749999 0.25480708124999996 0.780132890625 0.24444585000000002 0.762380425 0.211438415625 0.736527975 0.1750109859375 0.7366292234375 0.1369073109375 0.7474292046875 0.098623634375 0.770379159375 0.06940744374999999 0.7959616078125
0 0.9562207125000001 0.15096661875 0.9228532765624999 0.149414121875 0.8650733890625 0.1565353578125 0.825383465625 0.171959078125 0.7747023171875 0.2121552484375 0.7575685984375 0.2417539421875 0.758659846875 0.27054263437500004 0.7990585171875 0.3097263109375 0.8565909062499999 0.319311290625 0.927927015625 0.319176290625 0.9614969484375001 0.307060065625 0.9937281375 0.28286136093750003 0.9951911359375 0.28015383437499997 0.996715796875 0.17723923125000002 0.9833556578125 0.1634203453125 0.9562207125000001 0.15096661875
0 0.7241561640625 0.0383430875 0.6796400015625 0.0721942734375 0.614232628125 0.1843790546875 0.61248888125 0.1996340234375 0.624121359375 0.23402520624999998 0.6420763234375 0.25144017343749997 0.6757362578125 0.233248959375 0.7227724156249999 0.23419395468749998 0.7563423515625 0.2220777296875 0.8084522484375001 0.18788904687500002 0.8378034421875 0.15319411562500002 0.855162159375 0.108407953125 0.84962716875 0.0722280234375 0.8198372265625 0.034090596875000004 0.797236021875 0.02295311875 0.769921075 0.0226493703125 0.7241561640625 0.0383430875
0 0.6695487703125 0.24111269375000002 0.6372950828125 0.26683014374999997 0.624740109375 0.2947075890625 0.6241776109375 0.3326762640625 0.6328175921875 0.364164953125 0.662427534375 0.41445235468749997 0.6908787296875001 0.4405073046875 0.7210286703125 0.45434477656250005 0.7559148515625 0.45582977187499996 0.7803723046875 0.44411854687499996 0.803491009375 0.42032484375 0.8176097312499999 0.389342403125 0.81069099375 0.3441174921875 0.7750960640625 0.2880251015625 0.72721615625 0.2415851921875 0.70910369375 0.2348014546875 0.6695487703125 0.24111269375000002
0 0.3721781015625 0.3362875078125 0.35135439218750003 0.41006486249999996 0.3473493984375 0.4755059859375 0.35755312968749997 0.5038896796875 0.3709743546875 0.5199883984375 0.4027105421875 0.52920213125 0.4423329640625 0.5183346515625 0.46076042812500007 0.5038559296875 0.479390390625 0.475708484375 0.5031615953124999 0.40787111718749997 0.49231661562499995 0.32032378906250003 0.47608290000000003 0.2891726 0.45654168593750005 0.27638137500000004 0.438339221875 0.27567262656249997 0.3970630515625 0.2957200859375 0.3721781015625 0.3362875078125
0 0.7459586218750001 0.6156357109374999 0.719982421875 0.6274144390624999 0.6999462109375 0.6480356484375001 0.6858949890625 0.674461846875 0.655846296875 0.7562379375 0.65778129375 0.8305215421875 0.6800000015625 0.8674777203125 0.700992459375 0.8847576859374999 0.7236836640625001 0.8898201765625 0.7449911218749999 0.885837684375 0.76643358125 0.872742709375 0.7803048046875001 0.8584664859375 0.7851535453125 0.8385202749999999 0.7784823078125 0.7765891468749999 0.8224022203124999 0.6805368359374999 0.8138972390625 0.6399356640625 0.7944010265625 0.6241069453125 0.7657023328125 0.6147582125 0.7459586218750001 0.6156357109374999
0 0.537541528125 0.34107999843750003 0.5191365640625001 0.35403997343750004 0.4837441328125 0.48917470781250005 0.48443038281249995 0.5453008484375 0.49322786562500004 0.566158309375 0.5112053296875 0.582054528125 0.5809326921875 0.588062015625 0.6084051390625 0.5777345359375 0.6222538625 0.5649770609375 0.6456200671875 0.5244771390625 0.6569712937500001 0.4754047359375 0.6607512859375 0.4251510828125 0.6431338234374999 0.38495491249999997 0.6089001390625 0.3394262515625 0.5877726796875 0.33125876718749997 0.566510221875 0.332203765625 0.537541528125 0.34107999843750003
0 0.0219775359375 0.104459209375 0.005800065625 0.1719590765625 0.005035067187500001 0.22359647656249998 0.012201304687500001 0.252115171875 0.0479987328125 0.2945388390625 0.1086811171875 0.296395084375 0.1315973203125 0.28627010625 0.150092284375 0.2672351421875 0.1720972421875 0.21617149218749998 0.17281724062499998 0.1675715875 0.159778515625 0.12565416875 0.1360185625 0.0902842375 0.11504860312500001 0.0714855234375 0.07419993281250001 0.062676790625 0.0421262453125 0.0762442640625 0.0219775359375 0.104459209375
0 0.5085709765625 0 0.4587804328125 0.022818118749999998 0.44028546874999996 0.04185308125 0.42775299218749996 0.06821178125 0.4271454921875 0.10921795000000001 0.438935471875 0.132977903125 0.47198790625000003 0.155792859375 0.502295346875 0.158999103125 0.56161648125 0.1502916203125 0.624312609375 0.11866793281250002 0.6751512609375 0.06784053125 0.6786612515625 0.03581184375 0.66390128125 0.00763065 0.6495440140625 0 0.5085709765625 0
0 0.0926836484375 0.3517449765625 0.0649412015625 0.38029742031249997 0.032260015625 0.4348710640625 0.0315625171875 0.48195222343750005 0.0478187359375 0.5115846656249999 0.0870586578125 0.5265358859375 0.125117334375 0.5187733999999999 0.1541985265625 0.5023034328125 0.181895971875 0.4767884828125 0.188488459375 0.44158730156250003 0.22094464687499998 0.4022011296875 0.22170964531249998 0.3505637296875 0.20681467343749999 0.331495015625 0.191739703125 0.32457628125000004 0.16449225625 0.3197162890625 0.13253106875 0.32569002812500003 0.0926836484375 0.3517449765625
0 0.1394439625 0 0.13267731875 0.008474396875 0.1290548265625 0.04809681875 0.1361535625 0.08117175625 0.153906028125 0.11225544531250001 0.1897709578125 0.150122871875 0.2305071265625 0.1665253390625 0.27006205156249996 0.1602141 0.2900082625 0.1456678796875 0.2978494984375 0.1286241640625 0.298524496875 0.0830617515625 0.2644933125 0.02386436875 0.2414211671875 0 0.1394439625 0
0 0.0852924109375 0.543309603125 0.07570742968750001 0.575608290625 0.0738736828125 0.59693825 0.0854836609375 0.6328481781249999 0.109198615625 0.671255603125 0.13320606875000002 0.6899193171875 0.175550984375 0.7001792953125 0.20594842500000002 0.697310553125 0.239945859375 0.6563381328125 0.2434558515625 0.6243094453125 0.239282109375 0.5986932453125 0.19906343906249999 0.5473595953125 0.17956722812499998 0.531530875 0.14334229999999998 0.5179634015625 0.115982353125 0.5206971484375 0.0852924109375 0.543309603125
0 0.9321907578124999 0.5436133515625 0.8974395765625 0.5330158734375 0.8639821421875 0.5375383625000001 0.8242247171875 0.557518325 0.8072035 0.5795232828125 0.8067535015624999 0.609898221875 0.825957215625 0.6454706531250001 0.8589421500000001 0.67284185 0.8815208562500001 0.685498075 0.8966858249999999 0.6863418234374999 0.9131445453125 0.7023055421875 0.96460194375 0.712160521875 0.9889683421875001 0.70019248125 0.99047408125 0.59855508125 0.9786869171875001 0.5810082796875 0.9321907578124999 0.5436133515625
0 0.45303169375 0.7182017625 0.43009298906250004 0.7298454890625 0.4130267703125 0.754887940625 0.412711771875 0.7761503984375 0.43041923750000005 0.81027158125 0.4618854265625 0.8377102765625001 0.5025540953125 0.8586689875 0.5449215140625 0.8674102203125 0.590461425 0.8669039703125 0.621038865625 0.8518852499999999 0.6303538468750001 0.837811528125 0.6352250875000001 0.8163465703125 0.6312313453125 0.77858039375 0.614840128125 0.758060434375 0.57725395 0.73392923125 0.5077065859375 0.7157717671875 0.45303169375 0.7182017625
0 0.22849338281249998 0.40490112187499994 0.20555467656249998 0.41654485 0.18538346562500002 0.4462785421875 0.1873859625 0.51600590625 0.20201093281250002 0.553299584375 0.2228458921875 0.581210778125 0.2573270765625 0.6100332234375 0.2905370125 0.62221695 0.31635571093750003 0.6210694515624999 0.345414403125 0.60611823125 0.37036685625 0.56099456875 0.37068185468750003 0.5397321093749999 0.3473043984375 0.47854348125 0.3220256984375 0.443241046875 0.2830332765625 0.41158361093750007 0.252815834375 0.402302378125 0.22849338281249998 0.40490112187499994
0 0.361029371875 0.5765870390625001 0.3421069109375 0.6244781953125 0.342883159375 0.6745293484375 0.348710646875 0.690965565625 0.3666431109375 0.709899278125 0.396838053125 0.7206992578125 0.44094921718749996 0.71418551875 0.4702104109375 0.6855655765625001 0.48752412500000003 0.64381690625 0.492935365625 0.5859020203124999 0.4843853828125 0.5483383421875 0.46946791093750007 0.530788378125 0.4498592 0.5225533921875 0.4210255046875 0.5223171453125001 0.4027105421875 0.52920213125 0.361029371875 0.5765870390625001
0 0.6283963499999999 0.5601508203125001 0.6295325984375 0.5859020187499999 0.6548337984375 0.619685703125 0.6804724984375 0.63068818125 0.713907434375 0.6276844374999999 0.7581985984374999 0.6090207265625 0.8012635140625 0.5706807984375 0.8353509453125 0.5236333921874999 0.8357559453125001 0.49629594531250004 0.822492221875 0.469565996875 0.8044472562499999 0.45822602031250004 0.7528548578125001 0.45748352031249995 0.72848740625 0.46311975937499994 0.6596487890625 0.4995696875 0.6283963499999999 0.5601508203125001
0 0.90702455625 0.7056130359375 0.8325834515625001 0.7104392765624999 0.809622246875 0.7236017515625 0.7971572703125 0.745404209375 0.8038960078124999 0.8027790953125 0.832234703125 0.8364277796874999 0.8667833843749999 0.8606939828125 0.9331132546875001 0.8911364234375 0.98448065625 0.9070663921875 0.98590184375 0.9071810906250001 0.988571428125 0.726984128125 0.9630381968749999 0.7152655171875 0.90702455625 0.7056130359375
0 0.2260296375 0.6736518484375 0.2182109015625 0.68917681875 0.21791840156250003 0.7089205296875 0.2385283625 0.7520191953124999 0.25940832187499996 0.776892896875 0.3000544921875 0.799370353125 0.3363469203125 0.8083815859374999 0.36372936718750004 0.80412909375 0.3883218203125 0.783305384375 0.39332805937500004 0.75272794375 0.326424440625 0.6585656281250001 0.300808240625 0.6460444015625 0.2795907828125 0.64395190625 0.24144210625 0.6577893796875001 0.2260296375 0.6736518484375
0 0.18750971249999998 0.2003090234375 0.1469197921875 0.2764826234375 0.1451535453125 0.293256340625 0.156988521875 0.3139788 0.19026595625 0.3216062859375 0.223678390625 0.3201212890625 0.26792455625 0.30449506875 0.303170734375 0.2816801140625 0.3186732046875 0.25974265625 0.3252206921875 0.22757896875 0.31204696875 0.19477403437500002 0.29114450937499997 0.1714190796875 0.26697955625 0.1633865953125 0.24265710468749999 0.165985340625 0.21518465781249999 0.1763128203125 0.18750971249999998 0.2003090234375
0 0.329169434375 0.06348678906250001 0.3044869828125 0.0903854875 0.300864490625 0.1300079109375 0.30646697968750003 0.1616315984375 0.334108175 0.242361440625 0.34898064687499997 0.2629489015625 0.37747684062500003 0.28596635625 0.3986943 0.2880588515625 0.4277079921875 0.276145125 0.447969203125 0.2403364453125 0.45614793750000004 0.20051152343749998 0.45045545000000003 0.174962821875 0.4253567484375 0.127510415625 0.394070559375 0.0879217421875 0.365574365625 0.0649042859375 0.329169434375 0.06348678906250001
0 0.8307285140625 0 0.8277684609374999 0.01097189375 0.8273859609375 0.0367905921875 0.851145915625 0.0721605234375 0.8534409109375 0.12214417500000001 0.8608771468749999 0.1324379046875 0.8879670921875 0.147929125 0.9243945218749999 0.14782787656250002 0.9396269921875 0.1441153828125 0.9611369515625 0.12646416875 0.9768869203125 0.0878204921875 0.9732981765625001 0.02271686875 0.9643896 0 0.8307285140625 0
0 0.4687816625 0.2697663875 0.498414103125 0.318535040625 0.534571534375 0.33665875624999997 0.5923739218749999 0.3280187734375 0.6092826375 0.31360755 0.6234463609375 0.27958761875000004 0.624053859375 0.238581446875 0.6095188874999999 0.1952127828125 0.5841276890625 0.1675040875 0.5585114859375 0.1549828609375 0.511475328125 0.1540378640625 0.4915741171875 0.1655465890625 0.4682979125 0.1999715234375 0.4687816625 0.2697663875
0 0.2383933625 0.351339978125 0.236424615625 0.38178241874999996 0.2452446 0.40112113125000004 0.2634470640625 0.40182987968750006 0.298108246875 0.418502346875 0.3133182171875 0.4163086015625 0.339361915625 0.39997363125 0.35636063125 0.379487421875 0.38484557656249996 0.300816328125 0.37593559375 0.2875526015625 0.351883140625 0.2719263828125 0.3184257046875 0.276448875 0.2709620484375 0.30436006875 0.2524670859375 0.32339503281250004 0.2383933625 0.351339978125
0 0.8151909859375 0.4501597859375 0.8418759343750001 0.4929884515625 0.8871683453125 0.50918841875 0.9084308046875 0.5082434203124999 0.9375344968749999 0.49025470625 0.9598994515625 0.414891103125 0.9602594515625 0.3905911515625 0.9485369734375 0.36227495625 0.9141907921874999 0.32434003125 0.889958340625 0.3208637875 0.8610346468750001 0.3267025265625 0.8363521953124999 0.3536012234375 0.81751973125 0.3954173921875 0.8151909859375 0.4501597859375