0 0.221402371875 0.8307346656249999 0.24507976562499997 0.7935129437499999 0.2478408 0.7655798734375 0.238405975 0.7481987546875 0.20740868437499999 0.72252010625 0.17232201875 0.721871978125 0.135293003125 0.7315365703125 0.0977181984375 0.7529480640624999 0.06879566718749999 0.7770912234375 0.039054454687500004 0.8188547375 0.029105934374999996 0.8440219671875001 0.0266498859375 0.89688303125 0.035675371875 0.9230743265625 0.05849795 0.93574276875 0.0879301390625 0.9321225125 0.17868274687500002 0.8684006796875 0.221402371875 0.8307346656249999
0 0.786433121875 0.32178269375 0.8415492406249999 0.3322308875 0.91025778125 0.3335613171875 0.9429606625 0.32253089375 0.9747445406249999 0.29978774375 0.996268453125 0.2624450453125 0.9966406250000001 0.2304606796875 0.9906926984375 0.20847583281249998 0.96841590625 0.18406048749999998 0.9426637515625 0.1714603984375 0.910574884375 0.1692755578125 0.8547083078125001 0.174979353125 0.8160098343750001 0.189083209375 0.7659662734375 0.2269201078125 0.7485573703124999 0.25519494374999996 0.7487259093749999 0.2830596609375 0.786433121875 0.32178269375
0 0.7479794890625 0.2361404015625 0.7992149421875 0.2041427796875 0.8285468125 0.1711894421875 0.846637953125 0.1282309765625 0.8424161703124999 0.09312697343750001 0.8148942421875001 0.0556330703125 0.7934682265624999 0.0443988125 0.7671702828125 0.043545628125 0.7226126609375 0.057786190625 0.67870114375 0.0896129296875 0.61226799375 0.19677047187500002 0.610120971875 0.21148827812499998 0.6202701265624999 0.24498721250000002 0.6370288875 0.2621974484375 0.6700046609375 0.245293571875 0.7152766109375001 0.24717082656249997 0.7479794890625 0.2361404015625
0 0.7404026359375 0.46219993437499995 0.7643167937500001 0.45137456875000004 0.7873119515625 0.42883647968750005 0.8018595062499999 0.39916163125000004 0.796582278125 0.355281628125 0.764019884375 0.300304075 0.719329853125 0.2544101109375 0.702093528125 0.2474784140625 0.66380439375 0.25277209218749996 0.6319522906249999 0.2769836046875 0.619005971875 0.3036875515625 0.6173003828125 0.34039662187499997 0.624656409375 0.37102718437500004 0.65163255 0.4202679921875 0.678235478125 0.4460491703125 0.7068489828125 0.4600492671875 0.7404026359375 0.46219993437499995
0 0.473470284375 0.475761875 0.498443925 0.4106412609375 0.49068259531249997 0.325749625 0.4760026328125 0.2952899453125 0.4575744140625 0.28251897656249997 0.44006519375 0.28146073125000004 0.39969726250000004 0.3000038515625 0.37448685937500004 0.3387281109375 0.352169896875 0.409653825 0.34630670937499997 0.4728617828125 0.3552639703125 0.5005214421875 0.36769659374999997 0.5163658453125 0.3979795578125 0.525926678125 0.43647336093750005 0.5162279109375 0.45466481718749996 0.5026025265625 0.473470284375 0.475761875
0 0.6960575453125 0.881264359375 0.7167010109375 0.8778491624999999 0.7377538171875 0.8656237859375 0.7515509109375 0.8521009312500001 0.7568321796874999 0.8329096859374999 0.7523054109375 0.7728776890625 0.79754930625 0.6808822453125 0.7906026203125001 0.641441509375 0.772310846875 0.6257338109374999 0.744957459375 0.616104625 0.7259152296875 0.6165489203125001 0.700536284375 0.6274084609374999 0.680607146875 0.646941475 0.6662642640625001 0.67221123125 0.6348174625 0.75068381875 0.63440408125 0.8225652484375001 0.6546703 0.8587616718750001 0.674358634375 0.8759035562499999 0.6960575453125 0.881264359375
0 0.608326965625 0.56502196875 0.6320725828125 0.5263318859375 0.6445092453125 0.4791050375 0.6496901953124999 0.4305807078125 0.6339547875 0.391345028125 0.60237961875 0.34661183906250004 0.5822819406249999 0.33828013281249997 0.561774925 0.3387586046875 0.533602853125 0.3467497734375 0.515479621875 0.35890679531249997 0.4772506328125 0.48887461249999997 0.47619115 0.5431698640625 0.48402474062499995 0.563521884375 0.500851725 0.57926375625 0.5678225875 0.5865018140625 0.59459809375 0.577076459375 0.608326965625 0.56502196875
0 0.1854691890625 0.2184627421875 0.18765234375 0.17147513125 0.17637951875 0.1306685578125 0.1545802921875 0.095974675 0.13496017968750001 0.077364428125 0.09588849687499999 0.0680086546875 0.06458218125000001 0.08047326406250001 0.044311925 0.10734809062499999 0.02666221875 0.1722978234375 0.02434261875 0.2222221625 0.0303703046875 0.24995017343749998 0.0635467109375 0.2917124625 0.1219335203125 0.2947504890625 0.14431466875 0.28542766249999996 0.16271079375 0.267397190625 0.1854691890625 0.2184627421875
0 0.6745114546875 0.0853103703125 0.6788737234375 0.0544063953125 0.6655220984375 0.026849265625 0.6455608703125 0.0155808359375 0.5887070703124999 0.0110402671875 0.5212586453125 0.014080751562499999 0.46750295937499997 0.0373365484375 0.4491068328125 0.055367021875 0.4362287375 0.080602603125 0.43438670156250003 0.12024840156250001 0.44501341875 0.1434687953125 0.47614715937499996 0.16621071874999999 0.5052382265625 0.16993227500000002 0.5626378140625 0.162725940625 0.623990328125 0.1334258078125 0.6745114546875 0.0853103703125
0 0.18691782031249998 0.4707135734375 0.1943461109375 0.4368045203125 0.22681222656250002 0.3993777421875 0.22913182656250003 0.34945340156250004 0.2153708625 0.33070645 0.201064109375 0.3237064015625 0.1749708390625 0.3184481265625 0.14400564062500001 0.323570921875 0.104829603125 0.34795331875 0.0772354109375 0.374999028125 0.0440870625 0.42710943593749995 0.0419721328125 0.47262868437499994 0.056720315624999997 0.5016200015625001 0.09405431875 0.5168834046875 0.130946890625 0.5101555390625 0.15946007812500002 0.49482255625000005 0.18691782031249998 0.4707135734375
0 0.16798800625000002 0 0.15387000312500002 0.0167856078125 0.149166615625 0.055031395312499995 0.1549896328125 0.087164496875 0.17113438281249999 0.1175899984375 0.2045154578125 0.154947196875 0.243246025 0.17164478593750002 0.2815351578125 0.1663511078125 0.3011914 0.152691546875 0.30926579374999996 0.13636867187499999 0.3113125 0.0923177859375 0.2803513421875 0.0343693296875 0.2580745515625 0.0099539859375 0.24312032343749998 0 0.16798800625000002 0
0 0.23732247499999998 0.645550059375 0.24168474375 0.614646084375 0.2384501828125 0.5897864453125 0.20128875625 0.5393165109375 0.1829969859375 0.5236088125 0.14852433437499998 0.5097454203125 0.12208994375 0.5118289609375 0.091839075 0.533069571875 0.0816176578125 0.5641102515624999 0.0791977421875 0.5847015078125 0.089278671875 0.61966880625 0.11094145156249999 0.6572994171875 0.1334911375 0.675841309375 0.1739593828125 0.6866312703124999 0.20332335 0.6844793765625 0.23732247499999998 0.645550059375
0 0.8689145281249999 0.6880177749999999 0.8842767265625 0.703793825 0.9335336953125 0.7143787265625 0.9634434468749999 0.7004799296875001 0.978773553125 0.6854545359374999 0.9846006078125 0.654516384375 0.975643346875 0.626856725 0.9511192156250001 0.58782610625 0.90748463125 0.5507081421875 0.8743403203125 0.5397472984375 0.8419785578125 0.5434359078125001 0.8030754140624999 0.561944853125 0.7860076265625 0.5828778765625 0.78464315625 0.6122451343749999 0.8020480203125 0.6470415484375 0.8329770890624999 0.674188559375 0.85433488125 0.686891178125 0.8689145281249999 0.6880177749999999
0 0.5684525375 0.8563729984374999 0.5983622890625 0.842474203125 0.6077650234374999 0.8290538765625 0.6131145140625 0.808394265625 0.610425740625 0.7717877234375 0.5952682140625 0.7516065859375 0.5598083390624999 0.727498828125 0.4933832671875 0.7085138671875 0.4406509359375 0.7097442234375 0.4182015640625 0.7205354109375001 0.40099733125 0.7444051593750001 0.40004220156250003 0.764962240625 0.41605050312499997 0.79832446875 0.445514784375 0.8255056578125 0.48404067968750003 0.846608334375 0.5245771515625 0.85592993125 0.5684525375 0.8563729984374999
0 0.31199451875 0.6130056125000001 0.3404394828125 0.5991409921875 0.365854559375 0.55601164375 0.3668096890625 0.5354545625 0.3461702625 0.47579850781250005 0.3229062484375 0.4411387984375 0.286322703125 0.40972340625000003 0.2575045296875 0.4001283953125 0.2339997140625 0.4021435828125 0.2115503453125 0.41293477031250003 0.191211865625 0.4412779609375 0.19100315625 0.5087543 0.2039454375 0.5451216078125001 0.2231562078125 0.57254203125 0.2554818375 0.6011232296875 0.287093140625 0.6135866125 0.31199451875 0.6130056125000001
0 0.4761509796875 0.6385109203125 0.4831378359375 0.5826106015625 0.47605470156249996 0.546106590625 0.46222551562499997 0.5288279984375001 0.44359262499999996 0.5204621171875 0.4158298953125 0.5196431078125 0.3979795578125 0.525926678125 0.356383603125 0.5709003312500001 0.33669122812499996 0.6168296984375 0.3359046375 0.6652514984375 0.34101332812499996 0.681266784375 0.3577038640625 0.6999453828125 0.38645381562500003 0.7110087546875 0.429137309375 0.7056125468750001 0.45819628593750006 0.6785326625 0.4761509796875 0.6385109203125
0 0.8160578640624999 0.5029711015625 0.8041028062500001 0.4768481578125 0.7870711484374999 0.465511371875 0.7374048390625 0.4637366515625 0.7137635765625 0.46868856406250003 0.64634724375 0.502530490625 0.6143907859375 0.560480175 0.614695771875 0.5854081671875 0.6380280078125 0.6185995109375 0.6623836 0.6297654140625 0.6946771375 0.6275451671875001 0.73790641875 0.61040205625 0.78055781875 0.57420440625 0.814829840625 0.529401634375 0.8160578640624999 0.5029711015625
0 0.98057541875 0.741149796875 0.9319324609375 0.7173496296875 0.87828113125 0.7068672578124999 0.80643834375 0.7100102703125 0.7839207515625 0.7222698203125 0.771247325 0.7431003140625 0.775978765625 0.7987272203125 0.8022405765625 0.8318502140625 0.8347708765625 0.856026321875 0.8977205859374999 0.8868265390625 0.9467046625 0.9032848921875001 0.972917325 0.9059735296874999 0.98057541875 0.741149796875
0 0.376332715625 0.7713825171875001 0.382091546875 0.741912728125 0.3205424390625 0.649475446875 0.296255071875 0.6368411828125 0.2758845015625 0.634382928125 0.23871903906249997 0.6469842453125 0.2233889328125 0.6620096375 0.2153827625 0.67686415 0.2144958546875 0.6959528671874999 0.23302439062500002 0.7380569203125 0.25237160937500003 0.7625406171875 0.29082928125 0.7851116578124999 0.32550660468750003 0.7945699609375 0.3520092171875 0.7910180578125 0.376332715625 0.7713825171875001
0 0.32530215 0.2636035953125 0.33259399375 0.23263126875 0.3209118265625 0.200634875 0.30149638749999996 0.1776195390625 0.2784691375 0.1693561875 0.2549643203125 0.1713713734375 0.2281888125 0.1807967296875 0.20079929375 0.20343735000000002 0.1593718796875 0.276275721875 0.15715663124999998 0.29246188906250004 0.1679197984375 0.3127455578125 0.1997357703125 0.3208038515625 0.23196108437500002 0.3200519671875 0.27505392031250003 0.3058455828125 0.30969915000000003 0.2845024421875 0.32530215 0.2636035953125
0 0.42981168593749997 0.281699965625 0.45042305625 0.247483325 0.4595208046875 0.20913500625 0.4548214578125 0.1843095453125 0.43210323125 0.1379029328125 0.403184740625 0.098974840625 0.37644536562500003 0.076130390625 0.3414269234375 0.0740139015625 0.31683053125 0.0995228953125 0.31212714531249997 0.13776868281250002 0.3165536 0.168467596875 0.3407004796875 0.247109840625 0.3543932203125 0.267325153125 0.3811325953125 0.29016960625 0.40150316718749995 0.29262786093750004 0.42981168593749997 0.281699965625
0 0.83334223125 0 0.8232415312500001 0.0334367421875 0.8220817296874999 0.058398910937500007 0.8438809562499999 0.093092796875 0.8445591531250001 0.14148042031250002 0.8514055234375 0.1515880765625 0.87702123125 0.167124890625 0.912107896875 0.16777301875 0.9268922140625 0.16449452656250002 0.948149690625 0.1478640625 0.9645031484375 0.1108132234375 0.9630424 0.04777615 0.9475116640625 0.0041353828124999995 0.9441468875 0 0.83334223125 0
0 0.5837909359375 0.179833646875 0.5595035703125 0.1671993828125 0.5142316203124999 0.165322128125 0.4947118234375 0.1760449640625 0.4712391 0.2088615953125 0.4695656046875 0.2763721109375 0.4966099671875 0.3241445578125 0.53087795 0.34241303749999996 0.58681275 0.335240878125 0.60353941875 0.32164967031249997 0.61822341875 0.28903809687500004 0.6200654546875 0.2493923 0.60739606875 0.2071515421875 0.5837909359375 0.179833646875
0 0.38777429531249996 0.3046823515625 0.3795995875 0.291672146875 0.356913453125 0.2760669796875 0.324551690625 0.2797555890625 0.27798349375 0.305777228125 0.25958736718750003 0.3238077015625 0.24517626093749997 0.35054582343749996 0.2423470015625 0.3799472578125 0.25024881875 0.3988309171875 0.2677580390625 0.39988915937499997 0.3006294578125 0.4167234546875 0.3153455515625 0.41491332812500004 0.34092916562500003 0.39964869687500004 0.357928728125 0.38018403749999996 0.38777429531249996 0.3046823515625
0 0.8968700281249999 0.3382739953125 0.8736381078125 0.33441573125 0.8456024843750001 0.339470175 0.8210060921875 0.3649791671875 0.8015866125000001 0.405035084375 0.7976657765625 0.45793032343749995 0.822053459375 0.4998976703125 0.8651783875 0.5164927296874999 0.8856854046875 0.516014259375 0.91426681875 0.4992129125 0.9381167890625 0.426784659375 0.939208365625 0.403290853125 0.9287863171874999 0.3756653703125 0.8968700281249999 0.3382739953125