15 0.6530811234375 0.2416759671875 0.5982351796875001 0.18936011875 0.53485764375 0.1614583328125 0.4397913421875 0.1521577375 0.34472503906249996 0.1754092265625 0.288660296875 0.2033110125 0.27037831562500003 0.2370256703125 0.27525350937500004 0.2998046875 0.3045046796875 0.3579334078125 0.36178822187500004 0.403273809375 0.42272815937499997 0.42652529687499996 0.52266965625 0.43350074375 0.5860471921875 0.41722470312500004 0.6360179406250001 0.3835100453125 0.6628315125 0.3346819203125 0.6628315125 0.2602771578125 0.6530811234375 0.2416759671875
15 1 0.231359196875 0.9980011703124999 0.22888764843749998 0.9516868171875 0.19866071406250002 0.898059671875 0.1800595234375 0.8419949296875 0.17308407812499998 0.7444910296875 0.1800595234375 0.7128022625 0.1940104171875 0.69452028125 0.2114490328125 0.6677067078125 0.25795200937499996 0.6677067078125 0.318405878125 0.6993954765625 0.3718843 0.7420534328125 0.40792410781250005 0.798118175 0.428850446875 0.893184478125 0.4242001484375 0.9565620125000001 0.40094866093750003 0.989469578125 0.37653459843750003 1 0.3636200578125 1 0.231359196875
15 0 0.439499628125 0.001023790625 0.440476190625 0.147279640625 0.500930059375 0.166780421875 0.5032552078125 0.23990834687499998 0.48232886875 0.3142550703125 0.3881603421875 0.2679407171875 0.2230747765625 0.24234594375000001 0.2009858625 0.1887187984375 0.1800595234375 0.098527690625 0.1754092265625 0.0205245703125 0.196335565625 0 0.2129013578125 0 0.439499628125
15 1 0.038552075000000005 0.9004972703125 0.049851190625 0.849307721875 0.06845238125 0.798118175 0.10100446406250001 0.757897815625 0.1509951640625 0.7591166140625 0.1754092265625 1 0.28330179218749996 1 0.038552075000000005
15 0.70670826875 0.19052269375 0.7018330734375 0.1626209078125 0.6835510921875 0.147507440625 0.65673751875 0.14053199375 0.556796021875 0.1428571421875 0.5458268328125 0.160295759375 0.6640503125 0.2521391375 0.70670826875 0.19052269375
15 0.2374707484375 0.10565476250000001 0.1679992203125 0.15797060937500002 0.1619052265625 0.17308407812499998 0.2740347109375 0.21493675625000003 0.5372952421875 0.159133184375 0.5555772234374999 0.1393694203125 0.5555772234374999 0.099841890625 0.5153568640625 0.0568266375 0.48366809687499995 0.035900296875 0.3959145859375 0.035900296875 0.3349746484375 0.0545014875 0.2374707484375 0.10565476250000001
15 1 0.48355654687499994 0.954124415625 0.46605282812500004 0.8712460999999999 0.463727678125 0.7371782375 0.489304315625 0.7164586578125001 0.5044177828125 0.696957878125 0.53231956875 0.6750195 0.588123140625 0.6750195 0.6485770093750001 0.70670826875 0.709030878125 0.7469286265624999 0.745070684375 0.8298069421875001 0.793898809375 0.8590581125 0.8031994046875001 0.9346236343750001 0.807849703125 1 0.7824435765625 1 0.48355654687499994
15 0.5787344 0.5032552078125 0.4324785484375 0.47535342187499996 0.269159515625 0.5334821421875 0.24600234062499998 0.5602213546875 0.2313767546875 0.597423734375 0.2313767546875 0.671828496875 0.2484399375 0.7113560265625 0.37153861093749996 0.782273065625 0.41297776875 0.7892485125 0.48854329218750003 0.782273065625 0.5787344 0.7287946421875 0.611641965625 0.6764787953125 0.62139235625 0.618350075 0.6092043687500001 0.548595609375 0.5787344 0.5032552078125
15 0 0.7879425984374999 0.0302749609375 0.7869233625 0.0887773015625 0.759021578125 0.1582488296875 0.6974051343750001 0.1826248046875 0.6416015625 0.177749609375 0.5764973953125 0.14606084218749998 0.5090680796875 0.1034028859375 0.4683779765625 0.0546509359375 0.452101934375 0 0.4470894515625 0 0.7879425984374999
15 0.052213339062499996 0.7869233625 0.0266185640625 0.813662575 0.0241809671875 0.8369140625 0.037587753125 0.8450520828125001 0.3898205921875 0.8438895093750001 0.3703198125 0.7973865328125 0.337412246875 0.7613467265625 0.28378510156250003 0.7311197921875 0.2228451640625 0.7125186015625 0.183843603125 0.71484375 0.1375292515625 0.7287946421875 0.052213339062499996 0.7869233625
15 0.49829368125 0.7869233625 0.477574103125 0.818312871875 0.4726989078125 0.8369140625 0.48366809687499995 0.8450520828125001 0.8627145078125 0.841564359375 0.846870125 0.8125 0.7542414203125001 0.759021578125 0.715239859375 0.7404203875 0.64454953125 0.7241443453125 0.60798556875 0.72646949375 0.5738592046875 0.7404203875 0.49829368125 0.7869233625
15 0 0.183260528125 0.1192472703125 0.134719121875 0.086339703125 0.09170386875 0 0.03679935625 0 0.183260528125
15 0.02296216875 0.035900296875 0.016868175 0.0417131703125 0.1497172390625 0.1684337796875 0.3727574109375 0.0393880203125 0.36422581875 0.0335751484375 0.02296216875 0.035900296875
15 0.7298654453125 0.18238467187500002 0.7444910296875 0.177734375 0.9212168484375001 0.0393880203125 0.9126852578125 0.0335751484375 0.6750195 0.037062871875 0.6750195 0.0812407 0.6872074890625 0.13239397343749998 0.7298654453125 0.18238467187500002