15 0.2805424015625 0.73941679375 0.346977078125 0.7357170140625 0.40693223281249996 0.7059927140625 0.45152579687500005 0.6461644328125 0.4724057765625 0.5819271015624999 0.47352523281250003 0.4758418 0.45222902343750004 0.40807916874999994 0.413238046875 0.3541576125 0.359638496875 0.324497928125 0.2805370875 0.32274011874999997 0.261376009375 0.3326665296875 0.20921311875 0.38973855 0.1835428671875 0.4564574828125 0.17964435625 0.5573049203125 0.21035271249999998 0.658921403125 0.2435478125 0.7191842937499999 0.2805424015625 0.73941679375
15 0.1804365359375 0.07076853281249999 0.1765528515625 0.1302074515625 0.1901113421875 0.23403087656250002 0.2069392453125 0.2680495203125 0.22663039999999998 0.2878975015625 0.27775803125 0.31750225468750004 0.342027925 0.318930475 0.39688567343750003 0.28650484375 0.43251297343750006 0.24200563125 0.451228171875 0.182896303125 0.44029516874999997 0.08171927343749999 0.4115832015625 0.0137918484375 0.4078564734375 0.0090634765625 0.20266912656249997 0.0045037578125 0.1968333859375 0.0141957375 0.1804365359375 0.07076853281249999
15 0.52473298125 1 0.5688604078124999 0.8765205453125 0.5701037796875 0.85584375 0.543249459375 0.77760539375 0.43845290625000005 0.696340959375 0.26586445468750003 0.7416786703125 0.24399369062499998 0.7683672125000001 0.22512492343749999 0.8248850750000001 0.225863115625 0.920659446875 0.2516959109375 1 0.52473298125 1
15 0.06485579218750001 0.119961134375 0.10268759218750001 0.17515095625 0.1583677296875 0.21909117031249997 0.18424609375 0.21837222031249998 0.2676338109375 0.00594741875 0.030751203124999998 0.000683359375 0.0418555046875 0.06510089999999999 0.06485579218750001 0.119961134375
15 0.2718085875 0.321252125 0.2036152875 0.27444578750000004 0.1742593953125 0.2789695421875 0.159343684375 0.2980484796875 0.153617178125 0.326389809375 0.16238539999999999 0.4326948375 0.18161585 0.4447684203125 0.2718085875 0.321252125
15 0.11673168281249999 0.43297433593749995 0.073535059375 0.47471728906250005 0.053284176562499994 0.5079119609375 0.0588126359375 0.6012047296875 0.082427196875 0.6664308250000001 0.14295215 0.77129795 0.2029470234375 0.846390684375 0.21939841875 0.8532264046875 0.2568288171875 0.735007746875 0.1809173796875 0.45381108281250004 0.15875430625 0.433908171875 0.11673168281249999 0.43297433593749995
15 0.48369990625000003 0.1059763015625 0.519337275 0.2491111671875 0.5367100796875001 0.27149568125 0.5676016546875 0.2928865875 0.628309825 0.3175281359375 0.69257971875 0.31895635625 0.754853225 0.28669551875 0.790634090625 0.2447877734375 0.8373230671874999 0.1578314984375 0.8453679218750001 0.1269536359375 0.8455511421875 0.046728059375 0.8330219640625 0.0185115984375 0.483284884375 0.0107396640625 0.480950503125 0.017921396875000002 0.48369990625000003 0.1059763015625
15 0.7861959921875 0.7739460203124999 0.8538343203125001 0.644752409375 0.858639415625 0.6008622859375 0.8464630390625001 0.52036205 0.7839268734375 0.423214390625 0.7262355234375 0.38699364375 0.663823275 0.3752544921875 0.5904335453125 0.386563875 0.5441507296875 0.41788603125 0.5237018015625 0.5727148015625 0.59578885625 0.7477162984375 0.625674825 0.7729669343750001 0.6661469390625 0.7893946359374999 0.745248346875 0.7911524437499999 0.7861959921875 0.7739460203124999
15 0.8762095859375 1 0.846929059375 0.9448131234374999 0.7770465062499999 0.8695006640624999 0.7161847671875 0.8422676499999999 0.6472781703125 0.8459124984375 0.577588909375 0.8780085390625001 0.5370177734375 0.9223978890625 0.52278570625 0.9738426828125 0.521934934375 1 0.8762095859375 1
15 0.9415357765625 1 0.9181884109375 0.6267721015625 0.869978578125 0.646405196875 0.83373700625 0.6805385453125 0.8049805624999999 0.7368366828124999 0.78904441875 0.8011838765625001 0.79397343125 0.8427022609374999 0.8117227437500001 0.8922696984374999 0.8788956109375 0.9843442874999999 0.8957869453124999 1 0.9415357765625 1
15 0.8050049015624999 0.2373429640625 0.7876866421875001 0.27836696562499996 0.774836690625 0.353134953125 0.779612134375 0.392061871875 0.7965936046875 0.42867198125000006 0.8507926031249999 0.51010605 0.885468840625 0.5328750859375 0.9055513312500001 0.5384974687499999 0.9135119890625001 0.527028134375 0.88592423125 0.1239728078125 0.856023440625 0.14013068906249998 0.8050049015624999 0.2373429640625
15 0.22859006875 1 0.18129920156249998 0.8976706859375 0.13764187187500002 0.9316392406249999 0.0976563546875 1 0.22859006875 1
15 0.092816140625 1 0.21522242343750003 0.8660738703125 0.06397941406249999 0.62590605 0.058337106250000006 0.634838853125 0.0823085921875 0.99769899375 0.08459141875000001 1 0.092816140625 1
15 0.143045859375 0.29380422500000003 0.19350467031250002 0.2496346015625 0.1876394234375 0.23397594531250002 0.0294265375 0.042826249999999996 0.0237842296875 0.051759049999999994 0.042465020312500004 0.3045093625 0.08943148281249999 0.3055530609375 0.143045859375 0.29380422500000003