15 0.28162323906250003 0.22617401718750002 0.28953588125 0.2907544984375 0.322397475 0.34941635 0.38360900625 0.3935912828125 0.44758148281250004 0.41479700625 0.5510669187499999 0.41741233906249997 0.6157421765625 0.39770362187499997 0.6657781203125 0.360608828125 0.6912165015625 0.308975446875 0.68780295 0.23217053124999998 0.6768846453124999 0.21341663125000002 0.6178693234375 0.1619294046875 0.55116726875 0.13603520468750002 0.45260761875 0.1307960546875 0.3555413953125 0.1591590578125 0.2989481953125 0.19053304531249998 0.28162323906250003 0.22617401718750002
15 1 0.16527405 0.9831493218749999 0.1553143171875 0.9269388781250001 0.1385734015625 0.8687455765625 0.1339450875 0.768416409375 0.1456188453125 0.736345465625 0.1614735890625 0.71827379375 0.18031348281249998 0.6927287359375 0.2295467140625 0.6955022468750001 0.29195070625 0.7306667250000001 0.3457004171875 0.7763541828125 0.38094573125000003 0.8351875265625001 0.39997496718750003 0.9331071375000001 0.3908131953125 0.9974623749999999 0.3639040171875 1 0.361840534375 1 0.16527405
15 0.186897590625 0.5057444828125 0.2614244203125 0.48078812656250003 0.3338491484375 0.3801710171875 0.2784669671875 0.21188492499999997 0.2510331578125 0.19025770625 0.1947160421875 0.17111663906250002 0.101402196875 0.1704541328125 0.021842909375 0.1956341515625 0.009191489062499999 0.2068084984375 0.020050224999999998 0.45113007187500004 0.1666610796875 0.5042389890625001 0.186897590625 0.5057444828125
15 1 0 0.9490035812500001 0 0.92348139375 0.0040529671875 0.871493959375 0.0256026765625 0.8201465640625001 0.0615533078125 0.7809222546875 0.115001846875 0.7833004406249999 0.14014754375 1 0.22587051875 1 0
15 0.688687709375 0.223714078125 0.72989488125 0.15815293749999998 0.7235823406249999 0.1295747609375 0.7040172390625 0.11481250624999999 0.6760186921875 0.1088422 0.5729599484375 0.1158274828125 0.5624369671875 0.1343318828125 0.688687709375 0.223714078125
15 0.5697283750000001 0.071480559375 0.526237125 0.028922953125 0.49256607812500003 0.008775390625 0.4019818078125 0.0128013578125 0.3399294546875 0.0347983984375 0.241627084375 0.09207507499999999 0.17231469375 0.14926575312499998 0.1667174953125 0.16514633437499998 0.2843841828125 0.203204809375 0.5535768265625001 0.13352321875 0.5715418234375 0.11228317031249999 0.5697283750000001 0.071480559375
15 1 0.4319053234375 0.9979330031250001 0.43122015156250004 0.9122745203125 0.432622296875 0.7750552953125001 0.465174771875 0.7543607203125 0.4817263453125 0.7355109640624999 0.5114228484375001 0.7154250609374999 0.570033028125 0.718198571875 0.6324370218750001 0.7536830703125 0.69338719375 0.7968542984375 0.7287443390624999 0.8846462515625 0.7753452625 0.9152677015625 0.7836038875 0.9934841671875001 0.784937390625 1 0.782066065625 1 0.4319053234375
15 0.2807385625 0.7168118437500001 0.411061703125 0.784368990625 0.45415762812500005 0.7896683015625 0.5318407296875 0.779001034375 0.6224877375 0.7196597015624999 0.654056684375 0.664146509375 0.661454765625 0.6036953390625001 0.6456734125 0.5322498921875 0.6121404078125 0.4868448015625 0.45988654375 0.46475290312500006 0.2939659921875 0.5322495171875 0.2712885578125 0.5609136921875 0.25789795312499997 0.5999871437500001 0.26131150625 0.6767920593750001 0.2807385625 0.7168118437500001
15 0.11811232499999999 0.77334001875 0.1869980234375 0.7065487218750001 0.20960015625 0.6478267109375 0.20158083906250002 0.5808460734375 0.165776321875 0.512695440625 0.1198755171875 0.472649821875 0.06880420937500001 0.4580853953125 0.020257765625 0.4557997421875 0.0358505328125 0.8066369890624999 0.059002895312500005 0.8048258374999999 0.11811232499999999 0.77334001875
15 0.374874428125 0.7643332640625 0.31813061875000004 0.7355915796875 0.2543714890625 0.7191861609375 0.2142184875 0.7233756328125 0.1670501640625 0.739901371875 0.0816489625 0.8038193453125 0.0564552953125 0.8325953546875 0.0550058015625 0.8567087234375 0.069218421875 0.8644941812500001 0.43276027343749995 0.8471343203125 0.41049696718749995 0.8000259062499999 0.374874428125 0.7643332640625
15 0.805043028125 0.742809765625 0.763929965625 0.7253978546875001 0.6902125906250001 0.7118399203125 0.65257581875 0.715917559375 0.6179886453125001 0.7318841359375 0.5421189937500001 0.7833540109375 0.522171134375 0.8167066609375 0.5179920625000001 0.83613155625 0.5296884546875 0.8440288468749999 0.9208021578125001 0.8230386734374999 0.903113246875 0.7937636640625 0.805043028125 0.742809765625
15 0.084980803125 0.08460776406250001 0.0016294734375000002 0.036663146875000004 0.0079750109375 0.1794377609375 0.1209233640625 0.1275008671875 0.084980803125 0.08460776406250001
15 0.010974778125 0.0361916859375 0.153923 0.1609051890625 0.3782376390625 0.017463996875000002 0.3691641484375 0.011855026562499999 0.0169986671875 0.02991171875 0.010974778125 0.0361916859375
15 0.7103710234375 0 0.69014344375 0.0011966218750000001 0.6921702390625 0.046799540625000004 0.70709820625 0.0990437578125 0.7534257078125 0.1486899921875 0.7683097359375 0.1432186921875 0.93540746875 0 0.7103710234375 0