6 0.8346338671875 0.4764170859375 0.8287047781249999 0.41102228749999997 0.81651760625 0.3643630890625 0.7927596015625 0.31810855 0.7473207875 0.2650291984375 0.7090664640625 0.25402255625 0.6748732703125 0.26509396875 0.6423425890625001 0.3037941671875 0.6324304828125 0.351402584375 0.6305473796875 0.3863857140625 0.6378402750000001 0.40693995000000005 0.6732850859374999 0.392121415625 0.705598959375 0.3964581671875 0.7328017499999999 0.4177269015625 0.7602099890625 0.4546835890625 0.81200771875 0.50665880625 0.818366634375 0.5055546703125 0.8250431859375 0.47904504374999995 0.8346338671875 0.4764170859375
6 0.339979559375 0.635148959375 0.3174580265625 0.6634471734375 0.30890594375 0.6857899953125 0.3069220078125 0.7031416671875 0.40906797656249994 0.75600133125 0.45658777031250003 0.8289354390625 0.52066971875 0.9647762828124999 0.52879955 0.969782459375 0.5407888484375001 0.9616037687500001 0.5452798046875 0.9171828921875 0.5278958609375 0.7915243453125 0.5049747890625 0.7297217484375 0.469231275 0.6720709296875 0.42629190625 0.6310723046875 0.377613753125 0.6186667124999999 0.339979559375 0.635148959375
6 0.194524978125 0.2945901234375 0.1769090828125 0.2902683953125 0.1589755515625 0.311352159375 0.1565693625 0.35605282968749996 0.167194853125 0.3927147 0.1906427921875 0.4252247953125 0.22993571406250002 0.4559463 0.2945596765625 0.48419476875 0.3465742125 0.4931330328125 0.373156875 0.4869128765625 0.4100625359375 0.46446021093749995 0.3740013828125 0.4322148828125 0.368277740625 0.382508040625 0.364317440625 0.37806144375 0.27050675156250004 0.345895909375 0.194524978125 0.2945901234375
6 0.4737067546875 1 0.47146848124999996 0.9620882265624999 0.4567818609375 0.9033482968750001 0.43542247187500005 0.851543025 0.37842039843749997 0.759718396875 0.3427777140625 0.719699040625 0.3101537734375 0.7016178453124999 0.2962889453125 0.705629728125 0.278564646875 0.7228264796875 0.2641729453125 0.75613086875 0.2619759875 0.7969445203125 0.2720821828125 0.8237489625000001 0.297827909375 0.8330768624999999 0.3229459328125 0.8540658078125001 0.3660907453125 0.9107523843750001 0.4083986265625 0.9829870187499999 0.42206843281250006 1 0.4737067546875 1
6 0.37203259375000003 0.37126668125 0.37254431875 0.42027405 0.3901564265625 0.44417074218749997 0.48313813281250007 0.45077690156249994 0.49220535156249995 0.45982397500000005 0.5743481640625 0.4551877390625 0.6125054453125001 0.42898795625 0.6283542109375 0.4076244 0.628772678125 0.39985036875 0.62345993125 0.3815194328125 0.5750994140625 0.34370835 0.46492066093749995 0.323048940625 0.40904665468749996 0.3272955390625 0.38600582499999997 0.345736321875 0.37203259375000003 0.37126668125
6 0.5579384515625 0.6820185125 0.553966796875 0.7362968203125 0.560527371875 0.7704556046875 0.5792826953125 0.8121236546875 0.6138829984374999 0.8520031171875001 0.7907553359375 0.9794906578125 0.8279672765624999 0.9903574046875001 0.843192128125 0.961079925 0.8440290625 0.945531865625 0.819755546875 0.8698449281249999 0.8032904375 0.8441446234375001 0.743676728125 0.781332709375 0.58994605 0.653035846875 0.57097391875 0.65440475 0.5579384515625 0.6820185125
6 0.5740115984374999 0.5784680703125 0.571605409375 0.6231687359375 0.58609036875 0.6466457453125 0.6522760140625 0.6848915421874999 0.8003800953125 0.8006879859374999 0.8447840984375 0.8144775078125001 0.850623715625 0.8035159406249999 0.8565717359375 0.771035896875 0.82958575 0.7067302109375 0.8022821312499999 0.667830015625 0.7285981421875001 0.5933420328125 0.6515739828125 0.5418963453125001 0.6123818953125 0.5288063015625 0.5940336828125 0.538089128125 0.5740115984374999 0.5784680703125
6 1 0.6705122765625 0.957391759375 0.6729864421875 0.9086014171875 0.701674290625 0.8686656515625 0.7609136999999999 0.8430056125000001 0.84751713125 0.8398671046875 0.9058223515625 0.8511165093749999 0.950398146875 0.8562238093750001 0.95304113125 0.8610210421875 0.9419396671875001 0.8929202343749999 0.934475478125 0.905014153125 0.9243532828125 0.9236837890625 0.8700899968750001 0.9500647890625 0.82860691875 0.9696646187500001 0.8155769749999999 1 0.8096040265625 1 0.6705122765625
6 0.476240609375 0.5418559421875 0.44830550156250004 0.534191759375 0.42193207343749994 0.5365249015625 0.3838794125 0.560781178125 0.3576030296875 0.6003207515625 0.34988409374999996 0.62669048125 0.380845521875 0.617142890625 0.43661112187500006 0.6344147640625 0.5013321296875 0.6998696609375 0.546767159375 0.7725239828125 0.55989966875 0.7821166484375001 0.5531298609374999 0.7518448765625 0.5530366015625 0.69506348125 0.57149700625 0.6446872124999999 0.545445 0.602039896875 0.5136579953125 0.5684106437499999 0.476240609375 0.5418559421875
6 0.27810439531250003 1 0.27601219062500004 0.9847953015625001 0.26132178437500003 0.9456303421875001 0.244961290625 0.917986528125 0.18857555937499998 0.8732257578124999 0.152196771875 0.866385921875 0.123110875 0.8801003171874999 0.1049681109375 0.905071096875 0.0926611734375 0.938655275 0.0890071546875 0.9675280921875 0.092036646875 0.9972978875 0.09665898125 0.9979182375000001 0.11986017812500001 0.9794989796875001 0.1638495015625 0.9814875625000001 0.2006931359375 1 0.27810439531250003 1
6 0.183212603125 0.036633184375 0.1549560703125 0.0739494546875 0.14233528281250002 0.1133641578125 0.1400374953125 0.13654634999999998 0.1439902234375 0.18014288125 0.1647294828125 0.204459259375 0.19934493125 0.1660388484375 0.2464689734375 0.12929718125 0.3112051265625 0.11645220625 0.35624061875 0.099005715625 0.36624976875000004 0.0886037296875 0.3687567859375 0.061534521875000005 0.32936303906250003 0.0131815546875 0.322347425 0.009551034375 0.2373038421875 0.007031225 0.20187466562499998 0.021519835937500002 0.183212603125 0.036633184375
6 0.36414985781250003 0.1666238109375 0.36039879375 0.1582902015625 0.304838640625 0.1567062796875 0.2201925921875 0.168836753125 0.18672792968750002 0.1858785828125 0.1661865453125 0.2164000921875 0.16378414375 0.24152579375 0.166698271875 0.26540746249999997 0.1896269140625 0.28806012187499996 0.370175990625 0.2692250359375 0.361747453125 0.19174951093749998 0.36414985781250003 0.1666238109375
6 0.851013290625 0.40618605937499996 0.8830171015625 0.3967783625 0.8998036328125 0.37749821093749997 0.9077318046875 0.3472414640625 0.9039845234375001 0.31933288593750003 0.8902318828125001 0.282251328125 0.8629244765624999 0.2629261015625 0.8019431718750001 0.264529715625 0.7666029812499999 0.27740474375 0.7710825765625 0.2917087703125 0.8016179640625 0.32908514218749996 0.8332927796874999 0.403807840625 0.851013290625 0.40618605937499996
6 0.5913817921875 0.23627089375 0.5652213859375 0.21514205312499998 0.4954901234375 0.1842506015625 0.4600491 0.179494165625 0.432424053125 0.185574428125 0.4016680765625 0.210809975 0.3849823734375 0.24772158593750002 0.3804952046875 0.2725674953125 0.38048763281250003 0.31171743125 0.3877805265625 0.332271665625 0.4606503 0.3048578984375 0.49702908749999997 0.311697734375 0.5514384546875 0.33466023906250003 0.621278121875 0.344033215625 0.6279508859375 0.3370985578125 0.6334804390625 0.3123925421875 0.628376928125 0.29017459218749997 0.5913817921875 0.23627089375
6 0.5753351531249999 0.202796559375 0.578675321875 0.17975426249999998 0.5576297875 0.12211846875000001 0.530221546875 0.08516177968750001 0.4896770109375 0.0581873953125 0.4503803046875 0.04704085625 0.41629172812500004 0.056168762500000004 0.4113898765625 0.06921373125 0.395231046875 0.076832840625 0.3787545765625 0.109857440625 0.3664438578125 0.163016584375 0.36601403125 0.22951551874999998 0.36997054375 0.253537084375 0.3794528203125 0.27242759843750003 0.3865478421875 0.23814394375 0.4006256921875 0.210670078125 0.4401392046875 0.178779665625 0.502891421875 0.1832863609375 0.5675153859375001 0.21153483125 0.5753351531249999 0.202796559375
6 0.47509739531250006 0.5240845875 0.4763527984375 0.5007624984375 0.47031152187499997 0.4764611453125 0.430181665625 0.46128769687500004 0.37607479062500004 0.49121957656250004 0.353766278125 0.49605580781249997 0.2953928265625 0.48822167812500006 0.21930264843749997 0.45843436249999997 0.2031400328125 0.48562844062500005 0.20052839374999998 0.5146411546875 0.203547140625 0.5365793156249999 0.22084540000000003 0.5663065281249999 0.3532280484375 0.5840732156249999 0.36386111250000003 0.5815851515625 0.3885720265625 0.5516232234375 0.4103612421875 0.5369295609375 0.43173198749999997 0.5300099265625 0.4704047796875 0.533242540625 0.47509739531250006 0.5240845875
6 0.0578516375 0.902662828125 0.11112157812500001 0.88827900625 0.14188513125 0.8238935265625 0.1661775765625 0.8017056265625 0.1605509796875 0.7892052125 0.084871696875 0.7907938046874999 0.0359805234375 0.8018501890625 0.018186078124999998 0.8183735328124999 0.019488296874999998 0.8769733546875 0.0358569765625 0.9016685390625 0.0578516375 0.902662828125
6 0.75864475 1 0.7383261203125 0.9587514515625 0.709561646875 0.9274853890625 0.6438990875 0.879522059375 0.6056447609375 0.8685154140625 0.5801044859375 0.8748754671875 0.554246571875 0.9066410109374999 0.54444286875 0.9327309515625 0.5447201390624999 1 0.75864475 1
6 0.991234728125 1 0.9931461734375 0.9644903687499999 0.9187705796875001 0.941859871875 0.878846171875 0.9423743765625 0.8539298078125 0.9566483546875 0.8369104296875 1 0.991234728125 1
6 0.8454534499999999 0.5874918171875 0.819195996875 0.529156546875 0.79199699375 0.48831284531249997 0.721440153125 0.4142445484375 0.686731446875 0.3958835609375 0.6690109359374999 0.3935053421875 0.6444084234375 0.4019487984375 0.61792659375 0.42580041562500004 0.595715125 0.46784307500000005 0.5929988703125 0.498799296875 0.59862168125 0.5308746796875 0.6312494078124999 0.5293809078125 0.6969157546875 0.557769271875 0.8014489796875001 0.6638031062499999 0.8367816031249999 0.6900780156249999 0.8492902015625001 0.691756759375 0.8617017515625 0.656229071875 0.8605585390625 0.638457715625 0.8454534499999999 0.5874918171875
6 0.6322599359375001 0.02055415 0.6600077015625 0.0536413109375 0.745266309375 0.1081496625 0.8958811984375 0.17730193593750002 0.9325738390625 0.1783112515625 0.9457177109374999 0.1291790140625 0.9641743281249999 0.0983777109375 0.947499984375 0.076564421875 0.9197089109375 0.059131829687500005 0.6322599359375001 0.02055415
6 0.046248128124999996 0.53308660625 0.0927368984375 0.5471559171875 0.1545513515625 0.5495792109375001 0.19906375781250002 0.5418502562499999 0.19928056562500002 0.49881330625000003 0.2162801171875 0.45607117031250005 0.1830322609375 0.43007605 0.07790755 0.4179251203125 0.033138334375 0.40604412968750003 0.0087426578125 0.39341957656250004 0.011017175 0.49577286093749995 0.028008315625000002 0.52085095625 0.046248128124999996 0.53308660625
6 0.024103415625 0.7689354374999999 0.0341049921875 0.7976833859375 0.1315734875 0.78140113125 0.18244102499999998 0.7921430093749999 0.19246153125 0.72301611875 0.13940840000000002 0.694362990625 0.0907302453125 0.6819573937500001 0.0478841359375 0.69774016875 0.0260911359375 0.7320088 0.024103415625 0.7689354374999999
6 0.8316075484375001 0.49362886250000004 0.8136740171874999 0.514712625 0.8450387671874999 0.5756908765625 0.9028891343750001 0.5932425421875 0.9446928578125 0.5773198749999999 0.9549112453124999 0.563030871875 0.9470952640625001 0.552194175 0.9578367312499999 0.5281876375000001 0.9409569390625 0.4906863921875 0.928138278125 0.4752632046875 0.896870571875 0.45149138281249995 0.8310996109375001 0.42504652500000006 0.8345330375 0.4587856265625 0.8316075484375001 0.49362886250000004
6 0.45903322031249993 0.042329496875 0.4597617515625 0.0482999125 0.48571671250000004 0.0537407984375 0.5233433328125 0.076408484375 0.5647172328125001 0.12698475 0.6099581734374999 0.1252262125 0.652494215625 0.0956989921875 0.6484330875000001 0.07362093750000001 0.6515640234375 0.05446565625000001 0.6307224203125 0.020347804687500002 0.614851571875 0.018217825 0.479993584375 0.014222032812499999 0.47050321874999995 0.024293375 0.45903322031249993 0.042329496875
6 0.3012613359375 0.8668159609374999 0.27468624531249997 0.833886184375 0.23997754218749998 0.8155251968749999 0.1955735375 0.8017356765624999 0.165030578125 0.8035092390624999 0.14396989375 0.82417331875 0.12384319218749999 0.866495765625 0.122277725 0.8760734078124999 0.12957440781250001 0.8770526750000001 0.150216621875 0.864162625 0.19389209375 0.871981728125 0.2312048625 0.9004799359375 0.2691377625 0.9564670390625001 0.2980106375 0.9662146234375 0.319381384375 0.959294990625 0.31354555156249997 0.9506815906250001 0.305950165625 0.8772329734375001 0.3012613359375 0.8668159609374999
6 0.1725076 0.4110456375 0.158650340625 0.375907584375 0.1546938296875 0.3518860234375 0.155015253125 0.30690556406249997 0.0427479453125 0.3055413328125 0.013038134375 0.31134180312500004 0.007002925 0.31513161093750003 0.0086491921875 0.3892136734375 0.0594071421875 0.405654496875 0.1725076 0.4110456375
6 0.0135877234375 0.1645994921875 0.011084490625 0.17209373125 0.025677853125 0.1740522625 0.056643065625 0.14492970624999998 0.1363910515625 0.1262692359375 0.1470316875 0.084631234375 0.1788338359375 0.039960615625 0.1928784109375 0.005714915625 0.1654771 0.004903025 0.036008425 0.11866981875 0.0135877234375 0.1645994921875
6 0.7293091421875 0.15103169375 0.685839115625 0.15890054375 0.6018056234375 0.2376698453125 0.6003447734375 0.2453039796875 0.6380684390625 0.30517809375 0.6641355875 0.26952553749999997 0.686967184375 0.25497177187500003 0.719699528125 0.2515344921875 0.73711755 0.20101832812499998 0.7352495890624999 0.1577015890625 0.7293091421875 0.15103169375
6 0.7235854984375 0.10132485 0.6728263671875 0.0690644984375 0.652180365625 0.10152951406249999 0.6324759171875 0.11650296874999999 0.60870655625 0.12897333125 0.572772640625 0.138297246875 0.5807600859375001 0.180034053125 0.5788769828125 0.215017184375 0.5875261125 0.229880790625 0.5999300921875 0.2335030390625 0.6948058828125 0.1483586609375 0.7235854984375 0.10132485
6 1 0.18201195312500001 0.9975154390625001 0.1811542296875 0.9376811390625001 0.180954234375 0.9089053078125 0.20841307812499998 0.897326903125 0.247967671875 0.8950291171875 0.271149865625 0.8980478625 0.293088025 0.9205580375 0.3235147171875 0.9684068281249999 0.3123184328125 1 0.3192676609375 1 0.18201195312500001
6 1 0.351208559375 0.9795554031249999 0.33926276875 0.92858325 0.33046439843750003 0.9132575703124999 0.3421104171875 0.89834278125 0.3851323453125 0.8977112953124999 0.41636835625 0.9171989359375001 0.44443185312500005 1 0.48638157968750007 1 0.351208559375