6 0.8148148140625 0.41493055625 0.8194444437499999 0.390625 0.827777778125 0.38715277812500004 0.8194444437499999 0.3298611109375 0.80648148125 0.28993055624999997 0.7833333328125 0.2517361109375 0.740740740625 0.21006944375 0.70648148125 0.20486111093749998 0.6768518515624999 0.21875 0.65 0.25694444375000003 0.64351851875 0.30034722187499996 0.64351851875 0.33159722187499996 0.6509259265625 0.3489583328125 0.68148148125 0.33159722187499996 0.7101851859375 0.33159722187499996 0.7351851859375 0.34722222187499996 0.7611111109375 0.3767361109375 0.809259259375 0.4166666671875 0.8148148140625 0.41493055625
6 0.5722222218749999 0.703125 0.5490740734374999 0.6510416671875 0.5148148140625 0.6041666671875 0.475 0.5729166671875 0.43148148124999997 0.5677083328125 0.3990740734375 0.5868055562500001 0.38055555625 0.6145833328125 0.3740740734375 0.6354166671875 0.3731481484375 0.6510416671875 0.465740740625 0.6857638890625 0.5111111109375 0.7447916671875 0.5740740734374999 0.8576388890625 0.58148148125 0.8611111109375 0.5916666671875 0.8524305562500001 0.5935185187500001 0.8125 0.5722222218749999 0.703125
6 0.45277777812500003 0.4270833328125 0.41944444374999995 0.40277777812500004 0.41203703750000004 0.359375 0.40833333281249995 0.35590277812500004 0.3240740734375 0.3385416671875 0.2546296296875 0.3020833328125 0.2388888890625 0.30034722187499996 0.22407407343750002 0.32118055624999997 0.22407407343750002 0.3611111109375 0.23518518593749999 0.3923611109375 0.25740740781250004 0.41840277812500004 0.29351851875 0.44097222187499996 0.3518518515625 0.4583333328125 0.3981481484375 0.46006944375 0.42129629687500003 0.4513888890625 0.45277777812500003 0.4270833328125
6 0.525 0.9322916671874999 0.5370370375 0.918402778125 0.5305555562500001 0.8611111109375 0.5148148140625 0.8107638890625 0.49351851875 0.7673611109375 0.4388888890625 0.6927083328125 0.40555555625000006 0.6614583328125 0.3759259265625 0.6493055562500001 0.3638888890625 0.6545138890625 0.3490740734375 0.671875 0.3379629625 0.703125 0.3379629625 0.7395833328125 0.3481481484375 0.762152778125 0.371296296875 0.7673611109375 0.39444444375 0.7829861109375 0.43518518593750005 0.828125 0.47592592656250005 0.887152778125 0.515740740625 0.9288194437499999 0.525 0.9322916671874999
6 0.6425925921875 0.34375 0.6370370375000001 0.328125 0.5925925921874999 0.30034722187499996 0.49444444374999996 0.2951388890625 0.4453703703125 0.30555555624999997 0.42592592656250006 0.32465277812500004 0.4148148140625 0.3489583328125 0.4175925921875 0.3923611109375 0.434259259375 0.4114583328125 0.5165740734375001 0.40625 0.525 0.41319444375 0.597222221875 0.39930555624999997 0.6296296296875 0.37152777812500004 0.6425925921875 0.35069444375000003 0.6425925921875 0.34375
6 0.622222221875 0.9236111109375 0.6074074078125 0.9392361109375 0.5990740734375 0.96875 0.5990740734375 0.9982638890625 0.8361111109375001 0.9982638890625 0.8175925921875 0.9774305562500001 0.7629629625 0.9444444437499999 0.7120370375 0.921875 0.6768518515624999 0.9149305562500001 0.646296296875 0.9149305562500001 0.622222221875 0.9236111109375
6 0.8583333328125 0.8020833328125001 0.8333333328125001 0.737847221875 0.8175925921875 0.7170138890625 0.7620370375000001 0.668402778125 0.6203703703125 0.5729166671875 0.603703703125 0.5763888890625 0.5935185187500001 0.6024305562500001 0.5925925921874999 0.6510416671875 0.6 0.6805555562500001 0.61851851875 0.715277778125 0.6509259265625 0.746527778125 0.8129629625 0.8385416671874999 0.8462962968750001 0.84375 0.8583333328125 0.815972221875 0.8583333328125 0.8020833328125001
6 0.834259259375 0.5920138890625 0.8083333328125001 0.5607638890625 0.7398148140624999 0.503472221875 0.66944444375 0.4670138890625 0.634259259375 0.46006944375 0.61851851875 0.4704861109375 0.602777778125 0.5086805562500001 0.602777778125 0.5486111109375 0.6166666671875001 0.5677083328125 0.6768518515624999 0.59375 0.8129629625 0.6788194437499999 0.852777778125 0.6857638890625 0.8574074078124999 0.675347221875 0.8611111109375 0.6458333328125 0.834259259375 0.5920138890625
6 0.946296296875 0.6857638890625 0.9629629625 0.671875 0.9990740734375001 0.659722221875 0.9990740734375001 0.5364583328125 0.9453703703125 0.546875 0.9037037031249999 0.578125 0.871296296875 0.6354166671875 0.852777778125 0.715277778125 0.852777778125 0.7673611109375 0.8648148140625 0.8055555562500001 0.86944444375 0.8072916671874999 0.8731481484374999 0.796875 0.9009259265624999 0.7864583328125 0.9111111109375001 0.7760416671875 0.925 0.7256944437499999 0.946296296875 0.6857638890625
6 0.5898148140624999 0.6145833328125 0.603703703125 0.5677083328125 0.578703703125 0.5329861109375 0.5490740734374999 0.5069444437499999 0.5148148140625 0.48784722187499996 0.48981481406249994 0.484375 0.46666666718750005 0.4895833328125 0.434259259375 0.515625 0.4129629625 0.5538194437499999 0.4074074078125 0.578125 0.434259259375 0.565972221875 0.48425925937500003 0.574652778125 0.54444444375 0.625 0.5879629625 0.684027778125 0.6 0.690972221875 0.5925925921874999 0.6649305562500001 0.5898148140624999 0.6145833328125
6 0.34444444375 0.871527778125 0.328703703125 0.8489583328125001 0.2768518515625 0.815972221875 0.24444444375000002 0.8142361109375 0.21944444375 0.8298611109375 0.2046296296875 0.8541666671874999 0.19537037031249999 0.8854166671874999 0.19351851874999998 0.9114583328125001 0.1981481484375 0.940972221875 0.221296296875 0.918402778125 0.2601851859375 0.9149305562500001 0.35648148125 0.949652778125 0.36296296250000004 0.9236111109375 0.35925925937500003 0.9045138890625 0.34444444375 0.871527778125
6 0.396296296875 0.09895833281250001 0.397222221875 0.074652778125 0.3601851859375 0.0364583328125 0.3416666671875 0.0295138890625 0.2916666671875 0.034722221875 0.24814814843750002 0.059027778125 0.23240740781250002 0.074652778125 0.209259259375 0.1111111109375 0.2 0.14756944375 0.1990740734375 0.16840277812499999 0.2046296296875 0.206597221875 0.22407407343750002 0.22569444375 0.252777778125 0.1875 0.2925925921875 0.14930555625 0.3490740734375 0.1302083328125 0.3879629625 0.109375 0.396296296875 0.09895833281250001
6 0.3453703703125 0.1666666671875 0.271296296875 0.1875 0.24259259218749998 0.206597221875 0.2259259265625 0.23611111093749998 0.225 0.25868055624999997 0.22870370312500002 0.2795138890625 0.25 0.296875 0.40833333281249995 0.25868055624999997 0.397222221875 0.19097222187500001 0.3981481484375 0.16840277812499999 0.39444444375 0.1614583328125 0.3453703703125 0.1666666671875
6 0.88148148125 0.23958333281250002 0.8675925921875001 0.20833333281250002 0.8425925921875 0.19444444375 0.7888888890625 0.203125 0.7583333328124999 0.21875 0.7629629625 0.230902778125 0.7916666671875 0.2604166671875 0.8231481484375 0.3229166671875 0.8388888890624999 0.3229166671875 0.8666666671875 0.3107638890625 0.88055555625 0.2916666671875 0.8861111109375001 0.2638888890625 0.88148148125 0.23958333281250002
6 0.6388888890625 0.28819444375000003 0.6425925921875 0.265625 0.6370370375000001 0.246527778125 0.6018518515625 0.203125 0.577777778125 0.1875 0.5148148140625 0.16840277812499999 0.48333333281249996 0.16840277812499999 0.459259259375 0.1770833328125 0.43333333281249997 0.203125 0.4203703703125 0.237847221875 0.4175925921875 0.2604166671875 0.41944444374999995 0.2951388890625 0.4268518515625 0.3125 0.48981481406249994 0.2795138890625 0.522222221875 0.28125 0.571296296875 0.2951388890625 0.6333333328124999 0.2951388890625 0.6388888890625 0.28819444375000003
6 0.5796296296875 0.18402777812499999 0.5861111109375 0.17534722187500001 0.5879629625 0.15451388906250002 0.5666666671875 0.105902778125 0.540740740625 0.07638888906249999 0.503703703125 0.05729166718749999 0.46851851875 0.05208333281250001 0.4388888890625 0.06423611093750001 0.43518518593750005 0.07638888906249999 0.42129629687500003 0.08506944375 0.40833333281249995 0.11631944375 0.4 0.16493055625 0.40277777812500004 0.22395833281250002 0.4074074078125 0.24479166718749998 0.4166666671875 0.2604166671875 0.42129629687500003 0.22916666718749998 0.43240740781250003 0.203125 0.465740740625 0.17013888906250002 0.521296296875 0.1666666671875 0.5796296296875 0.18402777812499999
6 0.475 0.4826388890625 0.509259259375 0.48090277812500004 0.5129629625 0.47222222187499996 0.5129629625 0.4513888890625 0.50648148125 0.43055555625 0.4703703703125 0.421875 0.4240740734375 0.4548611109375 0.4046296296875 0.46180555625 0.352777778125 0.46180555625 0.284259259375 0.44444444375 0.271296296875 0.4704861109375 0.2703703703125 0.49652777812500004 0.2740740734375 0.515625 0.290740740625 0.5399305562500001 0.40833333281249995 0.5399305562500001 0.4175925921875 0.5364583328125 0.4379629625 0.5069444437499999 0.45648148125 0.49131944375 0.475 0.4826388890625
6 0.24814814843750002 0.7447916671875 0.18148148125000002 0.7552083328125 0.13888888906250002 0.7708333328125 0.1203703703125 0.7916666671875 0.11851851875 0.8229166671874999 0.1231481484375 0.8333333328125001 0.14351851875 0.859375 0.1629629625 0.8576388890625 0.209259259375 0.8385416671874999 0.23333333281250002 0.777777778125 0.253703703125 0.7552083328125 0.24814814843750002 0.7447916671875
6 0.6916666671875 0.8975694437499999 0.753703703125 0.9375 0.8018518515625 0.9444444437499999 0.8101851859375 0.934027778125 0.8129629625 0.9114583328125001 0.8101851859375 0.902777778125 0.765740740625 0.8263888890625 0.7388888890625 0.8020833328125001 0.678703703125 0.7673611109375 0.64444444375 0.762152778125 0.622222221875 0.7708333328125 0.6009259265625 0.8020833328125001 0.5935185187500001 0.8263888890625 0.597222221875 0.890625 0.6018518515625 0.909722221875 0.6120370375 0.9270833328125001 0.634259259375 0.9149305562500001 0.647222221875 0.902777778125 0.6481481484375 0.8958333328125001 0.6629629625 0.887152778125 0.6916666671875 0.8975694437499999
6 0.9240740734375 0.7899305562500001 0.8888888890625 0.7951388890625 0.8675925921875001 0.8107638890625 0.853703703125 0.8541666671874999 0.8518518515625001 0.8802083328125001 0.8574074078124999 0.8993055562500001 0.878703703125 0.9288194437499999 0.921296296875 0.9166666671874999 0.9990740734375001 0.9270833328125001 0.9990740734375001 0.8038194437499999 0.996296296875 0.8020833328125001 0.9240740734375 0.7899305562500001
6 0.8601851859374999 0.543402778125 0.8583333328125 0.527777778125 0.8425925921875 0.484375 0.8166666671874999 0.4357638890625 0.790740740625 0.40277777812500004 0.725 0.3454861109375 0.69351851875 0.3333333328125 0.6777777781250001 0.3333333328125 0.6564814812499999 0.34375 0.634259259375 0.36805555624999997 0.6166666671875001 0.4079861109375 0.615740740625 0.4357638890625 0.622222221875 0.4635416671875 0.6509259265625 0.4583333328125 0.7101851859375 0.47569444375 0.8074074078125 0.5572916671875 0.8398148140625 0.5763888890625 0.8509259265625 0.5763888890625 0.8601851859374999 0.543402778125
6 0.6259259265625 0 0.6259259265625 0.0052083328125 0.6537037031249999 0.0329861109375 0.73148148125 0.07118055625 0.8675925921875001 0.1145833328125 0.9 0.1111111109375 0.909259259375 0.065972221875 0.9240740734375 0.0364583328125 0.9083333328125001 0.019097221875 0.86851851875 0 0.6259259265625 0
6 0.2703703703125 0.5208333328125 0.26851851875 0.4826388890625 0.28148148125 0.4427083328125 0.2509259265625 0.4236111109375 0.1576388890625 0.42534722187499996 0.1175925921875 0.4201388890625 0.08055555625000001 0.40625 0.0703703703125 0.4079861109375 0.0620370375 0.42881944375 0.0638888890625 0.46875 0.08333333281250001 0.4982638890625 0.10185185156250001 0.5017361109375 0.11851851875 0.5225694437499999 0.1351851859375 0.53125 0.1768518515625 0.5381944437499999 0.23148148124999998 0.5329861109375 0.2703703703125 0.5208333328125
6 0 0.8697916671874999 0.0175925921875 0.8802083328125001 0.040740740625 0.887152778125 0.1 0.8819444437499999 0.1324074078125 0.875 0.1379629625 0.8645833328125001 0.13055555624999998 0.8454861109375 0.11944444375 0.8333333328125001 0.1148148140625 0.809027778125 0.002777778125 0.815972221875 0 0.8194444437499999 0 0.8697916671874999
6 0.14444444375 0.6770833328125 0.1268518515625 0.7100694437499999 0.1268518515625 0.7430555562500001 0.13703703750000001 0.7673611109375 0.222222221875 0.7413194437499999 0.2675925921875 0.7447916671875 0.2731481484375 0.6822916671875 0.225 0.6631944437499999 0.18148148125000002 0.6579861109375 0.14444444375 0.6770833328125
6 0.9305555562500001 0.44097222187499996 0.9388888890624999 0.41840277812500004 0.922222221875 0.38715277812500004 0.9101851859375 0.375 0.88148148125 0.3576388890625 0.8222222218749999 0.3420138890625 0.8268518515625001 0.37152777812500004 0.8259259265625 0.40277777812500004 0.8111111109375001 0.4236111109375 0.8416666671874999 0.4739583328125 0.89351851875 0.4826388890625 0.9296296296875 0.4635416671875 0.9379629625 0.44965277812500004 0.9305555562500001 0.44097222187499996
6 0.5083333328124999 0 0.48518518593750004 0.0295138890625 0.47592592656250005 0.046875 0.4768518515625 0.05208333281250001 0.5 0.053819443749999994 0.534259259375 0.06944444375 0.5731481484375001 0.109375 0.6129629624999999 0.10243055625 0.6490740734375 0.07118055625 0.64444444375 0.05208333281250001 0.646296296875 0.034722221875 0.621296296875 0 0.5083333328124999 0
6 0.396296296875 0.8767361109375 0.39074074062499997 0.8697916671874999 0.38055555625 0.8055555562500001 0.3759259265625 0.796875 0.3509259265625 0.7708333328125 0.31944444375000003 0.7586805562500001 0.2796296296875 0.7517361109375 0.252777778125 0.7569444437499999 0.23518518593749999 0.777777778125 0.21944444375 0.8177083328125001 0.21851851875 0.8263888890625 0.225 0.8263888890625 0.24259259218749998 0.8125 0.28148148125 0.8142361109375 0.315740740625 0.8350694437499999 0.3518518515625 0.8802083328125001 0.377777778125 0.8854166671874999 0.396296296875 0.8767361109375
6 0.197222221875 0.9392361109375 0.1916666671875 0.965277778125 0.1916666671875 0.9982638890625 0.375 0.9982638890625 0.35925925937500003 0.9704861109375 0.33888888906250003 0.9513888890625 0.2629629625 0.918402778125 0.23055555625 0.918402778125 0.21296296250000002 0.925347221875 0.197222221875 0.9392361109375
6 0.2203703703125 0.3177083328125 0.12129629687500001 0.3298611109375 0.0953703703125 0.3385416671875 0.071296296875 0.3576388890625 0.0703703703125 0.38715277812500004 0.08148148125 0.40277777812500004 0.09444444375 0.4079861109375 0.140740740625 0.4166666671875 0.240740740625 0.4079861109375 0.22685185156249998 0.37847222187499996 0.222222221875 0.3576388890625 0.2203703703125 0.3177083328125
6 0.21851851875 0.0451388890625 0.10648148125000001 0.16493055625 0.0888888890625 0.20833333281250002 0.0870370375 0.215277778125 0.1 0.215277778125 0.12592592656249998 0.18576388906250002 0.19537037031249999 0.15972222187500001 0.20277777812500003 0.121527778125 0.22870370312500002 0.078125 0.24444444375000002 0.03125 0.21851851875 0.0451388890625
6 0.7194444437499999 0.1111111109375 0.68148148125 0.1232638890625 0.6111111109375 0.203125 0.6101851859375 0.21006944375 0.646296296875 0.25868055624999997 0.6675925921875 0.22395833281250002 0.6870370375 0.20833333281250002 0.715740740625 0.20138888906250002 0.728703703125 0.15451388906250002 0.725 0.11631944375 0.7194444437499999 0.1111111109375
6 0.6490740734375 0.07638888906249999 0.6324074078125 0.09201388906249999 0.6120370375 0.105902778125 0.5807892953125 0.11844903437500001 0.5898148140624999 0.15451388906250002 0.5898148140624999 0.18576388906250002 0.5981481484375 0.1979166671875 0.609259259375 0.19965277812499999 0.6888888890625 0.112847221875 0.7120370375 0.06770833281250001 0.665740740625 0.0451388890625 0.6490740734375 0.07638888906249999
6 0.9046296296874999 0.112847221875 0.88055555625 0.140625 0.872222221875 0.1770833328125 0.871296296875 0.1979166671875 0.875 0.21701388906250002 0.896296296875 0.24131944375 0.9379629625 0.22569444375 0.9990740734375001 0.230902778125 0.9990740734375001 0.1145833328125 0.9574074078124999 0.105902778125 0.9046296296874999 0.112847221875
6 0.890740740625 0.25868055624999997 0.8796296296874999 0.2986111109375 0.88055555625 0.3263888890625 0.8990740734375 0.3489583328125 0.9990740734375001 0.3854166671875 0.9990740734375001 0.27256944375000003 0.9925925921875001 0.2673611109375 0.9490740734375 0.24826388906250002 0.9037037031249999 0.246527778125 0.890740740625 0.25868055624999997