6 0.7067518781250001 0.38787089375 0.7322458390625 0.40738728125 0.7576032500000001 0.4418602921875 0.8059039 0.489968040625 0.8119921375000001 0.48873526875 0.8189217765624999 0.463262959375 0.8281246156250001 0.46048550937500005 0.8238557406250001 0.398282578125 0.81322110625 0.3541256296875 0.79154218125 0.310681609375 0.7493297671875 0.261341090625 0.7130778734375001 0.25192451562499996 0.680231359375 0.26345018593749997 0.6483848937500001 0.30127991249999997 0.6379221562499999 0.346966690625 0.6353846890625 0.38038517031249997 0.6419046734375 0.3997827421875 0.6760243390625 0.3846478734375 0.7067518781250001 0.38787089375
6 0.5428104984375001 0.8890441703124999 0.5288937812500001 0.7696882140625 0.5083426171875 0.7113915375000001 0.47547401406249995 0.6574169859375 0.43538940937500004 0.6195278640625 0.38922540625 0.60907160625 0.3529823484375 0.6258551156250001 0.330902603125 0.6534810656250001 0.3222724828125 0.675032275 0.32001253749999997 0.6916375484375 0.416314225 0.73916603125 0.46009056875 0.8073842765625001 0.5183298375 0.9351319734375 0.525977584375 0.9396768859375 0.5375857578125001 0.931537625 0.5428104984375001 0.8890441703124999
6 0.38776710312499996 0.48353694062499997 0.4234418609375 0.4610797125 0.3897318515625 0.4313447 0.38532642500000003 0.38409839687499997 0.38164352031250004 0.37996935781249996 0.292853028125 0.3519424125 0.221472584375 0.30515655937499997 0.20476296875000002 0.3015325140625 0.18721195 0.32214800625 0.18396963125000002 0.3648494015625 0.19332669375 0.3995155 0.21500120156250002 0.4298594765625 0.2518258140625 0.4580498125 0.3128624 0.4831656421875 0.3622819765625 0.49022064218750006 0.38776710312499996 0.48353694062499997
6 0.4695474734375 1 0.4737474375 0.99595361875 0.47146098125 0.9339586265625 0.4586985375 0.8783502765625 0.4394249453125 0.8295444484375001 0.387005225 0.7435772765625 0.3538591 0.706415934375 0.323127140625 0.6900928703125 0.3098184890625 0.694311028125 0.29254940937499996 0.7112133578125001 0.27811741093750003 0.7433842171875 0.27515703125 0.7823724453125 0.2842277375 0.8076516671875 0.3085851 0.8158206234375 0.332096640625 0.8351290718750001 0.372044690625 0.8879748203125001 0.4108649796875 0.955673225 0.4463407640625 1 0.4695474734375 1
6 0.6334066859374999 0.393277278125 0.628728153125 0.375944228125 0.583405553125 0.34124843125000004 0.47876010312500006 0.3246580359375 0.42538010000000004 0.33028720625 0.40301399531250004 0.3485262765625 0.38914588125 0.3732708078125 0.388595253125 0.4199972703125 0.40488637499999997 0.4422911046875 0.493427940625 0.445964146875 0.5018840796874999 0.4543365875 0.5803262953125 0.44759346093749997 0.6172742062500001 0.4215270390625 0.6328428046875 0.40070360781250003 0.6334066859374999 0.393277278125
6 0.827142653125 0.9076396296875 0.8055958625 0.8361389390625 0.7904369203125 0.812092490625 0.7349114343750001 0.753870084375 0.59100953125 0.6358508984375 0.5728857921875 0.6376926328125 0.559867915625 0.664397715625 0.554929534375 0.71627805 0.560462725 0.7486716953125 0.5774675359375 0.787882709375 0.609622453125 0.8249400828125 0.7756129375 0.941533409375 0.8108736203125 0.950846015625 0.826014890625 0.9224922875000001 0.827142653125 0.9076396296875
6 0.8184285843750001 0.680289996875 0.793212146875 0.6439604015625 0.724514559375 0.5749995265625001 0.6521429046875 0.5281097015625 0.6150407703125 0.5167325765624999 0.5973443625 0.5261046078125 0.577392428125 0.56518195625 0.574150109375 0.607883346875 0.5874675984375 0.629865278125 0.6497817546875 0.6644719578125 0.7885822140625 0.7707278375 0.8306404046875 0.7826248078125 0.8364422812500001 0.77200515625 0.842803621875 0.7408591296875 0.8184285843750001 0.680289996875
6 0.9307527109375 0.7931256125 0.9497222703125001 0.7801443859375 0.9802176703125 0.77326645625 0.990323040625 0.6401785609374999 0.9410391312499999 0.6444950625 0.8938971703125 0.6732349671875 0.8545527640625 0.7308632890625 0.8282439078125 0.8141867062499999 0.824014796875 0.8698841749999999 0.8337991890625001 0.912080571875 0.8386142734375 0.914456996875 0.8434249390625 0.9037333765625 0.8740070890625 0.8957129343749999 0.8857562343750001 0.88571709375 0.9047125390625 0.83343573125 0.9307527109375 0.7931256125
6 0.5596169015625 0.7598111890625 0.553801771875 0.7311307078125 0.5549162796875 0.6769779171875 0.5735906453124999 0.628409721875 0.54964735625 0.5884709296875 0.5200431609375 0.5572952078125 0.48491903125 0.5330259734375 0.45843827656249997 0.5265056640625 0.4332350921875 0.5294762015625001 0.396428153125 0.5536860406249999 0.3705289515625 0.5921395796875 0.3626081 0.6175079203125 0.39234001093750004 0.607526928125 0.44516055000000004 0.6224241296875 0.5055011203124999 0.6830229609375 0.5472950421875 0.751033271875 0.5596169015625 0.7598111890625
6 0.113225903125 0.9787234796875 0.1357445015625 0.9605004046875001 0.17765730156249998 0.9611539125 0.242830546875 0.9923177437499999 0.28214858125000003 0.996441821875 0.286976865625 0.9819773125 0.2845626953125 0.9611390343749999 0.271381759375 0.924200478125 0.2563637875 0.8982974453124999 0.2035344109375 0.8572001515625001 0.168983 0.8517046781250001 0.14095156874999998 0.865606771875 0.12311860937500001 0.88993543125 0.11066903125000001 0.9223142265625001 0.1065720546875 0.9499550234375 0.1088304859375 0.9782624421874999 0.113225903125 0.9787234796875
6 0.336532171875 0.13195968593750002 0.379854675 0.11404737031250001 0.3896213984375 0.10384359218749999 0.3925861921875 0.0779554078125 0.3560391046875 0.0329518625 0.3367787671875 0.0234461671875 0.2828304640625 0.023401623437499998 0.23426996249999998 0.0445072609375 0.2161506453125 0.0594490390625 0.1884099921875 0.09583805625 0.175537503125 0.1337866015625 0.17285464687500002 0.1559616203125 0.175700565625 0.197430240625 0.19496532187499999 0.22003598124999998 0.2287942109375 0.182414190625 0.274517628125 0.14604002031250002 0.336532171875 0.13195968593750002
6 0.1961019203125 0.2313834109375 0.1932780953125 0.2554150140625 0.19555129375 0.278109875 0.2169394421875 0.29906696875 0.3895378640625 0.27600075 0.3831411765625 0.20234642187500002 0.38596500312500004 0.17831481875 0.3825640421875 0.1704726171875 0.32960695 0.170532040625 0.24861842968749998 0.18449355781250001 0.216340215625 0.20169294375 0.1961019203125 0.2313834109375
6 0.8596317062500001 0.2560683703125 0.8014366171875 0.25932111562500004 0.7674579234375 0.2725994015625 0.771427184375 0.28611531874999996 0.799758228125 0.3209002359375 0.828384465625 0.3912721234375 0.8452350515625 0.3930395859375 0.8759581734375 0.3831625609375 0.8923770125000001 0.36429968125 0.9005798046875 0.335218175 0.8975973343750001 0.30870618125 0.8852666375 0.273728175 0.8596317062500001 0.2560683703125
6 0.50962419375 0.312924428125 0.5610306125 0.33328741093750003 0.6274417484375 0.340253290625 0.63395289375 0.33345077343749996 0.639750353125 0.3097310765625 0.6353537625000001 0.2886848609375 0.6012120046875 0.23831950625 0.5767092546875 0.2189070875 0.5108575828124999 0.191414834375 0.47715641093750005 0.18787990937500001 0.4506800734375 0.1944596421875 0.4208116125 0.2193972640625 0.40411525 0.2550733515625 0.3993090015625 0.278897015625 0.39847201718749997 0.3162365984375 0.404992 0.33563416875 0.475072784375 0.3074289546875 0.50962419375 0.312924428125
6 0.398317790625 0.278793046875 0.40581131406250004 0.2458944078125 0.41982040156249995 0.21929329531250003 0.45818243281250004 0.18776109375 0.51793703125 0.1902860296875 0.5789736171875 0.2154018609375 0.5866169453125 0.206846728125 0.5902910125 0.1847756765625 0.5714403328125 0.1304001 0.5460829203124999 0.0959270875 0.5079851578125 0.0713459484375 0.47074205312500006 0.061825403125 0.438036509375 0.07149449218750001 0.43308487187500005 0.08407469375 0.41751185625 0.0917980796875 0.401097434375 0.1237610046875 0.388229365625 0.174809590625 0.38641000625 0.23824529375 0.389674415625 0.261044125 0.398317790625 0.278793046875
6 0.366700659375 0.5767670781249999 0.376894709375 0.574093596875 0.40109784687500005 0.5448190046875 0.4221908 0.53018913125 0.4427198703125 0.5229855859375 0.47953564843749996 0.5249758328125 0.4842053421875 0.516108796875 0.4858969875 0.49382980937500004 0.48065015625 0.47082304375 0.44269778125 0.45748536562500003 0.3904587953125 0.48756200937500005 0.369079484375 0.492805003125 0.3135716703125 0.486982775 0.2416317640625 0.4607232921875 0.22564025468749999 0.48711647031250005 0.2225344875 0.5148612359375 0.2249486578125 0.5356995140625 0.24081686875 0.5635630953125 0.366700659375 0.5767670781249999
6 0.037993346875 0.813637346875 0.03347345625 0.8468478921875 0.037583689062499995 0.8585072265625 0.057275774999999994 0.888643265625 0.078232175 0.88897001875 0.12934339687500002 0.8737460312499999 0.160048846875 0.8114688296875 0.18368810156249998 0.7896205640625 0.1785866578125 0.7778572609375 0.10637364687499999 0.7815110328125 0.059509209375000004 0.7934377265625 0.037993346875 0.813637346875
6 0.762690603125 1 0.7260479734375 0.9232349453124999 0.6992764390625 0.8942277109375001 0.6376671359375 0.850338121875 0.601415240625 0.8409215437500001 0.576921328125 0.8477092140625 0.551586009375 0.8787364234374999 0.5416827359374999 0.9038968296875 0.5404316734375 0.9730062453125001 0.54383705625 0.9939484921874999 0.5467519328125 1 0.5821727937500001 1 0.5929702734375 0.9916166140625 0.5945253640625 0.9842942546875 0.6110895921874999 0.9766748359375 0.640971309375 0.991037346875 0.65237036875 1 0.762690603125 1
6 0.9630017796875 1 0.9689617265624999 0.9215074062499999 0.8985054234375 0.9020253078125 0.860416496875 0.90364425625 0.8363499109375001 0.9179622249999999 0.8179574859375001 0.9628172562499999 0.813860509375 0.990458053125 0.8158538390625001 1 0.9630017796875 1
6 0.695051334375 0.5419672234374999 0.792502875 0.6401432687499999 0.8256445859375001 0.664204565625 0.83753911875 0.6654521875 0.8501296640625 0.6312168078125 0.8494159765625 0.6142996296875001 0.8360896500000001 0.5661176109375 0.8122829125000001 0.5112221921875 0.7872074453125 0.473036015625 0.7214834890625 0.404387046875 0.688769109375 0.3878560453125 0.6719185249999999 0.38608858281249997 0.6482748484374999 0.39483680468750004 0.6225122015625 0.41833371562500005 0.6004368734375001 0.45905970937499996 0.5971901359375 0.48866105624999995 0.6018730875 0.519094153125 0.6330235390625 0.5167474249999999 0.695051334375 0.5419672234374999
6 0.8928790390625 0.1734727328125 0.9278533640625 0.1733984609375 0.9414307046875001 0.1261670046875 0.9596865765624999 0.09626859843749999 0.9442456937499999 0.07593531406250001 0.9181093499999999 0.060094285937500005 0.644771665625 0.031423828125 0.670534915625 0.062196671875 0.7506952890624999 0.1117748234375 0.8928790390625 0.1734727328125
6 0.1190388921875 0.5489184046875 0.17794325 0.5494827921875001 0.2205609015625 0.5408533875 0.2216798296875 0.499800640625 0.2387991015625 0.45855480625 0.20763981406249998 0.43470144375 0.10763434062499999 0.42608321406250005 0.065187378125 0.41601683281249996 0.0266667015625 0.3970054421875 0.015622412499999998 0.3977183734375 0.00500986875 0.41906164375 0.003749971875 0.461970971875 0.022168904687499998 0.49571620781250003 0.0417111828125 0.5015087390625 0.057861334375 0.5256591578124999 0.0749982796875 0.5368134999999999 0.1190388921875 0.5489184046875
6 0 0.9077419593749999 0.0088562453125 0.9078923218750001 0.044112509375 0.9041048843749999 0.0509055984375 0.8935892015625001 0.0445265828125 0.87233505 0.033618846875000004 0.858091353125 0.0306363765625 0.8315793593749999 0 0.8302690328125 0 0.9077419593749999
6 0.1994020875 0.7800405968749999 0.21042428750000003 0.7138274453125 0.16043199375 0.6879986859375 0.11426798906249999 0.6775424234375 0.0730688765625 0.69380609375 0.051557431249999994 0.727105759375 0.04887899375 0.762380821875 0.057808728125 0.7895166265625 0.1511146921875 0.7712329812500001 0.1994020875 0.7800405968749999
6 0.9445324625 0.5063801953125 0.9292281328125 0.4710902828125 0.9173291828125001 0.4567426171875 0.888011346875 0.43495377656249995 0.8258425812500001 0.411590559375 0.8284021390625 0.4436723015625 0.8248734609374999 0.47698681406250004 0.807322440625 0.49760230625 0.8359442609375 0.5548741484375 0.890747221875 0.5699792890625 0.9309551218750001 0.5536116515625 0.9410037875 0.5396947062499999 0.93377895 0.5295800484375001 0.9445324625 0.5063801953125
6 0.662464259375 0.0632215078125 0.6433096296875 0.031270475 0.5174603796875 0.0180701140625 0.5108006328125 0.0178375515625 0.4904164640625 0.039561264062500004 0.47909465156250003 0.057087404687499996 0.47966295 0.06276111875 0.5043022546875 0.067216909375 0.539708325 0.0877729796875 0.5780968671875 0.13484104375 0.6212828203125 0.1318853546875 0.6624775140625 0.1025216390625 0.6590721328125 0.0815793921875 0.662464259375 0.0632215078125
6 0.243614596875 0.8819892296875 0.27860659375 0.9343151359374999 0.3059375890625 0.9427959953125 0.3264666609375 0.9355924515625 0.321083275 0.9275423125 0.3153958609375 0.8577051156250001 0.3111446578125 0.8479023625 0.2864965171875 0.8172464828124999 0.2537821390625 0.8007154828124999 0.21172395000000002 0.7888185140624999 0.1825559203125 0.7913731796875 0.162031265625 0.8116767671874999 0.1419383609375 0.8526106953125 0.1402422984375 0.8617896390625001 0.1471807765625 0.8625174187500001 0.167141546875 0.849640159375 0.20863143750000002 0.8558634125 0.243614596875 0.8819892296875
6 0.0207017640625 0.3439814546875 0.0173140578125 0.375439384375 0.027939854687499998 0.3933962453125 0.0413938953125 0.40042155 0.090249590625 0.4149028796875 0.1980052265625 0.4168485515625 0.1855335578125 0.3837271265625 0.18226915 0.3609282984375 0.183529046875 0.31801896875 0.07648268124999999 0.3198904296875 0.048023921875 0.326262225 0.0207017640625 0.3439814546875
6 0.06298887656249999 0.1949647265625 0.09313927968749999 0.16631394375 0.1695946578125 0.1462628375 0.18062569374999998 0.1062497734375 0.211903859375 0.0627463296875 0.23256064687500003 0.014386070312499999 0.2036789765625 0.026327615625000002 0.07401549375000001 0.14185161875000002 0.0516582265625 0.186290778125 0.049111923437499996 0.19350917031249998 0.06298887656249999 0.1949647265625
6 0.6442790781250001 0.3027206203125 0.6698963375 0.267980246875 0.6919805015625 0.25345434375 0.7232719234375 0.24925103437499999 0.740955078125 0.20057886875 0.7400915828125 0.15931818749999999 0.734567228125 0.153124628125 0.6929407859375 0.16185800156250002 0.6111241140625 0.23935919062500002 0.609569021875 0.2466815515625 0.6442790781250001 0.3027206203125
6 0.5855399734375 0.14540273125 0.5922734328125 0.1849836140625 0.5897359671875 0.21840209531250002 0.597670071875 0.2323338859375 0.6094236328125 0.2354380875 0.7017162953125 0.1515502546875 0.7301617984375001 0.10587832500000001 0.6824338671875 0.0765443375 0.662054603125 0.1080913859375 0.6429440718749999 0.122929196875 0.6200096687500001 0.13549455 0.5855399734375 0.14540273125
6 0.9991717953125001 0.1772771125 0.9897313531249999 0.1742747515625 0.9326684484375001 0.175774884375 0.9046414374999999 0.2027770234375 0.892760159375 0.240829534375 0.8900773046875001 0.2630045546875 0.8924914734374999 0.2838428328125 0.913315740625 0.3122262578125 0.9591889671875 0.3001955921875 0.9984130296875 0.30769778593749997 0.9991717953125001 0.1772771125
6 0.9208225156250001 0.31862775 0.9059587703125 0.33016826875 0.89082191875 0.3716220421875 0.8895576046875 0.401431328125 0.9075492078125 0.42764626406249995 0.997462828125 0.4710237015625 0.9982143078125001 0.3418552953125 0.96925088125 0.32557878281249997 0.9208225156250001 0.31862775