6 0.4603577921875 0.1970660671875 0.3960503921875 0.1971920140625 0.3502250765625 0.20513094375000002 0.30488234062499997 0.22451949375 0.25298188125 0.264698121875 0.24242996093750002 0.301471409375 0.2535739578125 0.336170653125 0.2918934703125 0.371647759375 0.338814009375 0.385592040625 0.3732522984375 0.390511128125 0.3934251609375 0.3851157078125 0.37858474375 0.34885386875 0.38261659375 0.31735691875 0.40334735000000005 0.29238363437500003 0.43951406875 0.2685805796875 0.49028165156250003 0.22203248437499998 0.4891487703125 0.21566301562499998 0.46301373281249997 0.2067569078125 0.4603577921875 0.1970660671875
6 0.62016258125 0.6989157765625 0.648173203125 0.7236089125 0.6702216453125 0.7340005171875 0.68731073125 0.73747609375 0.7385814625 0.641338678125 0.8100044843750001 0.6008447828125 0.9432090296875 0.5495180671875 0.9480759843750001 0.5419363875000001 0.9399404468749999 0.5293936343750001 0.8961960875000001 0.5210760750000001 0.7726707015625001 0.5272279734375 0.7120220640625 0.544430265625 0.655552421875 0.5746447671875 0.615521565625 0.613415 0.6036690499999999 0.6603485953125 0.62016258125 0.6989157765625
6 0.28610220000000003 0.8125982140625 0.281977946875 0.8295974515625 0.30285585 0.849133334375 0.34686033437499997 0.8554188343750001 0.3828593359375 0.8481455546875001 0.41467934375000004 0.8278600562499999 0.44462376875 0.7917875328124999 0.47194990781249996 0.7305104265625 0.480366128125 0.6799821765625 0.474051428125 0.65321499375 0.45168811875000003 0.61484399375 0.42022063593750003 0.64759514375 0.37134920312499997 0.648891321875 0.36700248593749996 0.65240888125 0.33603467343750004 0.742134846875 0.28610220000000003 0.8125982140625
6 0.8832277796874999 0.6071654 0.8324054500000001 0.623702040625 0.742462684375 0.6718967 0.7033422484375 0.7035547140625 0.685787671875 0.7341547187499999 0.6898366109375 0.7481829640625001 0.706888040625 0.7671722812499999 0.7397656140625 0.7842837375 0.7799436171874999 0.790022675 0.8062463703124999 0.782399009375 0.8152375781250001 0.757818090625 0.8357082124999999 0.734876865625 0.8911750328125001 0.697276865625 0.9619477578125 0.661863125 0.9871775578124999 0.6436765453125 0.988165390625 0.5992240640625 0.9409227046875 0.597818075 0.8832277796874999 0.6071654
6 0.3602599515625 0.6442035328125 0.40848108749999995 0.6479875078124999 0.43186778124999997 0.6327050640625 0.43769036874999995 0.5415600875 0.446526865625 0.5334073390625 0.441365609375 0.4519706859375 0.4153058859375 0.4120370875 0.394167859375 0.39453326718750004 0.38651490625 0.3934401375 0.3685154046875 0.39707677812500003 0.3316607296875 0.4414737296875 0.3121346921875 0.548353134375 0.3167209609375 0.6038424578125 0.33503533124999996 0.6281852109375 0.3602599515625 0.6442035328125
6 0.6646942546875 0.48800887499999995 0.7181348640625 0.49667681874999997 0.7517003921875001 0.493194378125 0.792566353125 0.4783394171875 0.8315567296875 0.44769743125000006 0.9557187984375 0.2843760421875 0.9661406578125 0.24861878437499998 0.9372196203125001 0.23103786093749998 0.9219137140625 0.2288516015625 0.8476122875 0.246172971875 0.8224424140625001 0.260166103125 0.7610681625 0.31347603125 0.6359409312500001 0.45389818125000003 0.637426334375 0.4727332984375 0.6646942546875 0.48800887499999995
6 0.56267998125 0.46309130625000006 0.6066844609375 0.46937680468750004 0.629680978125 0.45714245625 0.6668334296875 0.3951997 0.779700871875 0.2592340390625 0.7929463921875 0.2166378484375 0.7821172609375 0.209918 0.750112446875 0.201208071875 0.6870303296875 0.22220120312499997 0.6489503703125 0.24573097187499998 0.5761890937499999 0.3118989171875 0.5261265546875 0.3833783140625 0.5135313375 0.42089435000000003 0.5227997531249999 0.439806565625 0.56267998125 0.46309130625000006
6 0.6814788968750001 0.1438126390625 0.7400636734375 0.1883920390625 0.8254714421875 0.22128365312499998 0.8828685921874999 0.22948213125 0.9266506078125 0.22228595156250003 0.9292141453125 0.21747908124999998 0.918254953125 0.2117752625 0.9106773140625 0.1796546484375 0.9006285406250001 0.1668386125 0.8470955234374999 0.14367295625 0.8060824156249999 0.1140187484375 0.7931175828125 0.0935439359375 0.7867173203125 0.061591493750000004 0.666676028125 0.04444506875 0.6496531234375 0.0433102078125 0.6528932921874999 0.0931721703125 0.6814788968750001 0.1438126390625
6 0.52736545625 0.5563348296874999 0.5200273703125 0.58322109375 0.52251559375 0.6094417078125 0.546662078125 0.649102021875 0.5857619515625 0.6784829453125 0.611766928125 0.6884050875 0.602145990625 0.6570272187499999 0.6187354015625 0.6035279734375 0.682673190625 0.5454111765625 0.7538360953125001 0.5069493421875 0.7631798234375 0.4948340765625 0.733440771875 0.49886307968750004 0.6775666828125 0.4939859765625 0.62786014375 0.47136688437499996 0.5860837671875 0.49333406249999995 0.5532232828125 0.5217478046874999 0.52736545625 0.5563348296874999
6 0.9262601453125001 0.8036799374999999 0.899177034375 0.8173997859375 0.8555421640624999 0.869105134375 0.849076840625 0.904392925 0.8627843734375 0.9342852984375 0.8874887578124999 0.95436774375 0.9206264484375 0.969447140625 0.9490649031249999 0.9755784406249999 0.9783372703125 0.97519519375 0.9789140078124999 0.970689715625 0.9606196453125 0.9461906499999999 0.962255675 0.9029707968749999 0.982276228125 0.8642364359375 0.9838887250000001 0.7916740640625 0.964692628125 0.7926158171875 0.9262601453125001 0.8036799374999999
6 0 0.738190303125 0.01733841875 0.7814508609375 0.03234655 0.8011829234375 0.06927306250000001 0.8323226265624999 0.108150471875 0.8482218703125 0.1309792703125 0.8525172937500001 0.17385087187499998 0.852433325 0.19762774375 0.8341027890625 0.1595683515625 0.79659361875 0.123069671875 0.746892084375 0.109957690625 0.6819081015624999 0.0924613359375 0.6359554234375 0.0821524421875 0.6251714484375 0.055497165625 0.6203294640625 0.008203535937500001 0.654958471875 0 0.6703408703125 0 0.738190303125
6 0.1589420921875 0.63407069375 0.1507689015625 0.637041684375 0.14961545625 0.6917111593749999 0.16216954374999998 0.7762730046875 0.179183315625 0.810776065625 0.2093672921875 0.8337104249999999 0.2341093328125 0.838279128125 0.25758843124999997 0.8374943984375 0.279712184375 0.8168585171875 0.2598611421875 0.637105053125 0.1836841328125 0.6386393984375001 0.1589420921875 0.63407069375
6 0.3911286921875 0.174762240625 0.3816378125 0.14236834062499998 0.3625430859375 0.1241217703125 0.33271163125 0.113653065625 0.305275996875 0.11490726250000001 0.2688868140625 0.1252286359375 0.2500692953125 0.150475203125 0.252092028125 0.21077139687500002 0.2650192046875 0.2467599515625 0.27906217031249997 0.24359277812500002 0.3156190703125 0.2167416296875 0.388917678125 0.1920347625 0.3911286921875 0.174762240625
6 0.2258199796875 0.41600959531250004 0.2052192859375 0.4399668484375 0.175329609375 0.506050828125 0.17090758125 0.5405958703125 0.1770922203125 0.5683790828124999 0.2021491265625 0.6009271796875 0.23859305625 0.6206172624999999 0.263074975 0.6272180296875 0.3015998609375 0.63065161875 0.321772721875 0.6252562015625001 0.29426525 0.5509737421875001 0.300730575 0.5156859546875 0.3229296421875 0.46402258749999997 0.3316436375 0.3959485296875 0.3247710453125 0.3887592171875 0.30041918437500004 0.3811424203125 0.27859320468750004 0.38423249375 0.2258199796875 0.41600959531250004
6 0.1929971546875 0.42890959375 0.1702984125 0.42359814218749997 0.11373636875 0.4393149328125 0.0775696484375 0.4631179890625 0.0513216421875 0.50075310625 0.0406396609375 0.5385424234375 0.049870420312500004 0.572968384375 0.0627428484375 0.5789454875 0.070358146875 0.595552359375 0.1029756015625 0.6146958796875001 0.1553757359375 0.6314920671875 0.2208160171875 0.637735584375 0.24442517656249999 0.6359348234375 0.262944915625 0.6282340609375 0.2291569234375 0.61823481875 0.2020190671875 0.6019432109375 0.17034968749999999 0.5601737359375 0.1743267859375 0.498665328125 0.20165292968749998 0.43738822187500004 0.1929971546875 0.42890959375
6 0.5098861921875 0.5559073484375 0.4869273328125 0.55262795625 0.46305805624999996 0.5564607796875001 0.4484195390625 0.5947195625 0.4782680828125 0.6507134671875 0.4831897828125 0.6731432421875 0.47590644375 0.7300409609375 0.447149646875 0.8024944046875 0.47402738749999995 0.820818075 0.502595903125 0.8259333453125001 0.5241617609375 0.82487533125 0.5532881703125 0.8104127359375 0.5698057453125001 0.6813768390625 0.5672798625000001 0.6706699671874999 0.537616128125 0.6436714875 0.5229981765625 0.6208913296875 0.516033175 0.599204303125 0.5189321421875001 0.5613378828125 0.5098861921875 0.5559073484375
6 0.8852907406250001 1 0.870919909375 0.9468280484375 0.8073381203125001 0.9108463578125001 0.785327334375 0.8849410093750001 0.773067546875 0.8893974968749999 0.775182684375 0.964191403125 0.7833612328124999 1 0.8852907406250001 1
6 0.905136021875 0.3599195609375 0.858417378125 0.42049590312499996 0.8478654546875 0.45726919062500004 0.8543102156250001 0.48302033906249997 0.8857571343749999 0.5113081312500001 0.91150199375 0.5232623328125 0.9828120468750001 0.5293096703125 0.9897337484375001 0.52864798125 0.9911794171875 0.4635928984375 0.98821980625 0.45662492656250003 0.991473434375 0.45036210312499997 0.9945848249999999 0.310349515625 0.9356930875 0.334280625 0.905136021875 0.3599195609375
6 0.91775528125 0.15480044375 0.9185527296875 0.19422945625000002 0.9327805031249999 0.22005770781249998 0.978660565625 0.24213023437499998 0.99601765 0.245872403125 0.9994375703125 0.0919759734375 0.9394820359375 0.0834120609375 0.91775528125 0.15480044375
6 0.5695800921874999 0.19611340156249998 0.5123677484375 0.21691034843749998 0.47237455156249997 0.2401668359375 0.4000034546875 0.303286690625 0.3821887578125 0.3359187546875 0.37997774375 0.353191275 0.3884658015625 0.378199678125 0.4121297078125 0.40641037031250005 0.4536630546875 0.43200045468750004 0.48414480624999995 0.4373890078125 0.5156670390625 0.4346493140625 0.5139591718750001 0.40233251406250004 0.541415371875 0.340039378125 0.644993834375 0.24620043906250003 0.6705915421875 0.213645471875 0.672152259375 0.20145310312500003 0.637101328125 0.186100428125 0.6196220625 0.1856729453125 0.5695800921874999 0.19611340156249998
6 0.013249467187499999 0.356806803125 0.0456059671875 0.3323301796875 0.09862221875 0.25299581875 0.1655719453125 0.11047137343749999 0.16629755625 0.0743637328125 0.11785395624999999 0.0570980765625 0.0874098578125 0.036195781249999996 0.0660664609375 0.050735476562500006 0.049114890625000004 0.07662479375 0.013249467187499999 0.356806803125
6 0.5043374093749999 1 0.5099646953125 0.9966616187499999 0.5218719609375 0.9797394781250001 0.535377596875 0.935111228125 0.5373114 0.8743455687499999 0.5293812375 0.8297593015625001 0.487029875 0.8257791453125 0.44484622968750004 0.805269215625 0.419508640625 0.83579211875 0.4083183703125 0.93843049375 0.3969535734375 0.9815539718749999 0.387116184375 1 0.5043374093749999 1
6 0.7797817546875 1 0.7655993999999999 0.9172997921875 0.7757988 0.8680608546874999 0.7077025796874999 0.8521264937499999 0.6798938578125 0.9019539796875 0.6680413374999999 0.9488875765625 0.683884571875 0.9925349125 0.6942091265625 1 0.7797817546875 1
6 0.47731681875 0.2015576703125 0.49819472343750004 0.221093553125 0.557970603125 0.1954897375 0.574820134375 0.1399584328125 0.5588468390625 0.0973271265625 0.54471146875 0.08599658593750001 0.5341047999999999 0.0927584203125 0.5104032390625 0.080061471875 0.473623875 0.0934309359375 0.45854043281249995 0.10472635781249999 0.43537620156249995 0.13349048125000001 0.4098332390625 0.1960569015625 0.44300859062500003 0.19562255312500001 0.47731681875 0.2015576703125
6 0 0.4981143765625 0.0181086359375 0.5167012 0.0359404234375 0.52959433125 0.041810196875 0.52939815 0.046974925 0.5042706640625 0.069006278125 0.4691370734375 0.1184732640625 0.432749284375 0.116412875 0.387966834375 0.0870469109375 0.34342255 0.06535099062500001 0.3454965953125 0.0464787296875 0.34073170625000004 0.013057629687499999 0.358305446875 0 0.4603121203125 0 0.4981143765625
6 0.8484129265625 0.757383740625 0.8162027406249999 0.78071733125 0.7983880453125 0.8133493953125001 0.785142528125 0.8559455843749999 0.7871105140625 0.8862303218750001 0.8075982390625001 0.9088142984375001 0.8493917046874999 0.9323723203125001 0.8588278390624999 0.9347547640625 0.85973825625 0.9276425484375 0.8469034843750001 0.9061517046875001 0.8542792265625 0.8637516968750001 0.8820502921875001 0.8294379546874999 0.9368668140624999 0.7969181062499999 0.9462481984375 0.7692890953125 0.9392832 0.7476020671875 0.9308498890625 0.7526051234375 0.8586294156250001 0.75367 0.8484129265625 0.757383740625
6 0.38194827187499997 1 0.3963785890625 0.9556066421875 0.4008588390625 0.8445089140625001 0.36638289375 0.8551035718750001 0.3427737359375 0.8569043296875 0.29850913437500004 0.8526508906249999 0.297985421875 0.9632791546874999 0.3039099421875 0.9930944265624999 0.3080557109375 1 0.38194827187499997 1
6 0 0.8143743296875 0.1141468296875 0.9535737953125001 0.15950665625 0.9797104421875 0.16689948906250002 0.982835634375 0.1687203234375 0.9686112046875 0.13983694375 0.935516540625 0.1208928421875 0.855215 0.079842075 0.8410745359374999 0.0356527875 0.8057936124999999 0 0.788019175 0 0.8143743296875
6 0.14093592500000002 0.2724897171875 0.1489961484375 0.3160599546875 0.227120578125 0.40584928906249995 0.23464347187499998 0.40795845000000003 0.29328646875 0.375985165625 0.2580130734375 0.34715080781249996 0.24352518281250002 0.3233546203125 0.2399040796875 0.2907645375 0.19006747968749999 0.2691614765625 0.147456 0.26721338125 0.14093592500000002 0.2724897171875
6 0.0920644921875 0.27378589999999997 0.0606894125 0.321034759375 0.0927866265625 0.3442423984375 0.1076646984375 0.3649904953125 0.120109290625 0.389529428125 0.1295463875 0.4257929046875 0.1705585328125 0.42156608125000006 0.2049968234375 0.4264851671875 0.2195600265625 0.4192538703125 0.2230339796875 0.40733478593749994 0.1385571953125 0.3062920140625 0.0920644921875 0.27378589999999997
6 0.1960913546875 0.10034618125000001 0.2350988203125 0.11522939375 0.257927621875 0.11952481562499999 0.27949348125 0.11846680312499999 0.309270190625 0.098924053125 0.297903728125 0.050743128125 0.30448707812500003 0.0202991390625 0.16862434531249998 0.011241623437499999 0.1688610921875 0.06955686250000001 0.1960913546875 0.10034618125000001
6 0.31605038125 0.09161565625 0.3276222140625 0.1077530640625 0.37006598125 0.126230934375 0.400807853125 0.129587425 0.42828114375000004 0.11281948593749999 0.4707443546875 0.031382956249999996 0.3362836375 0.022418909375 0.3243365421875 0.0421034359375 0.31605038125 0.09161565625