6 0.7500071937499999 0.248102103125 0.712106821875 0.2405709515625 0.6778036765625 0.25463754375000003 0.6445940890624999 0.2960372953125 0.63374485625 0.3442775328125 0.6311548546875 0.37924256875 0.638003971875 0.3990359421875 0.673630896875 0.3811303921875 0.7057469296875001 0.382557771875 0.73242395625 0.401283490625 0.7589858703125001 0.43559526875000004 0.8095484765625001 0.48266712656250005 0.8159083718750001 0.48100089218750003 0.823102821875 0.4540360875 0.8327146109375001 0.45056548437500005 0.8281389390625 0.38604852031250003 0.8169443718749999 0.340726353125 0.7942099046875 0.29684019687499996 0.7500071937499999 0.248102103125
6 0.3134766484375 0.6827937484375 0.30449797031250003 0.7057814625 0.30216696875000004 0.723217934375 0.402889290625 0.7666724234375 0.448761115625 0.83497366875 0.509856396875 0.9643673203124999 0.517856628125 0.9686206796875 0.5299720859375 0.959414659375 0.5353535359375 0.9148292031249999 0.5205905203125 0.7913925578125001 0.49900716406249995 0.7319663875 0.46456013125 0.677815190625 0.42260208906249996 0.640870240625 0.3743417078125 0.63287864375 0.336498890625 0.6526346078125 0.3134766484375 0.6827937484375
6 0.181012403125 0.32415608906250004 0.1627097171875 0.346729403125 0.15940027031249998 0.391406946875 0.16924228125000002 0.426924515625 0.1919479703125 0.4571671125 0.23048145312499999 0.48421537187499997 0.2943106265625 0.5065411937500001 0.345966790625 0.5107859218749999 0.3725862625 0.502224525 0.40982474375000005 0.476595009375 0.3745431515625 0.44774238125 0.36985237031249996 0.3988114765625 0.36599614375 0.3947422953125 0.2731589390625 0.37112722656249997 0.19848053125 0.32688134999999996 0.181012403125 0.32415608906250004
6 0.462194446875 1 0.460876571875 0.9660882328125 0.4474373359375 0.9089729203125 0.42720653750000004 0.8593513484375 0.37226970625 0.7731071390625 0.337563671875 0.736484503125 0.30541886093750004 0.7214135671874999 0.29151917968749996 0.7266424921875 0.273504271875 0.7453308015625 0.2584822578125 0.7797433015624999 0.2554605875 0.8205358421875 0.2649860421875 0.8462948578124999 0.2904544015625 0.853273475 0.3150594265625 0.8719071046875 0.3569023578125 0.9244381140625 0.3975941765625 0.9925091374999999 0.40392823125 1 0.462194446875 1
6 0.37382370625 0.387294596875 0.3733344828125 0.43599527968749996 0.39039972500000003 0.45819160156249994 0.48293188125000003 0.4564574515625 0.4917839375 0.4646464640625 0.5737431281250001 0.4526979203125 0.612305390625 0.4232294453125 0.6285360734375 0.40056404375000004 0.6291116296875 0.39279403749999997 0.624190625 0.37503525312499997 0.5767647984375001 0.3417450859375 0.4673803546875 0.3310368640625 0.41160896718749995 0.34025151875000004 0.3882701671875 0.36065210468750003 0.37382370625 0.387294596875
6 0.552764109375 0.6797864687499999 0.5476992140625 0.7341304796875 0.5535411078125 0.7675213671875001 0.57138335 0.8072922968749999 0.6050533828125 0.8438688875 0.7787274453124999 0.9548792765625 0.8155918156249999 0.9623643843749999 0.8313620531250001 0.9318829328125 0.8325131656250001 0.9163429171875 0.80986503125 0.8432271437500001 0.7939796828125 0.8191343640625 0.7358485140625 0.7619816390625 0.5852542515625 0.6480992265625 0.5663184546875 0.6511554281249999 0.552764109375 0.6797864687499999
6 0.5708941281250001 0.5753518093750001 0.5675846796874999 0.620029353125 0.581541915625 0.6420875421875001 0.6467236453125 0.6742179640625 0.7919652359375 0.776169096875 0.835937725 0.7859190203125 0.8419810640625001 0.7744942296875 0.84857118125 0.741655875 0.8229877109375 0.680103025 0.796569684375 0.64384874375 0.724653946875 0.5763388875000001 0.6489395375 0.532046965625 0.6101470546875001 0.5225272671875001 0.5916717031250001 0.5333995218750001 0.5708941281250001 0.5753518093750001
6 0.9018389000000001 0.668016346875 0.860830528125 0.7305073531249999 0.8334916124999999 0.818941553125 0.829174940625 0.8772166109375 0.83947739375 0.9205502328125 0.8445135109375 0.92272295625 0.84952085 0.911252121875 0.8814642156250001 0.90097844375 0.8937235593749999 0.8898299250000001 0.9134363578125001 0.8341880343750001 0.9405738296875 0.7905695140625 0.9449736359375001 0.7873003546875 0.95630338125 0.6343487921875 0.9510489515625 0.6351233125 0.9018389000000001 0.668016346875
6 0.42018475312500003 0.547215746875 0.3817663828125 0.57474171875 0.3547727984375 0.6164177390625001 0.346542346875 0.6433365 0.37759360000000003 0.631074275 0.43281821093749995 0.6432731875 0.4959854953125 0.7025986359374999 0.539785315625 0.77080779375 0.552677775 0.7791763781250001 0.5465481015625 0.7496704953125 0.54761288125 0.693199803125 0.5670379 0.6414429187499999 0.5419436531249999 0.601349678125 0.5109499546875 0.570738725 0.47420069531250003 0.547667559375 0.4465164453125 0.542539353125 0.42018475312500003 0.547215746875
6 0.26336416093750004 1 0.25177702968750004 0.9684883015624999 0.23603556874999998 0.94245301875 0.180753403125 0.9029669921875 0.1446372546875 0.8994129328125 0.115370225 0.9156522484374999 0.0967797625 0.9421105656250001 0.0838297515625 0.9766151546874999 0.080423853125 1 0.26336416093750004 1
6 0.19246597031249998 0.0713085265625 0.163544275 0.11094995468749999 0.1501625953125 0.15128205156250002 0.14739992500000001 0.1745460296875 0.15045037187500002 0.2175573390625 0.17062361406249998 0.2398917953125 0.20590520625000003 0.1985841328125 0.253618809375 0.15782900312499998 0.31839765 0.13927019375 0.3636363625 0.117894040625 0.3738237078125 0.106653428125 0.37687415468749996 0.079504446875 0.338599671875 0.0349276234375 0.3184552078125 0.0262367265625 0.262079484375 0.0295778296875 0.211372990625 0.054608765625 0.19246597031249998 0.0713085265625
6 0.19373219375 0.3208236203125 0.3740539296875 0.2859621859375 0.3672335890625 0.20965207656249998 0.3701401484375 0.1844455953125 0.3665717 0.17649140937500002 0.31123197812500003 0.1798785578125 0.2266252265625 0.19950502187500002 0.1929264140625 0.2194451625 0.171832284375 0.25163889687499996 0.168925725 0.27684537656249997 0.171343059375 0.300339578125 0.19373219375 0.3208236203125
6 0.8028144703125 0.30696710625 0.8328585000000001 0.37846269062500004 0.8504705187500001 0.379245446875 0.8825577718750001 0.3670292671875 0.8996805671875 0.3463524140625 0.9081987968749999 0.31554865 0.9050332390625 0.2881233984375 0.892083225 0.2524676953125 0.865262309375 0.23568447812499999 0.8044548046875001 0.24272640937499998 0.7689717671875 0.25868945781249997 0.7731445515625001 0.27251719531249996 0.8028144703125 0.30696710625
6 0.4654522421875 0.1886816890625 0.437796771875 0.19719704062500001 0.40663040625 0.22504532500000002 0.3892486125 0.263250740625 0.38427005 0.2883651328125 0.383464271875 0.3273072609375 0.3903133890625 0.3471006359375 0.4634953515625 0.313324125 0.49961149843749997 0.3168781828125 0.5533684421875 0.33485855781249996 0.6227805109375 0.3379435375 0.6295720734375 0.33044979531249996 0.6355866359375 0.30538145 0.630953409375 0.2837376609375 0.5951825937499999 0.23342542187499998 0.5695415703125 0.2147457484375 0.500676278125 0.1902472015625 0.4654522421875 0.1886816890625
6 0.45851679218749997 0.057797345312500005 0.4243575359375 0.0699214359375 0.419206309375 0.083334771875 0.4029468484375 0.0923566140625 0.3858528296875 0.126677025 0.372499928125 0.18065268125 0.370715703125 0.2468358796875 0.3741690421875 0.2703761265625 0.38323405 0.2883190875 0.39100405781249997 0.2535842765625 0.40559440625 0.22499928125 0.445624334375 0.189749346875 0.508072175 0.1886270109375 0.57190135 0.210952834375 0.5798728015625 0.20156263437500002 0.583671471875 0.1783447 0.5638723421875 0.1228956234375 0.5373104265624999 0.08858384375 0.4974531640625 0.06537454375 0.45851679218749997 0.057797345312500005
6 0.37540648593750003 0.5062476609375001 0.35307490937499997 0.5130507359375 0.2950588515625 0.5104722453125 0.2198336640625 0.48763993125000005 0.2031713140625 0.5161328375 0.1999769765625 0.5452243234374999 0.20253820312499998 0.566776021875 0.219171775 0.5947998515624999 0.35074390625 0.6006475015625 0.36139169375 0.597222940625 0.38662983125 0.5652133859374999 0.4086448515625 0.548651759375 0.43008431874999997 0.5398601390625 0.4685602453125 0.539621284375 0.47342369531250006 0.5300929515624999 0.4751503640625 0.5067829296874999 0.46962502500000003 0.48315059375 0.42994043125000003 0.47164235000000004 0.37540648593750003 0.5062476609375001
6 0.027972028125 0.9448991343750001 0.049871937500000005 0.9439235671875 0.10325477031250001 0.9248582687500001 0.1352269109375 0.858067859375 0.15988949218749998 0.8338283109375 0.154536821875 0.8218970328124999 0.0790814125 0.830236840625 0.0301303625 0.8456013109375 0.007683674999999999 0.8679904468749999 0.0030216703125 0.9028633921875 0.007338340625 0.914748625 0.027972028125 0.9448991343750001
6 0.757123209375 1 0.726898615625 0.9389334937499999 0.6988690328125 0.9104031765625 0.63440674375 0.868560246875 0.5965063734375 0.8610290953125 0.5709229031249999 0.8696365359374999 0.5445048781249999 0.9035425484375 0.5342024234375 0.9303692187499999 0.53306225625 1 0.757123209375 1
6 0.9292181078124999 1 0.9357229234375 0.9121849671875 0.9070764625000001 0.9060145625 0.8672767562500001 0.9100923765625 0.84215373125 0.9265158703124999 0.8230164890625 0.974387753125 0.8192861812500001 1 0.9292181078124999 1
6 0.686955021875 0.383671471875 0.6693430031250001 0.382888715625 0.6446516453125 0.39348470468749996 0.6177731734374999 0.419574665625 0.59477970625 0.46337736406249996 0.59144148125 0.49441135 0.5963912625 0.52581369375 0.6289389625 0.5214135640625 0.6938041390625 0.5437854328125 0.7958214625 0.6399176953125 0.83049871875 0.6628967734375 0.8429307328125001 0.6634493078125 0.856024634375 0.6270022156249999 0.8552476328124999 0.6094276109375001 0.8412328406249999 0.560082303125 0.81625370625 0.5044030046875 0.7899795671875001 0.466206221875 0.7211718328125001 0.39883449843749996 0.686955021875 0.383671471875
6 0.75115830625 0.0922415046875 0.8998532328125 0.147572590625 0.9364010468749999 0.14529914531250002 0.9505021734374999 0.095254540625 0.9695243015624999 0.0629687171875 0.9533511750000001 0.0427609421875 0.9525699890625001 0.04233644375 0.652551153125 0.029002273437499997 0.6672997765625001 0.0456387234375 0.75115830625 0.0922415046875
6 0 0.540086025 0.0109931203125 0.54267173125 0.027914473437499997 0.5668105546875 0.045843046875 0.5773518656250001 0.0918875359375 0.587193875 0.1534432640625 0.5840829953125 0.19796253125000002 0.57241935 0.19905608749999998 0.5295922187500001 0.21686955000000002 0.48555929531249997 0.184264296875 0.4626723078125 0.079743303125 0.45997582656249997 0.035367925 0.45215689687499994 0 0.4368981625 0 0.540086025
6 0.18768885468750002 0.753210165625 0.1353995796875 0.7294483281249999 0.0871391984375 0.7214567328125 0.0441163765625 0.7409824734375 0.021698465625 0.7770151656250001 0.0189645734375 0.813922703125 0.028346139062499998 0.84162421875 0.1258165703125 0.8167227828125 0.17629284218750002 0.8228639671875 0.18768885468750002 0.753210165625
6 0.8329736109375 0.433036921875 0.8293476078124999 0.4679559125 0.811044921875 0.49052922343749994 0.841060175 0.5483812484375 0.8983567875 0.56067225 0.9403436062500001 0.5411004640625 0.950818728125 0.5259748484375 0.9432501671875 0.5158939828125 0.9544447328125001 0.49105585781250005 0.938386715625 0.455262021875 0.9259259265625 0.4410659296875 0.8952487843749999 0.42021353125000005 0.83023971875 0.3997841671875 0.8329736109375 0.433036921875
6 0.46723646875 0.052338196875 0.4678408015625 0.05821174531249999 0.4935969390625 0.0613053609375 0.530633975 0.080491525 0.5708365703125 0.1271029390625 0.6159601703125 0.12131284375 0.6589542140625 0.08814354375 0.6553569890625 0.0665457984375 0.6588678812500001 0.04721286875 0.647324528125 0.028769979687500002 0.489373371875 0.021749928125 0.47903536874999997 0.0333736234375 0.46723646875 0.052338196875
6 0.1891853 0.831232553125 0.158709603125 0.8357247687499999 0.13729891562500002 0.8581599484375 0.1163774484375 0.902054734375 0.114622003125 0.9117212 0.12187401093750001 0.9120435109375 0.1427091421875 0.897378340625 0.18607729687500002 0.9012547124999999 0.22268266718750002 0.9262683812500001 0.2593455921875 0.9785691671875 0.2879219546875 0.9856859203124999 0.309361421875 0.9768942984375 0.30372096875 0.968848025 0.2976488546875 0.8964689640625 0.29318829375 0.8865262312500001 0.2673746 0.8561455 0.2331577875 0.840982475 0.1891853 0.831232553125
6 0 0.43259057187499994 0.010475120312499999 0.43740827187500003 0.061555728125 0.44942300468749996 0.174163284375 0.4446833 0.1610693828125 0.41097009843750004 0.157616046875 0.3874298546875 0.158853490625 0.3426602203125 0.046994159375 0.35133097343749997 0.017266684375 0.3597542375 0 0.37196636562499996 0 0.43259057187499994
6 0.14397536718749998 0.1646493421875 0.1554289328125 0.12228265625000001 0.1880341875 0.075009353125 0.2095312078125 0.023344556250000002 0.1793720671875 0.037595326562499996 0.0440876 0.16605657812500002 0.020806353125 0.21374427968749998 0.0181587953125 0.22142219999999999 0.032662809375000004 0.22206682187500001 0.064116953125 0.1903335359375 0.14397536718749998 0.1646493421875
6 0.6900630234375 0.24348902031250003 0.7227546109375 0.23714639375000002 0.7411436296875 0.1853434625 0.740165184375 0.142424240625 0.73438084375 0.13632046874999998 0.6908975796875 0.148030159375 0.6055426046875 0.2338858671875 0.6039310484375 0.24160983125 0.640306196875 0.2977956203125 0.6670119984375 0.26000460468750003 0.6900630234375 0.24348902031250003
6 0.5914702578125001 0.2274137390625 0.60375838125 0.229908775 0.700048921875 0.136743503125 0.7296900640625 0.087389565625 0.6797605671875 0.059834815625 0.658522546875 0.09397104843750001 0.638579528125 0.1106247671875 0.6146363921875 0.12515180312500002 0.57863405 0.1376356828125 0.585743475 0.1784367890625 0.583153471875 0.213401825 0.5914702578125001 0.2274137390625
6 0.9121989140625001 0.17735474375 0.8998532328125 0.217732884375 0.8970905640625 0.24099686406249998 0.8996517875000001 0.2625485625 0.9214653671875 0.2908026125 0.9693804125 0.275392096875 0.9827634015625 0.2771385171875 0.9926959906249999 0.1430485703125 0.9414371640624999 0.14747186875 0.9121989140625001 0.17735474375
6 0.92932170625 0.296998475 0.91381046875 0.30995136562500003 0.8980690093750001 0.354076375 0.8968027875000001 0.3852024515625 0.9156522484374999 0.411375865625 0.9710934921875 0.43468229375 0.9809441937500001 0.301697828125 0.9799418687499999 0.30119715625 0.92932170625 0.296998475