6 0.179047759375 0.2538166703125 0.17386651875 0.28952231093749997 0.1886203671875 0.32083030625000003 0.22877027343749998 0.3497982734375 0.27420900625 0.3575849265625 0.3068887453125 0.3583111421875 0.324986775 0.3509682890625 0.306594671875 0.31861131249999997 0.306372325 0.2885943671875 0.3225185359375 0.262813684375 0.353181903125 0.23638747656249998 0.3945663765625 0.186964415625 0.39270780156249996 0.181114340625 0.3672543640625 0.1757080609375 0.36355872968749997 0.1669127734375 0.303710428125 0.1742959734375 0.2620534 0.1869240703125 0.222290809375 0.2102436859375 0.179047759375 0.2538166703125
6 0.604858925 0.639881384375 0.6266956265625 0.6471435484375 0.6430426671875 0.6484749453124999 0.6786362375 0.5524529984375001 0.7400131796875 0.5063786015625 0.857535615625 0.443157428125 0.8611093171875 0.4354918109375 0.8519527171875 0.42463890937500004 0.8101809265625001 0.4217743890625 0.695966809375 0.4415032671875 0.6416798906250001 0.4645001203125 0.5929256656249999 0.49923747343749997 0.5605543468749999 0.5401476640625 0.5554448296875 0.585536190625 0.5756668203124999 0.6198700875 0.604858925 0.639881384375
6 0.27734339218750004 0.7807270234375 0.2992446453125 0.796703784375 0.3410020875 0.797631728125 0.37359575624999997 0.7867384796875 0.40065673281249997 0.7641047359375001 0.4239790375 0.726865971875 0.4416825796875 0.666267246875 0.4431394953125 0.6178931640624999 0.43388247812499997 0.5934842234375 0.4082210375 0.5599975796875001 0.383061675 0.5942911328125 0.337730528125 0.60102880625 0.3341281375 0.604821271875 0.31662542656250003 0.692532075 0.279037 0.7643064640625 0.27734339218750004 0.7807270234375
6 0.6536848749999999 0.6148269187500001 0.641205609375 0.6455297328125 0.646745475 0.658238521875 0.6650156453125 0.6741345937500001 0.6977814546875 0.686480271875 0.735907815625 0.6873275249999999 0.7594309515625 0.6772008390625001 0.7646982609374999 0.6531146609375 0.78085881875 0.6292705578125 0.8277472953125 0.5877148375 0.8891601 0.546481884375 0.932424665625 0.5058137656249999 0.9359840234375 0.49621157031249996 0.9213664515625 0.48330105625 0.8615038046875 0.4887476796875 0.8089750484374999 0.5040385703125 0.763751490625 0.525300571875 0.6861064031249999 0.580694746875 0.6536848749999999 0.6148269187500001
6 0.3268157640625 0.5978818703125001 0.3721827734375 0.5959856375 0.39202461875 0.5790002421875 0.38594035937500004 0.492798353125 0.3931372546875 0.484148309375 0.378053471875 0.4082990390625 0.3487537765625 0.373763415625 0.32686686875 0.35972323125 0.3196047046875 0.3595618484375 0.303307871875 0.365008471875 0.27460349375000004 0.4108407984375 0.26991715781250003 0.5133583484375001 0.2811905484375 0.5649197125 0.3013121203125 0.5856975703125 0.3268157640625 0.5978818703125001
6 1 0.17463714375 0.980921578125 0.19128136874999999 0.9468494749999999 0.24764383125 0.92364193125 0.3003752109375 0.9166523218749999 0.3370087953125 0.916889015625 0.3689623171875 0.9261532046875001 0.394339546875 0.942607834375 0.41019527031249997 0.9735365843749999 0.419595740625 1 0.420183815625 1 0.17463714375
6 0.5905004625 0.41689260156249996 0.6413427828125 0.41899055937499996 0.6721496015625 0.41193012187500005 0.708316971875 0.39337125624999997 0.7407456734375 0.360207375 0.8357141578125 0.1928951828125 0.8409025703124999 0.15815783125 0.8117606703125 0.1449245546875 0.7972363421875001 0.1446017921875 0.7302549828125 0.16925280468749998 0.7085904234375 0.18522956562499998 0.658185625 0.2421972078125 0.5594282625 0.38812636093749997 0.5631884484375 0.405636246875 0.5905004625 0.41689260156249996
6 0.492389521875 0.40503106562499996 0.534146965625 0.40595900937499996 0.5540103281250001 0.3918784796875 0.5807772296875 0.3295449046875 0.6686843828125 0.1891834109375 0.675638128125 0.1477083828125 0.66470901875 0.14262486875 0.6338161328125 0.13806584375 0.5777423625 0.1648955046875 0.5452634562500001 0.19128136874999999 0.48588136718749997 0.261603325 0.4483001171875 0.3343460015625 0.44131050624999996 0.370979584375 0.45232568593750005 0.3876825625 0.492389521875 0.40503106562499996
6 0.562680096875 0.0919511015625 0.6228439890625 0.127172596875 0.7065023265625 0.14839425312500001 0.76096855625 0.1496046140625 0.80081721875 0.1379044625 0.802596896875 0.133103365625 0.791674959375 0.1289881390625 0.7805665375 0.099697409375 0.7695943953125 0.08880416249999999 0.7168361171875001 0.07310982031249999 0.6749137046875 0.0499112390625 0.660260271875 0.032159284375 0.6542447578125 0.014538771875 0.5224508859375 0.0116100203125 0.5296775953124999 0.047651900000000004 0.562680096875 0.0919511015625
6 0.4734729265625 0.5469256828125 0.5009570812499999 0.5814209625 0.5410639515625 0.6045791984375 0.5665245609375 0.6109537640625 0.5536077703125 0.582590978125 0.5622981625000001 0.5305051234375 0.6144826375 0.468736384375 0.675873925 0.4245985640625 0.683042846875 0.41217219375 0.6558671125 0.4193133234375 0.6032379375 0.42104817343749995 0.5541107421875 0.4054345203125 0.5179935796875 0.43077140468749997 0.49098998437499997 0.46115145625 0.471284415625 0.496534334375 0.46784699218750003 0.5225974359375 0.4734729265625 0.5469256828125
6 0.889517828125 0.8398329703125 0.9167652890625 0.842374728125 0.9475936234375 0.8382191562499999 0.923812278125 0.813487453125 0.9198799515625 0.7727386421875 0.9554448296875 0.672843540625 0.9281615078125001 0.6654603406249999 0.9082192453125 0.668889696875 0.8738387265625001 0.6836157515625 0.8503586249999999 0.6995521671875 0.8162650046875 0.7530097640625 0.8147005015625 0.78685951875 0.8312340296875 0.8133664171874999 0.856766365625 0.82942386875 0.889517828125 0.8398329703125
6 0.0413732671875 0.782260146875 0.079678940625 0.8073146140624999 0.11787702656250001 0.8178447500000001 0.1396706921875 0.819297184375 0.17956955937500002 0.81437505 0.1993898875 0.794484790625 0.1592256390625 0.7635802468749999 0.11897531718750001 0.7210562406250001 0.09856684375 0.6615468421874999 0.07647910625 0.620394578125 0.06552130625 0.611437909375 0.0400965609375 0.6099047843750001 0.0047675578125 0.643620296875 0.005411490624999999 0.73055123125 0.024911465625 0.7654361328125 0.0413732671875 0.782260146875
6 0.27362624062499996 0.7690268703124999 0.23245784062500002 0.60256193125 0.16173780937499999 0.6126079234375 0.138128603125 0.6111151453125 0.13089512812499998 0.6148269203125001 0.1367218953125 0.6662672484375001 0.1590821890625 0.7442144749999999 0.1792754859375 0.7746752203125 0.21026879062499998 0.792790284375 0.233877996875 0.7942830625 0.255635796875 0.7908940531249999 0.27362624062499996 0.7690268703124999
6 0.23130396250000002 0.201730815625 0.29641957343750003 0.1702614375 0.296297640625 0.1538005328125 0.283373678125 0.1244694578125 0.26329514062500003 0.10950133124999999 0.23420344843750002 0.103046075 0.20882173593750003 0.10732268281249999 0.176249584375 0.12112079375 0.1619189140625 0.146941821875 0.171412625 0.203304284375 0.1879891875 0.2356209140625 0.20066211250000002 0.23106189062500002 0.23130396250000002 0.201730815625
6 0.1374687328125 0.5220326 0.146732921875 0.5474098281249999 0.17416686875 0.5751270875000001 0.2105781046875 0.589490034375 0.23420165625 0.592919390625 0.27049813125 0.591789721875 0.28859616093749996 0.584446865625 0.25361315 0.5178366828125001 0.25517765468750003 0.48398692812500005 0.26932183906249996 0.4329903984375 0.26884128125 0.36811506562499996 0.26153608125 0.36214395312500003 0.23790535781250002 0.3577463078125 0.21797744375 0.36311224062499997 0.172861471875 0.398898571875 0.1567080890625 0.42371096562500005 0.1372248671875 0.48911078906250005 0.1374687328125 0.5220326
6 0.0159422421875 0.5348220765625 0.028880549999999998 0.5660897281249999 0.041618028125 0.5702452984375 0.0508033203125 0.584971353125 0.0835834734375 0.5992536125 0.1344831765625 0.6090978781249999 0.19619005312499999 0.6075647546875 0.21794068437499997 0.60320745625 0.23420882812500002 0.593887678125 0.20149322656250002 0.58832001875 0.174174040625 0.576095375 0.1394205515625 0.540470428125 0.13535911875 0.4822924234375 0.1530626609375 0.4216936984375 0.1439347484375 0.41471395156249996 0.12213391093749999 0.4122932296875 0.07146373125 0.43343419687500007 0.0408003625 0.4598604046875 0.0211163109375 0.4981481484375 0.0159422421875 0.5348220765625
6 0.43749204375 0.59066005 0.44490482968749995 0.6111554906250001 0.445306490625 0.6653796484375001 0.42768184531250003 0.7366295484375 0.45501537656249996 0.7507907687500001 0.4822556640625 0.7523642374999999 0.502197925 0.7489348828125 0.5274863953125 0.7320705249999999 0.5265754874999999 0.6090978796875001 0.5228726796875 0.599334303125 0.49185068593750003 0.5773460828125 0.4753673671875 0.557617203125 0.4661462125 0.53804970625 0.4640652890625 0.502182684375 0.4549588921875 0.4981078046875 0.4331724 0.497623659375 0.41143611562500004 0.503917534375 0.40263813906249996 0.5414790609375 0.43749204375 0.59066005
6 0.8626863734375 0.8934519484375001 0.860720209375 0.8730775453125 0.8403906328125 0.8242193171875 0.7766602109375 0.797631728125 0.75290038125 0.775804890625 0.742050171875 0.7813725484375 0.7534598375 0.8513313968749999 0.77012964375 0.8962357781250001 0.7920595859375 0.91608569375 0.8247536703125 0.9187484859374999 0.835611053125 0.914149115625 0.8626863734375 0.8934519484375001
6 0.8233711671874999 0.24199548124999998 0.7981615953125 0.2695110140625 0.7623169890625 0.33164286249999997 0.75713575 0.367348503125 0.76638559375 0.39078915468750003 0.7992303 0.41378600781249997 0.8247052546875 0.4220971515625 0.8918515828125001 0.41971677500000004 0.911786671875 0.4153191328125 0.929863184375 0.4050714109375 0.9169822578125 0.38155006875 0.9041730546875 0.3677116125 0.8969037171875 0.366581940625 0.8877112531250001 0.3508875984375 0.89838215 0.3211127234375 0.9396590375 0.2571653359375 0.9465482296875001 0.20697571250000002 0.9355904328125 0.1980190421875 0.91196688125 0.19458968906250002 0.90291069375 0.1972928265625 0.8233711671874999 0.24199548124999998
6 0.7897374875 0.1124868875 0.8062423234375 0.1351206328125 0.8517384375000001 0.1506535953125 0.878985896875 0.1531953515625 0.8989138140625 0.14782941875 0.9296130421875001 0.12624465468749999 0.9165743203125001 0.0814209625 0.92430004375 0.0205400015625 0.7933736828125 0.017630526562500002 0.7840183078125 0.07557088749999999 0.7897374875 0.1124868875
6 0.3083169703125 0.30606390625 0.308438903125 0.32252481093749996 0.31949711718749996 0.3450375203125 0.34508683281249997 0.36884128125000004 0.386980553125 0.3881667078125 0.4160363828125 0.389780521875 0.44503483125 0.3836480265625 0.43936586093749996 0.3535100453125 0.45706222968750004 0.2919430328125 0.5416395453125 0.19216896562500002 0.561359459375 0.1587226671875 0.5612733890625 0.147103203125 0.526706384375 0.13665375625 0.5103808609375 0.138227225 0.46511426718750004 0.153679496875 0.41447994843749997 0.1796619046875 0.3801855 0.2060074234375 0.3207818921875 0.2734245140625 0.3083169703125 0.30606390625
6 0.07821036875000001 0.1189421453125 0.07432825 0.0849713546875 0.027052457812500003 0.074239490625 0.000447 0.060345025 0.0024046734375 0.324630840625 0.033876203125 0.260271928125 0.07821036875000001 0.1189421453125
6 0.38931789375000003 0.94876543125 0.3912123328125 0.9594569515625 0.41306337656250003 0.9686556921875 0.4548064765625 0.9676470593750001 0.48552005156250005 0.9479988703125001 0.48900768437500003 0.928713790625 0.5106650703125 0.9117687390625001 0.5196136703125 0.8945412734374999 0.526553071875 0.8511296703125 0.5206832703125001 0.7938796109374999 0.5076732374999999 0.752929071875 0.46774568125 0.7539780515625 0.42588782031249994 0.73949406875 0.4061535640625 0.7710037921875 0.40869173437499995 0.868599209375 0.40355532343749995 0.9103566531249999 0.38931789375000003 0.94876543125
6 0.8923811390624999 1 0.8866255140625 0.9394859999999999 0.8791123125 0.9054345187499999 0.86817603125 0.8993827171875 0.848262459375 0.906685225 0.8356397421875 0.9180222703125 0.8102580312500001 0.9222988796875 0.8156423640625 1 0.8923811390624999 1
6 0.6764970375 0.753776325 0.6568990546875 0.8036835312499999 0.651789540625 0.8490720578125 0.6720473921875 0.8882473984375 0.7066789484375 0.9074114421875 0.7411742296875 0.9081780046875 0.7665129046875 0.8980916640625001 0.73861991875 0.8084039375 0.7418995484375001 0.7610384906250001 0.6764970375 0.753776325
6 0.3472260328125 0.1675179546875 0.37991294375 0.1692124578125 0.40181419687500003 0.1851892203125 0.45422819218750005 0.1544057125 0.4629042390625 0.10038328125 0.44265355937499995 0.062176228124999997 0.428064678125 0.05313886875 0.4190443515625 0.06068345000000001 0.3953777671875 0.051444364062500005 0.36282713437499997 0.068147340625 0.3502115890625 0.0804526734375 0.3322785265625 0.1100661671875 0.3163976984375 0.171673525 0.3472260328125 0.1675179546875
6 0.015877690625 0.5261074812500001 0.01751391875 0.5019406125 0.033588404687500004 0.46647704375 0.0750446046875 0.42673686718750004 0.067474021875 0.38493907968749996 0.03451455625 0.34644960937499997 0.0145794671875 0.350847253125 0.002587428125 0.34930283125 0.0038764718750000002 0.52332365 0.010438240625000001 0.5269547328125 0.015877690625 0.5261074812500001
6 0.7490684703125 0.7486121203125 0.7547230953125 0.7768135234375 0.776645865625 0.7956951484375 0.8185252421874999 0.8130839999999999 0.8276101203125 0.8142540140625 0.8275599124999999 0.80747599375 0.81289930625 0.78875575 0.8144136015625 0.748127975 0.8359347109374999 0.7127854421875 0.8828590500000001 0.67607116875 0.8881048437500001 0.649080125 0.8788836890624999 0.629512628125 0.871664559375 0.6351609781249999 0.804568440625 0.6443193734375 0.795526596875 0.6489590890625 0.7684871390625 0.6744976984375 0.75602221875 0.70713709375 0.7490684703125 0.7486121203125
6 1 0.657962521875 0.9772098046875 0.6704228203125 0.9573966484374999 0.6912813671875 0.9234895140624999 0.7699144687499999 0.9237405531249999 0.8038045671875 0.93113899375 0.82236343125 0.9457852546875 0.8391470999999999 0.97306140625 0.8455620109374999 1 0.8461606453125 1 0.657962521875
6 0.39102584687499997 0.93428145 0.399744928125 0.8860687484374999 0.38989259062500004 0.781291859375 0.35913598125 0.795130315625 0.3373853515625 0.7994876140625 0.295642253125 0.8004962484375 0.3091184984375 0.9043855390625 0.3183970359375 0.9316993453125001 0.33855447031249997 0.957318646875 0.36942584218749996 0.95897280625 0.385679640625 0.9477164531250001 0.39102584687499997 0.93428145
6 0.13675686250000002 0.9160453484375 0.1822816625 0.9354514640625 0.1895581734375 0.9375494218749999 0.189457759375 0.9239933828125 0.1583927296875 0.8961954328124999 0.1306216765625 0.8229686125000001 0.0906223953125 0.8143347046875 0.0450330375 0.7862139921875 0.00571980625 0.772173809375 0.0058309796875 0.7871822796875 0.01061665625 0.7960986046875 0.13675686250000002 0.9160453484375
6 0.1776482234375 0.3099370609375 0.1701637125 0.279758734375 0.121043690625 0.26511337031250004 0.08113047500000001 0.2680989265625 0.0757268890625 0.27378762343749996 0.0887297484375 0.3137698703125 0.17278974687499998 0.3892156859375 0.1800590828125 0.3903453546875 0.23061450625000002 0.35371177187499997 0.194138715625 0.3306342296875 0.1776482234375 0.3099370609375
6 0.167443540625 0.4026506890625 0.16917301093749998 0.391071571875 0.077779121875 0.3057814890625 0.0303957421875 0.28052529531250003 0.007152334375 0.32841523437500003 0.039961178125 0.34657064531250004 0.05643015312500001 0.3643629453125 0.071112278125 0.3859880578125 0.0844746 0.418956996875 0.122119565625 0.410356653125 0.154799303125 0.41108287031249996 0.167443540625 0.4026506890625
6 0.076107928125 0.0801702578125 0.10534307031250001 0.10599128437500001 0.143533984375 0.11555313593750001 0.16532765 0.11700556718749999 0.1852699109375 0.1135762109375 0.210522515625 0.09187041093750001 0.19385988437499999 0.047934318749999996 0.19725543750000002 0.0043834546875 0.07311839375 0.001624853125 0.06843693281249999 0.024816428125 0.076107928125 0.0801702578125
6 0.2159117609375 0.0842451390625 0.2287209640625 0.09808359531250001 0.2705644765625 0.11063100156250001 0.2996059609375 0.1103082375 0.32306454218749997 0.0914669578125 0.3531750546875 0.007848334375 0.231187421875 0.0051374984375000005 0.2173758484375 0.0368393453125 0.2159117609375 0.0842451390625