15 0 0.6 0.0208499734375 0.6 0.052230646874999995 0.5860724859374999 0.0855400046875 0.5546025171875 0.1134904390625 0.49902904687499994 0.11414669687500001 0.438370390625 0.0904324984375 0.3794158828125 0.03259781875 0.3403317625 0 0.33120245000000004 0 0.6
15 0 0.29248736875 0.0155403390625 0.3240400875 0.1047284828125 0.3912381421875 0.1247115234375 0.39683457187500004 0.1955480734375 0.39421245781250003 0.252739375 0.3715631703125 0.292710975 0.33030229218749996 0.3078236015625 0.301270390625 0.3149761953125 0.26347006875 0.30929466250000004 0.2172421546875 0.292401246875 0.18578581562500002 0.2647844625 0.158576215625 0.2144213046875 0.13878534843749998 0.0746985765625 0.13689941249999998 0.0220550765625 0.17205261875 0 0.20993936249999998 0 0.29248736875
15 0 0.263495790625 0.0371506109375 0.15149371250000002 0.1195853 0.13333744218750002 0.2494015421875 0.154354453125 0.15476161875 0.07776951875 0.042716584375 0.044888192187499995 0 0.07836908125 0 0.263495790625
15 0.16752381249999998 0 0.166123975 0.0008533234375 0.1716641015625 0.1066822296875 0.23767604687500002 0.1728770734375 0.3103659421875 0.121767003125 0.427597675 0.12242074843749999 0.4285961796875 0.03029681875 0.4207582171875 0 0.16752381249999998 0
15 0.2966404828125 0.35109185 0.40880853281249996 0.38573481875 0.4296875 0.38085182500000003 0.4296875 0.12976289531250002 0.312340234375 0.123399275 0.26963978437499997 0.1511689328125 0.31788035937500003 0.22922818281250001 0.2966404828125 0.35109185
15 0.4359666890625 0 0.4296875 0.032108159375 0.4296875 0.078476265625 0.439450421875 0.115412028125 0.4739088515625 0.1707031390625 0.50751658125 0.19632914375 0.5245647921875001 0.1951370171875 0.5423450515625 0.1694146234375 0.5520868875 0.16873340781249999 0.5652375640625 0.1818018671875 0.580337009375 0.1877400328125 0.59470641875 0.183238215625 0.6056669875 0.16498672187500002 0.631483659375 0.1491934015625 0.6387900359375001 0.148682490625 0.6464624359375 0.1359064453125 0.6517013875 0.08833045625 0.6583983953125 0.096604684375 0.658153040625 0.1280949375 0.6643633624999999 0.129409175 0.6764199890625 0.10933253437499998 0.6842150671875 0.0808113640625 0.6815402828125 0.007561175000000001 0.679078653125 0 0.4359666890625 0
15 0.6904243671875 0 0.6844624328125 0.014350859375 0.687137215625 0.0876010484375 0.6898160203125 0.0909107390625 0.6946849281249999 0.1255403796875 0.70320803125 0.14242944062500001 0.7039380656249999 0.1528694234375 0.7097823625 0.16644879375 0.7265852234375 0.196746921875 0.74643290625 0.21808960625 0.784668209375 0.239895009375 0.801716421875 0.23870288281250002 0.8311872875 0.20516897968749997 0.8496975796875 0.189886571875 0.8757575937500001 0.17757324531250002 0.9074185640625 0.1753592953125 0.944680484375 0.1832447203125 0.9584425375000001 0.1525577921875 0.9674563468749999 0.10646634375 0.9689184265625 0.0923760625 0.9645382187499999 0.0297361609375 0.9553724375 0 0.6904243671875 0
15 0.762622378125 0.32711336874999997 0.76871203125 0.3092024859375 0.76920073125 0.28119222499999996 0.7516678375 0.2404541140625 0.73157680625 0.2156314359375 0.7159906734375 0.20273328125 0.6877405546875 0.18372665625 0.648773209375 0.18645151875 0.6392747171875001 0.19061272812500002 0.6195456874999999 0.223465415625 0.5659635796875 0.2621823484375 0.544287790625 0.267195078125 0.5136022125 0.2483587578125 0.4971613578125 0.2757359953125 0.48376331562499997 0.329128040625 0.48619475625 0.398898234375 0.49593458124999995 0.4331872671875 0.5193117734375 0.487504746875 0.5503613656249999 0.5290461828125 0.5659474999999999 0.5419443390625001 0.5759326812500001 0.5447431171875 0.60783699375 0.5460091609375 0.6278073562500001 0.55160671875 0.647291028125 0.5502442875 0.649969834375 0.553553978125 0.6989223609375 0.5536278968749999 0.737891715625 0.5159327828125 0.7518971125 0.4887258515625 0.7484882734375 0.47497617812500004 0.7494636640625 0.45392590625 0.7601808890624999 0.4321944203125 0.757992796875 0.36590421875 0.762622378125 0.32711336874999997
15 0.509935959375 0.47592082968750005 0.510788671875 0.47061568749999994 0.48984693906250004 0.4161279015625 0.481325846875 0.3642685921875 0.4835179625 0.36061829375 0.48205789218749995 0.33973832812500004 0.488879590625 0.297297178125 0.5100706953125 0.2503542109375 0.4929018140625 0.23232121718749998 0.496799353125 0.21806063125000003 0.5052017875 0.2157245703125 0.5039850625 0.1983245984375 0.47683100156249997 0.17749282500000002 0.45406116562500004 0.149360453125 0.4450513734375 0.1255114046875 0.4329967578125 0.110617796875 0.4296875 0.11084920312499999 0.4296875 0.4605237546875 0.4407697234375 0.4667693609375 0.48582471250000003 0.4811038640625 0.5053083859374999 0.4797414328125 0.509935959375 0.47592082968750005
15 1 0.2261578515625 0.9963098046875001 0.2215985765625 0.9807236703125 0.20870042187500001 0.934938646875 0.1839259359375 0.914968284375 0.178328378125 0.885742775 0.180372025 0.8830639734375 0.17706233437500002 0.8808718578124999 0.1807126328125 0.8686945625 0.1815641515625 0.8382503171875 0.20117807499999998 0.7951400796875 0.24965377656249998 0.7808913375000001 0.2733807171875 0.7704174546875 0.2985921984375 0.7616469890625 0.348163640625 0.75872283125 0.376344203125 0.7621296609375 0.42506412656250003 0.775278325 0.473102834375 0.7952466765625 0.513670640625 0.8126589031250001 0.5351836296875 0.8411523687500001 0.5576702484375 0.8920536640625001 0.550613871875 0.9071531078125 0.5565520375 0.938814078125 0.5543380875 0.9478258796875 0.5432168875000001 0.9578110609375001 0.5460156671874999 0.9697450109375 0.5416841515625 0.9748592734375 0.544823540625 0.979486846875 0.5410029359374999 1 0.5413979859375 1 0.2261578515625
15 0.1061406015625 0.69500690625 0.103949159375 0.6986668218750001 0.1071213875 0.7440317921874999 0.11272435781250001 0.754160025 0.11321239218750001 0.76113925 0.1333084671875 0.7860340703124999 0.192003503125 0.7854363890625 0.21002307187499997 0.7631362796875 0.21489398906249998 0.762795671875 0.2239037734375 0.7516456171875 0.23802849375 0.7436445671875 0.2526412484375 0.7426227437499999 0.2605553109375 0.7333026484375 0.25982325781250004 0.7228338078125 0.2620147 0.7191738921875 0.2598185421875 0.6877673734374999 0.257139065625 0.6844480640625 0.25616299531250003 0.6704896140625001 0.24154552499999998 0.6364450015625 0.23326307812499997 0.6229974609375 0.22144945 0.6115501828125 0.20016747812500002 0.6 0.1525318875 0.6 0.1310934453125 0.6143618140625 0.11465763437500001 0.641811190625 0.10516453125 0.6810484546875 0.1061406015625 0.69500690625
15 0.25567496093750003 0.6635103875 0.25665103125 0.6774688390625 0.2593305078125 0.6807881484375 0.26323478749999996 0.73662195625 0.26725400312500003 0.7416009203125 0.279675315625 0.7442390140625 0.2976996 0.7570053390625 0.332288778125 0.79666674375 0.3393511375 0.792666221875 0.35177245 0.7953043140625 0.375634290625 0.751555615625 0.39414189374999997 0.7362347312499999 0.406075171875 0.7318935984375 0.41398923437499996 0.722573503125 0.41154905937499997 0.687677371875 0.4088695828125 0.6843580625000001 0.407405478125 0.6634203859375 0.40472600156249994 0.6601010765625 0.4008264375 0.6393337015625 0.3804863453125 0.61094926875 0.3651415375 0.6015022531249999 0.3609668953125 0.6 0.3000642890625 0.6 0.2781970625 0.6181020328125 0.26176125 0.6455514109375 0.26005784374999996 0.656190553125 0.25567496093750003 0.6635103875
15 0.3734428484375 0.75521553125 0.359198478125 0.7790049921875 0.3511647640625 0.8041134984375 0.3460545453125 0.836030928125 0.348250703125 0.8674374453125001 0.3509301796875 0.8707567546874999 0.35190625 0.8847152078124999 0.3582412734375 0.905312278125 0.3640882609375 0.9189301203125 0.3678634578125 0.920419471875 0.3788253828125 0.9371863218750001 0.41243849062500004 0.962889275 0.42218032812499995 0.9622080593750001 0.42437176875000004 0.9585481437500001 0.4296875 0.9581764312500001 0.4296875 0.7267357875 0.41313753125 0.7278930734375 0.41094608906249996 0.731552990625 0.38951499218749996 0.740064953125 0.3734428484375 0.75521553125
15 0.34509262343749997 0.927271778125 0.34752336562499997 0.8920350406249999 0.3497148078125 0.8883751234374999 0.3484947203125 0.8709270578125 0.34581524375 0.86760775 0.344107121875 0.8431804578125 0.33460458593750003 0.8122848515625 0.325834103125 0.7918580859375 0.30305855312499996 0.7636439578124999 0.2721249203125 0.7412603125 0.2404639515625 0.7434742640625001 0.2032047296875 0.7706264171874999 0.188716340625 0.7909262640625 0.17703179687499998 0.8338234437500001 0.175328390625 0.8444625875 0.17801258281250001 0.88284833125 0.180692059375 0.886167640625 0.186055728125 0.9278726921875 0.2057881359375 0.9650663093749999 0.2149222859375 0.973194278125 0.21784577968750002 0.9800032 0.230755128125 0.9896205203124999 0.2404969640625 0.9889393046875 0.254621684375 0.9809382546875 0.27410535625 0.9795758234375 0.276784834375 0.9828951328125 0.2865266703125 0.9822139171875 0.29432108281249997 0.98868223125 0.301627459375 0.9881713203125001 0.3247619625 0.9690202156250001 0.34119777500000004 0.9415708390624999 0.34509262343749997 0.927271778125
15 0.22405993125 1 0.229903425 0.9949400921875 0.2296594078125 0.9914504781250001 0.22052525625000002 0.983322509375 0.19214673437500002 0.9449801499999999 0.18288821718749998 0.9175741578125001 0.175084371875 0.8409729734375 0.182386034375 0.8053956265625001 0.188960359375 0.7944158781249999 0.18494114374999998 0.7894369140624999 0.1798262078125 0.786287909375 0.1554716171875 0.787990946875 0.152792140625 0.7846716390624999 0.12892558437499999 0.793353903125 0.0920347453125 0.8432736921874999 0.0857044375 0.85774305625 0.0861924734375 0.8647222828125001 0.0803502015625 0.8861708734375 0.0801109 0.9177476953125 0.0827903765625 0.9210670046875 0.084742515625 0.9489839078125 0.08742199218749999 0.9523032171875 0.0913215578125 0.9730705921875 0.1000920390625 0.9934973578124999 0.1053412265625 1 0.22405993125 1
15 1 0.6 0.6034463828125001 0.6 0.706897996875 0.8759052734375 0.9385431015625001 0.9690823125 1 0.867737896875 1 0.6