15 0.4010233328125 0 0.404759259375 0.003882328125 0.463943378125 0.030983784375 0.5294992828125 0.0282929671875 0.5925477906250001 0 0.4010233328125 0
15 0.5924126859375 0 0.58075475 0.0154690671875 0.574064459375 0.0373860671875 0.5746301375 0.1138191359375 0.5972839 0.174377940625 0.6406098828125 0.21527755937499998 0.671511634375 0.2299881203125 0.7121477359374999 0.235601715625 0.76230585 0.22686816406250002 0.7968538328125 0.20684169375 0.8271542375 0.175460446875 0.8501630046875001 0.11990439374999999 0.8553305453125001 0 0.5924126859375 0
15 0.85579824375 0 0.8590904234375 0.017073593749999998 0.8322110531250001 0.158593609375 0.9180370859375 0.051987128125000004 0.9345821015625001 0 0.85579824375 0
15 0.8125621890625 0.14695570156249999 0.8654879140625 0.22267434531250002 0.8610259921875001 0.34944799843749996 0.9605874453125001 0.34536335937499996 0.9884854171875 0.33676533750000004 0.9966742843749999 0.0603910609375 0.8862386796875 0.07188081562500001 0.8125621890625 0.14695570156249999
15 0.7490729640625 0.23682188750000002 0.618008815625 0.22069105625000002 0.5769639875 0.3438957609375 0.581574103125 0.3661938953125 0.85302159375 0.352118840625 0.8636600546875 0.2249002125 0.8350065859375 0.180294221875 0.7490729640625 0.23682188750000002
15 0.9084665984375 0.3492439140625 0.8682233203124999 0.3618688984375 0.8073453718750001 0.40222065625000003 0.778565059375 0.43998982968749994 0.7793077562499999 0.45835350156250004 0.8065462109375 0.476133509375 0.806970609375 0.4866270359375 0.7924213015625 0.50157655 0.7855179984375 0.5182331453125 0.789924546875 0.5335152875 0.8093048015625 0.5443414453125001 0.8255516999999999 0.57136605 0.8258699999999999 0.57923619375 0.8394361781249999 0.58681450625 0.8907018656250001 0.589811315625 0.8815422343750001 0.59751514375 0.8475065781250001 0.599015115625 0.84588685 0.6058026484375 0.8672051281250001 0.6177114218749999 0.8977891343750001 0.6245397484375 0.97706420625 0.6175419718749999 0.9802008499999999 0.6163694703125 0.9880664671874999 0.3509048890625 0.9585942812500001 0.3466447015625 0.9084665984375 0.3492439140625
15 0.89035533125 0.62807943125 0.88669148125 0.6311609640625 0.8490980703125001 0.63836585 0.8305666140625 0.64852675 0.8192567625 0.6499012 0.8043891562500001 0.6569805640624999 0.7710961937499999 0.6768442140625 0.7473872593750001 0.699497553125 0.7225890953125 0.7420553421875 0.7233317921875 0.7604190171874999 0.75864065 0.7903996328125 0.77456925 0.8095540890624999 0.7870461984375 0.8370368390625 0.7884254937499999 0.8711408109375001 0.778707134375 0.9118659921875001 0.8114413656250001 0.9250237 0.8609812265624999 0.9321846546874999 0.8761671312500001 0.9329754359375 0.94402625 0.9247287296875 0.9713532 0.9149776609375 0.9799486843749999 0.6248800265625001 0.9696304046875 0.62108165625 0.89035533125 0.62807943125
15 0.7864164296875 0.6341201109375 0.7847188359375 0.592145996875 0.7805244874999999 0.5821106171875 0.7456400296875 0.5626235296875 0.7055002296875 0.5068672453125 0.7007753812499999 0.48371495312499996 0.7221218921875 0.449485465625 0.6930515140625 0.43324622812499997 0.6357595500000001 0.4217548046875 0.560254428125 0.42829443125 0.5228732171875 0.4407460796875 0.4634028 0.46906354375000003 0.4174985578125 0.5049593203125 0.4030553484375 0.5225322140625 0.39970979687499997 0.5334838937499999 0.39731914218750003 0.5680460125 0.3906280359375 0.5899493703124999 0.3914768328125 0.6109364265624999 0.38781298125 0.6140179609375 0.3861650203125 0.6669437546875 0.425668228125 0.7069597484375 0.45463250468750005 0.7205756046875 0.469606209375 0.7161196203125 0.492332015625 0.7159941015625 0.5154822203125 0.726362109375 0.5872173921875 0.7202806374999999 0.6290051515624999 0.723111128125 0.648173203125 0.7286905234375001 0.6784389125 0.7276487031250001 0.7230417265625 0.70641060625 0.7505206125 0.6832991093749999 0.76496381875 0.6657262171875 0.7864164296875 0.6341201109375
15 0.6700074078125 0.42550160156250005 0.72007776875 0.445779465625 0.74012285 0.4262076546875 0.7554148546875 0.42962181875 0.7576711781250001 0.43857458125 0.7765209328125 0.436283828125 0.79991156875 0.405760340625 0.8310543078125001 0.3795673125 0.8571256640625 0.3684901125 0.8736129953124999 0.35462321874999997 0.8734688281249999 0.3510586140625 0.49544228593749995 0.370659990625 0.48833529374999995 0.38299087656249997 0.4713953328125 0.4325025078125 0.472244128125 0.4534895671875 0.47622627968750003 0.45827817968750006 0.4819342546875 0.45890264687500004 0.541510775 0.43320856562500004 0.5978478421875 0.4210895453125 0.6017238921875 0.4232547796875 0.624343596875 0.4205058765625 0.6700074078125 0.42550160156250005
15 0.7782827343750001 0.9013724640625 0.784973840625 0.8794691046875001 0.7837006453125 0.84798851875 0.787364496875 0.8449069890625 0.7834884453125001 0.84274175625 0.7829579484375 0.8296248453124999 0.762728896875 0.7978116265625 0.7117036421875 0.753923321875 0.6865093124999999 0.7398493140625 0.65958915625 0.729939453125 0.60627934375 0.7232366484375 0.5759075375 0.7216550890625 0.5231282234375 0.72806919375 0.47077330625 0.7449768265625 0.426276590625 0.7688383046875 0.40246155625 0.7888682671875 0.3772389953125 0.8209325249999999 0.3832370390625 0.8755653999999999 0.376333734375 0.8922219921875 0.37771302812499996 0.9263259625 0.38944727968750004 0.9354450406250001 0.3861017265625 0.9463967203125 0.390402178125 0.9590554796875 0.38684442343750003 0.96476039375 0.39082657656249997 0.9695490078125 0.390403065625 0.9782205265625 0.7437534968749999 0.959898653125 0.7500329203125 0.9522585453125 0.7782827343750001 0.9013724640625
15 0.1517988859375 0.1319176390625 0.17532990937499998 0.150148196875 0.175542109375 0.155394959375 0.18730762031249998 0.164510240625 0.1955049609375 0.1793317015625 0.1961415578125 0.19507199375 0.20596383281250003 0.20310528906249997 0.217304946875 0.20172703906249997 0.22119141718750002 0.2038910046875 0.2552147578125 0.1997562546875 0.2588890296875 0.1966734546875 0.27401051249999997 0.19483578906250001 0.311283725 0.1771247125 0.32608690937499996 0.16741689843750002 0.33884076093750004 0.1540037203125 0.35200915 0.130348725 0.3535350140625 0.07885078906250001 0.3386954453125 0.0564791625 0.30954691562500003 0.0402494203125 0.26743233593750004 0.0321860921875 0.252310853125 0.034023759375000004 0.24842438281249998 0.03185979375 0.199279559375 0.0378322109375 0.1881506453125 0.044457225 0.1805899046875 0.045376057812499995 0.15303286562500001 0.0684970484375 0.1517988859375 0.1319176390625
15 0.1791494953125 0.24458995625000002 0.135164340625 0.284206925 0.13926300625000002 0.2916176546875 0.1360131359375 0.30519398125 0.18254468125 0.3285381875 0.1985149640625 0.3476875765625 0.202825834375 0.3603450734375 0.21264810937499998 0.3683783671875 0.2504518203125 0.3637842015625 0.25412609218750004 0.360701403125 0.27680831562499997 0.357944903125 0.2804825890625 0.3548621046875 0.30305871562500003 0.349482221875 0.3343961234375 0.32590181406249996 0.3451006375 0.3087832703125 0.3468584171875 0.3041859328125 0.3488092515625 0.23834527656249999 0.3299399375 0.21571976093749998 0.30079140781249997 0.19949001875 0.2893441953125 0.1982448859375 0.2815712546875 0.19391695625 0.2664497703125 0.1957546234375 0.26277549843750003 0.198837421875 0.2022895625 0.2061880890625 0.19677815468749998 0.21081228749999997 0.1935282828125 0.2243886140625 0.1791494953125 0.24458995625000002
15 0 0.39634959062499997 0.20764549375 0.3855827875 0.20692450468749998 0.3677558015625 0.203038034375 0.3655918359375 0.19452239375 0.3429002296875 0.1786582140625 0.3263742203125 0.153396153125 0.31230844375 0.126509159375 0.3050308328125 0.0921675203125 0.3012954359375 0.05814418125 0.3054301875 0.054469909375 0.3085129859375 0.0393484234375 0.310350653125 0.016878396875 0.3183539171875 0.001969115625 0.325438346875 0.000238078125 0.329603128125 0 0.3297679328125 0 0.39634959062499997
15 0 0.30548068281249996 0.0315754828125 0.3060227203125 0.035461954687500005 0.3081866859375 0.0543638109375 0.305889603125 0.05803808125 0.3028068046875 0.08450067812499999 0.2995908875 0.11820572031250001 0.287585990625 0.1405696453125 0.27695934375000003 0.17180095312500002 0.250755553125 0.19699035468749998 0.2160590515625 0.195611059375 0.18195508124999998 0.1674508703125 0.143196884375 0.14596918125 0.128671690625 0.09996813125000001 0.11844439843750001 0.08852091875 0.1171992671875 0.0469368359375 0.12225284843749999 0.043262565625 0.1253356484375 0 0.1331132328125 0 0.30548068281249996
15 0 0.1330350578125 0.009239225 0.129470396875 0.092301290625 0.1167398484375 0.1305293984375 0.1226392109375 0.1421888078125 0.12913110781249998 0.147700215625 0.124506909375 0.1512683875 0.118800728125 0.1502073921875 0.09256690625 0.1538816625 0.0894841078125 0.145259925 0.06416911875 0.092474275 0.027085437499999997 0.077034490625 0.021052956249999998 0.06947374843750001 0.021971790625 0.0464732234375 0.0168581453125 0.012343784375 0.018369512499999997 0.0086695125 0.0214523109375 0 0.0225058890625 0 0.1330350578125
15 0 0.9891790171875 0.0150586921875 0.9976828281250001 0.32678928906250004 0.98151901875 0.33909130625 0.5663259187499999 0.037501570312499996 0.6936316640625 0 0.7822780781249999 0 0.9891790171875