15 0 0.5976028125 0.0218337765625 0.58739969375 0.0570665 0.5540035140625 0.0875200609375 0.49596968124999996 0.090044615625 0.43353562187500005 0.0674415046875 0.3735980125 0.0091247140625 0.33514605 0 0.3328418328125 0 0.5976028125
15 0 0.32477361875 0.08179077500000001 0.3853265515625 0.102181484375 0.3904757109375 0.17514790625 0.385618115625 0.23468477187499998 0.3605697875 0.27707102968749997 0.3168962484375 0.293506096875 0.28656345625 0.3020181015625 0.24745117187500001 0.297581503125 0.20005868593749998 0.28115822343749997 0.1682070640625 0.2535717796875 0.1410520046875 0.2023545328125 0.1222238359375 0.0586458796875 0.1245430609375 0.003407215625 0.162318509375 0 0.167984090625 0 0.32477361875
15 0 0.195388328125 0.0195663796875 0.1407044328125 0.10494016875 0.119509546875 0.23787240468749998 0.1371770484375 0.14282855625 0.06126112500000001 0.028543515624999998 0.030844175 0 0.0535351078125 0 0.195388328125
15 0.15727945000000002 0 0.159338715625 0.09049523125 0.22524288593750003 0.1565931703125 0.3015945453125 0.10178792656249999 0.4221989046875 0.09888653750000001 0.42603489375 0.0040662015625 0.425096228125 0 0.15727945000000002 0
15 0.3060502421875 0.21212982343750003 0.280480440625 0.338167634375 0.3948383484375 0.37039345625000003 0.41647039843749994 0.36473261562500003 0.424125365625 0.1063774453125 0.30357620625 0.1034072453125 0.25879343593750004 0.1332823390625 0.3060502421875 0.21212982343750003
15 0.42842281875 0 0.42710257343749997 0.0058966890625 0.4256889453125 0.0536066375 0.43460833125000004 0.0913136390625 0.4683782859375 0.1471542765625 0.502177325 0.1724972671875 0.5197552375 0.1707508921875 0.5388342374999999 0.1437420515625 0.5488787609375 0.14274412187500002 0.562011584375 0.15578984375 0.5773669546875 0.16143951406249998 0.5922894453125 0.1563693390625 0.6041236359375 0.1372555109375 0.63116890625 0.120218075 0.638702296875 0.11946962812499999 0.6469862328125 0.10608995000000002 0.6538272468749999 0.056977442187500005 0.6604658015625 0.065286946875 0.6592533015625001 0.097695971875 0.6656032749999999 0.0988589078125 0.6786208859375 0.07783369999999999 0.687511071875 0.048249509375 0.687178459375 0 0.42842281875 0
15 0.68993063125 0 0.6903107875 0.055146592187499996 0.6929662109375 0.0584703921875 0.6969202625 0.0939537390625 0.7051751171875 0.11107170468750001 0.7056079937499999 0.12179155312500001 0.711207421875 0.1355857203125 0.7275728375 0.1662483734375 0.7473442140625 0.18760359375 0.7860212234375 0.2088743375 0.8035991359375 0.20712796249999998 0.8349452078124999 0.17172514375 0.8544570828125 0.15543615625 0.8816466421875001 0.1419720015625 0.9142913437500001 0.13872873125000001 0.9523911796875 0.14570634531249999 0.9674870468749999 0.11371180624999999 0.9781668984375 0.066011715625 0.9801008609374999 0.0514691046875 0.978022496875 0 0.68993063125 0
15 0.6880009968749999 0.154035575 0.6478229062499999 0.15802729375 0.637922675 0.16259850468749998 0.6166211265625 0.19700339375 0.56030804375 0.2384743140625 0.5378521578125001 0.24429293749999997 0.5068528375 0.2258470296875 0.48910155 0.25451776718749997 0.47368801562499996 0.3098633859375 0.4740627296875 0.3815785265625 0.48303904375 0.4165629078125 0.5054367640625 0.47173957343749995 0.5361184203125 0.5135365609375 0.5517623734375 0.5263328015625001 0.5619511890625 0.5289081546875 0.594740178125 0.529238165625 0.6151178078124999 0.5343888734375 0.6352068531249999 0.5323930140625001 0.637862278125 0.5357168156250001 0.6882291828125 0.534300453125 0.7294754828125 0.49432642031249996 0.7447156406250001 0.46590516875 0.7416273421875 0.45186151875 0.7432727203125 0.43017233906249996 0.75496261875 0.40748523125 0.7547322000000001 0.33934337187499997 0.7606783765625 0.29928881406249996 0.7674903078125 0.2806739546875 0.7688471015625 0.2518382078125 0.7520488109375 0.210455709375 0.7321331375 0.1855272046875 0.7164891875 0.17273096875 0.6880009968749999 0.154035575
15 0.47992277968749997 0.27695539375 0.5031582859375 0.22800789375 0.4860423296875 0.20997647343749998 0.490487421875 0.195184378125 0.49920423437499994 0.1925245484375 0.4984827734375 0.174658134375 0.471178003125 0.1540513609375 0.44860690625000005 0.1257990546875 0.44006346875 0.101534521875 0.42811406874999997 0.0865774203125 0.4247019890625 0.0869164125 0.4140414328125 0.44671016249999995 0.4252539546875 0.452798646875 0.47117576874999995 0.46617437968750003 0.49126481406250005 0.4641785203125 0.49614278437500003 0.460106271875 0.49718191093749997 0.4546216078125 0.4772953203125 0.39919545625 0.4701086765625 0.3460951796875 0.47247551718749997 0.34227241406250003 0.4716097625 0.32083271875 0.47992277968749997 0.27695539375
15 0.9423466546875 0.146704275 0.9219690249999999 0.1415535671875 0.8918354562499999 0.14454735624999998 0.8891800375000001 0.14122355625 0.8868131984375 0.1450463203125 0.87425754375 0.14629373125 0.8423343031250001 0.16740341718750001 0.796498621875 0.21859625781249997 0.7811141703125 0.24344423124999998 0.7695685609375 0.2697046234375 0.759033 0.3209779953125 0.7551650765625 0.3500632203125 0.7571851671875 0.40008918125 0.7692497796875 0.44911721250000003 0.7885592 0.49025023125 0.8058194484375001 0.5118549328124999 0.8344519328125 0.5341236078125 0.887041384375 0.5253111953125 0.9023967515625 0.53096086875 0.935041453125 0.5277175984375 0.9446530984375 0.5159998203125 0.9548419140625001 0.5185751749999999 0.9672532765625 0.513754478125 0.972419828125 0.5168287968749999 0.9772977968750001 0.512756546875 0.9839313375 0.5126877109375 0.9939345171875 0.1750804171875 0.9887013453125 0.17079985625 0.9423466546875 0.146704275
15 0.1595734859375 0.7882717046875001 0.178794384375 0.764776890625 0.1838166453125 0.764277925 0.1934270953125 0.75253051875 0.2082044984375 0.7438673062500001 0.2232712828125 0.7423704125 0.2316985125 0.7325393265625 0.2312644375 0.7217898468749999 0.23363087968750001 0.7179572078125 0.23232865937499997 0.685708771875 0.22967283906249997 0.6823750953125 0.2290940734375 0.668042459375 0.21509150937500002 0.633458278125 0.2069793546875 0.6198740875000001 0.195172846875 0.6084557015625001 0.1736271296875 0.5972200937500001 0.1246130171875 0.5986723640625 0.1021163203125 0.6141033890625 0.0843680234375 0.6428482 0.073403971875 0.6835103640625 0.073982734375 0.697843 0.0716162953125 0.701675640625 0.073497278125 0.7482567109375 0.0789536125 0.758507225 0.07924299375 0.76567354375 0.0991616578125 0.7906761234374999 0.1595734859375 0.7882717046875001
15 0.269195090625 0.755795525 0.30357608125 0.795550165625 0.31096478125 0.7912185625 0.323665125 0.7935543093749999 0.349551271875 0.7478120921875 0.3690615546875 0.7314835953125 0.3814725171875 0.7266530234374999 0.3898997453125 0.7168219390624999 0.3884528359375 0.6809903453125 0.385797015625 0.67765666875 0.38492886875 0.656157715625 0.382273046875 0.6528240375000001 0.3788937703125 0.6315745640625 0.3588304171875 0.6029888265625 0.343329559375 0.5937362421875 0.33907990625 0.5923177890625 0.2764148453125 0.59417453125 0.25336292656250003 0.6134670859375 0.2356146296875 0.6422118984375 0.233537571875 0.6532108578125 0.2288046921875 0.6608761421875 0.22938345624999998 0.675208778125 0.23203927812499997 0.6785424546875001 0.234354334375 0.735873003125 0.2383380671875 0.74087351875 0.2510384109375 0.7432092640625 0.269195090625 0.755795525
15 0.3210769203125 0.8855485765625 0.32696732968750003 0.9065485671875001 0.332568353125 0.9203822374999999 0.33640739375 0.92179959375 0.3471753734375 0.9387174609375 0.38097759999999997 0.9641394640625001 0.3910221234375 0.9631415343749999 0.3933885625 0.95930889375 0.3988694578125 0.9587643640625 0.40592540625 0.72062608125 0.3888612171875 0.72232141875 0.38649477656250003 0.726154059375 0.36418398281250003 0.7355657203125 0.3471848328125 0.7516447328125 0.3318029734375 0.7765569046875 0.3227712875 0.8026369484375 0.3165401171875 0.835633828125 0.317842334375 0.8678822609375001 0.3204981578125 0.8712159390625 0.3210769203125 0.8855485765625
15 0.3083251921875 0.9443760171875001 0.312768690625 0.9295444140625 0.316344040625 0.8932138593750001 0.31871048125 0.8893812171875 0.3179870265625 0.8714654203125001 0.315331203125 0.86813174375 0.31431836875 0.8430496281250001 0.30548275625 0.8115496421874999 0.2970812171875 0.7907991359375 0.274506734375 0.7624628796875 0.2433603265625 0.740374553125 0.210715628125 0.7436178250000001 0.171550375 0.7726916562499999 0.156023825 0.794020665625 0.14269333281250002 0.838515471875 0.140616275 0.84951443125 0.1422078765625 0.888929184375 0.1448636984375 0.8922628609375 0.1491111203125 0.9350112890625001 0.1682806375 0.9726796656250001 0.177431321875 0.980764375 0.1802318359375 0.9876812109375 0.1882470546875 0.9935443953125 0.20881021562500002 0.992935115625 0.2180434875 0.987522134375 0.23813253125 0.9855262765624999 0.24078835468749998 0.9888599546875 0.250832878125 0.9878620250000001 0.255336175 0.9915565687499999 0.2690336875 0.9911507171875 0.29057689531249997 0.9731208296875 0.3083251921875 0.9443760171875001
15 0.1548568375 0.9524281203125 0.1461659171875 0.92451129375 0.140471584375 0.8459312718750001 0.149069196875 0.80910175 0.1561685171875 0.7976038265625001 0.1521847828125 0.7926033109375 0.14701783125 0.7895191171875 0.12190652500000002 0.7920139390625 0.119250703125 0.7886802640624999 0.094428778125 0.798341403125 0.05494845 0.8508305125 0.047993820312500005 0.8659115953125 0.0482832046875 0.8730779140625 0.041617959375 0.8953253171875 0.040409046875 0.9278232328125 0.04306486875 0.9311569109375 0.044222396875 0.959822184375 0.0468782171875 0.9631558609375 0.0502574953125 0.984405334375 0.055549659375000005 0.9974761687499999 0.185831684375 0.9936159609375 0.18288765625 0.9910148875000001 0.1548568375 0.9524281203125
15 0.6866103296875 0.8656610312499999 0.9221182953125 0.9544723296875001 0.97326695 0.872610796875 0.9821364765625 0.5732642609374999 0.588576484375 0.5849252984375 0.6866103296875 0.8656610312499999