15 0.26818985 0.5196564890625 0.2833247203125 0.509132365625 0.3017756484375 0.4749326046875 0.3012876578125 0.45297301718750005 0.2930289015625 0.42712566250000006 0.273357996875 0.4064264515625 0.2554159859375 0.4058948375 0.23771797343749998 0.416343015625 0.22174885781250003 0.44695878906250003 0.22520665156250003 0.48729398125 0.23065826718750002 0.502085596875 0.247684696875 0.5190489281249999 0.26818985 0.5196564890625
15 0.37807972031250003 0.5082823999999999 0.3498038015625 0.503787075 0.336072503125 0.519839065625 0.331759534375 0.5562864921874999 0.34125919531250004 0.5803418515625001 0.3569633859375 0.595437246875 0.3749053953125 0.5959688625 0.3911998390625 0.5799928125 0.395512809375 0.5435453906250001 0.37807972031250003 0.5082823999999999
15 0.5880344703125 0.4468391328125 0.5838028343749999 0.48694648906250004 0.6013985859375001 0.529529340625 0.6399270796875001 0.534328446875 0.658622003125 0.51110848125 0.665172790625 0.46009727500000003 0.6503028453125 0.42491023125 0.6168193093750001 0.41660308281249997 0.5880344703125 0.4468391328125
15 0.5726741515625 0.6201162859375 0.5863241203125 0.6004043609374999 0.590962415625 0.5785966609375001 0.5821343390625 0.5271297875000001 0.570234196875 0.5103183453125 0.541795615625 0.49850315468749995 0.5073965 0.506627725 0.4982825703125 0.557562984375 0.5043035062500001 0.5979741203125 0.531826509375 0.626221028125 0.5600210953125 0.6270564234375 0.5726741515625 0.6201162859375
15 0.505686146875 0.6601929531249999 0.506662128125 0.7041121296874999 0.5345104593750001 0.7469987640625 0.5648615296874999 0.729610446875 0.5903512375 0.6663590687500001 0.5821738125 0.6441716468750001 0.5677105265625 0.6272842578125 0.526700221875 0.6260691390625001 0.505686146875 0.6601929531249999
15 0.6895005390625 0.6327216124999999 0.685636084375 0.5740867656249999 0.6710101359375 0.5498795140625 0.6351261187499999 0.5488162828125 0.6114675703125 0.579204221875 0.6098804078125 0.6230474546875 0.627313496875 0.65831044375 0.650707121875 0.673633675 0.663522840625 0.6740134 0.6847809093749999 0.650869378125 0.6895005390625 0.6327216124999999
15 0.588803546875 0.8272441609375001 0.588234225 0.8016246421875 0.5665904265624999 0.7497780421875 0.552127140625 0.732890653125 0.50159624375 0.764311134375 0.4979548578125 0.773347046875 0.53174279375 0.8529848843750001 0.549928796875 0.8644962921875001 0.56787080625 0.8650279078124999 0.5816834375 0.8526358453125 0.588803546875 0.8272441609375001
15 0.658436025 0.79090336875 0.59724589375 0.8037204156250001 0.591041365625 0.8126803812500001 0.5896981968749999 0.86750340625 0.5952311453125 0.8859549531249999 0.612257575 0.9029182859375 0.6430153046875 0.903829625 0.6714748140625 0.8589538531249999 0.665047215625 0.8002430593750001 0.658436025 0.79090336875
15 0.6304854375 0.8010477687499999 0.6457016390625 0.794183575 0.6568697921875 0.7780556375 0.655649815625 0.7231566671875 0.60200738125 0.6721907203125 0.5891916625 0.6718109953125 0.570984728125 0.7169905484375 0.5662650984375001 0.735138315625 0.569397565625 0.7608337796875 0.5802194640625 0.7867570796875001 0.59724589375 0.8037204156250001 0.6304854375 0.8010477687499999
15 0.736001934375 0.76577020625 0.7450345328125 0.7111750156250001 0.7445465421875 0.689215428125 0.7377726906250001 0.672555875 0.6911481046875 0.6492292749999999 0.6685677984375 0.670505359375 0.6575623046875 0.693953159375 0.655731146875 0.7268165984375 0.6613454265625001 0.7489280765624999 0.678534521875 0.7732112703125 0.729797403125 0.774730171875 0.736001934375 0.76577020625
15 0.7836048859375 0.6025921953125 0.772376325 0.5583692375 0.7474978 0.5338582062499999 0.724348171875 0.5295147703125 0.69340685 0.5779745296875001 0.6943015 0.618233775 0.7078492078124999 0.651552884375 0.7222311609375 0.664780340625 0.758115178125 0.6658435703125 0.784255540625 0.631871646875 0.7836048859375 0.6025921953125
15 0.7204023875 0.46721999218750004 0.6792294171875 0.4586850078125 0.66549811875 0.4747370015625 0.653739709375 0.521936384375 0.6540650375 0.536576109375 0.660676228125 0.5459158015625001 0.6969669046875 0.5652786890625 0.7512205203125 0.5284822265625 0.7427990999999999 0.49531501093749997 0.7204023875 0.46721999218750004
15 0.814462490625 0.7808962890625 0.8348049812499999 0.7741839859375 0.8623489109375001 0.7457399312499999 0.8708725906250001 0.7258761140625001 0.8701406031250001 0.6929367328125 0.86188185 0.667089378125 0.8289072328125 0.62405085625 0.7980681703125 0.6194795828124999 0.7606783218750001 0.665919515625 0.7569556046875 0.6712954953125 0.7607387250000001 0.7262704125 0.79635781875 0.7730448109375 0.814462490625 0.7808962890625
15 0.7841114203124999 0.7982846046875001 0.76873255625 0.7978289359375 0.7497936359375 0.8100691093749999 0.7305897921875 0.86802045 0.7393365375000001 0.9158273937500001 0.7873646921875 0.9446818609375001 0.8127730671875 0.877770553125 0.8118784171875 0.8375113078125 0.806426803125 0.8227196921875001 0.7841114203124999 0.7982846046875001
15 0.7112023546875 0.9753428921875 0.7325417546875 0.9558588015625 0.7393365375000001 0.9158273937500001 0.7363667359375 0.897451790625 0.7243852609375 0.8769804156250001 0.6678334265625 0.8679897625 0.6591470828125 0.8805337171875 0.6469006859374999 0.9057735109375 0.6474700078125 0.9313930296875 0.65300295625 0.949844575 0.6701107171875 0.970467840625 0.7112023546875 0.9753428921875
15 1 0.6293496515625 0.9802953984375 0.6358514734375 0.96432628125 0.666467246875 0.9625764562500001 0.702990615625 0.968028071875 0.71778223125 1 0.7551127796875 1 0.6293496515625
15 0.6179394078125 0.2941093 0.6054699453125 0.2516783375 0.574224225 0.22880740781250003 0.5513185921875 0.235443765625 0.5353494750000001 0.2660595390625 0.5339249765625 0.317222634375 0.551276734375 0.34882569218750004 0.5797153140625 0.3606408828125 0.599976471875 0.3502686484375 0.6136264406249999 0.33055672343750003 0.6179394078125 0.2941093
15 0.728561265625 0.3156745921875 0.727747946875 0.279075278125 0.7078330453125 0.2473962734375 0.6922915187500001 0.239620740625 0.674430840625 0.2427490578125 0.660618209375 0.25514112031249997 0.65093495625 0.280456859375 0.65182960625 0.3207161046875 0.6743889828125 0.35613098593750003 0.7026649 0.3606263125 0.7214411546874999 0.3410662765625 0.728561265625 0.3156745921875
15 0.574163821875 0.1684565125 0.5727393234375 0.21961960625 0.600262325 0.2478665140625 0.623330621875 0.2485500203125 0.649552315625 0.218238025 0.6485763328124999 0.17431885 0.6234538125 0.1388280234375 0.5850879812499999 0.141348778125 0.574163821875 0.1684565125
15 0.38005738125 0.0785822140625 0.3781448921875 0.1077857203125 0.39805979375 0.139464725 0.4110381765625 0.1471643140625 0.45593386406249997 0.1503233171875 0.45198807968750004 0.0880285390625 0.43471765468749995 0.06008541093749999 0.398589640625 0.0480423859375 0.38005738125 0.0785822140625
15 0.49396702968749995 0.3516636921875 0.5248775375 0.336356884375 0.5146956171875 0.2617012953125 0.45937325937500006 0.2438394390625 0.43658474375 0.28372091093749996 0.4463458 0.33943761875 0.49396702968749995 0.3516636921875
15 0.4600333109375 0.3587695859375 0.43643312968750003 0.36212598906250004 0.4113729484375 0.42762609375 0.46421320625 0.461637078125 0.49981735625 0.4018569890625 0.4600333109375 0.3587695859375
15 0.579992075 0.1744112984375 0.6167543 0.124128728125 0.5981039796875 0.051925990624999994 0.55368633125 0.05601748125 0.53664370625 0.0987729671875 0.5307919890624999 0.133748703125 0.579992075 0.1744112984375
15 0.6722910921875 0.187079725 0.71694158125 0.1304637171875 0.6870034875 0.07068783125 0.6536299859375 0.065899721875 0.6253604515625 0.0812090546875 0.626067515625 0.14296825156249998 0.6722910921875 0.187079725
15 0.7655544703125 0.553602659375 0.7829029140625 0.6267930171875 0.799384446875 0.6272813578124999 0.8347385546874999 0.5674089953125 0.80798380625 0.50890268125 0.7697529015625 0.506701159375 0.7593948515625 0.5459387296875 0.7655544703125 0.553602659375
15 0.7465598296875 0.8106134140625001 0.804827915625 0.8048585015624999 0.812522028125 0.7805047484375 0.7656112687500001 0.7246075296875001 0.7379161062499999 0.7248556859375 0.7286637328125 0.7801576140625001 0.7465598296875 0.8106134140625001
15 0.6589102921875 0.6733513671875 0.6131764359375 0.6367268796875 0.5976693125 0.6800869953124999 0.6482308531250001 0.7318172749999999 0.6589102921875 0.6733513671875
15 0.6452848890625 0.5318700078124999 0.6123931890625001 0.5341017484374999 0.583558325 0.513997625 0.593437915625 0.5570530359375 0.5877174203125 0.6028406859375 0.6070642828125 0.6312019125 0.616994540625 0.57271380625 0.6452848890625 0.5318700078124999
15 0.8657805625 0.1266785984375 0.8997892671875001 0.1747121140625 0.9536336953125 0.172032440625 0.9703549515625 0.04855054375 0.9232656640625001 0.0273560203125 0.9028570390624999 0.0267513203125 0.8811925531250001 0.0790406 0.8657805625 0.1266785984375
15 0.8305349171874999 0.0903648734375 0.8625824390625001 0.08383300625 0.8797066875 0.04586466875 0.8707167734375 0.0455983015625 0.8637999031250001 0.025594071875000002 0.8125902265624999 0.024076746875 0.7936008453125 0.045450942187499996 0.8305349171874999 0.0903648734375
15 1 0.1933158921875 0.988641678125 0.1976514390625 0.975488428125 0.279556971875 1 0.3093475515625 1 0.1933158921875
15 0.913392971875 0.1804590515625 0.8797985890625 0.2521400421875 0.883864653125 0.30035516875 0.934354896875 0.3488770234375 0.9742153609375 0.323338840625 0.9820056390625 0.235930534375 0.9271155046875 0.191553328125 0.913392971875 0.1804590515625
15 0.8098539171875 0.2041104625 0.8806789671875 0.2243780890625 0.9021793421875 0.18119554843750002 0.8603824921875001 0.085905378125 0.8326160328125001 0.0829451125 0.7801624734375 0.11452283593749998 0.8098539171875 0.2041104625
15 1 0.33688247968749996 0.9733236515625 0.3168997984375 0.9262092296875 0.3529107828125 0.9100593874999999 0.434727528125 0.9640453765625001 0.50579723125 1 0.487300575 1 0.33688247968749996
15 0.8568453140625 0.432082109375 0.907764375 0.43252202031250003 0.9247822296875 0.3560748109375 0.8801188796874999 0.3002441828125 0.8326717328125 0.3212825125 0.8207203218749999 0.35619780625 0.8568453140625 0.432082109375
15 0.7617754546875 0.2978064640625 0.811576478125 0.31531359999999997 0.8643865296875 0.2997780390625 0.8521396265625001 0.22032616875 0.795596165625 0.20261925625 0.771349221875 0.22327624687499997 0.7617754546875 0.2978064640625
15 1 0.07171138125 0.9689392874999999 0.085915565625 0.9652400140624999 0.1552760265625 0.9824344609375 0.1878485921875 1 0.19029199531250002 1 0.07171138125
15 0.4766354453125 0.23980803125 0.5370778875 0.2601396484375 0.553621734375 0.1696919890625 0.5028259671875001 0.138168621875 0.47453474218749997 0.145276390625 0.4650938171875 0.19355569687500002 0.4766354453125 0.23980803125
15 0.92157218125 0.0499262484375 0.927472509375 0.027480667187500002 0.871382778125 0.0258187484375 0.8876130453125001 0.052451606250000005 0.92157218125 0.0499262484375
15 0.9267699796875 0.19055496562500002 0.9814866999999999 0.23863033749999998 0.9901623125000001 0.1936887546875 0.969481490625 0.1535271828125 0.9279298218750001 0.16359568124999999 0.9267699796875 0.19055496562500002