15 0.271757728125 0.49623815000000004 0.2877245921875 0.48367853125 0.3068519609375 0.44553633281250005 0.3059846109375 0.42211789218750007 0.2967724328125 0.395221575 0.2754766921875 0.3748176671875 0.2563427296875 0.3758097984375 0.23764244375 0.38851114999999997 0.221103940625 0.42260854062500003 0.22542750625000002 0.46540061875000005 0.2314725828125 0.48072944843750004 0.2498903453125 0.4973720140625 0.271757728125 0.49623815000000004
15 0.38871668125 0.4745313359375 0.3585044703125 0.47218732656249995 0.34412115625 0.4905306875 0.34009989375 0.529844890625 0.3506065046875 0.554718803125 0.36758527343749997 0.5694807 0.3867192359375 0.56848856875 0.40383597031249996 0.550003471875 0.40785723437500004 0.51068926875 0.38871668125 0.4745313359375
15 0.6115497453125001 0.39063149531249997 0.607673040625 0.43384877343749995 0.627102709375 0.4778128546875 0.6682486109375 0.47958993281250006 0.6878096546875 0.45315695468749995 0.69398610625 0.398088725 0.6775789765625 0.36178905625 0.6417553640625 0.3558254390625 0.6115497453125001 0.39063149531249997
15 0.597915590625 0.57709049375 0.6121543468749999 0.55484405625 0.6167538421875001 0.5311421468749999 0.6065297578125 0.476924315625 0.5935788421875 0.459998284375 0.5630775156250001 0.4498481265625 0.5265377015625 0.4615192046875 0.5176278265625001 0.51672916875 0.5246848125 0.5593795125 0.554469940625 0.58716436875 0.58453759375 0.58560530625 0.597915590625 0.57709049375
15 0.527142303125 0.625731765625 0.5288770031250001 0.67256865 0.5592403640625 0.7159658 0.591318646875 0.6947496359375 0.6174898203125 0.6249576484375 0.6084222015625 0.6019644078125 0.5927378609375 0.5851801062499999 0.5490030953125 0.5874478359374999 0.527142303125 0.625731765625
15 0.7226477296875 0.580399325 0.717601375 0.518091878125 0.7016279203125 0.49350143125 0.6633599984375 0.49548569374999996 0.6386212265625 0.5300082828125 0.637622503125 0.5769869015625 0.6567630546875 0.6131448359375 0.6819420968750001 0.627481534375 0.6956092093749999 0.62677286875 0.717903675 0.600198159375 0.7226477296875 0.580399325
15 0.6183835375 0.7969763578125 0.6173716296875 0.7696548421875 0.5934804296875 0.716145675 0.5777960921874999 0.6993613734374999 0.5244286578125 0.737323696875 0.5206899203125 0.7472939828125 0.557965709375 0.8294384046875001 0.5775333453125 0.84015549375 0.5966673046875 0.8391633625000001 0.6111951765625 0.824723071875 0.6183835375 0.7969763578125
15 0.6920348046875 0.7520964234374999 0.6270108890625 0.7711103140625 0.620538728125 0.7812223296874999 0.619973678125 0.8399101671875 0.6261633171875001 0.85914206875 0.644581078125 0.8757846359375 0.677382153125 0.8740838390624999 0.7070095375000001 0.8236654890624999 0.699229759375 0.761499775 0.6920348046875 0.7520964234374999
15 0.662400828125 0.7653647109375 0.67851225 0.7567081625000001 0.690162140625 0.738506534375 0.687993765625 0.6799604296874999 0.630007059375 0.6301744609375 0.6163399468749999 0.6308831265625 0.5976462515625001 0.6807345453125 0.5929021953125 0.7005333796875 0.596647528125 0.7277131625 0.608593128125 0.7544677453124999 0.6270108890625 0.7711103140625 0.662400828125 0.7653647109375
15 0.77432001875 0.7185005140625 0.7830853359375001 0.659387478125 0.7822179859375 0.6359690359375 0.7747339171875 0.6187595375 0.7246649546875 0.5978922890625 0.700931496875 0.6225863296874999 0.6895707234375 0.64859410625 0.6881383249999999 0.683863503125 0.6944725187499999 0.7069984796875 0.7131793984375 0.731447190625 0.76784785625 0.7286125296875 0.77432001875 0.7185005140625
15 0.8224833546875001 0.5400275375 0.8098149609374999 0.4937575859375 0.782907815625 0.46973407187499994 0.7581624515625001 0.4671065953125 0.7259462015625 0.521569753125 0.7275363421875001 0.5645035625 0.7425044828125 0.5989225625000001 0.7580442625 0.6118037859375 0.796312184375 0.6098195234375 0.8236398203125 0.571252128125 0.8224833546875001 0.5400275375
15 0.7529715375 0.4008960765625 0.7089476546875 0.3953576578125 0.694564340625 0.41370102031249995 0.6827764843749999 0.46514964374999995 0.6833547171875 0.48076193749999996 0.69054966875 0.49016529062499997 0.7295403828125 0.5076963953125 0.7867911125 0.4636668609375 0.77728981875 0.4289643984375 0.7529715375 0.4008960765625
15 0.8581953703125 0.7278384140624999 0.8797736390625 0.7188984015625 0.9086848249999999 0.68611475 0.9174567343750001 0.6641517796875 0.916155709375 0.6290241171875001 0.9069435328125 0.6021278 0.8711133265625 0.5590141156249999 0.83816769375 0.5568118375 0.79904560625 0.6096777906249999 0.795162309375 0.6157450015625 0.80006410625 0.674149375 0.83877229375 0.7210243968750001 0.8581953703125 0.7278384140624999
15 0.8261170874999999 0.749054578125 0.8097165515625001 0.7499049765625 0.78972183125 0.764628734375 0.7701673812500001 0.8282117765624999 0.7802469078125001 0.878526534375 0.83189941875 0.9051775265625001 0.8579260312500001 0.831482465625 0.8563358890625 0.7885486562499999 0.8502908124999999 0.7732198265625 0.8261170874999999 0.749054578125
15 0.7511977562500001 0.9445571796875001 0.7736367796875 0.92188554375 0.7802469078125001 0.878526534375 0.77679069375 0.8591528984375 0.76369521875 0.8383237937500001 0.7032707984375001 0.8336357734375 0.694209771875 0.847792596875 0.681554565625 0.875822778125 0.6825664734375 0.9031442921874999 0.6887561125 0.9223761937500001 0.7073184296874999 0.9429218359375 0.7511977562500001 0.9445571796875001
15 0.6410127937500001 0.22485987343749997 0.627049971875 0.180612325 0.593381546875 0.158894678125 0.5690698578125 0.16797642343750002 0.552531353125 0.20207381406249997 0.5518217453125 0.256858578125 0.570817740625 0.2891134390625 0.60131906875 0.29926359687500004 0.6227527765625 0.2864205109375 0.6369915328125 0.26417407656249997 0.6410127937500001 0.22485987343749997
15 0.759272771875 0.2382807203125 0.7578271890625 0.19924998437500002 0.7360977703125 0.1671368546875 0.71940811875 0.16018110624999998 0.700418715625 0.1650763109375 0.68589084375 0.1795166015625 0.6759690593750001 0.20740504999999998 0.6775591999999999 0.250338859375 0.7021666 0.286213328125 0.7323788109375 0.2885573375 0.7520844125 0.2660274359375 0.759272771875 0.2382807203125
15 0.592363046875 0.09442309531250001 0.591653440625 0.149207859375 0.62143856875 0.17699271562500002 0.6460393734375 0.17571711875 0.67351156875 0.14105279531249998 0.67177686875 0.0942159125 0.6444360484375 0.058483175 0.6035792625 0.06451224531250001 0.592363046875 0.09442309531250001
15 0.3926333671875 0 0.3840314859375 0.0152823796875 0.3824545296875 0.0466487015625 0.40418394687500003 0.07876183125 0.418140178125 0.0858593140625 0.4660473578125 0.085330521875 0.46085644531250003 0.019120003125 0.4481433328125 0 0.3926333671875 0
15 0.5097724609375 0.29712864375 0.54247999375 0.2780876484375 0.5304461578125 0.19921350625 0.47119206875 0.1849408890625 0.447530809375 0.22953039375 0.4588166046875 0.288207478125 0.5097724609375 0.29712864375
15 0.47371264062499996 0.3076709375 0.44860873437500004 0.313308884375 0.42293097187499995 0.385465984375 0.4797945390625 0.41720760312499994 0.5168022328124999 0.3502447515625 0.47371264062499996 0.3076709375
15 0.5598848015625 0 0.5512662546875 0.023238021875 0.5455814734375 0.061113718750000004 0.598669903125 0.1002782078125 0.6370622140625 0.043361484374999995 0.624991484375 0 0.5598848015625 0
15 0.6456425921875 0 0.6472876203125 0.0626791875 0.6972577171875 0.1057871515625 0.7439585171875 0.0414181015625 0.7217428765625 0 0.6456425921875 0
15 0.80246774375 0.489258309375 0.8221176796874999 0.56594390625 0.8396941390625001 0.565032534375 0.8764338374999999 0.49799284374999997 0.84698925625 0.43781307187499996 0.8062016390625001 0.4387852875 0.79578064375 0.48160601718749996 0.80246774375 0.489258309375
15 0.7862833124999999 0.7654914374999999 0.8483040796875001 0.75427656875 0.8561207156249999 0.7275888328125 0.8052317796875 0.6719491296875 0.7757136250000001 0.6746223953125 0.7667252078125 0.7345096 0.7862833124999999 0.7654914374999999
15 0.690681928125 0.6264666453125 0.64135221875 0.5913149375 0.6255076640625 0.6389877765625 0.6802223281249999 0.68985821875 0.690681928125 0.6264666453125
15 0.6739209828125 0.47649755000000005 0.638894859375 0.4817418578125 0.607840065625 0.46277054531250006 0.6190520453125 0.507910425 0.6136780749999999 0.5573257921875 0.6347495296875 0.5859437125 0.644410175 0.5225935640625 0.6739209828125 0.47649755000000005
15 1 0 0.9098879156249999 0 0.9025558406249999 0.0244323890625 0.93956731875 0.072792634375 0.9969212359374999 0.0652478921875 1 0.0393761609375 1 0
15 1 0.11075898749999999 0.968962384375 0.088409146875 0.9541592484375 0.0777495984375 0.919482040625 0.1572522140625 0.9245785796874999 0.20841005625000003 0.9791665203125 0.255858928125 1 0.24063702656250002 1 0.11075898749999999
15 0.8384309375000001 0 0.8110977671875 0.0188902375 0.844164140625 0.11202086874999999 0.9199815921875001 0.1275157421875 0.942217553125 0.0795114953125 0.9049116578125 0 0.8384309375000001 0
15 1 0.2356257140625 0.9705472937499999 0.26087673906250003 0.9546256015625 0.3496912125 1 0.40478189374999995 1 0.2356257140625
15 0.89785943125 0.3514920015625 0.9521443312500001 0.3475344796875 0.969076184375 0.264381159375 0.9205839609375 0.208617184375 0.8703395578125 0.23521943437499998 0.8581517640625 0.2735609375 0.89785943125 0.3514920015625
15 0.7943954546875001 0.2163029875 0.8477583890625 0.2306767234375 0.9038064531250001 0.2094871296875 0.8894955921875001 0.12566835781250002 0.8289422999999999 0.11166745468749999 0.8034224765625 0.13584499375 0.7943954546875001 0.2163029875
15 0.4895292234375 0.1791328921875 0.554280190625 0.195598915625 0.5704854296875 0.09752920937500001 0.5158405453125 0.06826750625 0.48579545625 0.0783211765625 0.476495028125 0.13072204375000002 0.4895292234375 0.1791328921875
15 1 0.048502228125000005 0.969388421875 0.0584693453125 0.9685782812499999 0.087372575 1 0.11215653750000001 1 0.048502228125000005