15 0.23656351718750002 0.42209302343750005 0.219462540625 0.43255813906249996 0.2035830625 0.46220930156250006 0.206026059375 0.5005813953125 0.21091205156249998 0.514534884375 0.22679153125 0.5302325578125 0.24633550468749998 0.5302325578125 0.2609934859375 0.5197674421875 0.2793159609375 0.48662790625 0.2793159609375 0.46569767500000003 0.2719869703125 0.4412790703125 0.2536644953125 0.42209302343750005 0.23656351718750002 0.42209302343750005
15 0.306188925 0.56337209375 0.3147394140625 0.5860465109375 0.32939739375 0.6 0.346498371875 0.6 0.36237785 0.584302325 0.36726384375 0.5494186046875 0.3513843640625 0.5162790703125 0.3245114 0.5127906984374999 0.31107491875000004 0.528488371875 0.306188925 0.56337209375
15 0.5639250812500001 0.5302325578125 0.6005700328125 0.5337209296875 0.6188925078125 0.5110465109375 0.6262214984375001 0.46220930156250006 0.612785015625 0.4290697671875 0.581026059375 0.42209302343750005 0.5529315953125 0.45174418593750004 0.5480456031250001 0.4901162796875 0.5639250812500001 0.5302325578125
15 0.50773615625 0.50232558125 0.47475569999999995 0.5110465109375 0.46498371406250005 0.5598837203125 0.46986970625 0.5982558140625 0.495521171875 0.6244186046875 0.5223941375 0.6244186046875 0.5346091203125 0.6174418609375001 0.5480456031250001 0.5982558140625 0.5529315953125 0.57732558125 0.54560260625 0.528488371875 0.5346091203125 0.5127906984374999 0.50773615625 0.50232558125
15 0.495521171875 0.739534884375 0.5248371328125 0.7220930234375 0.5504886 0.6610465109375 0.543159609375 0.6401162796875 0.5297231265625 0.6244186046875 0.4906351796875 0.6244186046875 0.46986970625 0.6575581390624999 0.46986970625 0.6994186046875 0.495521171875 0.739534884375
15 0.5724755703125 0.57732558125 0.5700325734375 0.619186046875 0.5859120515625 0.6523255812500001 0.6078990234375 0.6662790703125 0.62011400625 0.6662790703125 0.640879478125 0.6436046515625 0.645765471875 0.626162790625 0.643322475 0.5703488375 0.62988599375 0.54767441875 0.5956840390625 0.54767441875 0.5724755703125 0.57732558125
15 0.463762215625 0.75697674375 0.46009772031249996 0.765697675 0.4906351796875 0.840697675 0.50773615625 0.851162790625 0.5248371328125 0.851162790625 0.538273615625 0.8389534890625001 0.54560260625 0.814534884375 0.54560260625 0.7901162796875 0.52605863125 0.7412790703125001 0.51262215 0.7255813953125 0.463762215625 0.75697674375
15 0.54560260625 0.8529069765624999 0.5504886 0.8703488374999999 0.566368078125 0.8860465109375 0.5956840390625 0.8860465109375 0.6237785015624999 0.8424418609375 0.6188925078125 0.78662790625 0.612785015625 0.7779069765625 0.55415309375 0.791860465625 0.5480456031250001 0.8005813953124999 0.54560260625 0.8529069765624999
15 0.5492671015624999 0.6662790703125 0.530944625 0.7098837203125 0.52605863125 0.72732558125 0.528501628125 0.7517441859375 0.538273615625 0.776162790625 0.55415309375 0.791860465625 0.5859120515625 0.78837209375 0.6005700328125 0.7813953484375 0.6115635171875 0.765697675 0.6115635171875 0.71337209375 0.5614820843749999 0.6662790703125 0.5492671015624999 0.6662790703125
15 0.625 0.6627906984374999 0.6140065140625001 0.685465115625 0.6115635171875 0.716860465625 0.6164495109375 0.7377906984375 0.632328990625 0.760465115625 0.6811889250000001 0.760465115625 0.6872964171875 0.7517441859375 0.6970684046875 0.6994186046875 0.6970684046875 0.678488371875 0.6909609125 0.6627906984374999 0.6469869703125 0.641860465625 0.625 0.6627906984374999
15 0.650651465625 0.5738372093749999 0.650651465625 0.6122093015625001 0.66286645 0.6436046515625 0.67630293125 0.655813953125 0.7105048859374999 0.655813953125 0.7361563515625 0.62267441875 0.7361563515625 0.5947674421875 0.7263843640625 0.5529069765625 0.7031758953125 0.5302325578125 0.6811889250000001 0.5267441859375 0.650651465625 0.5738372093749999
15 0.6140065140625001 0.5215116281250001 0.6140065140625001 0.535465115625 0.62011400625 0.5441860468749999 0.6543159609375 0.56162790625 0.706840390625 0.525 0.6995114 0.4936046515625 0.678745928125 0.46744186093750006 0.6396579796874999 0.46046511562500003 0.6262214984375001 0.476162790625 0.6140065140625001 0.5215116281250001
15 0.7789087953125 0.6139534890625 0.749592834375 0.610465115625 0.7129478828125 0.655813953125 0.7092833875 0.6610465109375 0.711726384375 0.71337209375 0.7447068406249999 0.75697674375 0.7618078171875 0.7639534890624999 0.7813517921875001 0.75697674375 0.8082247562499999 0.7290697671874999 0.8167752437500001 0.7098837203125 0.8167752437500001 0.678488371875 0.8094462546875001 0.6540697671875 0.7789087953125 0.6139534890625
15 0.6799674265625 0.8494186046875001 0.6872964171875 0.8947674421875 0.73249185625 0.9209302328125 0.758143321875 0.8563953484375 0.758143321875 0.81802325625 0.7532573296875 0.8040697671875 0.73249185625 0.7813953484375 0.7178338765625 0.7813953484375 0.6995114 0.7936046515624999 0.6799674265625 0.8494186046875001
15 0.62011400625 0.851162790625 0.6115635171875 0.86337209375 0.599348534375 0.8877906984375 0.599348534375 0.9122093015624999 0.604234528125 0.9296511625000001 0.62011400625 0.9488372093749999 0.6592019546875 0.95232558125 0.6799674265625 0.933139534375 0.6872964171875 0.8947674421875 0.6848534203125001 0.87732558125 0.673859934375 0.858139534375 0.62011400625 0.851162790625
15 1 0.643067978125 0.9865635171875 0.6209302328125 0.9621335500000001 0.60697674375 0.9230456031250001 0.6209302328125 0.9071661234375 0.6505813953125 0.9047231265625 0.685465115625 0.9096091203125001 0.6994186046875 0.9499185671875001 0.746511628125 0.974348534375 0.74302325625 0.9902280125 0.723837209375 1 0.684302325 1 0.643067978125
15 0.5065146578124999 0.280813953125 0.5040716609375 0.3296511625 0.519951140625 0.359302325 0.5468241046875 0.3697674421875 0.566368078125 0.359302325 0.5798045609375 0.3401162796875 0.584690553125 0.3052325578125 0.57369706875 0.2651162796875 0.5443811078125 0.24418604687499998 0.5223941375 0.251162790625 0.5065146578124999 0.280813953125
15 0.6262214984375001 0.266860465625 0.6164495109375 0.2912790703125 0.6164495109375 0.3296511625 0.637214984375 0.3627906984375 0.6640879484375 0.3662790703125 0.6824104234374999 0.3470930234375 0.6897394140625 0.32267441875 0.6897394140625 0.2877906984375 0.6714169375 0.25813953437500003 0.6567589578125 0.251162790625 0.6396579796874999 0.2546511625 0.6262214984375001 0.266860465625
15 0.5688110749999999 0.26162790625 0.5907980453125 0.26162790625 0.6164495109375 0.23197674375 0.6164495109375 0.1901162796875 0.5932410421875 0.15697674374999998 0.556596090625 0.16046511562500002 0.54560260625 0.18662790625 0.543159609375 0.235465115625 0.5688110749999999 0.26162790625
15 0.3782573296875 0.1639534890625 0.3904723125 0.1709302328125 0.43322475625 0.17267441875 0.430781759375 0.11337209374999999 0.41490227968750004 0.0872093015625 0.380700325 0.0767441859375 0.36237785 0.10639534843750001 0.359934853125 0.134302325 0.3782573296875 0.1639534890625
15 0.4652316890625 0.36362860937499997 0.4950370984375 0.34815618593750003 0.48690835000000005 0.27724092968749997 0.434523059375 0.2617685046875 0.4119431765625 0.300449565625 0.42007192499999996 0.3533137 0.4652316890625 0.36362860937499997
15 0.4697476328125 0.411335290625 0.43271669843750005 0.371364821875 0.41013681718750006 0.37523292812500003 0.3848473515625 0.43841203125000006 0.434523059375 0.46935687968749995 0.4697476328125 0.411335290625
15 0.5510351109375 0.19214259843749998 0.58716290625 0.1431465703125 0.5709054109375 0.07481004062499999 0.528455228125 0.079967525 0.5112945921875001 0.1212273125 0.5049722062499999 0.1547508890625 0.5510351109375 0.19214259843749998
15 0.6387970734375 0.20161683749999998 0.682582559375 0.1463573578125 0.6552959328125 0.09019195937499999 0.6235673390625001 0.0865684 0.5962807125 0.1019686 0.5956461203125001 0.1608516375 0.6387970734375 0.20161683749999998
15 0.6744594484374999 0 0.6743331 0.00775568125 0.7073308765624999 0.042179640625 0.7371557531249999 0.03312068125 0.7511163625 0.0095674828125 0.7526932859375 0 0.6744594484374999 0
15 0.7349739203125 0.617868884375 0.75068288125 0.617868884375 0.7856709328125 0.55976635625 0.7613935234375 0.50472185625 0.72497734375 0.503702528125 0.7142667031250001 0.5414181890624999 0.7199790234375001 0.54855361875 0.7349739203125 0.617868884375
15 0.6964156125 0.7942151703125 0.7521109453125 0.7870797875 0.75996539375 0.7636348921875 0.71640883125 0.7116484187500001 0.689989228125 0.7126677453125 0.6799926515625 0.7656735921875 0.6964156125 0.7942151703125
15 0.5571772796875 0.6739327578125 0.6043041015624999 0.7218418296875 0.61572880625 0.6657780015625 0.5728862421875001 0.632139696875 0.5571772796875 0.6739327578125
15 0.57431430625 0.53428280625 0.547239065625 0.5159232921875 0.5557492171875 0.556708328125 0.54932283125 0.6005400921875 0.5671738562499999 0.6270429671875 0.577884496875 0.5709791390625 0.6057321640625 0.531224778125 0.57431430625 0.53428280625
15 0.8560362625 0.1833922421875 0.907447340625 0.1793148875 0.9260124281250001 0.061071128125 0.86510933125 0.0352049375 0.8403273015625 0.09267078125 0.8246184046874999 0.13854119843749998 0.8560362625 0.1833922421875
15 0.8859212624999999 0 0.8874541218750001 0.05087771875 0.9367230687499999 0.031510224999999996 0.945680115625 0 0.8859212624999999 0
15 0.810979140625 0 0.7846319687500001 0.032529551562499995 0.757498365625 0.0631098296875 0.7917724171875 0.1049028921875 0.8224762765625 0.0977674625 0.8396133015625 0.061071128125 0.8310447890624999 0.061071128125 0.8110808046875 0 0.810979140625 0
15 1 0.007961953125 0.9809937640624999 0.01010400625 0.9560022234375 0.06005180156249999 0.9845639546875 0.1252897125 1 0.1293296453125 1 0.007961953125
15 1 0.186138759375 0.9952745953125 0.1803342140625 0.9402933265625 0.20275978125 0.9260124281250001 0.28124912968750004 0.955288225 0.3169261375 1 0.3178932296875 1 0.186138759375
15 0.8353290453125 0.2578042828125 0.838185171875 0.3036747 0.88531199375 0.3485257421875 0.9238702999999999 0.32304219375 0.933152878125 0.2394561140625 0.8817418015625 0.1986823796875 0.8688890328125 0.18848896875 0.8353290453125 0.2578042828125
15 0.7696370703125 0.21397251874999998 0.8367571093749999 0.23130135937500002 0.8581783906249999 0.18950829687499998 0.8203341484375001 0.09980616249999999 0.793914546875 0.0977674625 0.7432175328125 0.1293671140625 0.7696370703125 0.21397251874999998
15 0.8603205203125001 0.43109249375 0.91030353125 0.49734982499999997 0.95957248125 0.47084685468750004 0.9774235062500001 0.41886038125 0.9802796984375 0.3587192 0.9231563015625 0.3169261375 0.8774575453125 0.35260314375 0.8603205203125001 0.43109249375
15 0.8096235078125 0.43007321249999997 0.8581783906249999 0.42905383906249994 0.87602948125 0.355661171875 0.83461498125 0.3036747 0.788916225 0.3250808953125 0.7767775203125 0.3587192 0.8096235078125 0.43007321249999997
15 0.7217962515624999 0.3046940265625 0.768923071875 0.319984165625 0.8196200843750001 0.3036747 0.8096235078125 0.22824333125 0.756070303125 0.2129531921875 0.7325068921875 0.23334006093749998 0.7217962515624999 0.3046940265625
15 1 0.120563 0.978851634375 0.0702452125 0.9238702999999999 0.09674813593750001 0.9188720453125001 0.1630054203125 0.934580940625 0.1935856984375 0.9809937640624999 0.1986823796875 1 0.165735596875 1 0.120563
15 1 0.297822975 0.9517179671875 0.32610022031249997 0.9738533140625 0.41987975468750005 1 0.41365871875 1 0.297822975
15 0.45107236562499997 0.25743571875 0.50828860625 0.2751189953125 0.52598434375 0.188386753125 0.47820585 0.1597567015625 0.45107236562499997 0.1673352484375 0.4410447984375 0.21364857499999998 0.45107236562499997 0.25743571875
15 0.8648072984375 0 0.8263693421875 0.03260550625 0.8470144062499999 0.067130009375 0.8794565578125001 0.06376177968749999 0.891843575 0.0199745953125 0.869240990625 0 0.8648072984375 0
15 0.88311100625 0.171994678125 0.881433415625 0.19773995312499998 0.9326007171875 0.24204572343750003 0.9418276234375 0.1989373875 0.9229544328125 0.16121759375 0.88311100625 0.171994678125