15 1 0.200351490625 0.953605640625 0.1986862203125 0.827271965625 0.276701428125 0.76711124375 0.41781622343749997 0.8210941406250001 0.4186159703125 0.93803986875 0.4077593859375 0.9446054203124999 0.4204457671875 1 0.4212664265625 1 0.200351490625
15 0.4274193546875 0.8842555015625001 0.44159444375 0.8912301609375 0.48198991874999997 0.896074346875 0.51347128125 0.88845284375 0.512237440625 0.8224571796875001 0.4949809515625 0.8115236828124999 0.4831255890625 0.8075693953125 0.44273011406249996 0.8027252078125 0.43034819375 0.8037729812500001 0.4274193546875 0.804928084375 0.4274193546875 0.8842555015625001
15 0.46019689062499997 0.6756569984375 0.4274193546875 0.6829288578125 0.4274193546875 0.753018125 0.43131094531249997 0.7557689578125 0.45124540468749996 0.7606920828125 0.479785515625 0.7615819828125 0.4921674375 0.76053420625 0.50722733125 0.7534760609375 0.5163595421875 0.74444076875 0.5240849953125 0.709910740625 0.507881621875 0.68897311875 0.488473721875 0.67904793125 0.46019689062499997 0.6756569984375
15 0.6305729734375001 0.8835010375 0.6370272140625 0.8804761187500001 0.6660035203125 0.83836405625 0.6565176687500001 0.81190048125 0.6279323781249999 0.792010634375 0.6160770125 0.788056346875 0.575418259375 0.7857131921875 0.5587335109375 0.7887775796875001 0.5350679656249999 0.7998689515625 0.5216329296875 0.8109208546875 0.5195266968750001 0.8309291109375 0.5257628390625 0.8494051718750001 0.5734927515625 0.881721240625 0.60984868125 0.886081009375 0.6305729734375001 0.8835010375
15 0.734630646875 0.8275992265625 0.7179458999999999 0.830663615625 0.6854114203125 0.8482892453125 0.683041909375 0.8707985328125 0.7081593953125 0.9042018453124999 0.7456136203125 0.9175574359375 0.7781932796875 0.9189317515625 0.7972927171874999 0.9123580265625 0.7922826093750001 0.8433769078125 0.7750261203125001 0.8324434140625 0.763170759375 0.8284891249999999 0.734630646875 0.8275992265625
15 0.7144329093749999 0.8251771328125 0.7429730203125 0.8260670296875 0.7723029703125001 0.8194538328125001 0.7916656890625 0.8103790765625 0.80132445625 0.796341721875 0.8026408515625001 0.7838365609375 0.7581154671875 0.7405080578125001 0.7524510640625001 0.7360298828125 0.7362928734375 0.7340922062499999 0.7074894859375 0.735703340625 0.6754815640625 0.74832690625 0.6660860765625001 0.75986323125 0.66319000625 0.78737458125 0.6667029953125 0.7928610640625 0.6796566562499999 0.8058111718750001 0.7144329093749999 0.8251771328125
15 0.6510261828125 0.7669213765625 0.5900793296875 0.7241562296875 0.5739211390625 0.7222185546875 0.549157296875 0.7243141078125 0.534360684375 0.728871221875 0.515832984375 0.749442834375 0.51320019375 0.774453153125 0.51996289375 0.7879271515624999 0.5294035640625 0.7953907765625 0.6476035546875 0.799434790625 0.66319000625 0.78737458125 0.664243121875 0.777370453125 0.6510261828125 0.7669213765625
15 0.484745140625 1 0.48361096875 0.9461488749999999 0.4274193546875 0.9144733281249999 0.4274193546875 1 0.484745140625 1
15 0.9438145765625 0.8478929734375 0.8883961515625 0.8401589671874999 0.85180416875 0.87059491875 0.8832306015625001 0.9059227312499999 0.9451379296875 0.9187878078124999 0.9741097046875 0.8939676406249999 0.9438145765625 0.8478929734375
15 0.9460771671874999 0.8263993578125 0.9432830953125 0.7694753249999999 0.8657575234375001 0.7547373234375 0.8341837640625 0.8042751515625 0.8670061703125 0.8430352125 0.9460771671874999 0.8263993578125
15 0.93399565 1 0.9448006453125 0.9720715859375 0.9105075484375 0.9472824296875 0.8458466796874999 0.9438813890625 0.7876768578125 0.9956711531250001 0.7934493484375 1 0.93399565 1
15 0.6326828734375 1 0.6536015625 0.9839460000000001 0.6247024156250001 0.9413034859374999 0.575281984375 0.9266709765625001 0.519297984375 0.92431045625 0.47659480781249997 0.96271951875 0.48594074843749996 1 0.6326828734375 1
15 0.7738199406249999 1 0.7817536109375001 0.9851666031249999 0.7533069078125 0.9382253171875 0.6569570703125 0.9353771921874999 0.6237994875 0.9999606406250001 0.6238368453125 1 0.7738199406249999 1
15 0.7366984125 0.712054421875 0.76571069375 0.7536222234375 0.8651534921874999 0.7437823671875 0.889898890625 0.6923374046874999 0.7902661859375 0.6705953046875 0.7366984125 0.712054421875
15 0.6634375296874999 0.740269540625 0.73696305625 0.7262334265625 0.7174194390624999 0.678183325 0.6743364578125 0.653428378125 0.61126148125 0.6850414406249999 0.6063585171875 0.7149243828125 0.6634375296874999 0.740269540625
15 0.4274193546875 0.67809034375 0.5091399265625001 0.686942290625 0.51215604375 0.64159753125 0.42832937187500003 0.6032506796875 0.4274193546875 0.6036210343749999 0.4274193546875 0.67809034375
15 0.4862066234375 0.77125211875 0.4274193546875 0.76420240625 0.4274193546875 0.8022079625 0.47273995625 0.7990199265625 0.513031046875 0.8169105812499999 0.5154815187499999 0.7769392015625 0.4862066234375 0.77125211875
15 0 0.4064516125 0.369399553125 0.4119241984375 0.4121193390625 0.006105471875 0 0 0 0.4064516125
15 0.4274193546875 1 0.4274193546875 0.4127837515625 0 0.4064516125 0 0.9990506328125001 0.0079167328125 1 0.4274193546875 1