15 0.2141123515625 0.7198928390625 0.26455612500000003 0.5818936765625 0.21193128906249997 0.5815038625 0.09865484375 0.5929317968750001 0.0915272109375 0.58061198125 0.0343815515625 0.5801886796875 0.0471395390625 0.7954797218749999 0.0955718203125 0.7968576609375 0.2141123515625 0.7198928390625
15 0.568466109375 0.12473578437499999 0.5542568421875 0.1180389484375 0.5146323359375 0.1136083265625 0.484410184375 0.121265421875 0.4894243953125 0.185591909375 0.5068636015625 0.196125740625 0.518639003125 0.1998949390625 0.558263509375 0.2043255625 0.570262809375 0.20321473750000002 0.57304873125 0.20206754375 0.568466109375 0.12473578437499999
15 0.54859163125 0.328323215625 0.5800964390625001 0.3209976078125 0.5760474906249999 0.25267159375000003 0.5720982203125 0.2500180640625 0.5523979156250001 0.2453627390625 0.5245488125 0.24470131562500003 0.5125495109375 0.24581214375 0.49828910937500004 0.252801475 0.489916409375 0.2616754078125 0.4843866671875 0.2953925421875 0.5013780734375 0.3156864265625 0.5208544765625 0.3252217796875 0.54859163125 0.328323215625
15 0.37064072187499997 0.1269382515625 0.3645291203125 0.1299336796875 0.3387393265625 0.171195559375 0.34950718125 0.1969248859375 0.3784978875 0.21610794375000003 0.3902732921875 0.21987714375 0.43000974531249997 0.221867753125 0.4460834484375 0.2187599734375 0.46849264843749994 0.207776740625 0.480939746875 0.19690585625 0.48183534375 0.17738574375 0.4746940890625 0.159419521875 0.42633892968750003 0.12826109531250002 0.390676871875 0.124273534375 0.37064072187499997 0.1269382515625
15 0.27251926875 0.182185134375 0.28859296875 0.17907735625 0.319262921875 0.16166020625 0.32027046875 0.13970007812500002 0.29387670625 0.1073184765625 0.25662525 0.09456933437500001 0.22481369375 0.093464853125 0.2065908453125 0.10001111874999999 0.2154555578125 0.1672206859375 0.2328947640625 0.1777545140625 0.24467016406250003 0.1815237140625 0.27251926875 0.182185134375
15 0.292331521875 0.18440044687499998 0.26448241875 0.18373902656250002 0.23629746406250002 0.1903976484375 0.2179626640625 0.199383928125 0.2093660671875 0.21313788749999998 0.20880631875 0.225337959375 0.2546764828125 0.2672549171875 0.2604522359375 0.27157953125 0.2763020390625 0.2733517796875 0.304263090625 0.2715731875 0.33470914218750003 0.2590360640625 0.343193790625 0.24772211562500002 0.3444252359375 0.2208819640625 0.340686684375 0.21555887187499997 0.32732187968750004 0.2030280921875 0.292331521875 0.18440044687499998
15 0.35745419218749996 0.2407327859375 0.41928610624999996 0.28198197812500003 0.435135909375 0.2837542296875 0.45913451250000004 0.2815325734375 0.4732829625 0.2769832546875 0.49014030937499997 0.2567953796875 0.49125980625 0.2323952390625 0.48389465156250006 0.2193090421875 0.4742684 0.212101353125 0.35890953593749997 0.2090126046875 0.3444252359375 0.2208819640625 0.3439774375 0.2306420203125 0.35745419218749996 0.2407327859375
15 0.510160725 0.06480523906249999 0.566720471875 0.09527815625 0.5613207546875 0.00415793125 0.5165021859375 0.0038259421874999996 0.505805028125 0.0105722625 0.510160725 0.06480523906249999
15 0.067604515625 0.163912453125 0.12202811875 0.1710517140625 0.15590999375 0.1411172125 0.12326022656249999 0.1069050828125 0.0622201015625 0.0948106921875 0.035435792187499995 0.119215659375 0.067604515625 0.163912453125
15 0.066642434375 0.1848816859375 0.0726522390625 0.2403534921875 0.1490125234375 0.254160909375 0.1769032296875 0.2056413203125 0.142695525 0.16809336875 0.066642434375 0.1848816859375
15 0.09430355 0.066782846875 0.157478865625 0.069631409375 0.21114369531250002 0.018724482812500002 0.1867715375 0.0013834921875 0.07328221562500001 0.00054283125 0.0594704890625 0.042864951562499996 0.09430355 0.066782846875
15 0.373019409375 0.07054756250000001 0.4219995640625 0.08445509062499999 0.4766636109375 0.0863519625 0.516037115625 0.0486008046875 0.5021100359374999 0.003719334375 0.3749116515625 0.0027771234375 0.34240862656250004 0.029186496875000002 0.373019409375 0.07054756250000001
15 0.2479381359375 0.0744769515625 0.34194615 0.0765576796875 0.3705103171875 0.0133595390625 0.359657709375 0.00266413125 0.2303992984375 0.0017066609375 0.2175196921875 0.028921995312499997 0.2479381359375 0.0744769515625
15 0.2771801375 0.2948380828125 0.24652124843749998 0.2545255140625 0.15023369375 0.264835909375 0.1291038953125 0.31516534531249996 0.22740085625 0.3356410203125 0.2771801375 0.2948380828125
15 0.3469053375 0.26680376093749997 0.276103278125 0.2810176953125 0.2979142875 0.3277178640625 0.341306603125 0.351538940625 0.40091456875000003 0.32026570468750004 0.4039637 0.29109913125000003 0.3469053375 0.26680376093749997
15 0.580375953125 0.3257143984375 0.5002698203125 0.3176752515625 0.4999516578125 0.3619010421875 0.5838129796875 0.398677875 0.5846779296875 0.398310265625 0.580375953125 0.3257143984375
15 0.5177361078125 0.23532082187499997 0.5754013921875 0.2417686765625 0.57320586875 0.204719234375 0.5292483625 0.20815433125 0.4889718515625 0.1910047 0.4888942078125 0.22998820625 0.5177361078125 0.23532082187499997
15 1 1 1 0.587341409375 0.652262490625 0.584765575 0.6332112453125001 1 1 1
15 1 0.012186953125 0.9542223375000001 0.0070683140625 0.5613207546875 0.00415793125 0.59570230625 0.5843466109375 1 0.587341409375 1 0.012186953125