15 0.2048374625 0 0.20379126875 0.0496320359375 0.28118162343750003 0.1720177828125 0.41875 0.2302984828125 0.41875 0.1780025515625 0.4065542953125 0.0647113765625 0.41875 0.0583509984375 0.41875 0 0.2048374625 0
15 0.8144038359374999 0.4772074796875 0.8040596734375001 0.493924703125 0.8003991046875001 0.5054095859375 0.7962860484375 0.5445427015625001 0.7974787828125 0.5565376875 0.7986398218749999 0.559375 0.8754882578125001 0.559375 0.8820415203125 0.5456428828125001 0.8861545765625 0.5065097656249999 0.8783194296874999 0.476012196875 0.8144038359374999 0.4772074796875
15 0.7547039984375 0.49665029531249993 0.74765028125 0.48206102343749996 0.7387662796875001 0.47321419374999996 0.705204440625 0.46573016093749997 0.6851536671875 0.481427178125 0.6758171796875 0.50022858125 0.672938040625 0.5276217625 0.6804530718749999 0.559375 0.7483520484375 0.559375 0.7509610671875 0.555605021875 0.7554442484375 0.5362935140625 0.7558967359375 0.50864528125 0.7547039984375 0.49665029531249993
15 0.79219383125 0.4550904078125 0.8030931796875 0.4681056 0.8225064062499999 0.4701460125 0.8403155890624999 0.46410475 0.87093676875 0.41786639687499993 0.8746385203125 0.382646590625 0.871841740625 0.36256993125000003 0.86881871875 0.3563173859375 0.8276067953125 0.32824658906250004 0.802106346875 0.3374360078125 0.783248309375 0.365128009375 0.7795877390625 0.37661289375 0.7779013359375 0.4160010609375 0.7811094203125 0.43216441093749997 0.79219383125 0.4550904078125
15 0.9031828296875 0.2511243046875 0.9040466203124999 0.2195627609375 0.8974042109375 0.2010601796875 0.8306506562499999 0.205913721875 0.820306496875 0.2226309453125 0.8166459265625001 0.2341158265625 0.816193440625 0.2617640609375 0.8194015234375 0.277927409375 0.8369432828125 0.3094451859375 0.8587831625 0.31174065 0.8907821390624999 0.2874080859375 0.9031828296875 0.2511243046875
15 0.7275588281250001 0.2880570609375 0.7402472796875 0.319064734375 0.7515579359375 0.32816661406250003 0.7782511203125 0.33097218125 0.7835157328125 0.3275689734375 0.795875240625 0.3150201140625 0.8141369125000001 0.28133061875 0.814589396875 0.25368238593750003 0.8077619234375 0.225268996875 0.7986928609375 0.20651136406249998 0.784955553125 0.1971544328125 0.7728222859375 0.19587917500000002 0.7314868203125 0.239013140625 0.7272298828125 0.24450053125 0.725584659375 0.26015377812499996 0.7275588281250001 0.2880570609375
15 0.76788611875 0.4762748125 0.780841996875 0.46972344687499995 0.78793689375 0.460577796875 0.79015814375 0.34607155624999997 0.7782511203125 0.33097218125 0.7685445078125 0.329951975 0.7586116515625 0.3427558859375 0.7180576171874999 0.40179815 0.71641239375 0.41745139687500005 0.7187978671875 0.44144136874999995 0.7234249312500001 0.45577558749999997 0.7436195875 0.47372429687500006 0.76788611875 0.4762748125
15 1 0.5224574453125 0.988526621875 0.503804121875 0.9346410109375001 0.5049393734375001 0.9047617765625 0.559375 1 0.559375 1 0.5224574453125
15 0.83285083125 0.059117129687500006 0.82615386875 0.11280372812499999 0.8561638609375001 0.14825221093750002 0.8899366499999999 0.11780785468749999 0.901511209375 0.057835131250000005 0.8770508734375 0.0297687234375 0.83285083125 0.059117129687500006
15 0.8292472171874999 0.13352527187500002 0.8119964187500001 0.05692524375 0.7568913625 0.0596320015625 0.7437265578125001 0.1347348984375 0.7921694718750001 0.165321978125 0.8292472171874999 0.13352527187500002
15 1 0.07618987499999999 0.953134709375 0.058161874999999995 0.9296123843749999 0.09138331250000001 0.9272456281249999 0.1540235296875 0.9782518078125 0.21037554374999998 1 0.1807899875 1 0.07618987499999999
15 1 0.3801231875 0.9688172953124999 0.3402609859375 0.9279221156249999 0.368257034375 0.914456146875 0.416133078125 0.9129728671875 0.470367578125 0.9507945156250001 0.5117362796875 0.9984412031250001 0.49974708124999995 1 0.49208367031250005 1 0.3801231875
15 1 0.2330092125 0.9681605359375001 0.2161136890625 0.923094428125 0.24367143281249998 0.9217181046875 0.3370103375 0.9847591937500001 0.369131746875 1 0.35445981249999997 1 0.2330092125
15 0.66329741875 0.2078671328125 0.7042297359374999 0.2597609125 0.7440821625 0.231655265625 0.7331226125 0.1353200546875 0.6829301640625001 0.11134795 0.66329741875 0.2078671328125
15 0.732614559375 0.33073239375 0.717961846875 0.25950453906250004 0.6716937984375 0.27843741875 0.6483307640625 0.32017405625 0.6798611625000001 0.381277940625 0.708880628125 0.3860276859375 0.732614559375 0.33073239375
15 0.6036236171875 0.559375 0.6757657609375001 0.559375 0.6831682421874999 0.48020819687499994 0.6391972203125 0.4772863328125 0.6032517765625001 0.5584934203125 0.6036236171875 0.559375
15 0.765172525 0.5024248328125 0.759186821875 0.559375 0.7960047046875001 0.559375 0.7922658609375001 0.5154706671875 0.80901918125 0.4764386734375 0.7702617375 0.474064778125 0.765172525 0.5024248328125
15 0.41875 1 0.41875 0.6155816828125 0 0.571569284375 0 1 0.41875 1
15 1 0.559375 0.41875 0.559375 0.41875 1 0.9900384687500001 1 1 0.90522236875 1 0.559375