15 0.117431640625 0.31050656718749997 0.090576171875 0.31050656718749997 0.051513671875 0.345684803125 0.02587890625 0.40021106875 0.0234375 0.4635318953125 0.033203125 0.49519230781249995 0.078369140625 0.5497185734375 0.100341796875 0.5602720453125001 0.132080078125 0.5602720453125001 0.161376953125 0.5426829265625 0.1796875 0.5198170734375 0.19189453125 0.386139775 0.151611328125 0.328095684375 0.117431640625 0.31050656718749997
15 0.39453125 0.4776031890625 0.366455078125 0.43714821718749997 0.332275390625 0.4160412765625 0.293212890625 0.4160412765625 0.254150390625 0.444183865625 0.2236328125 0.491674484375 0.208984375 0.5444418390625 0.20654296875 0.56203095625 0.228515625 0.6394230765625 0.256591796875 0.676360225 0.300537109375 0.6974671671875 0.337158203125 0.6904315203125 0.371337890625 0.66228893125 0.39208984375 0.6323874296875001 0.40673828125 0.5866557218749999 0.40673828125 0.5303705437499999 0.39453125 0.4776031890625
15 0.55078125 0.2137664171875 0.532470703125 0.183864915625 0.493408203125 0.15924015 0.456787109375 0.15924015 0.432373046875 0.1733114453125 0.41162109375 0.1961772984375 0.384765625 0.2559803 0.38232421875 0.3157833015625 0.39453125 0.36151500937500003 0.412841796875 0.39141651093749996 0.449462890625 0.4160412765625 0.505615234375 0.4054878046875 0.525146484375 0.39141651093749996 0.54833984375 0.3579971859375 0.56298828125 0.3157833015625 0.56298828125 0.2524624765625 0.55078125 0.2137664171875
15 0.476318359375 0.40900562812499996 0.437255859375 0.43363039375 0.41162109375 0.474085365625 0.404296875 0.505745778125 0.4091796875 0.5901735453125 0.43115234375 0.635905253125 0.454345703125 0.65877110625 0.488525390625 0.6728424015625001 0.532470703125 0.65877110625 0.57275390625 0.48463883750000003 0.5556640625 0.43890712968749995 0.512939453125 0.40900562812499996 0.476318359375 0.40900562812499996
15 0.698486328125 0.49343339531249997 0.659423828125 0.46880862968750003 0.620361328125 0.46529080624999997 0.578857421875 0.48287992500000004 0.54833984375 0.5268527203125 0.5361328125 0.56203095625 0.53125 0.6429408999999999 0.53857421875 0.667565665625 0.576416015625 0.72560975625 0.615478515625 0.7502345218750001 0.659423828125 0.7502345218750001 0.686279296875 0.7361632265625 0.716796875 0.6992260781249999 0.74365234375 0.6323874296875001 0.7265625 0.5303705437499999 0.698486328125 0.49343339531249997
15 0.642333984375 0.25422138906249997 0.598388671875 0.2753283296875 0.5703125 0.312265478125 0.5556640625 0.3509615390625 0.5556640625 0.4318714828125 0.581298828125 0.4793621015625 0.715576171875 0.507504690625 0.74365234375 0.4635318953125 0.75830078125 0.3966932453125 0.74853515625 0.329854596875 0.736328125 0.30522983125 0.715576171875 0.278846153125 0.674072265625 0.2577392125 0.642333984375 0.25422138906249997
15 0.820556640625 0.40900562812499996 0.783935546875 0.3984521578125 0.755859375 0.4072467171875 0.716796875 0.5092636015625 0.74365234375 0.6323874296875001 0.764404296875 0.6482176359375 0.788818359375 0.651735459375 0.832763671875 0.6376641656250001 0.8583984375 0.6042448406250001 0.87548828125 0.5514774859375 0.87060546875 0.48112101249999994 0.85595703125 0.4459427765625 0.820556640625 0.40900562812499996
15 1 0.5139162078124999 0.991455078125 0.5039868671875001 0.959716796875 0.49343339531249997 0.920654296875 0.50046904375 0.8779296875 0.5479596625 0.86328125 0.5901735453125 0.86083984375 0.6464587234375 0.88037109375 0.70977955 0.908447265625 0.7537523453125 0.927978515625 0.7713414640625 0.974365234375 0.7783771109375001 1 0.766064728125 1 0.5139162078124999
15 0.18212890625 0.43890712968749995 0.1845703125 0.51629925 0.205322265625 0.5497185734375 0.361572265625 0.4301125703125 0.365234375 0.4072467171875 0.3505859375 0.36855065625 0.320068359375 0.33513133281249996 0.276123046875 0.328095684375 0.244384765625 0.345684803125 0.197998046875 0.39141651093749996 0.18212890625 0.43890712968749995
15 0.373779296875 0.2929174484375 0.339599609375 0.289399625 0.295654296875 0.314024390625 0.295654296875 0.328095684375 0.366455078125 0.40900562812499996 0.39453125 0.36855065625 0.373779296875 0.2929174484375
15 0.586181640625 0.20145403437499998 0.566650390625 0.183864915625 0.532470703125 0.17682926875 0.564208984375 0.32457786093749996 0.6142578125 0.2594981234375 0.609375 0.23839118125 0.586181640625 0.20145403437499998