15 0.5533157531249999 0.930424684375 0.5640416484374999 0.9079046234374999 0.563798965625 0.8751425265625 0.5454184421875 0.8446316062499999 0.521674971875 0.8253807156249999 0.3835921625 0.8107356203125 0.3239837015625 0.8514306296875 0.30608854375 0.8864439031250001 0.306293890625 0.9141656765624999 0.3429055953125 0.9550262281249999 0.39938678437499997 0.9823217765625 0.4647688859375 0.9858102843750001 0.49737592968750005 0.9762138124999999 0.5533157531249999 0.930424684375
15 0.5468700703125 0.7955153593750001 0.565045246875 0.7983045046874999 0.6447658765625001 0.7768065890625 0.6826798640625 0.7483896031249999 0.7041316546874999 0.7033494828125 0.6965890328125 0.6654394703125 0.66727726875 0.629726834375 0.6362525265625 0.6078481890625 0.58893359375 0.592027859375 0.530832765625 0.59116710625 0.476456578125 0.60296095625 0.4349112875 0.6313241453125 0.4133848265625 0.6662836203125 0.4136835125 0.7066062015625 0.44303261406249994 0.7473591578125001 0.4922885359375 0.7795874359375 0.5468700703125 0.7955153593750001
15 0.247759234375 0.6096523875 0.3095100328125 0.6130870984375 0.35662361875 0.6011856546875001 0.387349675 0.5827417203125 0.41248876875 0.545315878125 0.4011655015625 0.487190778125 0.386490953125 0.46681429999999996 0.351816240625 0.4423616953125 0.3081286109375 0.42659516249999996 0.24276517968750003 0.425626815625 0.20291419843749997 0.43763585312500003 0.1721881421875 0.4560797890625 0.147067715625 0.49602579062499996 0.1473477328125 0.5338282109375 0.16205961875 0.5592450109375 0.18582175781250002 0.5810160625 0.247759234375 0.6096523875
15 0.6630112578125 0.5439875546875 0.677275115625 0.508920484375 0.6624138875 0.46334239374999997 0.482356428125 0.41909677656250005 0.4352801796875 0.43603854374999995 0.4047408 0.479684090625 0.40502081875 0.5174865109375 0.43073861874999997 0.5581856703125 0.4726946015625 0.5852660296875001 0.5054323203125 0.5933106875 0.592546228125 0.58956149375 0.6395851421875001 0.5675794046875 0.6630112578125 0.5439875546875
15 0.6460823625 0.4643603859375 0.671445471875 0.45717648281249995 0.7310726015625 0.419001634375 0.756193028125 0.3790556328125 0.7558570062500001 0.33369272968749997 0.7411264531249999 0.305755765625 0.7027644343749999 0.27368888125 0.6335643546874999 0.24494496406250002 0.5283872765625001 0.2610259765625 0.49047328593749995 0.2894429625 0.465352859375 0.32938896406249996 0.46202024374999995 0.369657746875 0.48049410625 0.412769475 0.5261187281249999 0.44494395468750003 0.5625250859375 0.45808273125000004 0.6460823625 0.4643603859375
15 0.50486781875 0.2720170234375 0.4592618671875 0.2423627046875 0.3901551234375 0.2262195921875 0.3212350625 0.2352780921875 0.2959092875 0.24750232031250002 0.2688332 0.2685202140625 0.24736274531250002 0.311040171875 0.243974125 0.343748471875 0.26609795625 0.3894341578125 0.30444130625 0.4189808828125 0.34449763437500003 0.4346936171875 0.42801757656249995 0.43593095000000004 0.4768441375 0.41019551718749997 0.50486781875 0.2720170234375
15 0.6531911578125 0.1986178625 0.63832993125 0.153039771875 0.6036365499999999 0.12606700625 0.5490363484375 0.1076189203125 0.4764476453125 0.111583303125 0.4402466359375 0.1261662984375 0.40238864999999996 0.16214376875 0.3917747625 0.199784796875 0.4010676984375 0.22890114375 0.5066741359375 0.270783840625 0.6335643546874999 0.24494496406250002 0.6497465359375 0.223765678125 0.6531911578125 0.1986178625
15 0.49603711562499997 0.060215879687499994 0.545386378125 0.10504496249999999 0.58907400625 0.12081149375 0.647193503125 0.124192409375 0.71240759375 0.104999465625 0.7575841859375 0.076690075 0.775591353125 0.056797770312499996 0.7821284203125 0.011587087499999999 0.4925560640625 0.007297126562500001 0.488475825 0.0197857046875 0.49603711562499997 0.060215879687499994
15 0.329958225 0.6776470953125 0.323031640625 0.722902403125 0.341430834375 0.7559334859375 0.388992446875 0.8045159140625 0.4381363625 0.8216232203124999 0.518006334375 0.8202865953125 0.5523450234375 0.799376296875 0.42768602031249997 0.6362568734375 0.40405455625000003 0.6321269515625 0.3642222421875 0.6466561515625 0.329958225 0.6776470953125
15 0.285971909375 0.62155798125 0.28260195781249997 0.6567864421875 0.30835709218749996 0.702525925 0.3228822984375 0.7027411125 0.40586087187500003 0.63089376875 0.36388622187499997 0.6012932484375 0.285971909375 0.62155798125
15 0.1899339578125 0.4009052265625 0.1719267921875 0.42079752968750006 0.16492553906250002 0.4559721953125 0.31719753125 0.425469575 0.2496357578125 0.3728110234375 0.22788528281249998 0.3775285625 0.1899339578125 0.4009052265625