15 0 0.4714400578125 0.0424016625 0.5269116171875 0.065172078125 0.538342265625 0.09902624531250001 0.5385930375 0.1313880515625 0.5200627921875001 0.15236465 0.495817225 0.1738352078125 0.35332455625 0.1345354171875 0.29109257187500004 0.099188890625 0.2720607859375 0.07054305625 0.27184859375000003 0.0266527796875 0.309063403125 0 0.359233775 0 0.4714400578125
15 0.18205812187499998 0.522315121875 0.17834214843750001 0.54105755625 0.1968877015625 0.6237827625000001 0.2245008265625 0.6634042234375 0.270041659375 0.68626551875 0.30954888125 0.6790501812499999 0.34778610468750004 0.6493014796875001 0.371811590625 0.6175705125000001 0.3903272875 0.5689057640625 0.39388506562500003 0.508868240625 0.38419965 0.4524866109375 0.3568088875 0.4091128046875 0.3216847203125 0.3863286734375 0.2800180546875 0.38602003125 0.2365724984375 0.4157301515625 0.20101853906249997 0.466145684375 0.18205812187499998 0.522315121875
15 0.3877917390625 0.216011703125 0.3814074328125 0.27978228125000004 0.39153756875 0.32865921875000004 0.40917874843749996 0.36069883125 0.4466847203125 0.3872545984375 0.5072476390625 0.3764412359375 0.528970415625 0.36158617656250003 0.5558224296875001 0.326122153125 0.574115765625 0.28120975000000004 0.5781182671875 0.21366753593749999 0.56754340625 0.1722952890625 0.5499022265625 0.140255678125 0.5097920874999999 0.11368061874999999 0.4707295875 0.11339126718749999 0.443798478125 0.1282077484375 0.42021771250000006 0.152434025 0.3877917390625 0.216011703125
15 0.4365501328125 0.646204996875 0.4721190203125 0.661484440625 0.519883465625 0.64682228125 0.57385909375 0.4613994828125 0.5585206234375 0.41248396249999997 0.514837778125 0.3802514515625 0.475775278125 0.3799621 0.43255208125 0.4059198734375 0.402651178125 0.448869296875 0.3928374265625 0.482582534375 0.3927090921875 0.5726773984375 0.41325589531249995 0.6216314984375 0.4365501328125 0.646204996875
15 0.5195820078125 0.6299270828125 0.5258379796875 0.6562513703125 0.562533603125 0.7184640640625 0.602643740625 0.745039121875 0.649518740625 0.74538634375 0.67905401875 0.7305891546875001 0.71394089375 0.69143065625 0.746811590625 0.6203482890625 0.7350308984375 0.511395246875 0.7074177749999999 0.471773784375 0.6673076375 0.44519872656250004 0.6258633312499999 0.441137740625 0.5804806921875 0.45957153437500003 0.54514909375 0.5062347218750001 0.5299046484375001 0.5436617234375001 0.5195820078125 0.6299270828125
15 0.724757496875 0.48691819687500004 0.757484928125 0.44023571875 0.7773347921875 0.3690568984375 0.7711429875 0.29768518125 0.7596786828125001 0.2713223125 0.739210975 0.2430157578125 0.696274309375 0.22017375625 0.6626425031250001 0.2161706390625 0.6144333359374999 0.2383374875 0.5821506265624999 0.277515275 0.5640796531250001 0.3186753328125 0.5589653453125 0.4049792734375 0.58330721875 0.4558384796875 0.724757496875 0.48691819687500004
15 0.7937656875 0.6413430546875001 0.8415301328125 0.6266808968750001 0.8709863140625 0.5912361625 0.8925508984375 0.535086015625 0.8917897890625 0.46000053125000007 0.8783884000000001 0.4223613390625 0.842962778125 0.38268200625 0.8045673609374999 0.37113561875 0.774063540625 0.38029464687500003 0.7259483984374999 0.48880401406249996 0.746811590625 0.6203482890625 0.76794638125 0.637397809375 0.7937656875 0.6413430546875001
15 0.8953774250000001 0.5313529609375001 0.8770840921874999 0.5762653624999999 0.870922146875 0.6362835953125 0.8877529781250001 0.7039801296875 0.9149213796875 0.7511062828124999 0.93464290625 0.7700223296875001 0.954617990625 0.773228809375 0.9722194890625 0.4762035296875 0.94395221875 0.481033878125 0.8953774250000001 0.5313529609375001
15 0.3137781953125 0.2999282828125 0.2673479171875 0.29207636875 0.2323819453125 0.3105873234375 0.1800120828125 0.35900129999999997 0.1600831234375 0.4095325734375 0.15779534374999998 0.492103459375 0.1778183296875 0.527914703125 0.3520452765625 0.4015695359375 0.35739687343750004 0.37720822656249997 0.344217846875 0.33581668750000004 0.3137781953125 0.2999282828125
15 0.373738196875 0.255324521875 0.33750222343749997 0.25130211562500004 0.2890706953125 0.277221309375 0.28818125 0.2922306890625 0.358587778125 0.37909404375 0.391092846875 0.336163909375 0.373738196875 0.255324521875
15 0.6060820875 0.1594417875 0.586360559375 0.140525740625 0.55034695 0.1327509875 0.574861946875 0.2906002578125 0.63236104375 0.22157731875 0.628486878125 0.1990246671875 0.6060820875 0.1594417875