6 0.794714075 0 0.750381290625 0.0919488359375 0.698690653125 0.1726425015625 0.6574704375 0.227657528125 0.5393497421875 0.362641346875 0.5410168453125 0.37824503125 0.5675995234375 0.383196775 0.6750574015625 0.348885065625 0.7478029109375 0.2914622203125 0.8355355703124999 0.20590689062499998 0.8952884109375001 0.13465732187499999 0.9383195125 0.06722125625 0.9615601328125001 0 0.794714075 0
6 0.6054536875000001 0 0.5935479109374999 0.040005884375 0.4982288375 0.21083730625000002 0.46758971562499996 0.2810886703125 0.454269671875 0.32482483125 0.47499045312500005 0.33823228906249997 0.55520083125 0.312955234375 0.6082953296875 0.280430309375 0.6701134984375 0.2096499546875 0.7228705453125001 0.133548546875 0.7724283640625 0.0436703703125 0.7893958125 0 0.6054536875000001 0
6 0.4200289046875 0 0.285314278125 0.304927765625 0.284052115625 0.3416158640625 0.2582759671875 0.407534553125 0.2617417984375 0.4224593859375 0.27939833125 0.43952066875 0.3175056796875 0.435128221875 0.3637393671875 0.41518204531249997 0.40670633125 0.37274380625000003 0.435482596875 0.32816911875 0.577160259375 0.0536827453125 0.59532955 0 0.4200289046875 0
6 0.2538347296875 0.6327246093750001 0.289873390625 0.5941498265625 0.32524386875 0.5358483203125 0.332833640625 0.48428534531249995 0.3170399640625 0.441547390625 0.285128603125 0.4473474859375 0.26887257343750004 0.44474181875 0.2540136875 0.42287865 0.2447534515625 0.42512482656249995 0.1848014984375 0.5039416265625001 0.096603125 0.595916121875 0.0152585515625 0.65843234375 0.037139315625 0.7526569828125 0.0935523140625 0.73442243125 0.1587721828125 0.7035647375 0.2538347296875 0.6327246093750001
6 0 0.592724778125 0.0147185609375 0.656106990625 0.0302527109375 0.647179384375 0.1091267203125 0.582448890625 0.1858004171875 0.499818584375 0.24548576875 0.41985372343750005 0.2688658546875 0.3773155765625 0.2783893328125 0.34250434531249996 0.2723891 0.29981634375 0.25519828125 0.2763358921875 0.240207775 0.27075525312500004 0.21116154687500002 0.28046875625 0.20543127499999997 0.2726419390625 0.1916421578125 0.289084146875 0.17545361875 0.2951937765625 0.1683262015625 0.30662446718749997 0.1593325703125 0.31001870625 0.1560692078125 0.32123976249999997 0.1419459984375 0.3278186109375 0.08572311875000001 0.3889951875 0.0123161421875 0.49411755625 0 0.507490225 0 0.592724778125
6 0.6389848375 0.715875765625 0.72932275 0.700512025 0.8383802421875 0.6730887015625 0.889277790625 0.6563770875 0.9329129437500001 0.6336655671875 0.969751415625 0.5985349765625 0.964618478125 0.5680064625 0.9377692 0.561906653125 0.8888020015625001 0.561656890625 0.7968644734375 0.570132246875 0.5768157796875 0.60822715 0.3568312171875 0.62132423125 0.27522033437500004 0.6321456671875 0.2551677421875 0.6384649312499999 0.2042060609375 0.6801743703125 0.17982369843749998 0.693122434375 0.1768269375 0.705491553125 0.2654369734375 0.7332350796875 0.4461161546875 0.7362207171875 0.6389848375 0.715875765625
6 0.9003132421875 0.4174602140625 0.7592768921874999 0.4419683359375 0.526505490625 0.5010977046875 0.44709491874999996 0.52981895 0.3757465515625 0.5679842921875 0.35096596406249997 0.5960668203124999 0.35756353281250003 0.6160531265625 0.4379763828125 0.6169219609375001 0.5350434859375001 0.6052619984375001 0.5608263531250001 0.6067695515625 0.8305745640625 0.5636533046875 0.8655501781250001 0.554199384375 0.891663778125 0.5318571765625 0.9032559453125 0.53122828125 0.9066542859375 0.5374378171874999 0.9354339109375 0.5265762515625 0.995603334375 0.5268831515625 0.996461734375 0.41099919687500003 0.9847892578125 0.4105521828125 0.9003132421875 0.4174602140625
6 0.75686739375 0.3304963953125 0.639349471875 0.3636100875 0.5196346000000001 0.41253709375 0.43369730781250004 0.46370045156249995 0.38659968437500003 0.505200259375 0.346032140625 0.557971075 0.3585590953125 0.5782169640625 0.4237114734375 0.538643975 0.511582475 0.5042323609375 0.755146234375 0.44102990468750003 0.9111056015625 0.413387125 0.980391996875 0.4084656875 0.9964777 0.4088438484375 0.99723945625 0.3060067015625 0.8904422359374999 0.3075555984375 0.75686739375 0.3304963953125
6 0.5942967140625 0.8688475140625 0.6654459687500001 0.8382494046875 0.730331746875 0.7975283484375 0.7715674781249999 0.7644842546875 0.8032763703124999 0.73253826875 0.8379145296875 0.6795078703125 0.8293866109374999 0.6764829406249999 0.6734947375 0.712841015625 0.54451626875 0.7303010734375001 0.444786503125 0.76419351875 0.317340159375 0.7798266671875 0.2013543609375 0.8111134468750001 0.175109140625 0.8497381828125 0.17684373281250002 0.8740571609375 0.26731998749999997 0.9098371328124999 0.3271470359375 0.9147291046875001 0.424281628125 0.9117844359375 0.53413893125 0.887805303125 0.5942967140625 0.8688475140625
6 0.5768460125 0.91164524375 0.5897037 0.90804136875 0.655453415625 0.8457666828124999 0.5583221828125 0.8824244718750001 0.43200973749999994 0.9113651734375001 0.3549952328125 0.9167058750000001 0.2518637640625 0.9106756609375 0.216621546875 0.9189815171875001 0.196768065625 0.917733546875 0.168720759375 0.9233240109375 0.169321453125 0.9343354343750001 0.1591297921875 0.9494199468750001 0.128885528125 0.970823721875 0.1326179625 0.9868966171875 0.1371376171875 0.9903636656250001 0.48667169687499995 0.9670613937500001 0.5607249640624999 0.9264701703125 0.5768460125 0.91164524375
6 0.065934028125 0.8766550093750001 0.0877038546875 0.8777306296875 0.1709143515625 0.873797575 0.163317859375 0.8579343109374999 0.16984458125 0.8354921984375 0.180036246875 0.8204076875 0.2080160625 0.8061019265624999 0.249454265625 0.799203721875 0.31887228125 0.7779997562500001 0.3330629859375 0.7801362015625 0.44272117343749995 0.763724303125 0.5200664140625 0.7345338406249999 0.5154025515625 0.73129928125 0.4698336921875 0.7372590546875 0.3608403296875 0.7396845546875 0.2275287359375 0.7300602921875 0.09255339375 0.7385454703125001 0.037829875 0.7556307265625 0.065934028125 0.8766550093750001
6 0.8703658140625 0.74343014375 0.8712331140625 0.7555896343749999 0.8942858250000001 0.7706143703125 0.9760283265625 0.74351040625 0.9940750250000001 0.733205028125 0.9949318296874999 0.6175364015625 0.9025404234375 0.7050649921875001 0.8703658140625 0.74343014375