6 0.6238197249999999 1 0.6323352578125 0.990793678125 0.6361946296875 0.9692718906250001 0.595489384375 0.95541343125 0.5256906203125 0.9150389421874999 0.4962805859375 0.8913584234374999 0.4342617234375 0.8204447203124999 0.3813836015625 0.7720619046875 0.36450730781249996 0.7666206984375 0.34986344687500004 0.7672848 0.34010647656250004 0.7763788328125 0.3376966453125 0.8240716546875 0.365901765625 0.8715985859375 0.3980274125 0.9101080906250001 0.4546762078125 0.9638681828125 0.47776661875000004 0.97890163125 0.5208204171874999 1 0.6238197249999999 1
6 0.017917828125 0.6157958328124999 0.0203322671875 0.6987747171875001 0.0593349046875 0.7203696484375001 0.129600040625 0.743513921875 0.16828386875 0.74937673125 0.181222825 0.73788146875 0.16890009687500002 0.7177518125 0.10074507968749999 0.6757041234375001 0.089538565625 0.6586271203125 0.0641713734375 0.6509378984375 0.058379278125 0.637564971875 0.017917828125 0.6157958328124999
6 0.1239152921875 0.07656780625000001 0.10948244375 0.0753415671875 0.1004028578125 0.0653150421875 0.09250064531249999 0.0708455328125 0.069049365625 0.07209712812499999 0.058176178125 0.078138509375 0.054633324999999996 0.09682478125 0.064951440625 0.1349126828125 0.1122041296875 0.1814817625 0.1528986421875 0.260697540625 0.1772719328125 0.2903428328125 0.1852353015625 0.2973167046875 0.254445378125 0.3299126859375 0.3174856875 0.3394668953125 0.3352060296875 0.3373467328125 0.3567413921875 0.3271543171875 0.3620946546875 0.31835403281249997 0.35815731875 0.301417565625 0.3014198265625 0.2745565359375 0.278496078125 0.271082278125 0.233747990625 0.24123252343749998 0.16758078125 0.15527269531250001 0.1239152921875 0.07656780625000001
6 0.020660403124999997 0.40116977656249997 0.014330043749999999 0.457880021875 0.023304123437499998 0.46885171875 0.05515760468749999 0.496747203125 0.0849896640625 0.516647040625 0.1431598890625 0.5437252109374999 0.187952328125 0.560125434375 0.20525064531249998 0.5617859546874999 0.2526807296875 0.5545569078125 0.24339013281250002 0.546420725 0.2494819375 0.531004246875 0.23488242499999998 0.5182188140624999 0.08706616874999999 0.44583583750000005 0.020660403124999997 0.40116977656249997
6 0.025408171875000003 0.358637090625 0.02029113125 0.40447787343749997 0.0312782296875 0.41046827031250005 0.043117778125 0.42187424843750004 0.07092841562499999 0.4337784375 0.10495317343749999 0.45527486718750004 0.24061336249999998 0.5190873781249999 0.2535079703125 0.5210416484375 0.2567954640625 0.517695246875 0.2833232234375 0.514987590625 0.261076859375 0.492392778125 0.22593588750000002 0.46784369375 0.0634146125 0.38362045624999996 0.025408171875000003 0.358637090625
6 0.07840253124999999 0.340717415625 0.047471065624999996 0.3437188203125 0.0379862625 0.3634268734375 0.055345734375 0.3775917546875 0.20825989531250003 0.45651432343750004 0.2437173859375 0.47822789375 0.287621425 0.5156390140625 0.32445049375 0.525065365625 0.337767125 0.5232389515625 0.3407824484375 0.50927853125 0.32888174531250003 0.48536819218750005 0.2922468796875 0.44809760625 0.2600768828125 0.4230376359375 0.189267409375 0.3786653203125 0.16368920468749998 0.3728664390625 0.111144409375 0.347602003125 0.07840253124999999 0.340717415625
6 0.2225643578125 0.3414206265625 0.19867424843749998 0.3204990125 0.1501386796875 0.2593180890625 0.124104834375 0.20539210312499998 0.1004700875 0.1691306171875 0.0808781796875 0.1488604265625 0.0699438359375 0.1423974421875 0.059703684374999996 0.1427677984375 0.048812910937499995 0.1489667046875 0.044223403125 0.190081634375 0.048380931249999995 0.19199328437500002 0.0853323109375 0.2264283578125 0.12693202812499998 0.3105871296875 0.1574139296875 0.350769834375 0.2020565125 0.3815647609375 0.27741954999999996 0.4112486234375 0.2909471953125 0.40753186875 0.2947622171875 0.3994596140625 0.30972022187500003 0.3973131125 0.301126190625 0.394657153125 0.28949765156249996 0.381360834375 0.2225643578125 0.3414206265625
6 0.0748900453125 0.815959753125 0.058296653125 0.7557752484375 0.045929575 0.749095125 0.043908153125 0.7410994750000001 0.0241663921875 0.7352239890625001 0.021409398437499998 0.735793290625 0.02719534375 0.93464336875 0.06393423125 0.940211409375 0.0748900453125 0.815959753125
6 0.057585653125000004 0.72298801875 0.0204765375 0.7037329671875 0.0213690203125 0.73440558125 0.0228391625 0.734061678125 0.051871524999999995 0.7480733484375001 0.06248935 0.75737184375 0.078854921875 0.7934927953125 0.07849405312499999 0.809777840625 0.10009057343750001 0.8120897859375 0.1561170671875 0.8061635859375 0.16495202656250002 0.766172665625 0.139101653125 0.7497597625 0.057585653125000004 0.72298801875
6 0.1505681875 0.5948283625 0.1166045875 0.5858362921875 0.06979073125 0.5614404203125 0.0362935046875 0.5352181359375 0.01956706875 0.515382228125 0.0147012390625 0.5052488171875 0.0178298546875 0.612772384375 0.0324233984375 0.6220972421875001 0.0854957234375 0.6426358234375 0.1387179046875 0.6487797015625001 0.20312979062499997 0.6460466890625 0.2265199125 0.63229073125 0.2394145203125 0.6342450015625001 0.2493825046875 0.6232606265625 0.24725557812500001 0.61621015 0.205117596875 0.6021345515625 0.1505681875 0.5948283625
6 0.4956937375 0.230951896875 0.49622126718750004 0.22622604375000002 0.4832655015625 0.21176741250000003 0.477323553125 0.2127891875 0.3900766171875 0.1851488796875 0.3670917109375 0.1691702625 0.3368819796875 0.1396015765625 0.3168068921875 0.1106077078125 0.3088878703125 0.09018430468750001 0.301690584375 0.037190812499999996 0.28454212343749996 0.0211355875 0.2839303890625 0.0033038296875 0.199247571875 0.0023184546875 0.1992111015625 0.002436096875 0.21726476562500002 0.0234343171875 0.2495738859375 0.0994569046875 0.2786842109375 0.1519268296875 0.3143695203125 0.1977039546875 0.35429187500000003 0.23162814062499998 0.3788150203125 0.246878728125 0.4260952515625 0.254044384375 0.458564959375 0.2503149515625 0.4956937375 0.230951896875
6 0.227416221875 0.0499630265625 0.21844214218750002 0.03899133125 0.21403843125000002 0.039285078125 0.21287786562500002 0.0496819578125 0.22227397031249999 0.056872971875 0.224189884375 0.0658137890625 0.22700027031249997 0.145054921875 0.2416165890625 0.18379424687499998 0.269505190625 0.23415669062500002 0.2795954875 0.24818103906250003 0.3171799046875 0.2769450875 0.3444630109375 0.2935751296875 0.36749226562500004 0.2961042171875 0.42012576093750004 0.2944695890625 0.43858464374999995 0.28573323125 0.45004651874999996 0.287470359375 0.45917045468750006 0.2840473515625 0.4310432984375 0.274978678125 0.3731895890625 0.24506499375000002 0.3155912421875 0.19981143750000002 0.273586309375 0.145387240625 0.227416221875 0.0499630265625
6 0.599316978125 0.22935583906249998 0.6307040859375 0.27448154062499996 0.6586813859375 0.29794491875 0.7389924703124999 0.348563075 0.7685523609375 0.357848890625 0.7760325484374999 0.356099084375 0.7339832656249999 0.3151244203125 0.656159978125 0.25527169843749997 0.6316811812500001 0.2265715765625 0.6161153078125 0.1963387921875 0.60846845625 0.18652940625 0.601410290625 0.18449853125 0.5886823437500001 0.1941034515625 0.604986759375 0.21772004374999998 0.599316978125 0.22935583906249998
6 1 0.10286658125 0.9941545984375001 0.07581855781249999 0.95098626875 0.069276090625 0.9398567609375 0.0762397828125 0.9360417390625001 0.0843120390625 0.9356976781249999 0.126550975 0.944838421875 0.1490818609375 0.9740542515625 0.200606615625 1 0.22762527187499998 1 0.10286658125
6 1 0.5444617093749999 0.9984182203125 0.543588971875 0.95718544375 0.53445636875 0.929946684375 0.5043767921875 0.8952109296874999 0.45009313124999994 0.8640516406250001 0.4290309859375 0.8414000625 0.43617074687499996 0.8409780375 0.43995143125 0.8461370953125 0.45899538125 0.8615806546875 0.46421944374999996 0.868910990625 0.476864340625 0.8793789593750001 0.5005575390625 0.88550438125 0.5370488453125 0.9404482703125 0.5799777781250001 0.957113553125 0.587309325 0.9758446046874999 0.5891869890625 1 0.58655144375 1 0.5444617093749999