6 0.3048867875 0.138458325 0.349786465625 0.2212424 0.37695433125 0.28249355781249996 0.4338306453125 0.4464443796875 0.44923026562499996 0.4530678234375 0.469123703125 0.434205165625 0.4992661296875 0.330222578125 0.48802814375 0.24237488593749998 0.45938916250000006 0.12810723125 0.42787259375 0.0436564890625 0.41583498125 0.0215618140625 0.19898596562499998 0.010317790625 0.24457992812499998 0.05480400625 0.3048867875 0.138458325
6 0.055124251562500004 0.12737924843749998 0.1664862359375 0.2381431203125 0.2696686953125 0.4020446125 0.3170305484375 0.462558878125 0.34983116718749996 0.49560229062500005 0.3741730296875 0.4857727484375 0.3969818796875 0.4083271546875 0.397465375 0.3490012171875 0.3675726078125 0.263128078125 0.3275367640625 0.181830015625 0.272909421875 0.09607391093749999 0.215419625 0.028628310937500002 0.193891021875 0.0100536078125 0.0715367078125 0.0037093109375000003 0.044736771875 0.12158949062499999 0.055124251562500004 0.12737924843749998
6 0.01794260625 0.3424029984375 0.234103284375 0.621399165625 0.2673268734375 0.64114226875 0.3134803328125 0.695531828125 0.32928779375 0.7003613750000001 0.3552458953125 0.6948626390625 0.37313038593750003 0.661956665625 0.381302340625 0.6145722546875 0.366778928125 0.558335378125 0.3421048765625 0.5124267796875001 0.1697035734375 0.25831114374999997 0.07454932343750001 0.1563361203125 0.042301359375 0.13230172812500002 0.00228385 0.3083197484375 0.002450909375 0.3308728328125 0.004166789062500001 0.3343571546875 0.01794260625 0.3424029984375
6 0.519654340625 1 0.521099040625 0.9949402875000001 0.530109375 0.9267084656250001 0.5193094921875 0.8140540609375 0.504370675 0.765364284375 0.470792203125 0.7071426562500001 0.42744823906249996 0.67471501875 0.378802334375 0.665608084375 0.36578924218750003 0.694246865625 0.354014803125 0.7059975453125 0.3252245109375 0.7067939671875 0.3219693453125 0.7153919656250001 0.3603738234375 0.8038656281250001 0.3946847578125 0.9217847000000001 0.4035198140625 1 0.519654340625 1
6 0.40370497343749995 1 0.389435778125 0.904832975 0.35713378906250004 0.80095721875 0.317513353125 0.71211205 0.29161577968749997 0.671585153125 0.2648873921875 0.6461524640625 0.22192857031250002 0.6291905375 0.1902985203125 0.6310378546875001 0.1765000046875 0.6402516234375 0.16875858593749998 0.6685825234375 0.1582152375 0.66919829375 0.16548829062499998 0.688686928125 0.16181771875 0.7048320296874999 0.168290221875 0.716402053125 0.166251015625 0.72537155625 0.174755159375 0.7337252828125 0.1727083859375 0.7484479875 0.19693676875 0.8249165046875 0.2519341265625 0.9376447296875 0.2716094015625 1 0.40370497343749995 1
6 0.8180961999999999 0.5465798765625001 0.8559119609374999 0.46604522031249995 0.8933501390625 0.364291653125 0.9072016093749999 0.31480545625 0.91131785 0.26810043437500003 0.9000269046874999 0.220525171875 0.8688198281249999 0.20907218125 0.8477104328125 0.2275633375 0.8192750249999999 0.2668382875 0.77416351875 0.3451439203125 0.682671584375 0.5416561109375 0.5680840078125 0.7253565281250001 0.5310914984374999 0.7965501781250001 0.5253892875 0.8159115765625 0.5346334546875 0.8782095421875 0.532571553125 0.90443865625 0.5422916546875001 0.9131638875 0.6190029531250001 0.8560237546874999 0.7258339796875 0.7121606421875 0.8180961999999999 0.5465798765625001
6 0.864854896875 0.140713121875 0.8745802515625 0.1033958375 0.76731850625 0.0706248859375 0.734732215625 0.11246865625 0.69246803125 0.183970190625 0.6339128921875 0.309968121875 0.554557846875 0.5274549578125 0.5353968703125 0.6060150625 0.5296190046875 0.682908496875 0.5413329234375001 0.717183453125 0.5636280124999999 0.7220766140625 0.61074846875 0.657814296875 0.655867540625 0.5737554609375 0.6721131015624999 0.5537782890625 0.7875844515625 0.3147112359375 0.7989813109375 0.28174164375 0.7933471875 0.24932420781250003 0.7994421109375 0.2396753140625 0.807145703125 0.2401104375 0.8136711625 0.2114080359375 0.864854896875 0.140713121875
6 0.5850785453125 0.135812171875 0.52937073125 0.25500600625000003 0.4923252640625 0.36647208125 0.46864777343749997 0.4877779015625 0.466495084375 0.5830454609375 0.47777089687499996 0.64212713125 0.503237934375 0.7017075390625 0.5291884687499999 0.7019620109375 0.5300949359375 0.6293357609375 0.5488631984375 0.54106315 0.6306652921875 0.312812915625 0.6949150796875 0.173206790625 0.730268659375 0.11494194531249999 0.76436729375 0.06972322187499999 0.6565920703125 0.0367953921875 0.6508916078125 0.0408092828125 0.5850785453125 0.135812171875
6 0.933914175 0.6606236625 0.9465799515625 0.5877531484375 0.9462704625 0.5147553968749999 0.939443075 0.46470684531249995 0.9281445671874999 0.42288478593749995 0.8990220890625 0.36794307187499997 0.8913109296874999 0.37326115312499997 0.8351650125000001 0.517261703125 0.777032846875 0.629959321875 0.7509537 0.7275093218750001 0.6920134140624999 0.8380415375 0.65415983125 0.9473422125000001 0.6747857296875 0.98817699375 0.698289215625 0.999194865625 0.7835122218749999 0.9446552562500001 0.8224985453125001 0.8990113281250001 0.8757214890625 0.819346915625 0.9168075390625001 0.7187078578125 0.933914175 0.6606236625
6 0.8986917015625 1 0.911595696875 0.9818692234374999 0.9412848890625 0.91419975625 0.9608612703125001 0.8280925484375 0.9679004890625 0.7170513953125 0.96346719375 0.69651186875 0.9675380390624999 0.68432606875 0.9477807781250001 0.5996310593749999 0.9257573499999999 0.696501665625 0.8797847671874999 0.812914321875 0.84036790625 0.8776117609374999 0.7753856578125 0.9575204421875 0.7627728390625 0.9901185312499999 0.7546619375 1 0.8986917015625 1
6 0.673696621875 1 0.6585704296875 0.9851413484375 0.65048169375 0.969240515625 0.6533592765625 0.9394236015624999 0.6708434953125 0.902558325 0.691205296875 0.8358761328125001 0.7013559375 0.8255478546875 0.7493298984375001 0.728931715625 0.7668670734374999 0.6517940109375 0.7611875578125 0.6538957984375 0.7404557406250001 0.6936058671875001 0.6799219203125 0.78254766875 0.5942305515624999 0.8849068093750001 0.524339075 0.9978486999999999 0.5236984671875 1 0.673696621875 1
6 1 0.14171448125 0.9071390265625 0.1133433 0.9131232203125 0.12860114375 0.9598956624999999 0.32898620625 0.9768661234374999 0.3744596859375 0.9886178640625 0.37996861718749997 1 0.3754125046875 1 0.14171448125
6 1 0.7685256171875 0.998661896875 0.7590643046875 0.9764500249999999 0.690885896875 0.9687539984375 0.6846975750000001 0.9645242765625 0.8177006531250001 0.9486109 0.8934159625 0.9250090640625 0.9571897421875001 0.9148584265625 0.967518021875 0.90752485 0.9940550218749999 0.9037695796874999 1 0.94778668125 1 1 0.7703383984375 1 0.7685256171875