6 0.7099547375 0.1692188875 0.6552920828125 0.245219734375 0.611914246875 0.296264359375 0.48812647968749995 0.4193164953125 0.4894751453125 0.4355165796875 0.5165292406249999 0.44401714375 0.6271290625 0.42272311562500003 0.7027796828125 0.373276921875 0.7943869328125001 0.2969431 0.8570740359375 0.23165681249999998 0.90258519375 0.1681210234375 0.93823055625 0.07524957812500001 0.9340162968750001 0.0553491140625 0.7688608390625 0.045562123437500004 0.7579539640624999 0.0796189671875 0.7099547375 0.1692188875
6 0.44955639999999997 0.2584991484375 0.4166454453125 0.32651697031250004 0.4020374859375 0.36960467812500003 0.4229084671875 0.3860117796875 0.50545649375 0.370459759375 0.5604577515625 0.343986165625 0.6252448859374999 0.279446884375 0.6808928796875 0.2082880640625 0.7335848453125 0.1226031671875 0.7668322234375 0.045441909375 0.57138555 0.033859884374999996 0.5508572546875 0.0957828984375 0.44955639999999997 0.2584991484375
6 0.2276976671875 0.3648570265625 0.199855134375 0.42906333124999996 0.203057496875 0.44479991406249997 0.22071375624999998 0.4645550296875 0.2597583875 0.464969059375 0.307461846875 0.45049702031249994 0.352338621875 0.41256186093749997 0.382761503125 0.37060817031250004 0.5337982984375 0.10768094375 0.5617594593749999 0.03328945 0.379311628125 0.0224777265625 0.2298224171875 0.3274348359375 0.2276976671875 0.3648570265625
6 0 0.7474299703125 0.0240735375 0.7427012984375 0.091428659375 0.7194992296875 0.19019200625 0.6591854953125 0.2279003265625 0.6243148453125 0.265374675 0.5691490921875 0.274304553125 0.5173043374999999 0.25913636875 0.47148509375 0.22639183593749998 0.47331207812500004 0.20983790781249997 0.4685465390625 0.1951500359375 0.44423290625 0.1856352140625 0.4453399046875 0.1225724296875 0.5183527296875 0.030343159375 0.6012025828125 0 0.62042136875 0 0.7474299703125
6 0 0.618739440625 0.043448387500000005 0.5890210296875 0.12368711875 0.514257709375 0.1865035671875 0.440034378125 0.21136535781250002 0.399471190625 0.2218902390625 0.3650370234375 0.21672955 0.32053179374999996 0.19969530625 0.29426064687500003 0.18450240625 0.2866105984375 0.15459691250000002 0.29281610625 0.1489188328125 0.2840590578125 0.1344525765625 0.2991251234375 0.117769303125 0.3032966328125 0.110225165625 0.3140876828125 0.1009566796875 0.3164051875 0.097366271875 0.32747974062499996 0.0827830296875 0.33239825624999997 0.0239326703125 0.3878204953125 0 0.41818813125 0 0.618739440625
6 0.5819128375 0.79403346875 0.67458534375 0.7899430187500001 0.7866631765625 0.775912028125 0.8390593718750001 0.7653550140625 0.884170128125 0.7477149578125 0.9226174593750001 0.716475828125 0.9180664249999999 0.6845391609375 0.8907659953125 0.6748280921875 0.8407285296874999 0.668258021875 0.7465780078125 0.6650854359375 0.5208273375 0.6757368234375 0.2957110453125 0.6607875828124999 0.2120606875 0.6613500234374999 0.1914236828125 0.665238028125 0.138393109375 0.7013956718750001 0.11318035468750001 0.71151620625 0.109836284375 0.7238012640625 0.199762021875 0.763649034375 0.384343309375 0.790005803125 0.5819128375 0.79403346875
6 0.855773965625 0.5220207890624999 0.7110809453125 0.5289417171874999 0.4718493640625 0.5595011953125 0.390040346875 0.5786847328125 0.31625577968749996 0.60858283125 0.290291659375 0.6341564421875 0.2965794 0.65548205625 0.37873938125 0.6667411734375001 0.47820465937499995 0.66731275 0.5045197453125 0.67218179375 0.7811762375 0.6627949484375 0.81713549375 0.6576199484374999 0.84433129375 0.63809886875 0.8561924828125 0.6389493828125 0.8595241953125001 0.6457489203125 0.8891833531250001 0.638332903125 0.9792507968749999 0.6501590312500001 0.9825130296875001 0.6494444875000001 0.9859622218749999 0.5330342765625 0.9422633609375 0.5258368703125 0.855773965625 0.5220207890624999
6 0.8481869937500001 0.40815670312499996 0.7111550984375 0.414434134375 0.5903014484375 0.43320363906250003 0.46684273750000005 0.467889728125 0.3778529078125 0.509222371875 0.3287760671875 0.545663521875 0.2861163109375 0.5944932359374999 0.2984578140625 0.616849359375 0.36594228125 0.5847102453125 0.456527115625 0.5607881921875 0.7068808796875 0.5274477078124999 0.86689615 0.51923978125 0.937816959375 0.5231323531250001 0.9860415375 0.5303573453125 0.9889692468750001 0.4315471984375 0.9677842453125001 0.421503859375 0.8481869937500001 0.40815670312499996
6 0.5327618421875 0.9449822015624999 0.6061707265625 0.9228106421875 0.6734088593750001 0.889461021875 0.7163025937499999 0.860926409375 0.74943516875 0.8322882875 0.7860411578125001 0.7824280640625 0.777394690625 0.7782295328125 0.6172500765625 0.795374503125 0.485040265625 0.7966299109375 0.3823479078125 0.818490946875 0.2517454578125 0.8180723484374999 0.1324991703125 0.835167846875 0.10479834218749999 0.8713525109375 0.10601766093750001 0.896489640625 0.19766775 0.944810953125 0.2586980546875 0.9575370640624999 0.3580339828125 0.9670456843749999 0.47085082500000003 0.956646215625 0.5327618421875 0.9449822015624999
6 0.49638662499999997 1 0.4971411921875 0.999684453125 0.51395381875 0.9865759000000001 0.5271760328124999 0.9845418953125 0.59578755 0.9292231671875 0.495687896875 0.9542522203124999 0.3659414421875 0.9676126937499999 0.287113175 0.9631531140625 0.1818528296875 0.9436769359375001 0.145647234375 0.9476414312499999 0.1253859125 0.9438028953125001 0.0965951125 0.9459133859375 0.096958434375 0.9572714421875 0.0861995765625 0.9714105078124999 0.054803707812500005 0.989437575 0.056953140624999996 1 0.49638662499999997 1
6 0 0.8861490109375 0.014835529687499998 0.8887585343750001 0.0999638984375 0.8954591296875 0.0925614671875 0.8782285359375 0.0997422796875 0.8560794296875001 0.11050114062500001 0.8419403671874999 0.1394212890625 0.8308928296874999 0.1819269796875 0.8291693546875001 0.25335281875 0.8163983421875001 0.2678067171875 0.8204168718749999 0.380247875 0.8177439421875 0.4599568578125 0.7978133984375 0.45526411875 0.7938983765625001 0.4085583625 0.7941278406250001 0.29711490625 0.7825582 0.16109307343749998 0.7555084640625 0.022958846875 0.7467963171875 0 0.75105520625 0 0.8861490109375
6 0.8177509125 0.8520974375 0.8183605734375 0.8646660031250001 0.8415779265625 0.8830306125 0.9257333093750001 0.8658045874999999 0.9767686828125001 0.8433162125000001 0.9806357296874999 0.7128033953124999 0.85150550625 0.8169432859375 0.8177509125 0.8520974375