6 1 0.1782077484375 0.9357280640625 0.25362985781249997 0.8632186859375001 0.3112979421875 0.7898043484375 0.35437685 0.7348062343749999 0.3805213125 0.585814196875 0.43550575468749997 0.5812659578125 0.45012814062500006 0.6013755671875 0.46882514999999997 0.7033045015625 0.49662569218749997 0.7852967015625001 0.485372421875 0.890373746875 0.4574635359375 0.966870053125 0.427040196875 1 0.4075071859375 1 0.1782077484375
6 1 0.09702944531249999 0.8499995609375001 0.06494468437499999 0.8456787218749999 0.0748171734375 0.7532091609375 0.1809997203125 0.6094624515625 0.27981310000000004 0.557429778125 0.3250662265625 0.5297966890625 0.356344228125 0.541844959375 0.37931510625 0.6178013015625 0.40036053281250006 0.6740791640625 0.40040190156250005 0.7521057828125 0.37150552812500004 0.82465785625 0.3330407203125 0.8997967234375001 0.28073361406249997 0.957261253125 0.22584563906250002 1 0.1681323328125 1 0.09702944531249999
6 0.39758593124999997 0.247689159375 0.3826051203125 0.2792741875 0.336241209375 0.32334058125 0.333438846875 0.33833640625 0.341564228125 0.36286745625 0.374757246875 0.379564440625 0.4205811921875 0.3869668109375 0.472246775 0.3728256484375 0.512984615625 0.34914925937499997 0.7344569875 0.1841864765625 0.8204168656249999 0.0934064 0.8395740890625 0.0627147 0.6534772484375 0.0229090015625 0.6438036390625 0.02803764375 0.6377250875 0.0411330625 0.39758593124999997 0.247689159375
6 0.14147351875 0.5300044625 0.2470243890625 0.518991803125 0.2914909 0.5045104078125 0.34289822187499996 0.47231949375 0.3687640828125 0.431066415625 0.3719335359375 0.3849586234375 0.343331453125 0.3728425328125 0.330873396875 0.36178034531250003 0.32688646875 0.33453560000000004 0.3183726484375 0.3315148765625 0.23883706562499998 0.36848592812500003 0.1309363140625 0.40178899843749993 0.0380377171875 0.41310868437500003 0.027526246875 0.4128936921875 0.034049184375 0.51073776875 0.075798221875 0.5219548328125 0.14147351875 0.5300044625
6 0.1464122953125 0.3967018390625 0.24122964218749998 0.36539879218750004 0.3209807921875 0.3272742171875 0.35648099843750003 0.3024775140625 0.3775830546875 0.27700034375000004 0.3888351984375 0.23622032499999998 0.383533525 0.206295090625 0.37325248125 0.1932992921875 0.34553400624999997 0.1861707375 0.34376678437499997 0.17619566250000002 0.3261137890625 0.1832164328125 0.31040089375 0.179855478125 0.30016254062500003 0.18606295625 0.291433153125 0.184195759375 0.2844709921875 0.1923036421875 0.27028840625 0.1904696515625 0.2005386953125 0.213938634375 0.099879709375 0.266785215625 0.0417712828125 0.28625531406250004 0.0250491734375 0.3757376046875 0.0273414875 0.410122309375 0.0565743234375 0.41107545156249997 0.1464122953125 0.3967018390625
6 0.5340548296875001 0.79992000625 0.614623453125 0.8351479671875 0.715258990625 0.869869659375 0.763712425 0.8826330062500001 0.80843719375 0.886201365625 0.8522570015625 0.87518054375 0.859607603125 0.8455623359375 0.839713559375 0.825711803125 0.7993001203125 0.799072946875 0.7200248953124999 0.7569238390625 0.523517625 0.6717045453125 0.3365593140625 0.5645350734375 0.26493564375 0.5300207859375 0.245946559375 0.5247594296875 0.187944165625 0.5339462578124999 0.16285518125 0.5321786828125 0.155677453125 0.5414400890625 0.218441553125 0.6136472609375 0.3667749953125 0.7137545937499999 0.5340548296875001 0.79992000625
6 0.9239468109375 0.8413298375 0.9604044671875 0.850273153125 0.9794199375 0.7485187734375 0.936106009375 0.7179690843750001 0.8635987296875 0.678467259375 0.737615946875 0.623928240625 0.5225934171875 0.5503438187499999 0.44599037656249996 0.5327589640625 0.3724693046875 0.527829678125 0.3413017703125 0.539157525 0.3391674546875 0.5602944109375 0.405359271875 0.604443546875 0.4900876921875 0.646559446875 0.5108440046875 0.66179588125 0.7503728578125 0.7694133703125 0.7828978296875 0.779969290625 0.8129875312499999 0.77440906875 0.8228160984375 0.7801102796875 0.8232685765625 0.7874048703125001 0.851202615625 0.7933798984375 0.9239468109375 0.8413298375
6 0.8971822843749999 0.5764840046875 0.7779674453125 0.5245922703125 0.6681713890625 0.49031043125 0.5505509015625 0.46875057499999995 0.460023534375 0.467381484375 0.4052973296875 0.47846871875 0.35169164999999997 0.5029916046875 0.35436383125000004 0.5275558609375001 0.423293971875 0.527904253125 0.5090575312500001 0.545049253125 0.734555325 0.6208743125 0.8740739937500001 0.6807078953125 0.9332609546875 0.7137616328124999 0.97994313125 0.745719090625 0.9990496312499999 0.6434775968750001 0.9946056765625 0.638110209375 0.8971822843749999 0.5764840046875
6 0.4389771265625 0.9103432124999999 0.5094589203125001 0.9218202078125 0.5786046265625 0.921015078125 0.6252694890625 0.9142017109375 0.6636361 0.9032140984374999 0.71243528125 0.87526384375 0.706529603125 0.8680024609375 0.5637560921875 0.8158701140625 0.4504255875 0.7616381203125 0.355049025 0.7376383859375 0.24367996406249998 0.6826263046875 0.1358453484375 0.64756438125 0.09946152968750001 0.6673735484375001 0.091658446875 0.6896971671875 0.152913584375 0.7699790140625 0.2005474484375 0.8065597406249999 0.2820210296875 0.856376878125 0.38200986875 0.8945591421874999 0.4389771265625 0.9103432124999999
6 0.13202499843749999 0.89147256875 0.19948886562499998 0.9190989125 0.2832909828125 0.9370239984375001 0.3893156765625 0.9429075671874999 0.408283415625 0.9385672875 0.42028899375 0.9423348859375 0.49833695625 0.9230401468749999 0.40405957656249997 0.9028744265625 0.28857340625 0.8601776828125001 0.22283407031250002 0.8233231390625001 0.13980883125000002 0.7623773984375 0.10749942500000001 0.750667953125 0.09154961406249999 0.7388588859375 0.0662237203125 0.7286431984374999 0.0625377453125 0.7386514828124999 0.0497124234375 0.7456863609375 0.056065026562499995 0.8409754062499999 0.0575349265625 0.843149190625 0.13202499843749999 0.89147256875
6 0.0865936890625 0.6682200484374999 0.10051801406250001 0.652004284375 0.1146792546875 0.6442366359375 0.14325999218750002 0.6467510875 0.1801603296875 0.663041428125 0.2456414078125 0.68184621875 0.25656915156250004 0.6913814453125 0.3535187171875 0.7361114203125 0.4285914453125 0.7521693093749999 0.42596195468750003 0.74680833125 0.3860009953125 0.7274640640625 0.2949144140625 0.67079219375 0.1882878109375 0.5904025671875 0.0734056453125 0.52504196875 0.0342719984375 0.5140799765625 0.0440710125 0.6610651937500001 0.0868519484375 0.6862698015625 0.0865936890625 0.6682200484374999
6 0.9408442718750001 0.886931359375 0.7561889515625 0.9326080171875001 0.7149986296875 0.9489898171875 0.7110970921875001 0.960151625 0.7244601046875 0.9858029921875 0.7406547296875 0.9900149921875 0.9348276203125 0.98713835625 0.9546324140625 0.8811601953125001 0.9408442718750001 0.886931359375
6 0.3529532046875 0.9723183703125 0.41507270781249994 0.9508162078125 0.420073425 0.9434884109375 0.2935506796875 0.940418159375 0.22000826093749998 0.925887234375 0.1569197625 0.90399530625 0.1459920171875 0.8944600828124999 0.12001942031249999 0.8877049687499999 0.090533725 0.8706013359375 0.07592000625 0.8710743984375 0.07072506875 0.8891573562499999 0.059615960937500004 0.8942394171875 0.06089646562499999 0.913446990625 0.3430954984375 0.9738087312499999 0.3529532046875 0.9723183703125