6 0.054335789062499994 0.6204649171875001 0.0953276265625 0.547021909375 0.11983339687500001 0.5164514359375 0.19426508125 0.45316535468749997 0.2446237171875 0.3985273796875 0.2498480234375 0.3805269390625 0.2485393140625 0.36460471875 0.23828260625 0.353509384375 0.18645120312500002 0.3482127953125 0.136029728125 0.3761349765625 0.095547378125 0.4088171265625 0.0395072546875 0.4672428734375 0.0241274609375 0.491444528125 0.0186389734375 0.50325228125 0.0244464046875 0.660052915625 0.040938248437500005 0.663840275 0.054335789062499994 0.6204649171875001
6 0.265475421875 0.1270119421875 0.26066991562499997 0.1686443 0.2736591859375 0.183326340625 0.2949996703125 0.171091528125 0.3378725421875 0.09952567968750001 0.35594651875 0.0883299765625 0.3632682234375 0.06124550937499999 0.3775417453125 0.055714734375 0.39568141562500003 0.0205168140625 0.307000253125 0.01591853125 0.2877581171875 0.05209390781249999 0.265475421875 0.1270119421875
6 0.96395688125 0.082065840625 0.923055728125 0.091116078125 0.87443853125 0.13975390625 0.7901444843750001 0.179441528125 0.7589660953124999 0.2042129203125 0.7517211515625 0.212458896875 0.719143365625 0.2857008390625 0.7113121718750001 0.3535461609375 0.7143239375 0.372887478125 0.7262453171875001 0.396821153125 0.736006459375 0.4031230640625 0.7542200343750001 0.399804665625 0.7810779515624999 0.33976973906249996 0.7839256578125 0.3150987140625 0.8145072640625 0.268237346875 0.9050935046875 0.20129765000000002 0.9887140046875 0.1583585359375 0.9894643109375 0.1427715375 0.9999757625000001 0.1334864484375 0.993659109375 0.12460348750000001 0.9913592734375 0.0990944140625 0.984369071875 0.086959965625 0.96395688125 0.082065840625
6 0.509776053125 0.09138139687499999 0.48274015625000005 0.1529582609375 0.46674965312500005 0.2006242203125 0.465643384375 0.2192951 0.475390603125 0.2711512875 0.4838430359375 0.26153098125 0.5008107374999999 0.2690061578125 0.514093134375 0.25388852812499996 0.58667163125 0.0976167296875 0.629463115625 0.032638828125000005 0.5576006812500001 0.028912628125 0.530163790625 0.060140484375000004 0.509776053125 0.09138139687499999
6 0.6108982015625 0.051291643750000004 0.599102496875 0.08078955156249999 0.57715130625 0.116488671875 0.513381209375 0.260056284375 0.511779371875 0.2739337359375 0.5155414453125 0.2776880515625 0.5195443375 0.30661622187500004 0.5431602 0.28375544375 0.5683778984375001 0.2470172125 0.65320928125 0.0754601734375 0.67878294375 0.035638065625 0.6748000765625 0.034989634375 0.626256003125 0.032472532812499996 0.6227951265625 0.039090284375 0.6108982015625 0.051291643750000004
6 0.5190103921875 0.31124203906250003 0.5102648328125 0.3506620203125 0.512781034375 0.3652099078125 0.528045684375 0.3692659859375 0.5535042031249999 0.3577016109375 0.5924614796875 0.3200584203125 0.618352721875 0.286571678125 0.6636405765625 0.21225717031250002 0.668903265625 0.184837484375 0.694197728125 0.129260765625 0.7003503249999999 0.0941313828125 0.6958518687499999 0.060409790625 0.6740925812499999 0.049012689062499996 0.6594247171875 0.0670465828125 0.579957240625 0.2284804875 0.5578280671875 0.265721546875 0.5190103921875 0.31124203906250003
6 0.9151372406249999 0.0961105703125 0.9143240921875 0.08498177812499999 0.9071623093750001 0.07281939375 0.862378678125 0.065528390625 0.8604720546875001 0.069930728125 0.8246033046875001 0.10807674375000001 0.734983734375 0.148468259375 0.69262035 0.179273253125 0.661009234375 0.2259670125 0.6318375578125 0.306047146875 0.6364127749999999 0.32093025625 0.645322390625 0.3255226171875 0.6482517484375 0.3418689828125 0.65078751875 0.33269603124999997 0.6647434578125 0.3208298875 0.7053793328125 0.2504707609375 0.7271141609375 0.225732825 0.7915299546875 0.17652525937500002 0.8489800093750001 0.1513182796875 0.8873649578125 0.12772015625 0.9085658421874999 0.10760803593749999 0.9151372406249999 0.0961105703125
6 0.0494704796875 0.0447177703125 0.1846920953125 0.06359071250000001 0.24931033125000002 0.048976242187500005 0.256059709375 0.0359368375 0.2646517453125 0.034193832812500005 0.2699963828125 0.0139998125 0.1357892515625 0.007040923437500001 0.0540343765625 0.0051785984375 0.0494704796875 0.0447177703125
6 0.2477468765625 0.0534344515625 0.209222325 0.0691552734375 0.1915426921875 0.06784785156249999 0.189902478125 0.0911445484375 0.19858180625 0.152252375 0.2423167375 0.1640853921875 0.25908200625 0.1369674703125 0.2848475734375 0.050049140625 0.301879228125 0.015652996875 0.2703950671875 0.014020484375 0.2574068 0.0424398140625 0.2477468765625 0.0534344515625
6 0.3731305859375 0.08484396718750001 0.3686042828125 0.142230934375 0.374156703125 0.21225517656249998 0.3900181359375 0.23840123124999998 0.3884163015625 0.25227868125 0.40073202500000005 0.2637092390625 0.40829455000000003 0.261798625 0.42187006875 0.21688132499999999 0.4276038625 0.1581200296875 0.435993459375 0.12178392656249999 0.46057599531250004 0.0723749671875 0.48767472968750003 0.037513892187499995 0.5017489890625 0.0260166140625 0.39812457968750004 0.020643496875 0.393277503125 0.028429203125000004 0.3731305859375 0.08484396718750001
6 1 0.2816011765625 0.9689335828125 0.2933787421875 0.9131865828124999 0.32200481718749996 0.8649637265625 0.3581395203125 0.8297685203125 0.3995370234375 0.814210746875 0.425280615625 0.8083373515625001 0.47616460624999996 0.8136873328125 0.5115957515625 0.8361830015624999 0.55296013125 0.84133054375 0.553798178125 0.856493975 0.54055770625 0.8551468874999999 0.5340547328125 0.88162438125 0.44096864687500004 0.8980336812499999 0.41693460312499997 0.9288944906250001 0.385827846875 0.9595389328125 0.3656822703125 0.9813749812499999 0.3582408828125 1 0.3566691703125 1 0.2816011765625
6 1 0.267663525 0.9185644140625 0.2663273984375 0.8771293171875 0.280003453125 0.8236193171874999 0.3074228046875 0.8088118484375 0.3175793984375 0.7791201531249999 0.35673107187499997 0.7621769046875 0.3853909296875 0.76035870625 0.410229565625 0.764246453125 0.4674154671875 0.7744647796875 0.487930046875 0.7730409265625 0.5002655625 0.7771205796875 0.5103552437500001 0.78582775625 0.48035450625 0.8159521812499999 0.41928046874999997 0.8627267265624999 0.359346240625 0.9200755640624999 0.316842715625 1 0.281686271875 1 0.267663525
6 0.7544506796875 0.8067093125 0.8162490546875001 0.7256573125 0.8463979359374999 0.700718309375 0.87856745 0.6855337703125 0.8889009203124999 0.6777906203125 0.8908203374999999 0.6702485328125001 0.8798900859375 0.6559017078125 0.8549271296875001 0.6722595124999999 0.8420774625 0.6654547734375 0.7943885500000001 0.6969636625 0.770060759375 0.7259921968749999 0.7183794890625 0.8102622328125 0.7094943296875 0.841804909375 0.7116929484375001 0.8500174296875 0.7544506796875 0.8067093125
6 0.571369434375 1 0.6145213875 0.974008878125 0.6361166109374999 0.941393634375 0.627461740625 0.9164208468749999 0.6233437046875 0.9157504078125 0.6028931296875 0.9202755265624999 0.5978468078125 0.9367340296875 0.5844248109375 0.9439743546875 0.5591442718749999 0.953996790625 0.5198065765625 0.958588821875 0.48768340468750004 1 0.571369434375 1