6 1 0.7938846296875 0.9302393109375 0.7739880015625 0.8443014312500001 0.731835028125 0.7706384140625 0.683113040625 0.7207968046875 0.6441942187499999 0.5995860796875 0.5325082890624999 0.5846004890625001 0.5342082515625 0.5781885828125 0.5595923609375 0.6040766625 0.6618213890625 0.6542101984375 0.7307855921875 0.7302179765625 0.8138427625 0.794362603125 0.87031954375 0.855933740625 0.9108774796875 0.9442323328125 0.9414559703125001 1 0.9278227609374999 1 0.7938846296875
6 1 0.6103928140625 0.9038043953124999 0.5819124484375 0.7469599734375 0.49222326875 0.681916384375 0.46350215937500006 0.64105655625 0.45110915937499996 0.6269539749999999 0.47096311562500004 0.6459588515625 0.54727285625 0.6735991078125 0.5976738078125 0.73716499375 0.6561233921875 0.8063810578125 0.705894740625 0.888937978125 0.752518003125 0.9650532 0.7822989765624999 1 0.78988336875 1 0.6103928140625
6 1 0.435546678125 0.983364390625 0.4235844734375 0.96895754375 0.42331163437499997 0.6707713265625 0.2898534390625 0.6358659453125 0.2889089984375 0.574644821875 0.26479459843750003 0.5601922296875 0.2682050234375 0.5428001796874999 0.2851627359375 0.5445661984375 0.32147072187500003 0.5606475734374999 0.3654180828125 0.5983849640625001 0.4060914359375 0.6390618078125 0.433217503125 0.8918040093749999 0.5663818609375 1 0.60302693125 1 0.435546678125
6 0.487382428125 0.19541063281249998 0.405282965625 0.11195470156250001 0.3508390765625 0.034826443750000005 0.25959581875 0.056357421875 0.273397865625 0.11002382343749999 0.298677409375 0.17199925625 0.36018684843750004 0.26215012031249996 0.39468051718749997 0.2962439609375 0.448027984375 0.32956128125 0.49671572187499996 0.33643463125 0.5384745125 0.3210719609375 0.53497226875 0.2906823859375 0.5384904671874999 0.275162296875 0.5602837203125001 0.260838490625 0.558730478125 0.252023834375 0.487382428125 0.19541063281249998
6 0.7062256546875 0.24659867968750002 0.69880945625 0.21896892812500002 0.7066373671874999 0.213449278125 0.6918347609375 0.20041617343749998 0.687037796875 0.18502200625 0.67659065 0.1783060734375 0.6739256703125001 0.1697537578125 0.663432778125 0.1667210921875 0.658057071875 0.15329972812499998 0.6032935984375001 0.1001179515625 0.50771604375 0.030859907812499997 0.49372449375 0.0172412390625 0.43417375312499995 0.01516168125 0.35309085156250003 0.034295084375 0.36061662656250004 0.049045326562500005 0.4173291 0.12380202343749999 0.49125063906250005 0.1963340734375 0.563710425 0.252684934375 0.6027882828125 0.27467961406249997 0.6353786953125 0.28351526875 0.6764672515625 0.2774919375 0.6999509859375 0.260932984375 0.7062256546875 0.24659867968750002
6 0.3546281578125 0.2634618234375 0.318093996875 0.2151595953125 0.3072968375 0.1920001328125 0.29569220937499996 0.1892298078125 0.26360288593750003 0.27392394531250003 0.2492694640625 0.4462399640625 0.256409075 0.6300150421875 0.2653168171875 0.71605238125 0.28453446875 0.81985545 0.2972348828125 0.8682731 0.316118475 0.9097229765625 0.347276928125 0.944603840625 0.3767151109375 0.9394934484374999 0.3842387546875 0.913847 0.38758992187499997 0.8671503156249999 0.38535260625 0.7795389328125 0.36301463125 0.5699704875 0.3645104 0.3602866203125 0.3593793765625 0.28253925625 0.3546281578125 0.2634618234375
6 0.5211330578125 1 0.5255805484375 0.9576160171874999 0.524363478125 0.877108828125 0.5099587453125001 0.742790259375 0.46837121249999997 0.5212380734375001 0.4460311234375 0.4457153546875 0.4141726421875 0.37794743125 0.38896863593750003 0.3545151296875 0.3694903484375 0.360947721875 0.363549740625 0.4376352234375 0.36849778125 0.5301156546875 0.3654210890625 0.5547127390625 0.389387846875 0.811638971875 0.396179559375 0.84492479375 0.41582487500000004 0.8696687984375 0.41568763750000004 0.8807185984375 0.40955020624999994 0.8840031046875 0.41807814375 0.911370515625 0.4120460421875 0.9954245515625001 0.4133276828125 1 0.5211330578125 1
6 0.61516768125 1 0.6239762734375 0.9784669109375 0.6297956 0.8669195468750001 0.6164111109375 0.7397051703125 0.5923050046875 0.6278744656249999 0.5532590515625 0.5140604578125 0.5099331796875 0.43247240781249996 0.47335327187500004 0.38785344843749997 0.4256102421875 0.349541159375 0.40550746875000004 0.361629821875 0.4391021734375 0.42347933437499996 0.46633071875 0.5070296890625 0.511116228125 0.7388446531249999 0.5275614562500001 0.8873716078125 0.5278497703125 0.95340806875 0.5236490328125 1 0.61516768125 1
6 0.15824841875 0.18861063281249998 0.1349476671875 0.190436515625 0.0950761796875 0.2769670390625 0.086607828125 0.3340524234375 0.08324070781250001 0.4266587734375 0.09912314531250001 0.5312488671875 0.1133768015625 0.588481171875 0.1380318578125 0.6561126749999999 0.172738303125 0.717699846875 0.20162753437499997 0.756788659375 0.23007526406249998 0.7868004734375 0.27844278125 0.8194566906249999 0.2818694890625 0.8113031359375 0.2571091 0.6629021046875 0.24865881562499997 0.540032096875 0.2226792453125 0.4451696046875 0.21587369375 0.32374771875 0.1934123203125 0.2133651359375 0.15824841875 0.18861063281249998
6 0.09203139375 0.20974479375000002 0.088483403125 0.1830384859375 0.0779447671875 0.1836890859375 0.064208153125 0.1740769109375 0.0457203203125 0.1453872953125 0.030155990625 0.14906006249999998 0.0093372359375 0.17417133125 0.00820955625 0.1762624546875 0.0222452125 0.4776136453125 0.060562331250000004 0.556874315625 0.07367445624999999 0.5721425640625 0.07629369375 0.5843781453125 0.13149866875 0.6466369171874999 0.10271688125 0.5542719093749999 0.083149215625 0.43402530625 0.0829523921875 0.3606223140625 0.09525916250000001 0.262233971875 0.0895791875 0.22868580781249997 0.09203139375 0.20974479375000002
6 0.24955777656250003 0.512276425 0.24677151406250003 0.46886424531250004 0.251387609375 0.364945753125 0.26904029218750003 0.2377523796875 0.26952965624999997 0.10910038124999999 0.2567161671875 0.057036942187499995 0.1395212390625 0.08469182343750001 0.1371115578125 0.105459040625 0.13557215625000002 0.184780446875 0.1511822328125 0.1774244109375 0.172168015625 0.1834897421875 0.185904628125 0.1931019203125 0.19776778125 0.2196823078125 0.201711528125 0.25914888125 0.2175184265625 0.325195840625 0.21457897343750001 0.338743128125 0.22325798749999998 0.44319680000000006 0.24617681875000003 0.5167467140625 0.24955777656250003 0.512276425
6 0.35527284375 1 0.2499631484375 0.88126420625 0.21542373593750003 0.8508536296875 0.20377335937500002 0.8517665734375001 0.1879803 0.873855675 0.208629909375 0.9516135359375 0.23313839218750002 1 0.35527284375 1