6 0.75219563125 0.4965160609375 0.8590277546875 0.47018987343749996 0.93747480625 0.4409287125 0.9837884234375001 0.4153156421875 0.9931886234375 0.184618228125 0.990562040625 0.189159646875 0.9179128265625 0.267228565625 0.8416342453125001 0.3237665984375 0.7654232515625 0.365716453125 0.7087381578125 0.3910211375 0.5562311156249999 0.44374621562499994 0.5507135 0.45828685937499997 0.5695580312499999 0.477263046875 0.6695348531249999 0.5065447265625 0.75219563125 0.4965160609375
6 0.726621096875 0.382270284375 0.8016633750000001 0.3449172140625 0.8802118046875 0.29377378906249996 0.941275221875 0.2397904578125 0.9935503828125001 0.1757400109375 0.996124646875 0.11256305 0.844835509375 0.07746076562500001 0.8398614171875 0.08725956406249999 0.7404112421875 0.191968775 0.59022530625 0.288557178125 0.5352300734375001 0.3329955609375 0.5055411078125001 0.3638337265625 0.5160476093749999 0.38696025624999997 0.5905273625 0.4091090859375 0.6467469421875001 0.40998333750000004 0.726621096875 0.382270284375
6 0.72146533125 0.1948748515625 0.8133864281250001 0.10545656875000001 0.83456884375 0.07507868281249999 0.651306715625 0.032557990625 0.6413010796874999 0.0375384 0.6343563578125 0.050530934375 0.3806973234375 0.2533291203125 0.36362770312500003 0.28466126406250003 0.3143746765625 0.327997984375 0.31057634375 0.3429375375 0.31705991875 0.367564640625 0.349108153125 0.3847364125 0.3943938796875 0.3928096828125 0.44695029999999997 0.379447134375 0.4892248140625 0.356397034375 0.72146533125 0.1948748515625
6 0 0.51073776875 0.040960778125 0.522561659375 0.1060351625 0.531575353125 0.21221534062499997 0.522135734375 0.25760245 0.508326740625 0.31110299375 0.4769284265625 0.33969082500000003 0.43609887187499996 0.3459279703125 0.3900834828125 0.3181610515625 0.3775560296875 0.30645203906249996 0.36632037500000003 0.30428356875 0.3390435046875 0.29597933125 0.33589975625 0.21405992031249998 0.3716571859375 0.1040476171875 0.4033304453125 0.01048678125 0.41326404375000003 0 0.4128936921875 0 0.51073776875
6 0 0.410122309375 0.0291405125 0.41150716249999997 0.1198471390625 0.3984773515625 0.2166557421875 0.36860850625 0.2988673328125 0.33170188125 0.3359839953125 0.3074550546875 0.35876203281249996 0.2823153375 0.372719059375 0.2417420890625 0.36941566406250004 0.211767915625 0.3600102953125 0.198632778125 0.3327939390625 0.19110101875000002 0.331692809375 0.1811096296875 0.3135896421875 0.18786220468749998 0.2981160921875 0.1842720125 0.28747441875 0.19032183593750002 0.278878 0.1883272859375 0.2713827171875 0.1963241265625 0.2573362703125 0.194282040625 0.186092325 0.2166955578125 0.082013028125 0.26800022343749996 0.022665209375000002 0.28659109531250004 0 0.3757376046875 0 0.410122309375
6 0.2107544453125 0.5278817171875 0.1521974296875 0.536201034375 0.127250921875 0.53406388125 0.1194634578125 0.54320991875 0.17735656875 0.6162747656249999 0.318876415625 0.7184786890625 0.48025250625 0.8070348578125 0.5583954203125 0.8434204921875 0.6566191671875 0.8795973500000001 0.70417474375 0.893065225 0.7486177265625 0.8972919984375001 0.7931282953125 0.8869305921875 0.8024442437499999 0.8574503984374999 0.7838918921875 0.8373250156250001 0.7452924984375 0.8101143171875 0.6689026609375001 0.7668335078124999 0.47826496093750004 0.6787899515625 0.29862869999999997 0.5689592015625 0.22937438281250003 0.533418925 0.2107544453125 0.5278817171875
6 0.698388865625 0.779759871875 0.7301787125 0.790786753125 0.760609040625 0.7856773515625 0.7700482046875 0.7915184015625 0.7700144109375 0.798812490625 0.7975229453125 0.8051950531250001 0.8670018562499999 0.854174309375 0.9028279078124999 0.86364838125 0.9286015484375 0.7622758328125 0.88736499375 0.7311152328125 0.8175601125 0.6905792609375 0.69533398125 0.634229484375 0.48542439843749996 0.557535290625 0.41006810624999995 0.538834046875 0.33694787187499997 0.5328214984375 0.3050566453125 0.5436768828125 0.30151669999999997 0.564761325 0.364702834375 0.6098465515625 0.4465427 0.6531748937499999 0.466263771875 0.6687034921875 0.698388865625 0.779759871875
6 0.6924797734375 0.631133271875 0.8278758125 0.692972721875 0.884802965625 0.726869825 0.9293106874999999 0.75948665625 0.955207709375 0.657628821875 0.9511256124999999 0.652200959375 0.85790270625 0.589193675 0.7422615296874999 0.5355887375 0.6348570078125 0.4997157203125 0.5187884796875 0.47643632968749994 0.42844161718749996 0.4737287671875 0.3730309890625 0.483995103125 0.3178449546875 0.50770041875 0.3188784984375 0.5322799875 0.3877174234375 0.533648215625 0.47225449062499997 0.552045615625 0.6924797734375 0.631133271875
6 0.054915721875000004 0.6681871140625 0.045633565625 0.6903732203125 0.101481421875 0.7714824421875 0.146631978125 0.808732065625 0.22470730468750003 0.8597058750000001 0.3220545140625 0.8993303203125 0.3779143296875 0.91594194375 0.44756220312500006 0.928450759375 0.51669330625 0.9286697937499999 0.563765903125 0.9225537984375001 0.6028264421875 0.9121448609374999 0.6534389859374999 0.884944421875 0.64802275 0.8776027984375 0.5088621718749999 0.8234088125 0.3992553859375 0.767553015625 0.305571334375 0.74216536875 0.19797601250000002 0.6855592828125 0.09258295 0.64893598125 0.054915721875000004 0.6681871140625
6 0 0.8409754062499999 0.0013236734375 0.8431687999999999 0.0725218671875 0.8925469671874999 0.1380792296875 0.9211445312500001 0.220604834375 0.94029221875 0.326133065625 0.9477391687500001 0.34537115625000003 0.9436838968749999 0.3571139625 0.9476254624999999 0.43636996406249995 0.9295048875 0.3435286609375 0.9079637406250001 0.23100007968749997 0.8635999062499999 0.16778015156249998 0.8258087703125 0.0888958734375 0.763694375 0.057398204687499996 0.7515182968749999 0.0422506265625 0.739484821875 0.0176300953125 0.728904384375 0.013281195312499999 0.738848240625 0 0.7456863609375 0 0.8409754062499999
6 0 0.6610651937500001 0.041060075 0.6868780984375 0.042004200000000005 0.6688423328125 0.0569947703125 0.6528486515624999 0.0716593703125 0.64529825625 0.10004444374999999 0.648233228125 0.13582342187500002 0.6650536265625 0.199987475 0.684808996875 0.21026938125 0.6944965468750001 0.3041442328125 0.7406172609375 0.37807341875 0.757770396875 0.37580356875 0.7523757921875001 0.3371703828125 0.73245918125 0.249948071875 0.674495128125 0.1487806953125 0.592606725 0.03836495625 0.5256103390625 0 0.5140799765625 0 0.6610651937500001
6 0.8681609531250001 1 0.8950044453125001 0.8944195203125 0.8808455437499999 0.8999809234375 0.6933303125 0.9428795781250001 0.651089590625 0.9586355890625 0.646448515625 0.9697286406250001 0.6580899390625 0.9955524734375001 0.6739880625 1 0.8681609531250001 1
6 0 0.913446990625 0.27790044687500004 0.9779257749999999 0.2878476859375 0.97658278125 0.35133796093749997 0.9560212140625 0.35682178124999997 0.9487746593749999 0.2306283546875 0.943834875 0.158126271875 0.9282298453125 0.0965580421875 0.9054257953124999 0.08627613437500001 0.8957382484374999 0.0607790609375 0.8886054 0.032461575 0.8710822484375 0.01783076875 0.8713385578124999 0.011436615625 0.8893267874999999 0 0.8942394171875 0 0.913446990625