3 0.496875 0.5013698625 0.49812500000000004 0.46849315 0.49437499999999995 0.44292237500000003 0.48125 0.4191780828125 0.46875 0.41004566249999996 0.45437500000000003 0.40913242031249997 0.44312500000000005 0.4191780828125 0.429375 0.424657534375 0.40437500000000004 0.421004565625 0.39249999999999996 0.43835616406250005 0.385625 0.46118721406249996 0.385625 0.4977168953125 0.393125 0.523287671875 0.409375 0.54794520625 0.42874999999999996 0.5579908671875 0.45562500000000006 0.5561643828125 0.4725 0.54794520625 0.48624999999999996 0.53150685 0.496875 0.5013698625
3 0.6168750000000001 0.41643835625000003 0.6168750000000001 0.39178082187499996 0.614375 0.37716895 0.6075 0.3598173515625 0.5974999999999999 0.34794520625 0.57125 0.3579908671875 0.54625 0.357077625 0.53 0.3497716890625 0.515625 0.37077625625 0.50875 0.39726027343750003 0.509375 0.4283105015625 0.5181250000000001 0.4566210046875 0.5325 0.4757990875 0.55125 0.48675799062499997 0.5743750000000001 0.48493150625 0.5900000000000001 0.473972603125 0.608125 0.4484018265625 0.6168750000000001 0.41643835625000003
3 0.775625 0.4547945203125 0.776875 0.4237442921875 0.77 0.39634703125000004 0.755 0.375342465625 0.740625 0.3680365296875 0.71 0.365296803125 0.684375 0.3698630140625 0.6681250000000001 0.3872146125 0.660625 0.4054794515625 0.6575 0.4219178078125 0.658125 0.457534246875 0.665625 0.48219178124999995 0.6825 0.509589040625 0.7006249999999999 0.5214611875 0.725625 0.526027396875 0.749375 0.5123287671875 0.76375 0.49497716875000003 0.775625 0.4547945203125
3 0.688125 0.64931506875 0.6925 0.6337899546875 0.6925 0.6091324203124999 0.688125 0.59360730625 0.6625 0.5698630140625001 0.6575 0.558904109375 0.654375 0.53789954375 0.6475 0.532420090625 0.6212500000000001 0.53150685 0.605 0.54063926875 0.586875 0.5689497718750001 0.5806250000000001 0.595433790625 0.58125 0.6255707765625 0.5900000000000001 0.657534246875 0.6025 0.6776255703125 0.619375 0.6894977171875001 0.646875 0.6913242015625001 0.666875 0.68219178125 0.67625 0.6630136984375 0.688125 0.64931506875
3 0.615625 0.3141552515625 0.61875 0.2922374421875 0.61625 0.25844748906250004 0.6068749999999999 0.24292237499999997 0.5900000000000001 0.2383561640625 0.5818749999999999 0.23196347031250003 0.568125 0.19817351562500002 0.5443749999999999 0.1926940640625 0.530625 0.2009132421875 0.515625 0.221004565625 0.506875 0.2502283109375 0.5081249999999999 0.3077625578125 0.52125 0.336073059375 0.54125 0.352511415625 0.553125 0.357077625 0.56875 0.357077625 0.588125 0.3497716890625 0.6075 0.33150685 0.615625 0.3141552515625
3 0.428125 0.775342465625 0.429375 0.7552511421875 0.42625 0.72785388125 0.41125 0.6986301375 0.398125 0.6894977171875001 0.388125 0.6876712328125001 0.38125 0.696803653125 0.36875 0.703196346875 0.353125 0.7041095890625 0.33625 0.723287671875 0.330625 0.7424657531250001 0.32937500000000003 0.7671232875 0.336875 0.798173515625 0.353125 0.8228310499999999 0.370625 0.8319634703125001 0.39187500000000003 0.8310502281250001 0.40812499999999996 0.8200913234374999 0.4225 0.7972602734375 0.428125 0.775342465625
3 0.240625 0.6191780828125 0.250625 0.5908675796875 0.25125000000000003 0.5598173515625 0.248125 0.5442922375 0.24125000000000002 0.5287671234375 0.22000000000000003 0.526027396875 0.19375 0.5123287671875 0.178125 0.5168949765625 0.161875 0.5287671234375 0.15437499999999998 0.5452054796875 0.15 0.5634703203125 0.151875 0.59634703125 0.16125 0.6210045656250001 0.174375 0.6356164390625 0.19624999999999998 0.6456621 0.20875 0.6465753421875 0.22312500000000002 0.6401826484375001 0.231875 0.6319634703125 0.240625 0.6191780828125
3 0.270625 0.49406392656250003 0.27937500000000004 0.4730593609375 0.28312499999999996 0.447488584375 0.27937500000000004 0.41187214687499996 0.27125 0.39269406406249996 0.256875 0.3762557078125 0.2425 0.37077625625 0.21375000000000002 0.3780821921875 0.19375 0.39086757968749997 0.18125 0.40639269375 0.17124999999999999 0.431050228125 0.17250000000000001 0.46666666718750005 0.18875 0.5041095890625 0.19624999999999998 0.511415525 0.2225 0.5251141546875 0.23937499999999998 0.5223744296875 0.24375 0.5159817359375001 0.25625 0.5105022828125 0.270625 0.49406392656250003
3 0.2375 0.709589040625 0.23937499999999998 0.6885844750000001 0.23562500000000003 0.6611872140624999 0.23374999999999999 0.653881278125 0.224375 0.6401826484375001 0.20812499999999998 0.647488584375 0.19875 0.647488584375 0.17124999999999999 0.6356164390625 0.166875 0.6365296796875 0.155 0.6465753421875 0.145 0.6694063921875 0.14375 0.696803653125 0.15 0.7223744296875 0.1575 0.7388127859375 0.173125 0.757077625 0.196875 0.7598173515625 0.21000000000000002 0.7561643828125 0.22562500000000002 0.739726028125 0.2375 0.709589040625
3 0.2725 0.801826484375 0.275625 0.7926940640625 0.290625 0.7780821921875 0.291875 0.7726027390625 0.2875 0.758904109375 0.27875 0.7461187218750001 0.24625 0.7351598171875 0.236875 0.7351598171875 0.224375 0.7415525109375001 0.21125 0.7579908671875 0.20375000000000001 0.788127853125 0.20625 0.8228310499999999 0.21625 0.8465753421875 0.22875 0.85936073125 0.24937499999999999 0.865753425 0.271875 0.857534246875 0.276875 0.85205479375 0.27125 0.8219178078124999 0.2725 0.801826484375
3 0.645625 0.8420091328125 0.663125 0.8283105015625001 0.670625 0.8182648406249999 0.67875 0.798173515625 0.6825 0.77077625625 0.678125 0.7424657531250001 0.6756249999999999 0.73789954375 0.6575 0.7269406390625 0.6325000000000001 0.69497716875 0.61375 0.6958904109375 0.599375 0.7114155249999999 0.5875 0.734246575 0.5856250000000001 0.7442922375000001 0.595625 0.757077625 0.605 0.778995434375 0.60625 0.7963470312500001 0.603125 0.8255707765625001 0.610625 0.8365296796875 0.628125 0.8438356171875 0.645625 0.8420091328125
3 0.821875 0.89497716875 0.820625 0.863926940625 0.8125 0.841095890625 0.798125 0.8219178078124999 0.7875 0.8164383562499999 0.7625 0.8237442921874999 0.751875 0.8228310499999999 0.745 0.8283105015625001 0.734375 0.841095890625 0.7262500000000001 0.8684931499999999 0.7268749999999999 0.8940639265625 0.73625 0.9242009124999999 0.75 0.942465753125 0.766875 0.9515981734375 0.781875 0.952511415625 0.803125 0.9388127859375001 0.8162499999999999 0.9168949765625 0.821875 0.89497716875
3 0.963125 0.6776255703125 0.9493750000000001 0.6812785390625 0.930625 0.7004566203125 0.925 0.7159817359375 0.9237500000000001 0.7287671234374999 0.923125 0.76073059375 0.9262499999999999 0.775342465625 0.945625 0.8109589046875 0.975625 0.8237442921874999 0.999375 0.8191780828124999 0.999375 0.6885844750000001 0.9737500000000001 0.6858447484375 0.963125 0.6776255703125
3 0.93 0.91506849375 0.9349999999999999 0.903196346875 0.953125 0.8840182640625001 0.943125 0.865753425 0.9275 0.853881278125 0.89 0.85205479375 0.88375 0.853881278125 0.86875 0.867579909375 0.858125 0.8986301375 0.858125 0.91780821875 0.8787499999999999 0.9671232875 0.8956250000000001 0.9808219171875001 0.9168749999999999 0.9835616437500001 0.92875 0.9780821921875 0.925 0.9589041093749999 0.925 0.94063926875 0.93 0.91506849375
3 0.95375 0.8858447484375 0.9337500000000001 0.9068493156249999 0.9256249999999999 0.9315068500000001 0.925 0.95068493125 0.92875 0.9744292234374999 0.9425000000000001 0.9990867578125 0.999375 0.9990867578125 0.999375 0.890410959375 0.9824999999999999 0.8831050234375001 0.978125 0.8776255703125001 0.95375 0.8858447484375
3 0.6799999999999999 0.37077625625 0.6975 0.36073059375 0.69375 0.34063926875 0.6925 0.313242009375 0.6993750000000001 0.2776255703125 0.705 0.26849314999999996 0.6975 0.2547945203125 0.6775 0.23926940624999998 0.6575 0.23378995468750002 0.634375 0.24018264843749998 0.6174999999999999 0.25936073125000003 0.619375 0.2785388125 0.618125 0.30319634687499997 0.609375 0.3351598171875 0.615 0.3543379 0.624375 0.3698630140625 0.646875 0.3863013703125 0.661875 0.388127853125 0.6799999999999999 0.37077625625
3 0.35375 0.267579909375 0.3525 0.2547945203125 0.34125 0.25114155312499997 0.31875 0.23561643906250002 0.286875 0.19360730625 0.281875 0.2027397265625 0.276875 0.2237442921875 0.270625 0.2283105015625 0.265625 0.221004565625 0.26437499999999997 0.20821917812500002 0.25875 0.20730593593750002 0.24937499999999999 0.2173515984375 0.24 0.24200913281249997 0.24125000000000002 0.2831050234375 0.25375000000000003 0.31506849375 0.26749999999999996 0.33150685 0.289375 0.342465753125 0.313125 0.33972602812499997 0.32875 0.32785388125 0.343125 0.30593607343749996 0.35375 0.267579909375
3 0.41312499999999996 0.6958904109375 0.43187499999999995 0.6812785390625 0.445 0.6566210046875 0.449375 0.6319634703125 0.446875 0.5945205484375 0.43875000000000003 0.5726027390625 0.425 0.5561643828125 0.41187500000000005 0.548858446875 0.401875 0.57351598125 0.38895833281250003 0.585388128125 0.366875 0.581735159375 0.36062500000000003 0.5744292234375 0.354375 0.581735159375 0.34875 0.595433790625 0.35125 0.614611871875 0.36 0.6356164390625 0.3725 0.68219178125 0.383125 0.6776255703125 0.383125 0.673972603125 0.390625 0.6757990875 0.393125 0.68219178125 0.41312499999999996 0.6958904109375
3 0.41937499999999994 0.1634703203125 0.42874999999999996 0.146118721875 0.43187499999999995 0.12968036562500002 0.43187499999999995 0.10228310468749999 0.41500000000000004 0.0566210046875 0.416875 0.052968035937500005 0.415625 0.042922375 0.41125 0.0484018265625 0.40374999999999994 0.0420091328125 0.39625 0.041095890625 0.370625 0.061187214062499995 0.355 0.061187214062499995 0.336875 0.053881278125 0.325625 0.07214611875 0.31875 0.0876712328125 0.32 0.0958904109375 0.34750000000000003 0.13424657499999998 0.37374999999999997 0.1908675796875 0.380625 0.191780821875 0.388125 0.17716895 0.41624999999999995 0.1616438359375 0.41937499999999994 0.1634703203125
3 0.925 0.7799086765625 0.9225 0.7634703203125001 0.925 0.71506849375 0.9400000000000001 0.68493150625 0.92875 0.6648401828125 0.909375 0.65205479375 0.8887499999999999 0.6557077625 0.8712500000000001 0.673972603125 0.860625 0.70502283125 0.86 0.7269406390625 0.8625 0.7415525109375001 0.8712500000000001 0.7616438359375 0.881875 0.7762557078125 0.8925000000000001 0.7835616437499999 0.906875 0.7872146125 0.9181250000000001 0.7853881281249999 0.925 0.7799086765625