6 0.9281837562499999 0.3117160421875 0.9521091500000001 0.3008334546875 0.9827033843749999 0.2774176359375 0.9807207421875 0.263900809375 0.9774633375 0.251359640625 0.9054765124999999 0.2535719421875 0.7952076296875 0.27511990000000003 0.7359105031250001 0.282647159375 0.65659515625 0.28709544062500003 0.5786595875 0.287417453125 0.4485782859375 0.28022345937500004 0.4068066640625 0.285435178125 0.40212762968750004 0.3018676703125 0.4070173203125 0.315870640625 0.41517874531250004 0.323179646875 0.445270703125 0.335005246875 0.49496442187499995 0.3451373328125 0.5597112906249999 0.3515646546875 0.6733464890625 0.3529668140625 0.75887025625 0.3463793296875 0.8158111015625 0.338254228125 0.9281837562499999 0.3117160421875
6 0.489114653125 0.053928709374999995 0.415031225 0.051513675 0.37745281249999996 0.065980065625 0.37837428281249996 0.081928696875 0.4036782921875 0.0997778375 0.4564044265625 0.11125076250000002 0.5034211421875 0.112798596875 0.609598559375 0.1020224859375 0.8546421171875 0.0520009046875 0.9083255593749999 0.03133463125 0.8949190359375001 0.0172660703125 0.9108918906250001 0.006747346875 0.7688211421875 0.0056949718750000005 0.549320071875 0.0487272109375 0.489114653125 0.053928709374999995
6 0.41432179218750004 0.2206729296875 0.42772831718750004 0.2347414921875 0.43974188437499995 0.23931345624999997 0.5252656499999999 0.23272597031250003 0.7552417218749999 0.20564428124999998 0.8494055749999999 0.1902962078125 0.894332853125 0.1775991421875 0.9274787265625 0.16191288125 0.919447715625 0.136160128125 0.8744186921875 0.128830678125 0.7929792250000001 0.1342638859375 0.6337131 0.1504280546875 0.5149273796875 0.17191041875 0.44817848125 0.1904998390625 0.41934906562499996 0.20661458906250002 0.41432179218750004 0.2206729296875
6 0.9744394812499999 0.395073665625 0.9773701484374999 0.3763879859375 0.9650083437499999 0.36944187500000003 0.9459941453124999 0.3654747375 0.85790945625 0.3642693546875 0.7642170921875 0.37316539843749996 0.672969575 0.38906292656249997 0.5854509484375 0.41104959062499996 0.5303673765625 0.4318368265625 0.49009762500000004 0.45695409218750005 0.4821468515625 0.480080546875 0.4922888046875 0.49122550781249996 0.4872687 0.49566628437500004 0.49053327031249994 0.4985898890625 0.6478332078125 0.4593546359375 0.7317318562499999 0.4416877828125 0.8136428140625 0.42980254375 0.9494550343749999 0.4180689328125 0.9845814328125 0.4062186234375 0.9744394812499999 0.395073665625
6 0.6016218796875 0.47296404687500004 0.5339371749999999 0.49483997031250004 0.5065078875 0.5108337515625 0.4978678046875 0.5195943421875 0.5026485796875 0.5231883640625 0.497860634375 0.52921190625 0.5432450656250001 0.529297940625 0.63016895625 0.5225894890625 0.8020702390625001 0.500525221875 0.9524372671875 0.48673272343749996 0.9851116531249999 0.4774984953125 0.9951518625 0.46861694062500003 0.9965591578125 0.45887841093750004 0.9710229874999999 0.43944650156250004 0.9305425812499999 0.43412830781249995 0.8303210765625 0.43717714374999994 0.7187753156250001 0.4500198828125 0.6016218796875 0.47296404687500004
6 1 0.6456773 0.978924965625 0.6383154281250001 0.8781302312499999 0.627789784375 0.7823412624999999 0.6320584921875 0.7075470171875 0.6441302890625 0.623409040625 0.6698319406250001 0.5668020968749999 0.699566321875 0.5422819703124999 0.7257271234375 0.5407442578125 0.7539094000000001 0.5483252859375 0.75726149375 0.552402415625 0.765724778125 0.5664036765625 0.7645151265625 0.6831071296875 0.7191703 0.744255521875 0.7010647375 0.77319385 0.6953589375 0.84308406875 0.6885193015625 0.9381693906249999 0.6891198578125 0.9787730453125001 0.6856118703125 1 0.6792693828125 1 0.6456773
6 1 0.513270778125 0.97703763125 0.5094511296875 0.7074080484375 0.5175191765625 0.53099216875 0.5327607765625 0.4918975546875 0.546556746875 0.48383786874999996 0.559274253125 0.48581839374999997 0.563110203125 0.5268792 0.5723853140624999 0.5941941578125001 0.5769879390625 0.6751621390625 0.5780067640625 0.8729209750000001 0.572942403125 0.973846128125 0.5650243015624999 1 0.55720689375 1 0.513270778125
6 1 0.7675232984375 0.9856002453125001 0.7611561828125 0.9286737374999999 0.750046153125 0.844557265625 0.746895109375 0.7646340015625 0.7529987359375 0.6829552062500001 0.7664667406250001 0.5832997625 0.792707625 0.5653231171875001 0.805480503125 0.565896346875 0.8190549859375 0.5851427046875 0.8246048890625 0.6166419546874999 0.8266919578125 0.8238653828125001 0.8023774156249999 0.8766010734374999 0.8010269187500001 0.9467162828125 0.8053876140625 1 0.8023415453125 1 0.7675232984375
6 1 0.8653863109375 0.9875090859375 0.861167784375 0.8856624656250001 0.8531372562499999 0.7962937296875 0.852844221875 0.69851706875 0.8628945437500001 0.626399825 0.8835505921875001 0.6202117546875 0.8896951 0.624637125 0.9005325375 0.6219457828125 0.9111834156249999 0.638159728125 0.915392484375 0.7971865234375 0.9072631109374999 0.8795546296874999 0.908160971875 0.97265225625 0.9145431421874999 1 0.9121804125 1 0.8653863109375
6 1 0.57764368125 0.9981054203124999 0.5757509921875 0.9592573 0.5718946015624999 0.7709439375 0.583355621875 0.6158925265625 0.5799217624999999 0.5272274390625 0.5747594671875 0.49654074687499994 0.5782120796875 0.48626120781250004 0.5951284328125 0.47155630156250006 0.6012073499999999 0.47388506562500005 0.60741745 0.49371181875000003 0.6169242703125 0.5436377 0.6286391250000001 0.64711660625 0.63813145625 0.70976686875 0.6399314421875 0.8201446640625001 0.6287924359375 0.9449808687499999 0.629226875 0.9942246078125001 0.6169582984375 1 0.6130990046875 1 0.57764368125
6 0.9701431421875 0.2111200546875 0.9725719390625001 0.2083456984375 0.9701574796875001 0.191884925 0.9656088640625 0.1898736703125 0.9650356312499999 0.1762991875 0.9588547296875 0.1728261328125 0.9358723140625 0.17080465625000002 0.9120701734375001 0.1728610625 0.8454373531250001 0.1922418703125 0.76399071875 0.20729264062500002 0.4792936515625 0.23830058437499999 0.44347077500000004 0.2454025921875 0.42199739531249997 0.2536691015625 0.4245511515625 0.2710795328125 0.44986233125 0.279311109375 0.5513607140625 0.28496749062500004 0.6150628625000001 0.2842723625 0.724388771875 0.2756284671875 0.85717575 0.25293645468750003 0.9387456343749999 0.2290594984375 0.9701431421875 0.2111200546875
6 0.46924765625 0.41147212812499995 0.48395973281250004 0.395775646875 0.4896906546875 0.3768480375 0.31444274375000003 0.39038590625 0.214924884375 0.3885654796875 0.2119942171875 0.40725115624999997 0.2206199640625 0.417725696875 0.2578286296875 0.42973785312499996 0.3152266265625 0.43439585000000003 0.333544346875 0.4336146890625 0.37858770625 0.42170900624999996 0.4271277953125 0.414309696875 0.46924765625 0.41147212812499995
6 0.26115055 0.3557209375 0.219836078125 0.373715753125 0.247127784375 0.38578328125 0.281659446875 0.3892111875 0.326927796875 0.38850583906249997 0.4888780953125 0.37130835625 0.49566090156250003 0.3498856328125 0.3893817421875 0.3406352328125 0.26115055 0.3557209375
6 0.52529269375 0.8225629734375 0.514439925 0.8259048421875 0.4642747140625 0.8222247859375 0.44585525625000005 0.8029794359375 0.34761427500000003 0.8098642249999999 0.305022928125 0.8191538265625 0.30478360000000004 0.827188625 0.3463087234375 0.8396292687500001 0.5234067437500001 0.8483710984374999 0.561442303125 0.8466878093749999 0.602756775 0.828692990625 0.56181205 0.8202092625 0.52529269375 0.8225629734375
6 0.1490486640625 0.6450989125000001 0.19093636249999998 0.6406785765625 0.198176321875 0.632038953125 0.1914221875 0.614991415625 0.1745117640625 0.606034046875 0.1082486921875 0.5989363078125 0.03582375 0.6045257859375 0.0381522578125 0.6438193578125 0.1015676265625 0.64038554375 0.1490486640625 0.6450989125000001
6 0.14523236718750002 0.5997481328125 0.1803515953125 0.5975153875 0.19528866250000002 0.5930192390625 0.202071471875 0.5715965171875 0.19811042031249998 0.5639246140624999 0.171631275 0.55739676875 0.1214660671875 0.5537167140625 0.086114678125 0.5543666890625001 0.0331929296875 0.560130690625 0.035598479687500004 0.6007243515625 0.09518323906250001 0.596859459375 0.14523236718750002 0.5997481328125
6 0.1701696484375 0.17044098125 0.1365522859375 0.1925792734375 0.13771308437500002 0.20049310625 0.1477461265625 0.20122911718749997 0.155559315625 0.2061639765625 0.1548556671875 0.211033240625 0.2554397484375 0.1911234234375 0.3480802265625 0.1847224953125 0.379825971875 0.1691572015625 0.44085828749999995 0.15026025468749998 0.4444782640625 0.14594044374999998 0.40131368749999996 0.1416555625 0.34881254687499996 0.1413829671875 0.24111892343750002 0.15148866249999998 0.2038959203125 0.1587116375 0.1701696484375 0.17044098125
6 0.4232370484375 0.15578971875 0.365353225 0.17681888437499999 0.3380328453125 0.2032216140625 0.3319536875 0.21977507031250001 0.336618384375 0.22257770781250003 0.3923912625 0.2161563390625 0.4549469515625 0.18831224687499998 0.5190116765624999 0.1707561390625 0.6379134765625001 0.1500651609375 0.840467428125 0.129359690625 0.8470037406250001 0.1255893328125 0.8482949546875 0.11505941718749998 0.8100344015625 0.10554237656250001 0.68192645625 0.11180190000000001 0.58274966875 0.12197318593749999 0.48893405625 0.139695409375 0.4232370484375 0.15578971875
6 1 0.8178900703125 0.96818249375 0.806738671875 0.8611996859375 0.8023575359375 0.7852446421875 0.8065155 0.6978492625 0.81967598125 0.6097574031249999 0.8280881656249999 0.574391678125 0.8479732734375001 0.5627120140625 0.865010590625 0.57180208125 0.8786506656249999 0.5698143875 0.8844322796874999 0.5854479312499999 0.88468443125 0.5902287078125 0.8882784499999999 0.680431509375 0.8652584718749999 0.7430889406250001 0.85744089375 0.84296220625 0.8520179062500001 0.9645266703125 0.859146309375 0.9813281828125 0.857694728125 1 0.85175928125 1 0.8178900703125
6 1 0.7040702249999999 0.9889149984375001 0.6967568296875 0.95951951875 0.68967953125 0.8616339468750001 0.6893209046875 0.7706257578125 0.6971836359375 0.7143813875 0.7100570359375 0.5812246640625001 0.7592275953125001 0.57608848125 0.7628769890625 0.5773653578125 0.77158220625 0.5940436203125 0.77895680625 0.6114255328125 0.78146214375 0.778758509375 0.7429629015625 0.8883165796875 0.735901778125 0.9567995046875 0.73880066875 1 0.72909455 1 0.7040702249999999
6 1 0.9271334109374999 0.812232503125 0.9131759125000001 0.7384973125000001 0.9131350296875 0.6710591046875 0.9173585875000001 0.64328874375 0.921360653125 0.6123627234375 0.93284806875 0.6101428703125 0.937046915625 0.6187757859375 0.9379038906250001 0.6254210078125 0.9445424812500001 0.6180649703125 0.9523907218750001 0.73215731875 0.9665759796875 0.7521073203124999 0.9672566187499999 1 0.94583971875 1 0.9271334109374999
6 0.4358081234375 0.0384988671875 0.46683588593750003 0.0470379671875 0.50265159375 0.049553525 0.582342696875 0.04186713125 0.7266860921875 0.010963984375 0.7627900421875 0.005650296875 0.4608002015625 0.0034133343750000003 0.435945709375 0.01043755625 0.4358081234375 0.0384988671875
6 0.24038660312500001 0.1948281875 0.1854262796875 0.20678924375 0.164997621875 0.22217820000000002 0.180275759375 0.2296737671875 0.19625754374999999 0.232300065625 0.2544752671875 0.2328801828125 0.325301296875 0.222754046875 0.3337092203125 0.212410690625 0.3337163890625 0.20279312656249998 0.348660625 0.1886794125 0.3242780828125 0.18677890156250002 0.24038660312500001 0.1948281875