6 0.3609965640625 0.28665096874999996 0.363707521875 0.30220539375 0.3711531125 0.311022725 0.40135547968749996 0.3273917109375 0.452940053125 0.34439424218750003 0.52138220625 0.3593172390625 0.64329896875 0.374965 0.7364452078125 0.378584559375 0.79914089375 0.3770035203125 0.9247804500000001 0.362673059375 0.9524818640625 0.354037446875 0.991179840625 0.3319729046875 0.988736159375 0.3043909890625 0.9109392906249999 0.297787534375 0.7884688828125 0.30705386562500003 0.72334860625 0.30770339375 0.6372661328125 0.302573784375 0.5534173359375 0.2932119984375 0.41487208906250006 0.2693344921875 0.36901489062500004 0.26969510625000004 0.3609965640625 0.28665096874999996
6 0.49959908437499995 0.0328560515625 0.42038946250000003 0.02105270625 0.3773577703125 0.031813103125 0.37544864375000003 0.04894998125 0.3994081703125 0.071151696875 0.45400916406249997 0.0899629484375 0.5042764421875 0.0974700546875 0.6203894609375 0.099191096875 0.8929362359375 0.07631835625 0.95441008125 0.0609463609375 0.942554409375 0.044261309375 0.9626384109374999 0.034540325 0.9480717828125 0.028091015625 0.7357596578125001 0.0218002859375 0.5652730046875 0.034801946875 0.49959908437499995 0.0328560515625
6 0.40072546718749996 0.21819467499999998 0.4128102328125 0.224570446875 0.505956471875 0.22819000625000002 0.758132875 0.2279248515625 0.8621611296875 0.2232701203125 0.9127720515625001 0.21531330781250002 0.9512600234375 0.20269893749999998 0.94730813125 0.1742126625 0.9002290953125 0.1607823171875 0.8116838484375 0.1564394109375 0.63751431875 0.1538578484375 0.5058991984375 0.1619935515625 0.4307560140625 0.173521840625 0.3968308515625 0.18713107812500002 0.38886979843749997 0.20150962187500002 0.40072546718749996 0.21819467499999998
6 0.73732340625 0.40783943437500003 0.6363306609375 0.4134437796875 0.5382397859375 0.4260114828125 0.47523864062500004 0.4413382265625 0.4273768609375 0.46313125 0.41462390156250006 0.48682420468750004 0.4235013375 0.49998232187499997 0.41729667812500004 0.5040968421875001 0.42027491406250006 0.507623775 0.596525390625 0.4853365 0.68993890625 0.4769285703125 0.780164184375 0.4744438796875 0.9283123328125 0.47883345312500003 0.9682321484375 0.47055986875 0.9593547156250001 0.45740175 0.9659030156249999 0.4378233140625 0.953875525 0.428870221875 0.9341542578125 0.4222681828125 0.8396716312500001 0.410012303125 0.73732340625 0.40783943437500003
6 0.42434135156249997 0.5309554109375 0.42882779531250004 0.5353867046875 0.42258495781249994 0.5412194359375 0.471363115625 0.5469630765625 0.5660366546875 0.5506278906250001 0.754863290625 0.548485703125 0.9190339828124999 0.5524903484375 0.9558419234375 0.5467035765625 0.968251240625 0.5384745375 0.9715349375000001 0.5282557671875 0.9476135937500001 0.5043358359375001 0.905059184375 0.4936185703125 0.7967544859375 0.48439183750000003 0.6744940828125 0.48420799531250003 0.544368078125 0.494107165625 0.4676212296875 0.509026628125 0.4352233671875 0.52268111875 0.42434135156249997 0.5309554109375
6 0.709736540625 0.686415509375 0.627128675 0.6899855765625 0.5319969453125 0.70693931875 0.4657311953125 0.7316257265624999 0.4346124484375 0.75649385625 0.4278350515625 0.7863815703125 0.43537609687499995 0.7909033703125 0.4382206953125 0.8004440484374999 0.4534937 0.8008965828125 0.5872088578125 0.7670329359375 0.6562428390624999 0.7553236328125 0.688392515625 0.7528375265625 0.7647766328125 0.7542410875 0.8668957624999999 0.7667232328125 0.9111874765625 0.7680355796875 0.9495418093750001 0.7614349546875 0.9588583421875001 0.7548336234375 0.9590874359375 0.7445243453125 0.9441389843750001 0.729467 0.9199503625000001 0.7175745609375 0.8134975171875001 0.6937882703125 0.709736540625 0.686415509375
6 0.985337915625 0.594859503125 0.9777968687499999 0.590337703125 0.9413516609375 0.5798014515625 0.6499999984375 0.5548350375 0.4575601359375 0.549133115625 0.4130202359375 0.558989153125 0.4020427640625 0.5715589765625 0.4034746078125 0.5758997640625 0.44593356249999994 0.5909125625 0.5174685 0.6042078531249999 0.6043337140625 0.615378359375 0.8178694156249999 0.6346004265625 0.9278159609375001 0.638717775 0.9613151578125001 0.6329494265625 0.9858865734375 0.6205250640625 0.9868993500000001 0.6191588593749999 0.987245846875 0.6035664859375001 0.9806223734374999 0.6007374890625 0.985337915625 0.594859503125
6 0.443031690625 0.8590443062500001 0.4627147765625 0.8673645578125001 0.4962008390625 0.8735147718749999 0.72341224375 0.8733695828125001 0.7803550968749999 0.8784954671874999 0.8549446359375 0.8918812656249999 0.914471171875 0.895364359375 0.9375525015624999 0.8883112015625001 0.9485299734374999 0.8757413765625 0.9047919046875 0.849514940625 0.8456090109375 0.830567928125 0.75574646875 0.816729596875 0.6687094296875 0.8132910499999999 0.578445971875 0.8174939531250001 0.466533028125 0.8330908031250001 0.44488354374999994 0.8444847484375 0.443031690625 0.8590443062500001
6 0.925595725 1 0.9321878578125 0.992172584375 0.9173921343749999 0.9702423874999999 0.8886597937499999 0.9564959765625 0.7806223734375 0.9352417531249999 0.6845933546875 0.9237997265625 0.5776441390625 0.9223502046875 0.49635357031250005 0.9354156937500001 0.4885834296875 0.9412031734375 0.4913707515625 0.953321171875 0.4865406640625 0.9643537953125 0.50320733125 0.9708653296875 0.6756586484375 0.981992703125 0.7640511640625001 0.9932084624999999 0.800556396875 1 0.925595725 1
6 0.382588775 0.6217032234375 0.402176403125 0.6343190078125 0.45372279375 0.6530397515625 0.56324933125 0.67605744375 0.6302787328125 0.68578055 0.7509736546875 0.6876373499999999 0.8851088203125 0.7036471375 0.9402825515625001 0.6966851921874999 0.965005728125 0.684522646875 0.96975945 0.6769264500000001 0.9519473078124999 0.6531875328125001 0.9108820156249999 0.6442337328125001 0.706338296875 0.6330151453124999 0.540263459375 0.6100412921875 0.44587628749999997 0.5934898828125 0.41225658593750003 0.5933534140625001 0.39812905625 0.6101282640625 0.381214203125 0.6147851171875 0.382588775 0.6217032234375
6 0.9890225265625 0.22273061562500002 0.9830087828125 0.21825406875 0.9586674296875 0.2132344828125 0.9327033218749999 0.212465175 0.857541046875 0.224852571875 0.7672394031249999 0.23077369062500003 0.4555173734375 0.2284148609375 0.4157121046875 0.23153380625 0.3911225671875 0.23768260468750002 0.390702559375 0.2565829484375 0.41641848125 0.2685206390625 0.5245131734374999 0.28719754375 0.5931271484375 0.2943885859375 0.7122374953125 0.298777453125 0.85912561875 0.2910942828125 0.9511645671875 0.2757682453125 0.9881825109375001 0.260531303125 0.994998090625 0.254715540625 0.9952773 0.2421511078125 0.987170675 0.237290171875 0.9890225265625 0.22273061562500002
6 0.313898434375 0.4116272828125 0.3674303171875 0.40977472343750004 0.413230240625 0.41199142968749997 0.43190148749999996 0.397070553125 0.44150439218750004 0.37758262343750004 0.2506300125 0.370207740625 0.1439671625 0.355871621875 0.1374188625 0.3754500578125 0.1447880875 0.3877038171875 0.1826078640625 0.40515817500000006 0.243470790625 0.41727758593750003 0.26330660625 0.4187249859375 0.313898434375 0.4116272828125
6 0.179095075 0.35691244843750003 0.21559755625000002 0.3648713828125 0.2643948078125 0.3697559140625 0.44163803125 0.371568878125 0.45282550625000006 0.34954888125 0.3402443671875 0.3264406828125 0.199637265625 0.32657290781250004 0.15194730781250002 0.340633971875 0.179095075 0.35691244843750003
6 0.48090874375 0.87392134375 0.4384306984375 0.8597676515625 0.39873997656250004 0.8577319593749999 0.3864642984375 0.8599472515625 0.33319969375 0.8497723203125 0.3168957625 0.8269377625000001 0.21002291093749997 0.822051815625 0.1625429546875 0.8266627078125 0.1608247421875 0.83520851875 0.20320733125 0.8536577421875 0.3920198546875 0.8850423546874999 0.43321878593749996 0.8879824078125 0.48090874375 0.87392134375
6 0 0.615690753125 0.0264986625 0.621468471875 0.07233677031249999 0.621966965625 0.081691484375 0.6136474203125 0.0775295921875 0.594611315625 0.060977471875 0.5829451453125001 0 0.5691480421875 0 0.615690753125
6 0 0.567232721875 0.030641465624999996 0.57258990625 0.0688048859375 0.5745803453125 0.0856815578125 0.57164170625 0.0968690328125 0.5496217109375 0.0940053453125 0.5409401390624999 0.0667239421875 0.53067540625 0.013459337499999998 0.5205004734374999 0 0.519191209375 0 0.567232721875
6 0.0953417328125 0.136933803125 0.0951508203125 0.14552486874999998 0.105803740625 0.1475598546875 0.1133066046875 0.1537998671875 0.1116647578125 0.15890925312499998 0.22342497187500002 0.15018525625 0.3241886234375 0.15489018906250002 0.36114929375 0.142230565625 0.43020236718750005 0.1296621546875 0.43487972499999994 0.12550238281249998 0.38925162343749997 0.1155537171875 0.332856053125 0.10872470468749999 0.21523482343749997 0.106099303125 0.17390225312500002 0.10917299531249999 0.1355097359375 0.11749183437499999 0.0953417328125 0.136933803125
6 0.3100229109375 0.173383253125 0.30047728125 0.19029386406249998 0.30498281718750003 0.19386604999999998 0.3661130203125 0.1939579703125 0.4384306984375 0.1720298953125 0.510500190625 0.1612702046875 0.6420962203125 0.1539936078125 0.86363115625 0.15711891718749998 0.871344025 0.1539087578125 0.8746468125 0.1428308796875 0.835242459375 0.1279085875 0.6963726625 0.11863589375000001 0.5878961421875 0.11714112031249999 0.48381061406250003 0.12437317031249999 0.4102520046875 0.13336939375 0.3441962578125 0.14860563124999998 0.3100229109375 0.173383253125
6 0.44690721718750004 0.89096700625 0.43125238593750004 0.9076966046875 0.43854524531249994 0.9233867890624999 0.43535700625 0.9293100265625001 0.4521191296875 0.931526028125 0.4566055765625 0.9359573203125 0.557770140625 0.9226210171875 0.6265559359374999 0.9220800984374999 0.7349179078125 0.9287295125 0.8643184421875001 0.9514763890625 0.8826460484374999 0.9520194296875 0.91794578125 0.9453282984375001 0.9260213828125 0.9257951156249999 0.9185948828124999 0.9161186765625 0.8777777765625 0.89599649375 0.763554790625 0.8779976812499999 0.6811378375 0.8729766796874999 0.5847842671875 0.8761394656249999 0.4885452453125 0.8741476109375 0.44690721718750004 0.89096700625
6 0.463993890625 0.8098044203124999 0.48058419218750004 0.819752378125 0.4988163421875 0.8245909515625 0.685719740625 0.8043386640625 0.80479190625 0.810445746875 0.877892325 0.8220680765624999 0.936101565625 0.8160557468749999 0.9395570828125 0.798105015625 0.9200649109375 0.7811936984375001 0.8897479953125 0.769979353125 0.7845742640625 0.7574067015625 0.6852997328125 0.7544652328125 0.6224895 0.7612009093750001 0.4703894625 0.7970988359375 0.46420389375 0.80035425 0.463993890625 0.8098044203124999
6 0.7419100140625 1 0.6907598328125 0.9901771953124999 0.6114929359375 0.9809511687500001 0.5382206953125 0.9770607953124999 0.507636503125 0.9778739406250001 0.4722985859375 0.9862832859375 0.46914852968750004 0.9904883124999999 0.47827415 0.99247804375 0.4839181390625 1 0.7419100140625 1
6 0.3054600984375 0.17238838750000002 0.3240931671875 0.159185721875 0.2982245125 0.1541208828125 0.20656739218750003 0.1522647875 0.14530355156250002 0.1581866140625 0.120542190625 0.1720673703125 0.1356051921875 0.1819700765625 0.1523100421875 0.1867633953125 0.21479572343750003 0.194632528125 0.29278350625 0.19264491718750001 0.303703703125 0.1826524109375 0.3054600984375 0.17238838750000002