6 1 0.2949970875 0.9299208015625 0.2921752453125 0.818460284375 0.3056241421875 0.75899138125 0.30886468906250003 0.6800955046875 0.307673990625 0.6030398328125 0.3025234875 0.4753202890625 0.28632593125 0.4334381546875 0.28851942343750003 0.4269159109375 0.304346221875 0.4301304453125 0.3184557546875 0.43735150312500004 0.3262138625 0.46572327031249994 0.33995069375 0.513661775 0.35339765 0.5769042625 0.364258353125 0.6890402984375 0.37360819843750004 0.7743186578125 0.373131325 0.83152806875 0.36913774374999997 0.9456440718750001 0.3509304546875 0.9705450734375001 0.34190995625 1 0.323243728125 1 0.2949970875
6 0.4517936171875 0.10577749375 0.50257395625 0.12075536406250001 0.5488586078125001 0.125575225 0.6550314453125 0.122429278125 0.9029699515624999 0.0904418046875 0.9584090390625001 0.0738903125 0.9467854656249999 0.05911885 0.9646750515625 0.049415715625 0.9491148390624999 0.04335416875 0.9111926390624999 0.0376239109375 0.845434428125 0.0362385796875 0.6016189140625 0.0658054453125 0.54152108125 0.066695784375 0.46858839999999996 0.0591246734375 0.4297810390625 0.07071071718750001 0.428849290625 0.08645469375 0.4517936171875 0.10577749375
6 0.45996971875000003 0.24014933749999998 0.47131376718749995 0.24548683906250002 0.5565921265625 0.245009965625 0.78699045 0.2345180796875 0.8818192406250001 0.2260346296875 0.9276846031250001 0.2167035484375 0.9622525046874999 0.20360729375000003 0.9572909390625 0.1777260140625 0.9136384828124999 0.1673615953125 0.8325297 0.166990190625 0.673270440625 0.1717091125 0.553400884375 0.184496078125 0.48529000624999996 0.1980892671875 0.45493827031249995 0.21190956875000003 0.4483461453125 0.2253778765625 0.45996971875000003 0.24014933749999998
6 0.7765082703124999 0.3998401796875 0.6844980203125 0.40906838125 0.59546936875 0.42454447812499996 0.5386326578125 0.44111667499999996 0.49593524375 0.46298496250000004 0.485406475 0.485163184375 0.494141625 0.49683140468750003 0.48866759687499994 0.5008450453125 0.49155602031249995 0.5039482875 0.6515373859375 0.47640991718750003 0.736489634375 0.46492675468750005 0.818809690625 0.458988146875 0.9543792218749999 0.456979709375 0.990461215625 0.44779356562499995 0.981726065625 0.43612534687500004 0.9867808046875 0.4179607640625 0.975366875 0.410264771875 0.957034709375 0.4050308 0.8701257874999999 0.39766674375 0.7765082703124999 0.3998401796875
6 0.496377825 0.5251125859375 0.5006871640624999 0.5289812875 0.49525972500000004 0.5345672546875 0.5401001625 0.5378354953125 0.6267761468749999 0.537337915625 0.79920345625 0.527704859375 0.9493943640625 0.5246932984375 0.982750990625 0.5179070578125 0.9936990437500001 0.509879778125 0.9962147671875 0.5004044046875 0.9732238546875 0.4795092796875 0.93383415 0.47144123593750004 0.8344397859375 0.467408184375 0.7227230390625 0.47220928124999995 0.6042976953125 0.48654786874999995 0.5348823671875 0.503306415625 0.5059282546875 0.5171060125 0.496377825 0.5251125859375
6 0.764511996875 0.6556332015625 0.6892033546875 0.6622544453125 0.6030864203124999 0.68161995 0.5437106921875 0.7068813578124999 0.5164570234375 0.7308803734375 0.5116818078125001 0.7584789187500001 0.5187863953125 0.7623062078125 0.521837875 0.7709125968749999 0.535814115625 0.7707055421875 0.65638248125 0.7343129640625 0.7189028640624999 0.7208025984375 0.7481597953125 0.717223128125 0.8180177046875 0.7154016875 0.91191474375 0.7226622140625001 0.9524458421875 0.7220617546875 0.9871767984375 0.71446864375 0.99537619375 0.708055103125 0.9950966687499999 0.698621140625 0.9807244359375 0.685463415625 0.95805963125 0.6755745796875 0.8596668984375 0.6581560421875 0.764511996875 0.6556332015625
6 1 0.555727803125 0.9710808296875 0.548753784375 0.70369205625 0.5377714375 0.527591428125 0.540380334375 0.4873631484375 0.5512009203125 0.4779291875 0.5631383125 0.4794432796875 0.5670484250000001 0.5189494515625 0.5790472859375 0.5849406015625 0.5882942515625 0.6648381078125001 0.5949756703125 0.8608548796875001 0.6038693484375 0.9615071046875 0.6031647125 0.9918414406249999 0.59652979375 1 0.5919182765625 1 0.555727803125
6 0.5290123453125 0.82428889375 0.5473911015625 0.8310951937500001 0.57827859375 0.835356653125 0.78587235 0.8259891218750001 0.8381434890625 0.8283607671875 0.9069298859374999 0.8375663234375 0.9614838109375 0.8383311328125 0.982238528125 0.830945078125 0.991672490625 0.8190076859375001 0.9504658734375001 0.7968094046875 0.8954926640625 0.78189365 0.8127300265624999 0.772895153125 0.7330421609375 0.7732892046875001 0.65076869375 0.7808001390625 0.5492546 0.7996072421875 0.5300139765625 0.8109034093749999 0.5290123453125 0.82428889375
6 0.5776496625 0.908511271875 0.5737596078125 0.9187935140624999 0.5892965296875 0.9240688984375 0.747391103125 0.927232315625 0.8286862328125 0.9338930296875001 0.9199510828124999 0.9466981140625 0.952096434375 0.9462218859375 0.97014908125 0.9420218953124999 0.982261821875 0.926112275 0.9677032375 0.90666524375 0.9407989750000001 0.8952661953125001 0.8410784984375 0.8802268546875001 0.752795246875 0.8736696687500001 0.6550081515625 0.876691384375 0.581353365625 0.8919397218749999 0.5745283015625 0.8975463937500001 0.5776496625 0.908511271875
6 1 0.634410140625 0.9842417890625 0.615412040625 0.946296296875 0.60889561875 0.7588749124999999 0.6069531796875001 0.6060447234375 0.5927006484375 0.5190193328125 0.5814057765625 0.488294896875 0.5826474625 0.47618215625 0.5985570828125 0.4609480546875 0.603501825 0.46253202968749996 0.609770428125 0.481027253125 0.6205075453125 0.5290123453125 0.6355268265625 0.63017703125 0.6521177890625001 0.6918821328125 0.6582822171875 0.8022478453125 0.6550741515625 0.9255648734375 0.6642583531249999 0.9756464015624999 0.65565131875 0.997658978125 0.6435275765624999 1 0.6393326781249999 1 0.634410140625
6 1 0.23554635156249998 0.9967039359375001 0.23377073906249998 0.9977055671875 0.22038525312499999 0.991998603125 0.21653725625 0.9695201484375 0.212937728125 0.945760540625 0.213289721875 0.87767295625 0.22766907343749998 0.795446075 0.23675233593749997 0.510517121875 0.247265575 0.474295365625 0.2517347359375 0.45211973125 0.2583553328125 0.45263219218749995 0.27565093125 0.47669461875 0.2855190609375 0.5763452140624999 0.2981999125 0.6393780578125 0.30198514374999996 0.7484160265625001 0.301156275 0.8822618203125 0.2881622546875 0.9656300953124999 0.2704104875 0.998730490625 0.254976446875 1 0.2537832625 1 0.23554635156249998
6 0.389808990625 0.42051272187500005 0.4386326578125 0.4166433734375 0.480584671875 0.4168083703125 0.49693687343750004 0.4024089609375 0.5047868625 0.3842029671875 0.33003727031249996 0.38521883125 0.23190076875 0.37644809375 0.22684602968749998 0.3946126765625 0.23416026093750003 0.4055154390625 0.269543440625 0.4199349078125 0.325727928125 0.428540646875 0.3439203359375 0.42905763906249994 0.389808990625 0.42051272187500005
6 0.264046121875 0.3759718671875 0.29777544843750003 0.38176424062500003 0.34259259375 0.38424631875 0.5046238062499999 0.378699821875 0.5138015375 0.35811463125 0.40984160156250005 0.3415650796875 0.2813766578125 0.34740080624999997 0.2384696015625 0.36219362187500004 0.264046121875 0.3759718671875
6 0.564325646875 0.836349871875 0.5248427671875 0.8251371750000001 0.48848124843749996 0.8248893546874999 0.4773701375 0.8274134890625 0.428220359375 0.8202765484375 0.41224085625000007 0.8000640578124999 0.3143605875 0.79994111875 0.271197296875 0.8060861359375 0.27003261093750003 0.813968475 0.3096319578125 0.829111990625 0.48363615156249995 0.8501294093749999 0.5214185875 0.8511426859375 0.564325646875 0.836349871875
6 0.1371651515625 0.62402878125 0.1790705796875 0.6226214515625 0.18722338593750001 0.6146355812500001 0.182518053125 0.5974021015625001 0.16684136875 0.5874097375 0.1021779625 0.575783575 0.0170747296875 0.5762721281250001 0.0182171828125 0.6148299374999999 0.090787328125 0.6160642640625 0.1371651515625 0.62402878125
6 0.13863265625 0.5791760484374999 0.1735965515625 0.5794445734375 0.188877240625 0.5760721578125 0.1980549734375 0.5554869671875 0.19502678906249998 0.54766674375 0.16961332499999998 0.5393916453125 0.1204635453125 0.532254703125 0.0854530625 0.5304138515625 0.0157921234375 0.532984184375 0.0169588265625 0.57236041875 0.0895061734375 0.5728252703125001 0.13863265625 0.5791760484374999
6 0.1770906125 0.17827341562500001 0.17732355 0.18613505156250001 0.18715350625 0.1875624390625 0.19430468125 0.1929620578125 0.1930468203125 0.19769974375 0.2947472640625 0.18518194999999998 0.38703703906250003 0.1853877109375 0.420207315625 0.1723121609375 0.48270440312499996 0.1580156328125 0.48678080625 0.1540226984375 0.44461914687500004 0.14678222968750002 0.3927672953125 0.1428313546875 0.2851735390625 0.14521184375 0.247554159375 0.1497017109375 0.2128697875 0.1588671484375 0.1770906125 0.17827341562500001
6 0.3749708828125 0.2028696578125 0.3670510125 0.2187171609375 0.3713370609375 0.2217997 0.427195434375 0.2193991515625 0.4922315390625 0.1964134109375 0.5575704640625 0.1836478 0.6774633125 0.171646996875 0.8800256234375 0.1655000375 0.8869205687499999 0.1622518578125 0.8894129984375001 0.15199032031249998 0.852702071875 0.1399500484375 0.7253785234375 0.1371172703125 0.626193803125 0.140159690625 0.53143489375 0.1510016296875 0.46465175781249995 0.1622156234375 0.4050198 0.17882923125 0.3749708828125 0.2028696578125
6 0.5340670859375 0.853314828125 0.520556721875 0.8692451531250001 0.5279641265625 0.88329256875 0.525331934375 0.888837125 0.5407523875 0.890181690625 0.545061728125 0.8940503921875 0.6368623328125 0.8777467203124999 0.6996855328125 0.8744564796875001 0.799010015625 0.8761310390625001 0.918320521875 0.8916666671875 0.9350920109375 0.8914182 0.96702771875 0.8838665015625 0.9734800859374999 0.8656812125 0.9662357328125 0.8571369421874999 0.927987421875 0.8404003921875001 0.8227696234374999 0.828588528125 0.7472280453125 0.8273481374999999 0.6593407859375 0.8341557312500001 0.571313765625 0.8362463437500001 0.5340670859375 0.853314828125
6 0.5458304218750001 0.7784222375 0.5614605171875 0.7868422749999999 0.5783484750000001 0.790524628125 0.7481597953125 0.7644136453125 0.8572443515625 0.765157103125 0.9245865359375 0.7728110359375 0.97748660625 0.764948753125 0.9797926859375 0.7483979078125 0.9611809921875001 0.7337299734375 0.9329489859375 0.7247101218750001 0.8362566953125 0.7174910062500001 0.7454111328125 0.7188368656249999 0.6883414859375 0.7275474296875 0.5510715125 0.7665469625 0.545574190625 0.7697744390625 0.5458304218750001 0.7784222375
6 1 0.9713384984375001 0.9862683437499999 0.9669513671875001 0.7615769875 0.9341007328125001 0.6887141859375 0.9288881124999999 0.6215816453125 0.9283096515624999 0.5936757515625 0.9302960890625 0.5617866296875 0.939420115625 0.5591078515625 0.94339234375 0.5675401828125 0.9448404390625 0.5733403218750001 0.9518330875000001 0.5651642203125 0.95903279375 0.6762753312500001 0.980981959375 0.754821803125 0.9892564125 1 0.9856241421874999 1 0.9713384984375001
6 0.6869249046875 0 0.662695084375 0.0035529406249999998 0.527358490625 0.013423014062499999 0.4940018640625 0.020209256249999998 0.49062427187499996 0.0477870953125 0.5203004890625 0.05835856874999999 0.5554041468750001 0.063344075 0.6350454234375 0.0613776953125 0.7812601906250001 0.041121853125 0.8607849984374999 0.0352246546875 0.948113209375 0.0095491375 0.9683832499999999 0 0.6869249046875 0
6 0.37075471718749997 0.2021456125 0.38715350625 0.189318528125 0.363277428125 0.18573970625 0.2794432796875 0.18776820156250001 0.2237479625 0.19567189375 0.20178197031249998 0.2093679640625 0.21601444218750002 0.21780870624999998 0.23150477500000002 0.2215117625 0.28897041562500003 0.22616598125 0.36013277499999996 0.2211791796875 0.36963661718749996 0.2116002796875 0.37075471718749997 0.2021456125