6 0.31114696249999996 0.15768506875 0.310462825 0.22170230625 0.3036534109375 0.3056716234375 0.2927160359375 0.38698458125 0.2663519328125 0.5204199640625 0.265774734375 0.565489825 0.28233199999999997 0.5752183765625001 0.29772554218749997 0.5742577875 0.3065718671875 0.5679109609374999 0.32332787500000004 0.5400437234375 0.3411435734375 0.49124909531250005 0.35725152968749996 0.42567334375000004 0.37516193750000004 0.307666390625 0.3806259625 0.21659547968749998 0.3803422078125 0.1548572234375 0.3687664734375 0.02991529375 0.3656715140625 0.0189607453125 0.30669403906250003 0.015902653125 0.3045005625 0.0364091140625 0.31114696249999996 0.15768506875
6 0.023438303125 0.0817630421875 0.038136078125 0.34707533125 0.0348813015625 0.4113523203125 0.02163064375 0.48784266406250004 0.031366265625 0.5312755859375 0.048226303124999995 0.5350248859375 0.07060704375 0.5139259703125 0.0902677015625 0.4623671640625 0.0986930578125 0.41382738281250003 0.1027521109375 0.2999960953125 0.085741053125 0.029861192187500003 0.07997713125 0.0041469625 0.031814625 0.001649646875 0.0295362078125 0.0118449703125 0.023438303125 0.0817630421875
6 0.163096546875 0.11841302812500001 0.1570079671875 0.28915995781250003 0.16235342656250001 0.41929207343749997 0.1721930796875 0.4943415296875 0.184923215625 0.5291437421875 0.1989401234375 0.5385341218749999 0.2156346078125 0.528717375 0.2221676515625 0.517547934375 0.227631678125 0.42647702499999995 0.23249985468749998 0.1788182515625 0.23002586093750002 0.0761564046875 0.2232090625 0.025587587499999998 0.21897389375 0.011354201562500001 0.176411571875 0.009147267187499999 0.1691802828125 0.0319392828125 0.163096546875 0.11841302812500001
6 0.41371700312500004 0.1186680515625 0.409492396875 0.21893329218750002 0.41296455937500004 0.3187182375 0.4233623984375 0.4164153453125 0.43719473750000004 0.479957190625 0.45771150625 0.52933996875 0.48081598750000004 0.5444547546875 0.493971940625 0.5371767375000001 0.4979031 0.5437196125 0.50144163125 0.5411808828125 0.48304909843750005 0.3656701375 0.4766581125 0.2730210890625 0.4760432484375 0.1841507359375 0.48338541562500004 0.0391538109375 0.4807797046875 0.024929318750000002 0.4295618671875 0.022273578125 0.4277245859375 0.0272295703125 0.41371700312500004 0.1186680515625
6 0.486190515625 0.16894775312500002 0.4835222671875 0.2889837421875 0.490636990625 0.41784649218750003 0.5037880984374999 0.494841659375 0.5165939265625 0.528149059375 0.52453194375 0.5397399953125 0.528992953125 0.5358191765625 0.534617690625 0.5425875015625 0.5412737796875 0.49531708593749996 0.5468134984375 0.4027513609375 0.548542084375 0.2170948578125 0.5558305890625 0.0563221640625 0.5520972515625 0.028627265625 0.507983221875 0.026339870312500003 0.4974921859375 0.063605053125 0.486190515625 0.16894775312500002
6 0.71864066875 0.073480775 0.6930193234375001 0.1754123484375 0.6836383046875001 0.27649605781250003 0.685478415625 0.3580050640625 0.7002615734375001 0.45327616875 0.7232571796875 0.5210476093749999 0.7471469234375 0.5543256078125001 0.7764816796875 0.5642502109375 0.781094075 0.5573397640625 0.790560109375 0.555590103125 0.7913170359375 0.5406419671875 0.7606436750000001 0.4056333125 0.7505012515625 0.3365631078125 0.7487036453125 0.3047211234375 0.7516414828125 0.22986771718750001 0.766027528125 0.13095516875 0.768222609375 0.087605571875 0.762493840625 0.0492207125 0.7561737046875 0.039350037500000004 0.7544383375 0.039119025 0.74526134375 0.038643181250000005 0.730859971875 0.051029170312500004 0.71864066875 0.073480775
6 0.55267015625 0.320762059375 0.5431329078125 0.50910858125 0.55194605 0.553923590625 0.564118 0.5660781515625 0.5684276265625 0.565146959375 0.584095596875 0.5250957625 0.59866136875 0.45630493593750004 0.6114437015624999 0.3722277984375 0.634742440625 0.16464474843750002 0.6410390828125 0.0571308890625 0.637443228125 0.0330526125 0.585477703125 0.030358103125 0.58321635625 0.037394409375 0.55267015625 0.320762059375
6 0.807917175 0.33066230937499996 0.8102256140625 0.419758109375 0.8233293671874999 0.531359440625 0.8341246828125 0.5538649718750001 0.8484443609375001 0.55727609375 0.8570494406250001 0.5388580359375 0.8637953921875001 0.5066484796874999 0.868274046875 0.283517721875 0.87448704375 0.22816224218749998 0.889204196875 0.1563817875 0.8938497765625 0.098309503125 0.8873640828125 0.0748727796875 0.875192134375 0.06271822031249999 0.8484402453125 0.102798815625 0.8285525109374999 0.1588420609375 0.8130784328124999 0.2455706546875 0.807917175 0.33066230937499996
6 1 0.1014808765625 0.9896738624999999 0.0915020390625 0.967747275 0.10363207187500001 0.953607321875 0.1303426671875 0.9304506421875001 0.2341072265625 0.917214153125 0.32715324843750004 0.91360925625 0.43201565156250005 0.9248397109375001 0.5132698109375 0.9303887546875 0.5215329484375 0.94239515 0.5201214609375 0.9531762968749999 0.52607131875 0.9599364203125 0.5104174375 0.9744171703125 0.3422925609375 0.987275196875 0.2567206140625 1 0.19667946875 1 0.1014808765625
6 0.646133971875 0.074362909375 0.630910465625 0.273991596875 0.604877471875 0.43455907656250004 0.5866359578125 0.5254339375 0.585817509375 0.5584325625 0.60207200625 0.57414036875 0.6063201078125 0.5912596640625 0.6131700921875 0.5906666421875 0.6260091046875 0.5728122046874999 0.6455183796874999 0.5242430265625 0.6704443234374999 0.4192090984375 0.68139586875 0.35445181875 0.685682 0.2361360890625 0.7041979453125 0.106170625 0.6984550078125 0.051230090625 0.6915575171875 0.035858537499999996 0.6572920640625 0.0340818109375 0.6557987468750001 0.0350174578125 0.646133971875 0.074362909375
6 0.23549436875000002 0.17018754375 0.22682739999999998 0.47603132343750004 0.229093328125 0.5154601015625 0.234656540625 0.5402789125 0.25328584374999996 0.5427588453125 0.26558083906249996 0.5188124296875001 0.286197159375 0.41470969375 0.29468404062500003 0.34811942500000004 0.3014348359375 0.231636684375 0.29684630156249997 0.086556434375 0.28653338281249996 0.0148572859375 0.22162881250000002 0.0114918640625 0.23149235781250002 0.08086629375 0.23549436875000002 0.17018754375
6 0.40461453125 0.6351384359375001 0.40387662031250005 0.5823690625 0.40699417968749996 0.537637375 0.39266033125 0.517670575 0.3736383984375 0.506109034375 0.3624832703125 0.6927352953125 0.346176575 0.7959068390625 0.36534989375000004 0.8044787484375 0.3775833671875 0.7985828203125 0.3955646203125 0.763354240625 0.40875375625 0.7049143828125 0.41058454375000003 0.6855945296875 0.40461453125 0.6351384359375001
6 0.3462242921875 0.49192544062500004 0.3211469609375 0.599948996875 0.3184171890625 0.738035471875 0.3313128796875 0.78640373125 0.3479175015625 0.761526121875 0.35650841093749996 0.7265523890625001 0.3623177140625 0.679169246875 0.36771089375 0.505319965625 0.3462242921875 0.49192544062500004
6 0.8638852546875 0.521709340625 0.84906406875 0.5618732609375 0.8462492796875001 0.6006256921875 0.8481840999999999 0.612922375 0.8370669984375001 0.6641136078125001 0.814217934375 0.67762573125 0.8072258890624999 0.7820372375 0.8108069296875 0.8291655328124999 0.8191991 0.8317875890625 0.8382542187500001 0.792187290625 0.8730436781250001 0.610212121875 0.8767809453125001 0.5700776015625 0.8638852546875 0.521709340625
6 0.5929192203125 1 0.5938826890625 0.9883998015625 0.6056951890625 0.9403109171875 0.6071191781249999 0.895353784375 0.5991054671875 0.8852576624999999 0.5802490875 0.8872621687500001 0.568408246875 0.902239703125 0.5513778109375 0.96919754375 0.549534396875 1 0.5929192203125 1
6 0.5460239328125 1 0.54730943125 0.9821999703125 0.557579746875 0.930896009375 0.5603188421875 0.8936383921875001 0.5577643140624999 0.8767445453124999 0.536277715625 0.8633500203125 0.5276584640624999 0.8652124046875 0.51698135 0.890879084375 0.505864246875 0.9420703203125 0.5014315765624999 0.979102490625 0.5008393859375 1 0.5460239328125 1
6 0.1013229140625 0.6986016484375 0.10351315000000001 0.7395252375 0.11093548906249999 0.7781355484375 0.12929036249999998 0.8197060859375 0.1377582265625 0.8208333281250001 0.13998164531249999 0.81059508125 0.14628761562499998 0.80391008125 0.151292640625 0.806081240625 0.14496317812499998 0.695381703125 0.151652453125 0.5969494484375 0.13992048906250001 0.5592703328125 0.128931278125 0.49008740937499995 0.124924421875 0.48503934531250004 0.11418578593749999 0.528756515625 0.10630444531250001 0.583388271875 0.1013229140625 0.6986016484375
6 0.1197918703125 0.3338671171875 0.12480622187499998 0.4368671359375 0.1321812078125 0.5100836078125 0.14586216406250002 0.576615078125 0.1696005234375 0.61288270625 0.186082096875 0.624106071875 0.18969632187500002 0.620072528125 0.19103044687499998 0.5600545359375 0.17087796875 0.48664201562500004 0.16173371875 0.4146949078125 0.15723504375 0.2846755171875 0.1648233046875 0.0674766390625 0.1618146203125 0.059551673437499994 0.15095778124999998 0.05509663125000001 0.1354411921875 0.0921582015625 0.12347246249999999 0.22750989531250002 0.1197918703125 0.3338671171875
6 0.9240928421874999 0.0902963421875 0.914399728125 0.0965304453125 0.8937267296875 0.13441048125 0.8736544265624999 0.24460519375 0.867026675 0.324986959375 0.8681855562499999 0.41994928906249995 0.8642637171875001 0.514235275 0.8800025359375001 0.5569624515625 0.8961813421875 0.5741650703125 0.9118019609375001 0.5687200406249999 0.91757808125 0.5724987375 0.9201042703125 0.5562812359375 0.9245652812499999 0.5523604140625 0.9134720390625001 0.451560953125 0.9143378406249999 0.383956165625 0.92309915 0.27827529375000004 0.948162309375 0.1536960625 0.9490706203125001 0.1357583 0.9431904671875 0.10036306718750002 0.9240928421874999 0.0902963421875
6 0.755610309375 0.370350803125 0.7879157203125 0.52363539375 0.7910000968750001 0.5300655453124999 0.8003147484375001 0.5313055125 0.8104620140625001 0.516102528125 0.81560425625 0.4987283859375 0.799435140625 0.31297939218750004 0.8078795124999999 0.1967220984375 0.8208274 0.12621100937500002 0.8160826359375 0.0683935734375 0.798451503125 0.0630367359375 0.7813785609375 0.0803275546875 0.7697032734375 0.1088711359375 0.7551658437500001 0.21077331406250002 0.750245834375 0.3079362 0.755610309375 0.370350803125
6 1 0.24952159375 0.9827951734375 0.3283589421875 0.972084875 0.4051874625 0.9667580640625 0.4767130671875 0.9669377875 0.5068347890625 0.9745115140625 0.5424554734375 0.9785940609375 0.54600871875 0.9807417875000001 0.5372652875 0.9886656374999999 0.532300546875 0.995832559375 0.5422839484375 1 0.5270516078124999 1 0.24952159375
6 0.024431265625 0.43253455625 0.03225108125 0.3959532859375 0.035718764062500005 0.3106361828125 0.02419038125 0.1510880921875 0.0234241328125 0.06520736875000001 0.009186715625 0.0004763484375 0 0 0.016658190625 0.44977114843750005 0.024431265625 0.43253455625
6 0.15588638593749998 0.5975130703125 0.1503656828125 0.6223612828125 0.1466709203125 0.712162828125 0.15126430156249998 0.772969890625 0.16444859218750002 0.7988032234375 0.17452016718750002 0.7850950531249999 0.1795867171875 0.769215721875 0.1886176140625 0.708717434375 0.18824399375 0.6319183125000001 0.17861240312499999 0.620101928125 0.168526659375 0.617254421875 0.15588638593749998 0.5975130703125