6 0.6681473859375 0.4256053625 0.6583791125 0.474720221875 0.6524287859375 0.539114478125 0.651868121875 0.6527164515625 0.6590922875 0.7386683171875 0.6676429265625 0.7961158671875 0.695025521875 0.9101111953125001 0.7060901921875 0.9346922718749999 0.7297430171875 0.96668815625 0.7432510875 0.9655059921875001 0.7557736234375 0.9629906640625 0.7530268812500001 0.89084106875 0.7306522953125001 0.779246284375 0.7226822984375 0.7194768609375 0.717644284375 0.639862965625 0.7167445765625 0.5618740812499999 0.7229777421875 0.4321621515625 0.7174541796875 0.39006320781250003 0.7009797953125 0.38440791406249997 0.6870069125 0.38846958125 0.679755178125 0.396201275 0.6681473859375 0.4256053625
6 1 0.7688211421875 0.955322215625 0.5466725 0.9496722703125 0.48613226875000004 0.9515393578125 0.4121594828125 0.936788134375 0.3737069234375 0.920839328125 0.3736832796875 0.9031698671875 0.3979402109375 0.8920826406250001 0.4500093234375 0.89088255 0.49695492343750003 0.9024502390625001 0.6038178328125 0.9543097218750001 0.8519345453125 0.9753828999999999 0.9068667687499999 0.9893582890625 0.894288415625 1 0.9108918906250001 1 0.7688211421875
6 0.877592765625 0.8671649296874999 0.8715536515625001 0.7853675890625 0.8542021171874999 0.6250732250000001 0.8318300390625 0.504961753125 0.8127378015625 0.4370814625 0.7964023296875 0.40728401875 0.782300559375 0.401421084375 0.7683251703125 0.4139994390625 0.7638402265625001 0.42574723125 0.77106439375 0.5116990953125 0.79986225 0.7433817078125 0.8159148796875 0.8384968265625 0.8289504624999999 0.8841965843749999 0.84488924375 0.918286978125 0.8705937921875 0.9117792 0.877592765625 0.8671649296874999
6 0.50482633125 0.46118964531250006 0.5452445109374999 0.6208847343749999 0.563540865625 0.7058676109375 0.5760383390625 0.7885191593750001 0.5887835609375001 0.925086653125 0.600899384375 0.9609310265625 0.611974078125 0.951445353125 0.63068968125 0.9554850921875 0.637547234375 0.9435296609374999 0.64137520625 0.92474230625 0.6419283515624999 0.8366903953125 0.6323340796875 0.7424294828125 0.615753365625 0.6501994046874999 0.593108475 0.5613388578125 0.5719039046875001 0.50499871875 0.5464771828125 0.46322219843749995 0.5232816515625001 0.45389687500000003 0.51220695625 0.46338255000000006 0.5077270265625 0.45809696874999994 0.50482633125 0.46118964531250006
6 0.5385519984375 0.9678067953125 0.548305234375 0.9697920609375 0.5675564375000001 0.9453967015625 0.5725769796875 0.905213809375 0.568784096875 0.8047675421875 0.555109090625 0.692411409375 0.5312866656249999 0.573846275 0.5088995484375001 0.5048349265625001 0.49269547343750003 0.476445396875 0.4838670078125 0.46728214531249995 0.48030683593749995 0.4718519484375 0.474245165625 0.46670479218749994 0.4744954234375 0.5121040531250001 0.481850984375 0.5994638296875 0.5051988421875 0.7727486890625 0.5201117171874999 0.92399944375 0.5295921390625 0.95723563125 0.5385519984375 0.9678067953125
6 0.2393465609375 0.5213279171874999 0.2855761515625 0.6407709015624999 0.3041428140625 0.7030195406249999 0.310065571875 0.732308846875 0.3174261453125 0.8026352484375 0.31752997031249997 0.897726721875 0.3213403984375 0.9385561796875 0.331743084375 0.9731310671875001 0.33885841562499996 0.9810248328125001 0.3483488625 0.9801942734375 0.360479721875 0.964938521875 0.3686587359375 0.94151215 0.378442046875 0.8412971671875 0.3734616046875 0.7452130609375 0.36083023125 0.6696702906249999 0.334493775 0.583971634375 0.30432684062500004 0.5255770203125001 0.277972840625 0.499495175 0.24976679218750003 0.49628599375000004 0.24646940781249999 0.5036716218749999 0.2380326203125 0.50724879375 0.2393465609375 0.5213279171874999
6 0.4267428015625 0.6411913421875 0.433274909375 0.839337265625 0.44194441093750003 0.9407761671875001 0.451033265625 0.970974015625 0.46059188593749995 0.9853386890625 0.49091915156250004 0.9842796375 0.49201951718750003 0.9818149859374999 0.49756563906249995 0.94726374375 0.487495915625 0.6770374359375 0.4709402640625 0.49964048125 0.45684851875000004 0.45971080000000003 0.4440657 0.4508936140625 0.44024274218750004 0.45264759374999997 0.43126784531249995 0.493176553125 0.42716204687500003 0.5602482046875 0.4267428015625 0.6411913421875
6 0.22668868281250001 0.983744359375 0.2458135046875 0.9409077124999999 0.25650655 0.8846148656249999 0.25903561875 0.800648265625 0.25233702812500003 0.7203280484375 0.23825781406250002 0.637814928125 0.21126689375000002 0.5365600234375 0.1983551875 0.5178182390625 0.1847789921875 0.517586953125 0.1793692796875 0.5365127359375 0.177514725 0.5679020859375 0.20337560625 0.7766580109375 0.20511750312500002 0.8294969249999999 0.2012744921875 0.8993844015624999 0.20481711875 0.9544314093749999 0.213905865625 0.974927171875 0.22668868281250001 0.983744359375
6 0.1179477296875 0.9804861703125001 0.13640555625 0.9646767109375001 0.145772128125 0.936888175 0.1530514328125 0.8354729203125 0.1526823140625 0.7460823109375 0.1419029890625 0.647666875 0.1207034328125 0.5742933625 0.11451036875000001 0.5677382953125 0.10370096718749999 0.5715231078125 0.0930254671875 0.56819914375 0.08893470625 0.5841706734375001 0.0982461421875 0.7437492578125 0.09795828906250001 0.8261003062500001 0.09226323125 0.9188604484375 0.09528529375 0.9512424328125 0.10094777031249999 0.969199225 0.1179477296875 0.9804861703125001
6 0.4041039890625 0.9795730718750001 0.41161600781249996 0.9831738890624999 0.4313927875 0.9644101781250001 0.43496298125 0.925773625 0.42210140156250003 0.7366980953125 0.42438773437500005 0.5817821703125 0.42889523125 0.49338419375000003 0.42521369375000007 0.4624793359375 0.40821373281250006 0.45119239218749996 0.4020231734375 0.4361206375 0.395827603125 0.43808225624999997 0.3864635375 0.457354103125 0.375113521875 0.5066073906249999 0.3663838703125 0.609568984375 0.3650473734375 0.672140046875 0.37700924375 0.78322669375 0.3774997328125 0.9080919640625 0.39013862499999996 0.9580846749999999 0.4041039890625 0.9795730718750001
6 0.7239000078125 0.43350085 0.7189933125 0.534708465625 0.720160821875 0.5984798 0.7296186890625 0.708366175 0.75330470625 0.8425567703124999 0.777796634375 0.9255780281250001 0.7959766328125 0.95805286875 0.7987702062500001 0.9606472109374999 0.815220315625 0.9592075718749999 0.8171987453125 0.954776196875 0.8307749421875 0.9550074796875 0.8342037171875001 0.9490297640625001 0.8360557671875 0.9261571 0.8338220671875 0.9022225921875 0.81393895625 0.8344115140625 0.798278003125 0.752036821875 0.7651466484375 0.46537641562500004 0.75777605 0.42911676249999997 0.7493467796875 0.40714387187499995 0.7319476265625 0.4086665671875 0.7239000078125 0.43350085
6 0.5837257984375 0.19595186250000002 0.5719841078125001 0.23246472499999998 0.567749421875 0.289611778125 0.5686666734375 0.307983853125 0.580911384375 0.353752825 0.5886736578125 0.40275290156250004 0.5918246093749999 0.44505948437500004 0.607637009375 0.4607085921875 0.6266154 0.467564159375 0.611772884375 0.2914366921875 0.6128566171875 0.19198305468750002 0.5941410171875 0.1879433140625 0.5837257984375 0.19595186250000002
6 0.61587868125 0.2243650390625 0.6127051734375 0.2587086421875 0.6137463000000001 0.3040386890625 0.63215149375 0.46707966562500003 0.6536338890625 0.475135503125 0.662100753125 0.3693580828125 0.6460581453125 0.2401762171875 0.627749259375 0.197776775 0.61587868125 0.2243650390625
6 0.1747067625 0.255877334375 0.162568384375 0.296683146875 0.15513512812500002 0.4733406765625 0.157101025 0.511492734375 0.1754099140625 0.5538921765625 0.183593940625 0.51343243125 0.1809685640625 0.476757496875 0.17754480156250002 0.46570183906249996 0.180854715625 0.415732771875 0.1999720171875 0.398446190625 0.192356175 0.2997539 0.1827468625 0.2565931125 0.1747067625 0.255877334375
6 0.3561806421875 0 0.3600859140625 0.0636467921875 0.35572234062499997 0.110869246875 0.36045503437500004 0.1530374015625 0.36915210468750004 0.1607927421875 0.38615707499999996 0.15504631093750001 0.3949930609375 0.1386595015625 0.40160286406249995 0.072788121875 0.3954742140625 0 0.3561806421875 0
6 0.3992756484375 0 0.4035838 0.059840056249999996 0.4010647546875 0.10973990781250001 0.40355873750000004 0.145006928125 0.4081675546875 0.1602171109375 0.42964994843750004 0.16827295 0.43729586718749996 0.164764990625 0.4436303515625 0.13866122187500002 0.446940265625 0.08869215625 0.4460280265625 0.053286709375 0.439869309375 0 0.3992756484375 0
6 0.8529408093749999 0.43214366875000004 0.85728934375 0.4360213359375 0.861256228125 0.393091834375 0.8611398749999999 0.34058379843750003 0.8502316609375 0.2322437625 0.8427296671875 0.194576196875 0.8307452390625001 0.1601397359375 0.8083480984375001 0.1251951359375 0.8004393921874999 0.1258872703125 0.7997774093750001 0.135881084375 0.794898284375 0.143405140625 0.7900216671875 0.14241250625 0.810685621875 0.24422111875 0.8177758875000001 0.3372817609375 0.833583275 0.369964240625 0.8529408093749999 0.43214366875000004
6 0.8806323718750001 0.8399301031249999 0.8911764796874999 0.8418461531249999 0.9004141640625001 0.80413301875 0.893202528125 0.6755977171875001 0.882291809375 0.57577436875 0.8638665671875 0.48086689062500004 0.8472783328125001 0.41418687500000007 0.8258109749999999 0.3550309125 0.7991941875 0.3261332421875 0.7825884109375 0.3190700375 0.7798191109375 0.32357062812500004 0.7866566140625 0.3797486921875 0.8149765125 0.443982596875 0.8330150921874999 0.509116275 0.8545962984375001 0.6292969609375 0.8768119203125 0.8331673937499999 0.8806323718750001 0.8399301031249999
6 0.1538548359375 0.7928202703125 0.1476241765625 0.9140155109375 0.1492009046875 0.9309104593749999 0.159340803125 0.9626695249999999 0.1781877984375 0.9681171765625001 0.18623040625 0.96031626875 0.2000819203125 0.920779940625 0.2036721671875 0.8140098890624999 0.1989495 0.7377749828125 0.18513558125000001 0.649561 0.176066884375 0.5609317375 0.1559109609375 0.5243715875 0.1387796078125 0.51167673125 0.12520090625 0.5199621343749999 0.119402021875 0.517630803125 0.119265615625 0.5332562640625 0.11570544687499999 0.5378260671875 0.139403996875 0.629433228125 0.147689340625 0.6925816421875 0.1538548359375 0.7928202703125
6 0.310265703125 0.9480418546875 0.31712826875 0.9190530453125 0.31676165625 0.8211457484375 0.3082210421875 0.7296314484375 0.2949251796875 0.6725991765625 0.24474624843749998 0.5364688859375 0.2410571890625 0.5311140921875 0.23235761250000003 0.5318754390625 0.2251033703125 0.5481238203125 0.22272574375 0.5653648359375001 0.26248194062499997 0.7350537359375 0.2703580625 0.8450785390625001 0.267965403125 0.9134196765624999 0.2800762125 0.9662974249999999 0.2969472828125 0.9676597671874999 0.310265703125 0.9480418546875
6 0.0517713046875 0.561873640625 0.0384253171875 0.675175115625 0.037892221875 0.6950935265625 0.0662645953125 0.9991089015625001 0.07426137968749999 0.9988296484375001 0.0770852453125 0.9869010890625001 0.0924422453125 0.758451303125 0.0919367203125 0.6846861546875 0.0872115453125 0.6169679375 0.083001925 0.5889481171875001 0.0712802828125 0.55732748125 0.06706314218750001 0.5548577234375001 0.066269765625 0.5634436234375 0.05967750468750001 0.5696981937500001 0.0517713046875 0.561873640625
6 1 0.4608002015625 0.9927885062499999 0.43551836093749996 0.9647138515625 0.4337170921875 0.9564009375 0.46425223750000005 0.95414969375 0.49993453906249996 0.9624300265624999 0.580116328125 0.994416425 0.7263552140625 1 0.7627900421875 1 0.4608002015625
6 0.768903378125 0.240780653125 0.779558828125 0.312238115625 0.789969034375 0.321262940625 0.799590875 0.3218402921875 0.8138215343749999 0.3376278265625 0.8155421890625 0.31334724999999997 0.8068676765625 0.228941725 0.7944940765624999 0.1732481515625 0.7789469718750001 0.1518981828125 0.7715613343750001 0.166738653125 0.7690523171875 0.1825717546875 0.768903378125 0.240780653125