6 0.9028262671875 0.23931265000000002 0.92870901875 0.22605426875 0.9628927640624999 0.199278303125 0.9623970765625 0.18546942500000002 0.960477065625 0.17277621406250002 0.8860929953125 0.1811015203125 0.7700750421875 0.21262909843750002 0.7081507375 0.22538522656249999 0.6259641140625 0.2366370234375 0.545670315625 0.2435069015625 0.4125372171875 0.24697969843749998 0.36892528125 0.255871790625 0.3622273828125 0.2732539609375 0.3656611015625 0.28732163125 0.3732296453125 0.2941939328125 0.402865353125 0.30389652968749997 0.45288038124999996 0.3102040640625 0.5188206734375 0.3114186046875 0.63568025 0.3033370125 0.7245048953125 0.28935273437500003 0.7840711125000001 0.2761761296875 0.9028262671875 0.23931265000000002
6 0.5378576421875 0 0.48016386562499996 0.0096114 0.4041500015625 0.0133283171875 0.3637976546875 0.031437190625 0.3629224203125 0.0478493390625 0.3869386125 0.064181328125 0.4399230171875 0.07162081875000001 0.48816314531250005 0.069277553125 0.5987357125 0.0492302640625 0.7745257999999999 0 0.5378576421875 0
6 0.3840715515625 0.1882831578125 0.3962682890625 0.2017042859375 0.4081167671875 0.2054236296875 0.4969414109375 0.19143935 0.7368650999999999 0.1441498 0.8355891921874999 0.12038317031250001 0.8833069312499999 0.10348722031249999 0.9192342359375001 0.084488896875 0.913909528125 0.058536495312500006 0.8683775812500001 0.05473537656250001 0.7838909140625 0.06718365937500001 0.6180320609375001 0.0972545953125 0.49325108906250004 0.1294287171875 0.4223878015625 0.15424714374999998 0.3908565171875 0.1733264390625 0.3840715515625 0.1882831578125
6 0.9409255968749999 0.32161711875 0.9460807640625 0.30205200625 0.9341452218749999 0.29590721875 0.9150184140625001 0.29340039687499997 0.8244478875000001 0.299542359375 0.726947290625 0.316598628125 0.631163553125 0.34068873437499997 0.538523321875 0.37076169062500003 0.47942144531249997 0.3968740125 0.43507938125 0.426220665625 0.4242466578125 0.4507982046875 0.43341597500000006 0.4614704140625 0.4277384203125 0.46648284218749997 0.4307658359375 0.469231765625 0.5972387328125001 0.415472334375 0.6856570765625001 0.39016930312500003 0.771367240625 0.3710106578125 0.9125668359375 0.3474877421875 0.9500949140625 0.33228932499999997 0.9409255968749999 0.32161711875
6 0.5480943484374999 0.4334192671875 0.47589147968749995 0.46171412968750003 0.4458158640625 0.48055091718750004 0.4359164171875 0.490333271875 0.44042852187500003 0.493648171875 0.4348090078125 0.5002775625 0.481535425 0.49655983593749997 0.5718157359375 0.48233305312499997 0.7513609328124999 0.4451021609375 0.9077843578125 0.4182297390625 0.9424881671875 0.405941778125 0.953843278125 0.395916921875 0.956406353125 0.385730125 0.9323321171875 0.3677811703125 0.891254234375 0.36567798749999997 0.7876988015624999 0.3772364140625 0.6713616109375 0.3998706875 0.5480943484374999 0.4334192671875
6 0.9121574234375001 0.6216438015625 0.9482878796875 0.6083048546875001 0.9567897015625 0.6003819703125 0.95644144375 0.5906801828125 0.94139141875 0.579361028125 0.917723484375 0.5727308265625 0.8151303515625001 0.5703025515625 0.7159999578125 0.5827504328125 0.6375971484375 0.6015050390625001 0.548013353125 0.6351353984375 0.4863193859375 0.670626034375 0.4580767109375 0.6997305875000001 0.4532697984375 0.728997484375 0.4606932375 0.7318273750000001 0.46392380468749994 0.7402356703125 0.47848046406250005 0.737810628125 0.6038464578125 0.681139534375 0.6688870796875 0.657291125 0.6993399796875 0.6489646062500001 0.7720942546875 0.636030909375 0.8699431109375 0.6286764265625 0.9121574234375001 0.6216438015625
6 0.9657742328125 0.442728328125 0.9305190124999999 0.439655125 0.6519354078124999 0.47061228125000004 0.4685214953125 0.5011678234375 0.4266844640625 0.5187107171875 0.41693012500000004 0.5325354812499999 0.4185308984375 0.5363353875 0.45975389062499994 0.542480984375 0.5285474671875 0.541593553125 0.6118106437499999 0.53585563125 0.816039196875 0.514032265625 0.9208761687499999 0.49738043750000005 0.9524328203125 0.485726953125 0.9677231687500001 0.4747968734375 0.9682515 0.4436726875 0.9657742328125 0.442728328125
6 0.49265525468750004 0.7655419343750001 0.47268223281250005 0.780255746875 0.47171993125 0.79424245 0.49090478437499996 0.798366234375 0.5231035625 0.7978820343749999 0.739280396875 0.7553618703125 0.7937413453125 0.74954230625 0.8654462546874999 0.7481698671875 0.9222752703125 0.7403291640624999 0.9438490640625 0.7294152578124999 0.9536034046875 0.7155904953125 0.9105474671874999 0.6991771328125 0.8531960671875 0.692465153125 0.766934496875 0.6962626375000001 0.6839325140625 0.7092769 0.5982803953125 0.730052509375 0.49265525468750004 0.7655419343750001
6 0.526648778125 0.8558502546875 0.5195735984375001 0.8627221515624999 0.5228912343750001 0.8735558953125 0.5189015140625 0.8847936765625001 0.535116990625 0.8877855078125 0.6998103921875 0.8660418968749999 0.78452923125 0.8600614734375001 0.87966990625 0.8588513750000001 0.9131502234375001 0.8532737765625 0.9319287718749999 0.846078809375 0.9444493390625001 0.827726625 0.9291671390625 0.809939609375 0.9010741640625 0.8024199578125 0.7971124296875 0.8026596343750001 0.7051152609375 0.80985258125 0.6032766875 0.828444846875 0.526648778125 0.8558502546875
6 0.45984095468749997 0.5449064328125 0.4278453265625 0.55105000625 0.4153247609375 0.56940219375 0.399486565625 0.5769206359375 0.401174403125 0.5831459875 0.4205043609375 0.591312184375 0.470577434375 0.5992366859375 0.576052875 0.6003714687499999 0.640363371875 0.59697761875 0.7553029390625 0.5762028156250001 0.8838078421875 0.5661811906249999 0.935921603125 0.5493662125000001 0.9587769359375 0.5333589109375 0.962882740625 0.52535505625 0.9446311671875 0.506436084375 0.9050669921875001 0.5057073625 0.709833628125 0.53335204375 0.5505565875 0.5428068828125 0.45984095468749997 0.5449064328125
6 0.957541303125 0.1317861203125 0.960359765625 0.12871396875000002 0.95975611875 0.1118975375 0.9553020578125 0.11019960312499999 0.95626435625 0.0962129 0.9502965859374999 0.09314050625 0.926860821875 0.09297816249999999 0.9021145031250001 0.0971007359375 0.8312802359375 0.1227276453125 0.745686159375 0.14512021875 0.448962478125 0.20105895624999998 0.41126027187499997 0.21140647812500002 0.3882017875 0.22175440625 0.3888402625 0.23954101562500002 0.4139638609375 0.2459287109375 0.51783853125 0.24326358906249998 0.583517628125 0.2372017890625 0.69708859375 0.21909493593749998 0.8364262234375 0.184495771875 0.9231567281249999 0.15296738593749998 0.957541303125 0.1317861203125
6 0.41881045156249996 0.38094525468749996 0.4357560578125 0.363482521875 0.44382255937500004 0.3434324015625 0.2618062734375 0.3721284734375 0.159532375 0.37859350625 0.15437720625 0.398158615625 0.1620618375 0.40826484531249996 0.1990048953125 0.41756340156249994 0.257579790625 0.41756501718749994 0.2765324703125 0.4152209453125 0.32427923125 0.3991334796875 0.3751114515625 0.38741190312499996 0.41881045156249996 0.38094525468749996
6 0.2108915765625 0.340757990625 0.16628831718749998 0.36282830312500003 0.19301269375000002 0.37301590625 0.2281808484375 0.37366366093750003 0.27487824375000003 0.36913745468750003 0.443619409375 0.33777302656249997 0.4530545109375 0.31505495781250004 0.344667734375 0.31440518281249996 0.2108915765625 0.340757990625
6 0.4295056203125 0.8012750750000001 0.41794735625 0.8056405546875001 0.36670883125 0.8060433828125 0.34994195 0.787690390625 0.24798728906249998 0.803048725 0.2030647953125 0.8162257374999999 0.20189934531249998 0.8245530640625001 0.24323842187500003 0.8339325890625 0.42461164531250006 0.8281165234375001 0.46397266718749997 0.8231858750000001 0.5085759265625 0.8011155593750001 0.46738195625 0.7957784453125 0.4295056203125 0.8012750750000001
6 0 0.6503501515625 0.013996281250000001 0.6484606109375 0.0623524953125 0.6493512765625 0.10599345 0.6412676625 0.11443723125000001 0.6317278140625 0.1094317609375 0.6146687187500001 0.09304215625 0.6068259953124999 0.0256171796875 0.605045475 0 0.609082346875 0 0.6503501515625
6 0 0.6057986125 0.0124000984375 0.603994084375 0.0636096 0.6027827765625 0.1000302703125 0.59752865 0.115926509375 0.5916271734375 0.1253616140625 0.56890910625 0.122160065625 0.561309290625 0.09563884218749999 0.5567810625 0.04440031875 0.557183890625 0.007921606250000001 0.56082105 0 0.562314440625 0 0.6057986125
6 0.1383924234375 0.15682645 0.101241625 0.18253513593749998 0.10153184062500001 0.19061995781250002 0.1117795453125 0.19053939375 0.1192610265625 0.19498625 0.11797948750000001 0.200079646875 0.2238368015625 0.17105808125 0.3199688 0.1566697640625 0.3544404375 0.13791394375 0.41945204062499997 0.11325705156250002 0.42367392812500004 0.10848712812500001 0.3797137359375 0.10767743437499999 0.32567996718750003 0.11179919687499999 0.21362271093750002 0.131280509375 0.1744648359375 0.1418705390625 0.1383924234375 0.15682645
6 0.400673490625 0.12045201875 0.3386602828125 0.14704935 0.30750627656249996 0.1766389125 0.2993527125 0.1942635828125 0.303835796875 0.19677 0.362004390625 0.18545286249999998 0.4296080875 0.1514176578125 0.497589065625 0.127892721875 0.62239905625 0.096527084375 0.8333545328125 0.058130032812499996 0.8405167796875 0.05368358125 0.84305083125 0.042688303125 0.8047391734374999 0.0360576984375 0.672099440625 0.053274695312499995 0.5688052015625 0.07210946406249999 0.47016817499999997 0.09830154218750001 0.400673490625 0.12045201875
6 0.8873973312500001 0.74776623125 0.77772901875 0.7522098546875 0.6990359921875 0.7628796390625 0.6075321890625001 0.783816784375 0.5158542546875 0.7999030375 0.477160728125 0.82342878125 0.463184496875 0.8420234703125 0.47098521406250005 0.8553636296875 0.4682770328125 0.8615080171875 0.4843474 0.860457434375 0.48885950468750006 0.8637723312500001 0.58438205 0.8324058828125 0.6497999546875 0.81906774375 0.753268321875 0.80508386875 0.8776384 0.8022576140625001 0.8951063921875001 0.7993475640625001 0.9283255171875 0.7864936250000001 0.9349363515625001 0.7666860093750001 0.9273387859375 0.759005225 0.8873973312500001 0.74776623125
6 0.48864110624999996 0.7353046171875001 0.48896034374999997 0.744197921875 0.5052919046875 0.7504236796875 0.5229050046875 0.7515560406249999 0.699625603125 0.697716046875 0.8132546125 0.6812261609375 0.8834458156249999 0.6784792578125 0.9384999281249999 0.6619877546875 0.94080180625 0.64452461875 0.9213267437500001 0.6323160109375 0.8918651640625 0.6274643109375 0.7911049765625 0.6353038015625 0.696486690625 0.651066578125 0.6370946 0.669094078125 0.4943476828125 0.7311006703125 0.48864110624999996 0.7353046171875001
6 0.714628246875 0.8708931953124999 0.63870144375 0.8770355609375 0.5687714374999999 0.887058803125 0.539716159375 0.8935258515625 0.5065550796875 0.9079967578125 0.50378885625 0.9125241765625001 0.51258089375 0.9126861156249999 0.51866475 0.9189924406250001 0.5101919500000001 0.9277238062500001 0.6260602046875 0.9328204343750001 0.646526590625 0.9318508218750001 0.9504664171874999 0.8812164625 0.9510664468750001 0.8696444375000001 0.9488697875 0.8692826953124999 0.714628246875 0.8708931953124999
6 0.20791154218750002 0.176151075 0.149946096875 0.1931275890625 0.1271488078125 0.21075185468750002 0.1420247046875 0.21722011874999997 0.1581821359375 0.21859498125000001 0.21806759062499997 0.21431168281250002 0.292161446875 0.1979015515625 0.30200285 0.186502234375 0.3031102578125 0.17655794375 0.32011390624999997 0.16071217499999998 0.2952224765625 0.1607923359375 0.20791154218750002 0.176151075