6 0.1720391640625 0.6856992796875 0.2583529625 0.7003157234375 0.34219946874999996 0.718923803125 0.48030247812500004 0.7580899999999999 0.526444190625 0.7627791546875 0.5353930890624999 0.746684503125 0.533477459375 0.730811484375 0.5264484781250001 0.7211628140624999 0.4969246171875 0.70144656875 0.44592768749999995 0.678741146875 0.3778670671875 0.6562614171875001 0.25605977812499997 0.6271668578125 0.1625625484375 0.613284478125 0.0994211421875 0.607962903125 0.0045062625 0.6083454234375 0.0050053546875 0.67572295625 0.10650768749999999 0.679177975 0.1720391640625 0.6856992796875
6 0.5056574734375 1 0.50846310625 0.98310010625 0.4855223875 0.9582311359375 0.43158587031250006 0.933382465625 0.38141875937499997 0.9203297750000001 0.264722678125 0.9058190375 0.0066603828125 0.8991516234375 0.0071144125 0.960445753125 0.0462758625 0.9673140374999999 0.31680113125 0.9763610890625 0.382754128125 0.9855421328125 0.438393640625 1 0.5056574734375 1
6 0.25034901718749997 0.8491959078125 0.3831509734375 0.85554444375 0.4593306703125 0.8522767890624999 0.49416201718749997 0.8423861828125 0.502918921875 0.8288658640625 0.49186454687500003 0.8108536578125 0.480042203125 0.8031387828125001 0.386544971875 0.789256403125 0.1328935421875 0.76174981875 0.02801980625 0.754953959375 0.005599996875 0.755999521875 0.00604768125 0.8164368640624999 0.0753048953125 0.827429803125 0.25034901718749997 0.8491959078125
6 0.163204665625 0.5838952 0.265074821875 0.589405925 0.36438936875 0.5876247375 0.4285547296875 0.5792165390624999 0.4778301640625 0.5626664421875 0.4918924140625 0.540347440625 0.48364962812499995 0.5261947046875 0.4901047765625 0.5227582 0.487293184375 0.5188987328125 0.3088593515625 0.5218043265625 0.214466159375 0.519935496875 0.12358852812500001 0.5124869171875 0.0036725468749999996 0.49579391250000004 0.0041254359375 0.5569338687500001 0.06037669531249999 0.570447965625 0.163204665625 0.5838952
6 0.230380040625 0.514347625 0.3617761984375 0.518766425 0.439745675 0.5122798421875 0.47304323281249994 0.5021757234375 0.4844197375 0.49508920468750006 0.4801383546875 0.49015811249999997 0.486721496875 0.48500538593750003 0.43796018437499995 0.47388242968750005 0.3429291609375 0.4597865375 0.1528966984375 0.4411360859375 0.0031190640625 0.42107360937499994 0.0035587296875 0.48042853125 0.10742080312499999 0.5006990609375 0.230380040625 0.514347625
6 0.20547684375 0.30799838125 0.28874951718749997 0.3135212890625 0.385316471875 0.307022521875 0.45325338593750003 0.28960213281249997 0.48584911406250003 0.2681290609375 0.49422418281249997 0.2389492359375 0.486875215625 0.23359111875 0.4845116046875 0.223724875 0.469173696875 0.2215897484375 0.3329180328125 0.2407710234375 0.2628735 0.2448927296875 0.23040790625000002 0.24384140781250002 0.153654378125 0.23402388749999997 0.0515943765625 0.2102793234375 0.0071144484374999995 0.204087459375 0.0015143015625000002 0.2044306515625 0.0018943624999999999 0.25573886562500003 0.101499065625 0.2891889703125 0.20547684375 0.30799838125
6 0.4519562921875 0.47322971249999995 0.4972681828125 0.4682661375 0.508964678125 0.45688906406249996 0.5077508734375 0.4523849984375 0.465828690625 0.43267687187500004 0.3945724953125 0.41148634062499995 0.307786403125 0.3907350140625 0.0940156734375 0.3479715875 0.0024778515625000002 0.33450989999999997 0.0029354171875 0.396281378125 0.258698671875 0.446327121875 0.4519562921875 0.47322971249999995
6 0.07633344843749999 0.14869668125 0.16599513125 0.172449365625 0.2533572 0.1854776953125 0.34436282500000004 0.19121005156249998 0.45773747968749995 0.1879180375 0.4801065109375 0.1788936625 0.48272825468749997 0.16451929375000002 0.46336495156249996 0.154020634375 0.430005540625 0.144174690625 0.20147002500000002 0.11929736875000001 0.14446449687500001 0.1078937875 0.0701407203125 0.08627623125 0.010450879687500001 0.0762330171875 0.00057870625 0.07812529375 0.0008209734375 0.1108313375 0.0177955609375 0.123207475 0.07633344843749999 0.14869668125
6 0.0395993328125 0.0178652453125 0.1471545234375 0.0510449671875 0.2431433609375 0.07307736875000001 0.3506367 0.08630702968750001 0.43307955312499996 0.0821772046875 0.44119648749999996 0.07723799218750001 0.4390248671875 0.0647974171875 0.44445820312500006 0.054282512500000005 0.42803448906249997 0.0459271 0.2551641265625 0.0157934 0.24135085312500001 0.0125144890625 0.0112101765625 0.0005812687500000001 0.011417268749999999 0.00093684375 0.0395993328125 0.0178652453125
6 0.3719496203125 0.4031349875 0.466020684375 0.430102540625 0.4998280765625 0.43394170781249997 0.5149121359375 0.41870110625 0.5321678140625 0.4159010796875 0.5311460015625 0.40882268125000004 0.5121026859375 0.3940334671875 0.46123375 0.369611821875 0.3522727625 0.33450236875 0.2853619515625 0.3173848171875 0.1640644953125 0.3022335421875 0.029986882812499997 0.2714308828125 0.0020139171875 0.271878925 0.0024320265625 0.3283236171875 0.206110384375 0.3618417859375 0.3719496203125 0.4031349875
6 0.12388279218750001 0.7578944109375 0.43728805625 0.7945860984374999 0.47748660000000004 0.7958468703125 0.5025392265625 0.7923981875 0.5039471671875 0.77351975 0.47870469218749995 0.758734596875 0.37095750625 0.7281292078125 0.3023209109375 0.713372475 0.182749240625 0.6958603812499999 0.03460938125 0.687376721875 0.0051038734375 0.6890229546875 0.0055951671875 0.75534765625 0.0327491703125 0.7538782734375 0.12388279218750001 0.7578944109375
6 0.589280615625 0.6267340890625 0.53534195625 0.6226935890624999 0.48939223125 0.6154301 0.46983479531250005 0.6283139421875 0.45916011250000005 0.6467694140625 0.650755946875 0.6751747124999999 0.7572893296875 0.7012760359375 0.7648964265625 0.6823935390625 0.7581234343750001 0.6693124234375001 0.7209946171875 0.6476705046875 0.6604109593749999 0.6288326703125 0.640535678125 0.625198896875 0.589280615625 0.6267340890625
6 0.4463116703125 0.6735924828125001 0.558340240625 0.7091289625 0.6997689625 0.72448156875 0.748468421875 0.715654465625 0.7220121421875 0.6963652437500001 0.685713146875 0.68437605625 0.636887834375 0.6741112109375 0.4587121328125 0.6527761890625 0.4463116703125 0.6735924828125001
6 0.44540744375 0.14545170624999998 0.487393625 0.1643017203125 0.5272081828124999 0.170711159375 0.5396704999999999 0.1698449265625 0.5927131984375 0.1858989765625 0.6079209671875 0.21055849375000002 0.715158315625 0.22722059843750003 0.7631538078125 0.2278327140625 0.7653275703125 0.21946512031249998 0.7236613765625 0.1963245515625 0.5353912578125 0.144105665625 0.49410690625000003 0.13662460468749998 0.44540744375 0.14545170624999998
6 1 0.475172946875 0.9391983046875 0.4647589234375 0.8892871843749999 0.44827379062499995 0.8432094687499999 0.44272652187499995 0.8333667531250001 0.4500265546875 0.8365601859374999 0.469545528125 0.8525999171875001 0.4830496078125 0.9221303296875 0.5066009593749999 1 0.51815131875 1 0.475172946875
6 1 0.522283175 0.93567845625 0.511955015625 0.882571759375 0.49675907812500003 0.844290990625 0.490563153125 0.8271633062499999 0.49164695625 0.81476284375 0.512463246875 0.8171904515625 0.5214713796875 0.8440947124999999 0.5347538265625 0.8971374125 0.5508078750000001 0.9352901875 0.5587200218749999 1 0.566295875 1 0.522283175
6 0.67258513125 0.9435214421874999 0.714317465625 0.9449957296875 0.7533662015625 0.9408943265625 0.79478069375 0.9258509953124999 0.795420665625 0.9172698890625 0.7848121265625 0.9140590796874999 0.7775911515625 0.906984740625 0.7795089281250001 0.9020495890625 0.6666462484375 0.8984767203124999 0.5655440625 0.882668665625 0.52770913125 0.8912741343749999 0.45760059999999997 0.89625395 0.4526792421875 0.8999039671875 0.4980529890625 0.9148904515625 0.55441925625 0.9279390828125 0.67258513125 0.9435214421874999
6 0.2983402234375 0.8914243671875001 0.40340594999999996 0.89564589375 0.477859865625 0.8947390609375001 0.54509280625 0.8867578875 0.58075611875 0.8657118421875 0.59123880625 0.8498307031250001 0.5868934234375 0.845757721875 0.52541380625 0.8389334390625001 0.4515337234375 0.8529254484375001 0.3784856046875 0.8557620171875 0.245747646875 0.848555371875 0.023092015625 0.8210284859374999 0.015167074999999999 0.8233933656250001 0.0112675296875 0.8341217796875 0.0501221296875 0.8534028812500001 0.18931309062499999 0.8779811921875 0.2983402234375 0.8914243671875001
6 0.000420459375 0.044491040625 0.007385442187500001 0.054997821875 0.04738985 0.0796410984375 0.16133619375 0.11024242656250001 0.24396889531250002 0.124346440625 0.3410456859375 0.13179095937500002 0.43773849218749994 0.14438414375 0.48049478125 0.1321286578125 0.49711263125 0.11710156875 0.49059563125 0.1005880125 0.4941111921875 0.0950082609375 0.477367490625 0.090943403125 0.473086103125 0.0860123109375 0.370639975 0.0882245828125 0.30142740468749996 0.081190846875 0.1927842609375 0.062599009375 0.0638199953125 0.025572001562500002 0.045414509375 0.0230098484375 0.0095613484375 0.025822056249999996 0.000420459375 0.044491040625
6 0.13390709375 0.2286738921875 0.23360348281249999 0.2425522109375 0.297128871875 0.2427251203125 0.4519820140625 0.22353166249999998 0.458373165625 0.22095327031249998 0.4590771375 0.211514053125 0.4429094078125 0.1997261953125 0.42482390781249996 0.192873490625 0.2357815328125 0.192568275 0.11633785625 0.17333996093749998 0.043419875000000004 0.1536521359375 0.0011360859375000002 0.153371621875 0.0014161046875 0.19117407343749998 0.028779510937500002 0.204502303125 0.13390709375 0.2286738921875
6 0.4085039015625 1 0.405057015625 0.9981840390625001 0.3671602328125 0.9868394484375 0.27967016875 0.975527340625 0.11715021875000001 0.9728450656250001 0.02934016875 0.9658235109375 0.0071761421875 0.9687791125 0.0074074078125 1 0.4085039015625 1
6 0.5658640484374999 0.8783781109375 0.5916185046875 0.8862983796874999 0.6837099390625 0.8982510250000001 0.7456375375000001 0.899068534375 0.77126614375 0.8878968515624999 0.75663220625 0.876322509375 0.7400804953125 0.8696833156249999 0.6776430625 0.8549225234375 0.5990997499999999 0.8483239328125001 0.5875952515625 0.857126675 0.5852934921874999 0.867210490625 0.5658640484374999 0.8783781109375