6 0.678125 0.8055555562500001 0.67578125 0.7463888890625 0.678125 0.66805555625 0.684375 0.5916666671875 0.70234375 0.46527777812500004 0.70078125 0.4236111109375 0.68515625 0.4166666671875 0.67109375 0.41944444374999995 0.66328125 0.4263888890625 0.64921875 0.45416666718750004 0.63515625 0.5013888890625 0.6234375 0.5638888890625 0.6125 0.675 0.61171875 0.7597222218749999 0.61484375 0.8166666671874999 0.63125 0.9305555562500001 0.63984375 0.95555555625 0.6609375 0.9902777781250001 0.6859375 0.9875 0.68984375 0.9166666671874999 0.678125 0.8055555562500001
6 0.9453125 0.840277778125 0.91953125 0.597222221875 0.91953125 0.5375 0.928125 0.46527777812500004 0.9171875 0.4263888890625 0.9015625 0.425 0.88203125 0.447222221875 0.86640625 0.497222221875 0.8609375 0.54305555625 0.8625 0.6486111109375 0.890625 0.8958333328125001 0.90625 0.9513888890625 0.92109375 0.940277778125 0.93046875 0.9583333328125001 0.93671875 0.94305555625 0.94296875 0.9055555562500001 0.9453125 0.840277778125
6 0.815625 0.8236111109375001 0.81328125 0.665277778125 0.80234375 0.5458333328125 0.78984375 0.477777778125 0.7765625 0.447222221875 0.76328125 0.440277778125 0.7484375 0.4513888890625 0.74296875 0.4625 0.7421875 0.547222221875 0.74921875 0.7763888890625 0.75625 0.8708333328125001 0.76484375 0.9166666671874999 0.77734375 0.9513888890625 0.803125 0.9472222218749999 0.8140625 0.9041666671874999 0.815625 0.8236111109375001
6 0.534375 0.972222221875 0.54609375 0.9638888890624999 0.5640625 0.9694444437499999 0.571875 0.9583333328125001 0.57734375 0.940277778125 0.5859375 0.8541666671874999 0.58515625 0.7611111109375 0.57734375 0.66944444375 0.56328125 0.58055555625 0.54765625 0.5236111109375 0.5265625 0.48055555625 0.5046875 0.46944444374999994 0.49296875 0.477777778125 0.4890625 0.47222222187499996 0.4859375 0.475 0.5109375 0.6347222218749999 0.52109375 0.7194444437499999 0.52578125 0.8013888890624999 0.52578125 0.9361111109375001 0.534375 0.972222221875
6 0.51171875 0.915277778125 0.5171875 0.8166666671874999 0.5140625 0.70555555625 0.5015625 0.5875 0.4859375 0.51805555625 0.47265625 0.4888888890625 0.46484375 0.4791666671875 0.4609375 0.48333333281249996 0.45546875 0.477777778125 0.4515625 0.522222221875 0.45078125 0.6083333328125 0.4578125 0.7798913046875 0.45859375 0.9291666671875 0.46484375 0.9625 0.47265625 0.9736111109375001 0.48203125 0.9763888890624999 0.503125 0.9541666671875 0.51171875 0.915277778125
6 0.26953125 0.9611111109375001 0.27578125 0.9694444437499999 0.28515625 0.9694444437499999 0.2984375 0.95555555625 0.30859375 0.9333333328125001 0.32734375 0.8361111109375001 0.33125 0.7416666671875001 0.32578125 0.6666666671875 0.3078125 0.58055555625 0.28359375 0.5208333328125 0.26015625 0.49305555625 0.2328125 0.4875 0.22890625 0.49444444374999996 0.2203125 0.497222221875 0.2203125 0.5111111109375 0.2546875 0.6319444437499999 0.2671875 0.6944444437499999 0.2703125 0.7236111109375 0.27109375 0.79305555625 0.2625 0.8861111109375001 0.2625 0.9263888890624999 0.26953125 0.9611111109375001
6 0.434375 0.95 0.44921875 0.684722221875 0.44921875 0.5097222218749999 0.4390625 0.46944444374999994 0.42734375 0.459722221875 0.4234375 0.4611111109375 0.4109375 0.5 0.40078125 0.565277778125 0.39296875 0.64444444375 0.38125 0.8388888890624999 0.38046875 0.9388888890624999 0.3866129140625 0.969215684375 0.39856551093750003 0.9912947031250001 0.4109375 1 0.41640625 0.9861111109375 0.421875 0.9902777781250001 0.42578125 0.9833333328125 0.434375 0.95
6 0.20390625 0.8680555562500001 0.2140625 0.7861111109375 0.21484375 0.70694444375 0.20859375 0.625 0.19140625 0.5236111109375 0.18046875 0.5041666671875 0.1671875 0.502777778125 0.16015625 0.5208333328125 0.15546875 0.5513888890625 0.16171875 0.7578703703125 0.15859375 0.809722221875 0.1484375 0.877777778125 0.146875 0.93194444375 0.15390625 0.952777778125 0.165625 0.9625 0.18828125 0.922222221875 0.20390625 0.8680555562500001
6 0.090625 0.909722221875 0.10703125 0.8111111109375001 0.11484375 0.7236111109375 0.11328125 0.6263888890625 0.09921875 0.5527777781250001 0.09375 0.5458333328125 0.0828125 0.5486111109375 0.07265625 0.54444444375 0.0671875 0.559722221875 0.06171875 0.7166666671875 0.05390625 0.797222221875 0.03984375 0.8875 0.03984375 0.91944444375 0.04375 0.9375 0.059375 0.95 0.07890625 0.9361111109375001 0.090625 0.909722221875
6 0.3796875 0.7375 0.39609375 0.5861111109375 0.40859375 0.5 0.4078125 0.46944444374999994 0.3921875 0.45694444375 0.3875 0.44166666718750003 0.38125 0.44305555625000004 0.3703125 0.4611111109375 0.3546875 0.5083333328124999 0.33671875 0.6083333328125 0.3296875 0.66944444375 0.33125 0.7791666671875 0.3203125 0.9013888890624999 0.328125 0.9513888890625 0.33984375 0.9736111109375001 0.346875 0.977777778125 0.36796875 0.9611111109375001 0.375 0.9236111109375 0.3796875 0.7375
6 0.7640625 0.98055555625 0.76796875 0.9583333328125001 0.76796875 0.934722221875 0.7546875 0.8666666671875 0.746875 0.784722221875 0.740625 0.5013888890625 0.73671875 0.46527777812500004 0.73046875 0.44305555625000004 0.71328125 0.44305555625000004 0.703125 0.46666666718750005 0.6890625 0.565277778125 0.684375 0.627777778125 0.68359375 0.7361111109375 0.69453125 0.86944444375 0.7109375 0.952777778125 0.72578125 0.9861111109375 0.73828125 1 0.746875 0.984722221875 0.76015625 0.9861111109375 0.7640625 0.98055555625
6 0.61640625 0.2208333328125 0.5984375 0.215277778125 0.5875 0.222222221875 0.57265625 0.25694444375000003 0.56328125 0.3125 0.5625 0.33055555625 0.5703125 0.3763888890625 0.5734375 0.425 0.57265625 0.46666666718750005 0.58671875 0.48333333281249996 0.6046875 0.4916666671875 0.60625 0.31805555625 0.61640625 0.2208333328125
6 0.60703125 0.33055555625 0.61015625 0.4916666671875 0.63046875 0.5013888890625 0.6484375 0.3986111109375 0.64453125 0.2708333328125 0.63046875 0.22777777812500002 0.61640625 0.252777778125 0.61015625 0.28611111093749997 0.60703125 0.33055555625
6 0.19453125 0.290277778125 0.1890625 0.24722222187499998 0.18125 0.24583333281250003 0.165625 0.28472222187499996 0.1421875 0.45694444375 0.140625 0.49444444374999996 0.1546875 0.5375 0.16640625 0.4986111109375 0.1671875 0.4625 0.16484375 0.4513888890625 0.17265625 0.40277777812500004 0.19296875 0.3875 0.19453125 0.290277778125
6 0.3828125 0 0.38046875 0.0736111109375 0.371875 0.11944444375 0.37265625 0.1611111109375 0.38046875 0.16944444375 0.39765625 0.165277778125 0.4078125 0.15 0.4203125 0.0861111109375 0.42109375 0 0.3828125 0
6 0.425 0 0.4234375 0.0736111109375 0.41640625 0.12222222187500001 0.415625 0.15694444375 0.41875 0.172222221875 0.4390625 0.18194444375000002 0.446875 0.17916666718750002 0.45546875 0.1541666671875 0.46328125 0.10555555624999999 0.465625 0.07083333281250001 0.4640625 0 0.425 0
6 0.83359375 0.48055555625 0.84140625 0.4388888890625 0.84609375 0.3875 0.8453125 0.28055555625 0.84140625 0.24305555625 0.8328125 0.20833333281250002 0.8140625 0.172222221875 0.80625 0.172222221875 0.8046875 0.18194444375000002 0.79921875 0.1888888890625 0.79453125 0.1875 0.80546875 0.2888888890625 0.80390625 0.38055555625 0.81640625 0.4138888890625 0.8296875 0.4763888890625 0.83359375 0.48055555625
6 0.8421875 0.8444444437499999 0.846875 0.7180555562500001 0.8453125 0.61944444375 0.8359375 0.525 0.82578125 0.4583333328125 0.81015625 0.3986111109375 0.78671875 0.36805555624999997 0.77109375 0.35972222187499997 0.76796875 0.3638888890625 0.76953125 0.41944444374999995 0.79140625 0.48472222187499997 0.803125 0.55 0.81328125 0.66944444375 0.81640625 0.8708333328125001 0.81953125 0.877777778125 0.8296875 0.88055555625 0.8421875 0.8444444437499999
6 0.128125 0.9361111109375001 0.1453125 0.8986111109375001 0.15859375 0.79444444375 0.1609375 0.7194444437499999 0.15546875 0.6319444437499999 0.1546875 0.54444444375 0.13828125 0.5069444437499999 0.12265625 0.49305555625 0.10859375 0.5 0.103125 0.497222221875 0.1015625 0.5125 0.09765625 0.5166666671875 0.1125 0.6083333328125 0.11484375 0.6708333328125 0.11171875 0.76944444375 0.09453125 0.8875 0.09453125 0.9041666671874999 0.1015625 0.9361111109375001 0.11953125 0.94305555625 0.128125 0.9361111109375001
6 0.26015625 0.9069444437499999 0.26875 0.8111111109375001 0.26875 0.7208333328125 0.2609375 0.6638888890625 0.22421875 0.5263888890625 0.22109375 0.5208333328125 0.2125 0.5208333328125 0.20390625 0.5361111109375 0.2 0.5527777781250001 0.2234375 0.722222221875 0.22109375 0.83055555625 0.2125 0.897222221875 0.21953125 0.95 0.2359375 0.952777778125 0.25078125 0.934722221875 0.26015625 0.9069444437499999
6 0 0.9930555562500001 0.009375 0.98055555625 0.01875 0.952777778125 0.0546875 0.73055555625 0.0609375 0.6583333328125 0.0625 0.5916666671875 0.0609375 0.5638888890625 0.05234375 0.5319444437499999 0.0484375 0.5291666671875 0.046875 0.5375 0.03984375 0.54305555625 0.0328125 0.534722221875 0.009375 0.64444444375 0 0.722222221875 0 0.9930555562500001
6 0.99140625 0.7430555562500001 0.98046875 0.659722221875 0.97265625 0.525 0.96640625 0.4916666671875 0.9390625 0.4875 0.928125 0.5166666671875 0.92265625 0.5513888890625 0.9234375 0.63055555625 0.94140625 0.7763888890625 0.94609375 0.85555555625 0.9703125 0.94305555625 0.9859375 0.977777778125 0.99921875 0.984722221875 0.99921875 0.777777778125 0.99140625 0.7430555562500001
6 0.7828125 0.19583333281249998 0.77421875 0.20972222187499998 0.7703125 0.225 0.76484375 0.28194444375 0.76875 0.352777778125 0.778125 0.3625 0.7875 0.3638888890625 0.8 0.38055555625 0.80390625 0.35694444375 0.803125 0.2736111109375 0.79609375 0.21805555625 0.7828125 0.19583333281249998