6 0.5629926671875001 0.669075546875 0.5364506328124999 0.652645565625 0.4905282875 0.634520890625 0.429187865625 0.6173995 0.3193331015625 0.5968196484375 0.23495387656250002 0.58865734375 0.1779429984375 0.5868074156249999 0.0630949296875 0.5932251640625 0.0374781984375 0.5996073187500001 0.0035860546875000005 0.616390384375 0.0037409031250000002 0.64300674375 0.07217081875 0.6528064437500001 0.1838688953125 0.650816259375 0.24303110625 0.6536381421875 0.3209153890625 0.6628001734375 0.396543828125 0.6756841203125 0.521053915625 0.7046000125 0.56271028125 0.706674946875 0.570903071875 0.691714653125 0.5692785828125 0.677463565625 0.5629926671875001 0.669075546875
6 0.029823071875000003 0.881118625 0.01106431875 0.8888843046874999 0.025783203124999998 0.8964420671875001 0.06265101875 0.905936625 0.127522809375 0.9139607890624999 0.37187427031250003 0.90946133125 0.4313995140625 0.9146664671875 0.5026843421875 0.929522096875 0.5423348421874999 0.9220156062499999 0.5449904015625 0.9065711140625 0.5244305359375 0.8851773921874999 0.4758667 0.8652540625 0.4306294734375 0.855811484375 0.325294940625 0.8481682656249999 0.0765998671875 0.8546394062499999 0.0199562953125 0.8653629625000001 0.029823071875000003 0.881118625
6 0.030444115625 0.7369472390625 0.032499476562500004 0.7629935328124999 0.074523146875 0.7776419515625 0.1546858859375 0.786219384375 0.312687684375 0.7976842125 0.4326280484375 0.797198603125 0.501476140625 0.7906776015625 0.5330114796875 0.7801099828125 0.54101358125 0.7674845203125 0.5311468078125 0.7517288578125 0.52051728125 0.7453125203125001 0.43613805625 0.737150215625 0.20715517343749998 0.72418151875 0.1124501671875 0.7229546375 0.066068815625 0.727521046875 0.030444115625 0.7369472390625
6 0.5256299046875 0.4949323 0.5314849500000001 0.4915251140625 0.528970584375 0.48816990625 0.3677411640625 0.49915406406249996 0.2824720640625 0.5018876390625 0.2004165171875 0.49941537187499996 0.066138640625 0.48767355625000003 0.029447445312499997 0.49308731406249995 0.0367998546875 0.50548776875 0.029800684374999997 0.52290394375 0.040239525 0.5316551125 0.057790589062499995 0.538676696875 0.142918496875 0.5547428234375 0.23573069531250002 0.5620748718749999 0.32773065 0.5622813765625 0.417470484375 0.556019565625 0.4754983640625 0.545417059375 0.5201281 0.5281561171875 0.532982315625 0.5073327546875 0.5256299046875 0.4949323
6 0.078526559375 0.4213469734375 0.04479466875 0.42466799843749997 0.033084578125 0.43148237343750007 0.0295532109375 0.44057959843749994 0.04998595 0.463529875 0.08804738749999999 0.4754803140625 0.1858883171875 0.489522778125 0.29688720625 0.496093640625 0.41557038593750006 0.4939304265625 0.4860570359375 0.48441736718749995 0.5162080687499999 0.47372869843750004 0.5265338484375001 0.466793275 0.5226987390625 0.462538740625 0.5286809078125 0.45757499843750005 0.484700865625 0.449810025 0.39893733125 0.4415266703125 0.22737313593750003 0.4335789015625 0.078526559375 0.4213469734375
6 0.5305023484375 0.2304220421875 0.5284329203125 0.2216188953125 0.514589840625 0.22040839843749999 0.39135829375000003 0.24412127187500002 0.3280474328125 0.25112647187500003 0.2987227140625 0.2516975375 0.2294437515625 0.2464233328125 0.1373943046875 0.22975195781250002 0.0972493734375 0.22624151874999998 0.0620696109375 0.230219771875 0.0532552625 0.235719690625 0.0524925109375 0.24505901562500002 0.065255028125 0.2595002234375 0.08657764375 0.2715546203125 0.1819537015625 0.29870674531249997 0.2757688328125 0.31082950625 0.3509664015625 0.3119182484375 0.4382554359375 0.30152295156250003 0.49975112031249996 0.282601496875 0.5293441546875 0.2616741765625 0.5371060765625 0.23491867656249998 0.5305023484375 0.2304220421875
6 0.021487337500000002 0.3561323453125 0.0118041671875 0.3676985390625 0.025202309375 0.374356975 0.020604446874999998 0.379441765625 0.027208175 0.3839383984375 0.059732378125 0.3954046390625 0.3229275171875 0.4333123859375 0.49735032500000004 0.448564640625 0.53832156875 0.44195747812499997 0.5489651640625001 0.43113066875 0.54789866875 0.42711823281249994 0.51015504375 0.411276409375 0.44591888125 0.3954694734375 0.3676489515625 0.3807868734375 0.1747992703125 0.3521657671875 0.07519265625 0.342671915625 0.0444659984375 0.3461495453125 0.021487337500000002 0.3561323453125
6 0.101119396875 0.1105723078125 0.07978271406250001 0.11576105781249998 0.0691391203125 0.12658786718749998 0.1074407390625 0.1526683421875 0.1601574984375 0.1729548203125 0.2410053578125 0.1902143515625 0.3198473515625 0.197892459375 0.4020300234375 0.1988081703125 0.5044828828125001 0.1905226984375 0.5247530703125001 0.18132151406250002 0.527217940625 0.168211853125 0.5097940000000001 0.1596337140625 0.47972059843750003 0.152300959375 0.27341164375 0.140531128125 0.2219850625 0.13289883281249998 0.154980284375 0.11684979843750001 0.101119396875 0.1105723078125
6 0.1222862375 0.0050377921875 0.10397242031250001 0.00735553125 0.09024239687499999 0.0218316265625 0.10249641406250001 0.0424990515625 0.127844828125 0.056473151562500004 0.22479588125 0.0814114953125 0.3113716609375 0.09682039375 0.40840034531249997 0.1037373140625 0.48291279375 0.0961439578125 0.490279271875 0.091301265625 0.48840053125000005 0.0801632875 0.49337976875 0.0704088328125 0.47859731875 0.063629346875 0.32261545156250004 0.044502798437500005 0.242961215625 0.0296991484375 0.15412532031249998 0.0078219328125 0.1222862375 0.0050377921875
6 0.1174632890625 0.28601291875 0.066992575 0.289437903125 0.043890209375 0.2991752640625 0.0391652234375 0.305816609375 0.054060729687499996 0.3282826875 0.0908649828125 0.338555521875 0.27598087968749996 0.3594458359375 0.4255356375 0.3889840671875 0.5103457328125 0.408941578125 0.540864071875 0.41082639375 0.55459409375 0.39635029843749997 0.57020285625 0.39301218125 0.569327046875 0.386664915625 0.5522209203124999 0.374195390625 0.5064257 0.35451415937499997 0.4082174625 0.3278982125 0.347879975 0.315567534375 0.2383925171875 0.3075611671875 0.1174632890625 0.28601291875
6 0.42246430312500005 0.6826537265625 0.36055181875 0.6725368296875 0.252639359375 0.66231668125 0.1188559171875 0.6615917953125 0.0344626234375 0.6706726359374999 0.00396309375 0.6811979421875 0.0041983796875 0.7216401218749999 0.0242853265625 0.7270026656249999 0.0478185625 0.729060509375 0.116730215625 0.72176123125 0.1990400140625 0.7211203890625 0.48194734375000003 0.7395883000000001 0.518257165625 0.7388442046875 0.5409145921875 0.7345547828125001 0.54231296875 0.7174326859375 0.519606046875 0.7052572390625 0.42246430312500005 0.6826537265625
6 0.7716840046875 0.6402942671875 0.7786831734375 0.6228780921875 0.7726515093749999 0.6113769640625 0.7392514984375 0.5935634578125 0.684641928125 0.579382146875 0.6667094859375 0.577030225 0.6203916984375 0.5808183578125 0.57168666875 0.579694728125 0.5302209890625 0.5752849624999999 0.51246516875 0.5878413546875 0.50269738125 0.6050154296875 0.67560875625 0.6217031890625 0.7716840046875 0.6402942671875
6 0.7195606640625 0.66395445625 0.7636183359375 0.65369800625 0.73984491875 0.637510125 0.707130028125 0.6283787171874999 0.663086421875 0.6213920203125001 0.50225244375 0.6104633703125 0.4909096625 0.6298512281249999 0.5918865171875 0.656709275 0.7195606640625 0.66395445625
6 0.736792375 0.213972146875 0.7801508625 0.2122767453125 0.7821707953125 0.204615025 0.744681421875 0.1856600921875 0.57493410625 0.1473016234375 0.537684915625 0.1424767296875 0.49362724062499996 0.152733178125 0.5314344281250001 0.167796725 0.5673628734375 0.1717222921875 0.578628025 0.1703558578125 0.6264431781249999 0.1823753671875 0.6400179406250001 0.2039421171875 0.736792375 0.213972146875
6 1 0.4255455546875 0.9376165375 0.41808584218749995 0.8926335609375 0.40553015625000005 0.8510407593749999 0.40267694374999996 0.8420992875 0.40973341718749995 0.8448538343750001 0.42721866249999996 0.8592549093749999 0.43866781093749996 0.9219160765625001 0.45668852812500005 1 0.4642301578125 1 0.4255455546875
6 1 0.4680619484375 0.9341205984375 0.46089108437500004 0.8862418812499999 0.44964985156250004 0.85169774375 0.44584533437499996 0.83621610625 0.447626896875 0.8248733250000001 0.46701475312499996 0.8270063140625 0.47503962343749995 0.8512246703124999 0.485779565625 0.899039825 0.497799075 0.9334568375 0.503160146875 1 0.50750401875 1 0.4680619484375
6 0.5972335734375 0.8131600640625001 0.56299318125 0.8227073062500001 0.499618759375 0.8304907828125 0.49514802187500007 0.8340190203125 0.5360416375 0.8454332796875 0.58687965625 0.8545817796874999 0.6935349343749999 0.863124325 0.7312290625 0.8625012796875 0.7665359515625 0.8569664734375 0.8040534609375 0.8414351124999999 0.8046890859375001 0.8336523421875001 0.79512605625 0.831248440625 0.7886494515625 0.8251952515625 0.7904151359375 0.8206466390625 0.6884707765625 0.8227058953125 0.5972335734375 0.8131600640625001
6 0.3085347609375 0.7973210640625 0.1075558515625 0.7828819734375 0.1003800609375 0.785389834375 0.0967851328125 0.7952653375 0.13176014062500002 0.8108650624999999 0.257350790625 0.8265502421875001 0.3557637859375 0.8335882124999999 0.45065947812499996 0.8324802625000001 0.5179325765625 0.82817304375 0.5787290703125 0.8178126359375 0.611090721875 0.7971274140625 0.6206678203125 0.7822881703125 0.6167691468750001 0.7788119124999999 0.561269703125 0.77552648125 0.49442747656249997 0.7916289078125 0.4284115625 0.79761373125 0.3085347609375 0.7973210640625
6 0.4264599109375 0.10453268281250001 0.3639753640625 0.1014202796875 0.265943746875 0.089712646875 0.1496759421875 0.06230133125 0.13306424687500001 0.060848734375000005 0.10065310000000001 0.0650690875 0.092269621875 0.0823642125 0.098491975 0.091530509375 0.1344699140625 0.1119209453125 0.23721245156249998 0.1342303796875 0.3117743953125 0.1431018921875 0.3994307359375 0.1452800796875 0.486705703125 0.1521279296875 0.52541683125 0.13905245156249998 0.5405311609375001 0.12469740468749999 0.5347537484375 0.11008316874999999 0.5379673015625 0.10487732812499999 0.5228670390625 0.101989228125 0.5190319265625 0.09773469375 0.4264599109375 0.10453268281250001
6 0.0772120765625 0.181378434375 0.073108646875 0.1974801546875 0.0898969640625 0.2138410640625 0.1168203734375 0.2256013828125 0.2116384375 0.24251485625 0.30161845625 0.2503830828125 0.359010709375 0.24756334687499998 0.4990446390625 0.2229682375 0.504836121875 0.22033932812499998 0.5055353109375 0.2117782796875 0.49100710937500003 0.2018856859375 0.4747132265625 0.1965417046875 0.30392077500000003 0.2051219609375 0.1961354390625 0.1933452578125 0.13038784375 0.1789738265625 0.0772120765625 0.181378434375
6 0.1655806546875 0 0.309344434375 0.0362878078125 0.380819953125 0.04880860625 0.447139609375 0.05617554375 0.47495289375 0.05703998125 0.50749116875 0.051263075000000005 0.5105775953125 0.0476137890625 0.5023988734375 0.0453309375 0.4974337015625 0.03784224375 0.5063116140624999 0.0315640484375 0.40325665 0 0.1655806546875 0
6 0.1915187890625 0.9156376875 0.1122318578125 0.9134075203125 0.023050015625 0.9299079828125001 0.005445840625 0.93606045 0.00556988125 0.957381353125 0.1854308515625 0.97310914375 0.22067417812499998 0.9683526140625001 0.30462253437500003 0.9647197125 0.439536034375 0.9686787562499999 0.47326792656250005 0.9653577312499999 0.47964553906249996 0.93848118125 0.45146494531250003 0.925043259375 0.417302184375 0.916569078125 0.338333065625 0.9104475265625 0.1915187890625 0.9156376875
6 0.7699188343750001 0.7984746406250001 0.7550092578125 0.7932517078125 0.6986975703125 0.7828407328125 0.627780046875 0.7805585875000001 0.6173271421875001 0.789050565625 0.6151800828125 0.798268840625 0.5975513859375 0.809268678125 0.6207668109375 0.8152179078125 0.7038888531249999 0.8217026093750001 0.759833234375 0.8195401015625 0.7830627265625 0.808246184375 0.7699188343750001 0.7984746406250001