4 0.3874069078125 0.4526351359375 0.4161876875 0.5086111109375 0.4492447453125 0.5329554562500001 0.5043078078125001 0.5523348343750001 0.577821321875 0.5550575578125 0.6438393390625 0.5401626625 0.6801636640625001 0.5154979984375 0.7043798796875 0.47737988124999997 0.7050045046875 0.43549799843750003 0.6779054046875 0.386809309375 0.6325480484375 0.3518943953125 0.6009804796875 0.3377202203125 0.5603798796875 0.3289914921875 0.5015210203125 0.3340365359375 0.46370720781249997 0.34853103124999996 0.4251246234375 0.37455705781250004 0.3896171171875 0.41948198281250004 0.3874069078125 0.4526351359375
4 0.0643798796875 0.2586011015625 0.09666816875 0.294476978125 0.1492807796875 0.3181006015625 0.2031426421875 0.3229854859375 0.3059174171875 0.3094519515625 0.34618168125 0.2907132140625 0.36991741875 0.2598023015625 0.372608109375 0.21944194062500003 0.353677178125 0.17828078125 0.31941891875 0.1394419421875 0.2607042046875 0.1098123140625 0.20458408437500003 0.1062887875 0.14495645625 0.12286536562499999 0.10017567499999999 0.1443268265625 0.063370871875 0.1761986984375 0.053809309375 0.2220845828125 0.0643798796875 0.2586011015625
4 0.0878753765625 0.58893143125 0.12986936875 0.609271771875 0.1880555546875 0.6143168171875 0.24681831875000002 0.6107132125 0.29356906875 0.592214715625 0.33705255312500004 0.5577002 0.3522357359375 0.5250275281250001 0.347959459375 0.49163413437500003 0.3216771765625 0.46320570625 0.281941440625 0.4415040046875 0.2391786796875 0.43269519531249995 0.1235270265625 0.44430680625 0.082590090625 0.47313563593749997 0.065340840625 0.5042867859375 0.06649399375000001 0.5520145125 0.0878753765625 0.58893143125
4 0.01200750625 0.8491116109375 0.0487162171875 0.88370620625 0.097677178125 0.8970795812500001 0.175515015625 0.8999624640624999 0.2237552546875 0.8916341328125 0.2796351359375 0.8662487499999999 0.324079578125 0.81731981875 0.3105300296875 0.7604629625 0.2884759765625 0.7336361359375 0.253352853125 0.7077702703125001 0.1962237234375 0.6868693703125001 0.1488483484375 0.682224725 0.08960510625 0.6930355359375 0.0446321328125 0.7173798796875 0.009893392187499999 0.7507732734375 0.0015330328125000002 0.8111536546875 0.01200750625 0.8491116109375
4 0.33686035937500003 0.8206831828125001 0.357328828125 0.83878128125 0.41445795781249994 0.85968218125 0.4554429421875 0.8626451453125 0.5472147140625 0.8515940921875 0.587959459375 0.8256481484375 0.6092447437499999 0.79898148125 0.6157792796875 0.7659884890625 0.5991066078125 0.723465965625 0.5434189203125 0.68094344375 0.488259759375 0.6630055046875001 0.436175675 0.663966465625 0.38096846875 0.6792617625 0.351515015625 0.6984009015625 0.3182657671875 0.7419644640625 0.31764114062500004 0.783846346875 0.33686035937500003 0.8206831828125001
4 0.51395998125 1 0.4981576578125 0.9697122125 0.4593828828125 0.9335960968749999 0.442566065625 0.9257482484375 0.37986336249999997 0.9234259265625001 0.33359309375 0.934717215625 0.2841997 0.96034284375 0.2562357359375 0.989652153125 0.251601065625 1 0.51395998125 1
4 0 1 0.240788715625 1 0.24090840937500002 0.9919744734375 0.211647146875 0.9432057046875 0.18204955 0.9319944953125001 0.1088243234375 0.924947446875 0.056259759374999996 0.9331156140625 0.0139294296875 0.9503328328125 0 0.9642622624999999 0 1
4 0.8700975968750001 0.3650275265625 0.8332447453125 0.3651076078125 0.78462011875 0.3792017 0.7352267265625 0.404827328125 0.7121636625 0.4256481484375 0.70803153125 0.48763012968749997 0.7176891890625 0.505327828125 0.752427928125 0.536959459375 0.8178213218750001 0.563946446875 0.861064565625 0.5655480484375001 0.922758259375 0.55049299375 0.967439059375 0.5254511421875 0.9747882234375 0.4152136921875 0.9463018015625 0.3924149140625 0.8700975968750001 0.3650275265625
4 0.9062297296875 0.148170671875 0.844728228125 0.1603428421875 0.7905300296875 0.193015515625 0.76650600625 0.2282507515625 0.7683318328125 0.2658883890625 0.8085960968749999 0.31217467656250003 0.8931606609375 0.34420670625 0.9472147140624999 0.3462087078125 0.9799630875 0.3375907171875 0.9917612609375 0.16061811875 0.9646081078125001 0.1503328328125 0.9062297296875 0.148170671875
4 0.8959954953124999 0.5942967968749999 0.8446801796875001 0.5837262265625001 0.7641036031249999 0.5894119124999999 0.7128363359375001 0.6106331328125 0.6662297296874999 0.6594819828125 0.659503003125 0.69535785625 0.674590090625 0.7291516515625001 0.7195630625 0.7698323328125001 0.7575210203125 0.7856881875 0.79173123125 0.7927352359375 0.869953453125 0.7898523515625 0.9295810812499999 0.773275775 0.951860596875 0.7591280765625 0.9601428921874999 0.63489364375 0.95451801875 0.626809309375 0.8959954953124999 0.5942967968749999
4 0.19622372500000002 0.6218443437500001 0.194590090625 0.6463488484375 0.21145495625000002 0.6859884875 0.2702657671875 0.7141766765625001 0.3028423421875 0.7457282281250001 0.3112987984375 0.7489314312500001 0.33080630625 0.71641891875 0.3743858859375 0.6804629624999999 0.4187822828125 0.6647672671875 0.4907102109375 0.6587612593750001 0.492439940625 0.6328153140625 0.4811006 0.60783033125 0.43977927968749997 0.5773999 0.39759309374999996 0.5599424421875 0.34598948906250004 0.5536961953125 0.2933768765625 0.595097596875 0.23788138124999997 0.6147172171874999 0.2030945953125 0.61631881875 0.19622372500000002 0.6218443437500001
4 0.3974489484375 0.9197422421875 0.42771921874999996 0.9208633624999999 0.467935434375 0.9353578578124999 0.48542492499999995 0.933115615625 0.539623121875 0.9004429437500001 0.5597072078124999 0.85928178125 0.5514429437499999 0.8531956968750001 0.459671171875 0.8642467453125 0.41003753749999994 0.8609634640625 0.3592987984375 0.8417442453125 0.3285 0.8160385390625 0.2722837828125 0.87898148125 0.336139640625 0.9290315328125001 0.3974489484375 0.9197422421875
4 0 0.5098901796875001 0.00431981875 0.5092517515625 0.0578453453125 0.48666916875000005 0.085521021875 0.461684184375 0.08893243125 0.44302552500000003 0.0744699703125 0.432374875 0.1017612609375 0.41315565468750004 0.0894129125 0.37079329375 0.069424925 0.3454879875 0.0171966953125 0.3160985984375 0 0.313142515625 0 0.5098901796875001
4 0 0.0800784109375 0.00249399375 0.0814639625 0.060007507812500006 0.0965990984375 0.1269384390625 0.1005230234375 0.1733048046875 0.0877902890625 0.202758259375 0.068651153125 0.23307657656249997 0.0365390390625 0.2385634546875 0.008835682812499999 0 0 0 0.0800784109375
4 0.4185420421875 0.1806831828125 0.4516951953125 0.2035860859375 0.519827328125 0.22200450312500003 0.5695570578125 0.2238463453125 0.6269264265625 0.20863113125 0.6657972984375 0.17828078125 0.692560059375 0.13447697812499998 0.6865060062499999 0.09523773906250001 0.6624819828125 0.0654479484375 0.6082837828125001 0.0330955953125 0.5419294296875 0.0205230234375 0.4809084078125 0.025487987499999996 0.445352853125 0.0386211203125 0.41786936875 0.060723221875 0.3977852859375 0.101884384375 0.39696846875 0.14664915 0.4185420421875 0.1806831828125
4 0.3743378375 0.258521021875 0.35050600468750004 0.2908733734375 0.3078873859375 0.312414915625 0.3344579578125 0.33651901875 0.3852927921875 0.35429679687500004 0.434926425 0.3575800796875 0.48403153125 0.336278778125 0.55201951875 0.32434684687500004 0.6017972968749999 0.2929554546875 0.608427928125 0.2585210203125 0.5911786796875 0.22464714687499998 0.528283784375 0.22520770625000003 0.4685120125 0.21143393281249998 0.42651801718750004 0.19109359374999998 0.40033183125000005 0.1612237234375 0.3916831828125 0.160903403125 0.3582897890625 0.1741166171875 0.3768363359375 0.22104354375000002 0.3743378375 0.258521021875
4 0.7909624625 0.088991490625 0.8317072062499999 0.1280705703125 0.8738933937500001 0.14552802812500001 0.9519234234375 0.14552802812500001 0.993442728125 0.135396109375 1 0.037037037499999995 0.792274775 0.0293435109375 0.783034534375 0.0453478484375 0.7909624625 0.088991490625
4 0.9358024687500001 1 0.9430563062499999 0.8911924421874999 0.9108903890625 0.8910735734375 0.8864339343750001 0.9002827828125 0.8676951953125001 0.9212637640624999 0.8245960968749999 0.9500125125000001 0.8146021031249999 0.969872371875 0.8148423421875 0.99878128125 0.81549413125 1 0.9358024687500001 1
4 0.6691606609375 0.6480305296875 0.6947702703124999 0.621524025 0.766746246875 0.582284784375 0.7730885875 0.5521746734375 0.7314789796875 0.52606856875 0.7033228234375 0.4932357359375 0.6549384375 0.536238740625 0.6040555546874999 0.5516941953125001 0.549521021875 0.5568993984375 0.4807162171875 0.5485710703125 0.490710209375 0.5937362359375 0.533809309375 0.6300125109375 0.578253753125 0.6461086078125 0.6691606609375 0.6480305296875