7 0.86875 0.946875 0.8875 0.9296875 0.890625 0.90625 0.8828125 0.878125 0.8453125 0.8515625 0.6375 0.775 0.5609375 0.7640625 0.515625 0.7421875 0.4984375 0.7453125 0.496875 0.7546875 0.50625 0.771875 0.5453125 0.8046875 0.665625 0.865625 0.7109375 0.875 0.784375 0.925 0.8515625 0.946875 0.86875 0.946875
7 0.61875 0.975 0.6328125 0.9609375 0.6265625 0.95 0.56875 0.95 0.478125 0.9125 0.36875 0.884375 0.3171875 0.878125 0.265625 0.8609375 0.196875 0.8125 0.1734375 0.815625 0.1609375 0.8328125 0.15625 0.865625 0.178125 0.9015625 0.2203125 0.9265625 0.290625 0.9484375 0.4453125 0.978125 0.5375 0.984375 0.5828125 0.984375 0.61875 0.975
7 0.5390625 0.309375 0.5390625 0.2875 0.528125 0.284375 0.46875 0.321875 0.4375 0.3546875 0.4203125 0.39375 0.384375 0.44375 0.30625 0.5171875 0.26875 0.5375 0.2359375 0.5671875 0.215625 0.6015625 0.2140625 0.63125 0.2203125 0.646875 0.2390625 0.6640625 0.253125 0.659375 0.440625 0.484375 0.4546875 0.4640625 0.5078125 0.34375 0.5390625 0.309375
7 0.9296875 0.796875 0.9015625 0.565625 0.8875 0.528125 0.878125 0.5734375 0.875 0.6484375 0.8765625 0.8390625 0.8921875 0.93125 0.8984375 0.9421875 0.90625 0.94375 0.915625 0.9234375 0.9484375 0.9265625 0.9515625 0.8859375 0.9296875 0.796875
7 0.5015625 0.7625 0.503125 0.7421875 0.521875 0.74375 0.5609375 0.7640625 0.6296875 0.7734375 0.6828125 0.790625 0.7078125 0.7828125 0.7015625 0.7640625 0.6359375 0.7390625 0.4609375 0.7265625 0.3125 0.696875 0.278125 0.6984375 0.253125 0.7125 0.2421875 0.73125 0.240625 0.76875 0.246875 0.7859375 0.2578125 0.796875 0.2828125 0.803125 0.440625 0.8078125 0.5375 0.8015625 0.5390625 0.796875 0.5015625 0.7625
7 0.5671875 0.8734375 0.44375 0.8359375 0.3703125 0.80625 0.265625 0.8 0.2421875 0.7765625 0.234375 0.75 0.2078125 0.7390625 0.1765625 0.7453125 0.1703125 0.753125 0.1859375 0.7703125 0.328125 0.875 0.5015625 0.925 0.559375 0.9484375 0.571875 0.946875 0.5890625 0.89375 0.5671875 0.8734375
7 0.434375 0.5671875 0.420844503125 0.569963540625 0.406460653125 0.5667877515625 0.39577722656250003 0.560932809375 0.3936662546875 0.55584304375 0.392338084375 0.5473110250000001 0.3983817265625 0.546622575 0.400812040625 0.5512675437500001 0.4052403125 0.5511068359375 0.41466192656249995 0.555838896875 0.4265625 0.5515625 0.4625 0.5109375 0.459375 0.4796875 0.446875 0.4765625 0.4234375 0.4953125 0.271875 0.6421875 0.2109375 0.6859375 0.1796875 0.7171875 0.1765625 0.74375 0.23125 0.725 0.2640625 0.7015625 0.3015625 0.6859375 0.4671875 0.5734375 0.4765625 0.5640625 0.484375 0.540625 0.434375 0.5671875
7 0.6734375 0.49749999999999994 0.671875 0.359375 0.65625 0.2625 0.640625 0.2453125 0.63125 0.2515625 0.628125 0.3864583328125 0.6109375 0.55 0.609375 0.65625 0.6140625 0.66875 0.6234375 0.6734375 0.6453125 0.6484375 0.665625 0.6484375 0.68125 0.65625 0.684375 0.63125 0.6734375 0.49749999999999994
7 0.853125 0.3109375 0.828125 0.325 0.7984375 0.3953125 0.7734375 0.5515625 0.75 0.60625 0.746875 0.6515625 0.734375 0.66875 0.728125 0.6953125 0.73125 0.740625 0.7390625 0.73125 0.7859375 0.7390625 0.7875 0.74375 0.7984375 0.73125 0.8234375 0.5484375 0.825 0.3671875 0.853125 0.3109375
7 0.5015625 0.2140625 0.4703125 0.11875 0.4703125 0.08125 0.4625 0.0625 0.45 0.0515625 0.440625 0.0515625 0.4359375 0.0703125 0.4359375 0.134375 0.44375 0.1859375 0.4640625 0.28125 0.475 0.309375 0.48125 0.3125 0.5109375 0.29375 0.528125 0.271875 0.5015625 0.2140625
7 0.28125 0.4015625 0.23125 0.4375 0.153125 0.665625 0.140625 0.728125 0.14375 0.81875 0.1484375 0.840625 0.1578125 0.8421875 0.159375 0.7734375 0.2734375 0.48125 0.29375 0.44375 0.29375 0.4109375 0.28125 0.4015625