8 1 0.41801463749999995 0.9978375156249999 0.4160215046875 0.9322700109375001 0.4025806453125 0.7779092000000001 0.4209677421875 0.7448028671875 0.43612903125 0.7277419359375 0.47612903281249996 0.733440859375 0.4903225796875 0.7284229390625 0.5149462359375 0.758040621875 0.550215053125 0.76270011875 0.5741935484375 0.7782676234375 0.5909677421875 0.80293906875 0.5974193546875 0.9316845875 0.5839784953125 1 0.5829010453125 1 0.41801463749999995
8 0.6674910390625 0.9076344093750001 0.6762126640624999 0.8908602140624999 0.67421744375 0.8845161296875 0.654575865625 0.8809677421875 0.6397856671875 0.8581557 0.66480286875 0.8349462359375 0.6306332140625 0.804838709375 0.5548267625000001 0.8098924734375 0.4369056140625 0.8420430109374999 0.4202150546875 0.860967740625 0.4188052578125 0.8918279578125 0.42488650000000006 0.9124731171875 0.4437753875 0.9306451609374999 0.45942055000000004 0.97332258125 0.5982621921875 0.9640664718749999 0.6323058546875 0.9423655906249999 0.6674910390625 0.9076344093750001
8 0.3577975375 0 0.353142175 0.002365590625 0.33977299843750003 0.022688171875 0.34101553125 0.0436559140625 0.3591517328125 0.0764516125 0.40328554375000003 0.1107526875 0.43326164843750004 0.0974193546875 0.486583034375 0.0954838703125 0.5307048984375 0.1022580640625 0.574265234375 0.1268817203125 0.60139785 0.120215053125 0.6199880515625 0.10602150625 0.6316487453125 0.0841935484375 0.6305854234375 0.03892473125 0.605624565625 0 0.3577975375 0
8 0.7307765828125 0.47268817187499995 0.7475507765625 0.42784946250000006 0.7408004781249999 0.395913978125 0.6783512546875 0.3531182796875 0.65026284375 0.3436559140625 0.5906810046875 0.3492473109375 0.51421744375 0.370537634375 0.4890800484375 0.3835483875 0.463094384375 0.40956989374999997 0.4528554359375 0.42806451562500003 0.4507765828125 0.44763440781249997 0.4606571078125 0.477741934375 0.4853405015625 0.51172043125 0.4809796890625 0.5201075265624999 0.49654719375 0.5368817203125 0.5739784953125 0.5592473124999999 0.6109796890625 0.555161290625 0.6751971328125 0.5184946234375001 0.7307765828125 0.47268817187499995
8 0.9221744328125 0.7513978484375 0.9453046593750001 0.7045161296875 0.9531660687500001 0.67322580625 0.9513500593750001 0.6425806453125 0.942138590625 0.623763440625 0.9197371562500001 0.600967740625 0.896583034375 0.5927956984375 0.76442055 0.60322580625 0.72951015625 0.6152688171875 0.6558064515625001 0.6558064515625001 0.6390203109375 0.6731182796875 0.625185184375 0.712903225 0.625388290625 0.7436559140625 0.6385902031249999 0.775161290625 0.66241338125 0.7946236546875001 0.7148865 0.8056989250000001 0.7319713265625001 0.8207526890624999 0.77154121875 0.832688171875 0.8328315406250001 0.82860215 0.8707765828125 0.8131182796875001 0.9221744328125 0.7513978484375
8 0.6544802875 0.2235483875 0.653620071875 0.20903225781249998 0.6321624859375 0.1748387109375 0.59951015625 0.1430107515625 0.547311828125 0.1092473125 0.5207407421875 0.098064515625 0.4848745515625 0.0939784953125 0.42851851874999997 0.0993548390625 0.3662007171875 0.1407526890625 0.3579569890625 0.16559139843749998 0.34572281875 0.1777419359375 0.3448745515625 0.1907526890625 0.347921146875 0.214838709375 0.3605495828125 0.236666665625 0.3925328546875 0.2572043 0.45810035937500004 0.2706451609375 0.519402628125 0.294086021875 0.5550776578125001 0.2949462359375 0.6138948625 0.2764516140625 0.649080046875 0.24172042968750002 0.6544802875 0.2235483875
8 0.3367264046875 0.21720430156249998 0.344109915625 0.1778494625 0.36231780156250004 0.15720430000000002 0.36363201875 0.1247311828125 0.3490083640625 0.096559140625 0.326702509375 0.07537634374999999 0.2854241328125 0.0619354828125 0.24338112343749999 0.0355913984375 0.1577060921875 0.038064515625 0.12592592656249998 0.04827956875 0.100884109375 0.0629032265625 0.07973715625 0.0886021515625 0.0545997609375 0.101612903125 0.0413261640625 0.1235483875 0.036403823437499996 0.149784946875 0.0429629625 0.1784946234375 0.057204301562500004 0.200215053125 0.0794145765625 0.219784946875 0.16956989218750002 0.2655913984375 0.28133811249999996 0.2662365578125 0.3115053765625 0.2561290328125 0.3367264046875 0.21720430156249998
8 0.402138590625 0.9658064515625 0.401469534375 0.954516128125 0.4169175625 0.9146236562500001 0.41339307031250005 0.8824731171875 0.3970609328125 0.8527956984375 0.3586260453125 0.832688171875 0.3005615296875 0.8365591390624999 0.2783632015625 0.844516128125 0.28218637968750004 0.9090322578125001 0.2296415765625 0.95139785 0.20090800468749997 0.985698925 0.21381122968750002 0.9848387093750001 0.21595901093749997 0.9895533500000001 0.4131302265625 0.9764086015625001 0.4140023890625 0.9747311828124999 0.402138590625 0.9658064515625
8 0.6562724015625 0.6363440859375 0.613476703125 0.62462365625 0.5102508968749999 0.6315053765624999 0.383130228125 0.6723655921875 0.36805256875 0.691182796875 0.3626523296875 0.7093548390625 0.37596176875 0.77 0.411935484375 0.8032258062500001 0.43328554375 0.8082795687500001 0.5348028671875 0.7998924734374999 0.6317562718749999 0.769139784375 0.6267980875 0.7127956984375 0.6321027484374999 0.6930107515625 0.6422461171875 0.6729032265625 0.6699402625 0.648387096875 0.6562724015625 0.6363440859375
8 0.518124253125 0.627741934375 0.545913978125 0.6048387109375 0.5475029874999999 0.54967741875 0.49816009687499996 0.53677419375 0.4685424125 0.5015053765624999 0.4712903234375 0.49322580625 0.45543608124999996 0.47161290312500004 0.3996415765625 0.459139784375 0.3384468328125 0.46483870937500005 0.31663082343750004 0.47924731249999997 0.2878853046875 0.4860215046875 0.25857825624999997 0.5106451609375 0.25507765781249997 0.5335483875 0.2411350046875 0.5441935484375 0.2387694140625 0.5589247312500001 0.2521624859375 0.5936559140625 0.27066905625 0.6053763437499999 0.273237753125 0.6213978484375 0.29041815937500004 0.638064515625 0.3496296296875 0.6535483875 0.45778972500000004 0.6479569890625 0.518124253125 0.627741934375
8 0.8274671437500001 0.2735483875 0.868255675 0.2513978484375 0.87991636875 0.2295698921875 0.8892712062499999 0.1415053765625 0.8812903234375 0.1161290328125 0.8624970125000001 0.0995698921875 0.8260573484375 0.0858064515625 0.7727359625 0.0877419359375 0.7395340499999999 0.101290321875 0.7324253281249999 0.1179569890625 0.744575865625 0.1317204296875 0.71659498125 0.15139785 0.690681003125 0.1239784953125 0.676642771875 0.133010753125 0.6600477890625001 0.1535483875 0.65095579375 0.19139784843750002 0.6563799296874999 0.2282795703125 0.6652090796875 0.2406451609375 0.7021266421875 0.2624731171875 0.7318279578125 0.2718279578125 0.8274671437500001 0.2735483875