8 0.5360084296875 1 0.545463878125 0.9481082656250001 0.582678178125 0.8120380890625001 0.5801859874999999 0.784850296875 0.5650710796875 0.7661291578125 0.5403370203125 0.7581889546875 0.50800341875 0.722157784375 0.4808613359375 0.7244905828125 0.46674330625 0.7166445609375 0.42106848750000003 0.7299651734375 0.3990208234375 0.7635122156249999 0.3519802359375 0.9263749453125 0.3546536984375 0.99817325625 0.3558960625 1 0.5360084296875 1
8 0.9648162578124999 0.43739631875 0.9316670515625001 0.435100553125 0.908525409375 0.45062274999999996 0.8532897437500001 0.5728072328125 0.8344269093750001 0.6532790765625001 0.8604491515625 0.693543571875 0.8896386796875 0.669642009375 0.9113284171875 0.6882758625000001 0.9116197234375001 0.7097250374999999 0.9180281812500001 0.7126414343749999 0.93746069375 0.7053790125 0.9655925140624999 0.683695871875 0.9880920578125 0.5877092515625 0.99106548125 0.4539051625 0.985744084375 0.44644657499999996 0.9648162578124999 0.43739631875
8 0 0.5435778203125 0.0179311125 0.5588193390625 0.0660010203125 0.565536796875 0.091343553125 0.5557532125 0.1097791859375 0.5376156734374999 0.12170926093750001 0.5094120125 0.10320238749999999 0.4597776890625 0.1038237890625 0.41174283437500003 0.115365459375 0.35494026875 0.134908 0.324516503125 0.106186434375 0.2730758328125 0.074448375 0.2496319453125 0.0523165375 0.24571819375 0.02827511875 0.2575149984375 0.0203584125 0.2685969953125 0.0161379109375 0.3017302796875 0 0.30643674375 0 0.5435778203125
8 0.4104717390625 0.449921646875 0.3921332046875 0.47520890937500004 0.3558445453125 0.5543823421875 0.33929263125000003 0.6174314609375 0.34438704531250003 0.6486457015625 0.3789086015625 0.72072655625 0.41175357031250004 0.7318842171875 0.4625357359375 0.7194667796875 0.5212475359375001 0.6656562765625 0.571751328125 0.60147859375 0.5826845265625 0.5623998109375 0.5726057296875 0.476809984375 0.557490821875 0.45808884531249994 0.5477745656249999 0.46172005625 0.5159394046875 0.4311264453125 0.48559955937500004 0.416845509375 0.4643674984375 0.4166571484375 0.4428312 0.4253306765625 0.4104717390625 0.449921646875
8 0.7373873171875001 0.6361187734375 0.6925151734375 0.6460150515625 0.671075978125 0.6618383078125001 0.6147592671875 0.7356868765625 0.5957151609375 0.7715482 0.5611030875 0.9116448265624999 0.5656990640624999 0.9374215109374999 0.5860184187499999 0.96419555 0.6044411234375 0.97636908125 0.6367876531250001 0.9820891812499999 0.671542203125 0.9775362812499999 0.725632165625 0.95857123125 0.8005657828125001 0.9111956421875 0.8238174609375 0.8725121015624999 0.8390682625 0.807449759375 0.83337830625 0.7636482328125 0.8203671874999999 0.7435159859375 0.8178879265625 0.6860171234375 0.8013748062499999 0.658133034375 0.7701351843750001 0.64012670625 0.7373873171875001 0.6361187734375
8 0.23057524218749997 0.2718917171875 0.2165543125 0.271195421875 0.20142647500000002 0.28278535 0.17348171875 0.2885424828125 0.11827191875000001 0.3501048265625 0.10252267500000001 0.40972960937499997 0.10050306093750001 0.44860151249999997 0.10770126093750002 0.47840464687499995 0.13441614531249998 0.5384061531250001 0.1625421734375 0.577259540625 0.19518000625 0.6044288171875001 0.21050204843749998 0.6071383390625 0.23083433437499998 0.6036013078125 0.2741140625 0.5702426296875001 0.3042855703125 0.5096019765625 0.30971008125 0.4713321890625 0.29561791406250004 0.4028640296875 0.292944453125 0.331065715625 0.2767355671875 0.2943197328125 0.2557106390625 0.2781197546875 0.23057524218749997 0.2718917171875
8 0.1010725046875 0.05284545 0.0832065484375 0.14419241249999998 0.10381720937500001 0.1924156265625 0.11080827499999998 0.2382303765625 0.12942518125 0.264703359375 0.15685856874999998 0.2838197359375 0.1917102203125 0.2864165625 0.21695565156250002 0.2694832546875 0.26022244843750003 0.26643564375 0.30620150156250003 0.2442531390625 0.322339146875 0.21322725937499998 0.34151914687499996 0.09358245312499999 0.316724425 0.016422748437500002 0.1283992203125 0.006657737499999999 0.11761148749999999 0.0201074015625 0.1010725046875 0.05284545
8 0.9269156671875001 0.30409121093749997 0.9124675390625001 0.36572921875 0.927071075 0.40932386875000004 0.955805575 0.43045347187500005 0.9894532171874999 0.438186796875 0.9914260203125 0.43768095625000003 0.9946831265625 0.29111114374999997 0.9393441812500001 0.28132510625 0.9269156671875001 0.30409121093749997
8 0.645357971875 0.61271191875 0.6502452546875 0.659937778125 0.6606541515625 0.676043578125 0.6917125000000001 0.6494393859375001 0.7149512453125 0.6410669109375 0.7369859812499999 0.6378309375 0.7961703578125 0.6500801359375 0.8461886453125 0.5501538234375001 0.8731753156250001 0.4425883671875 0.8715828999999999 0.41912596718749995 0.8425570984374999 0.3765471875 0.7802720578125 0.3548339859375 0.7599397703124999 0.35837101250000003 0.737199465625 0.37218104531249996 0.6710435328125001 0.5031332374999999 0.645357971875 0.61271191875
8 0.625802265625 0.20448126875 0.6119755375 0.21808442499999997 0.5869372421875 0.21900611093750003 0.5554775546874999 0.24732247031250001 0.5431461453125 0.2772383015625 0.5239078359375 0.2988001765625 0.5069545843750001 0.36356145781250004 0.51033361875 0.42478571406250004 0.5305558718750001 0.4444100265625 0.53987079375 0.4424909796875 0.572204390625 0.47852215 0.5771887734375001 0.5328977375 0.6362760484375001 0.53799720625 0.6656319515625 0.51109195625 0.6979072421875 0.44904019375 0.723094365625 0.334023953125 0.71711310625 0.2687732515625 0.7023995375000001 0.2483399453125 0.685776384375 0.24361719843750002 0.6765714984375 0.22237490000000001 0.6419269796875 0.20376645624999998 0.625802265625 0.20448126875
8 0.122544378125 0.6646927484375 0.09659337500000001 0.6922001125 0.08408069375 0.6775054218750001 0.06504951875000001 0.6830556796875 0.0447043015625 0.7169037781250001 0.033162631250000005 0.77370634375 0.0413577125 0.81438459375 0.05566994374999999 0.8365300671875 0.081303778125 0.8481956609375001 0.1768480578125 0.8490432890624999 0.20219058906249998 0.8392597078125 0.2330547359375 0.7983560640625 0.248221365625 0.695832928125 0.24352829062499998 0.6629065187500001 0.22682096875000002 0.620722978125 0.21520805781250002 0.6097536796874999 0.1768544046875 0.5994050140625 0.13488872031250002 0.60446585 0.1100446265625 0.619686990625 0.09792035 0.6335912015625 0.122544378125 0.6646927484375