0 0.6031062578124999 0.24298194999999997 0.6373527625000001 0.183503353125 0.6769260640625 0.14939972343750002 0.6981049875 0.13960203124999998 0.770962765625 0.1409305484375 0.7926227031249999 0.08367748281250001 0.8021021656249999 0.0118829953125 0.5682616046875 0.008418690625 0.5429490609375 0.1317718421875 0.6031062578124999 0.24298194999999997
0 0.404493271875 0.1015143046875 0.42724886093750003 0.142755675 0.444071925 0.1495182875 0.47311811875 0.1485930859375 0.521285559375 0.1342865015625 0.5509339140625 0.0877266859375 0.5631552640625 0.052669673437499995 0.5658747171875 0.0083833296875 0.3926683453125 0.005817309375 0.3961396421875 0.057989571875 0.404493271875 0.1015143046875
0 0.8375495374999999 0.48548688125000006 0.8807536171875 0.4512676015625 0.8915230125000001 0.4217306890625 0.8985387062499999 0.36311946562499997 0.8963563234375 0.30297660625 0.8668219828125 0.241880365625 0.829179865625 0.195639315625 0.76031273125 0.1449190171875 0.721462734375 0.1352087890625 0.6784991609375 0.14570038125 0.6320277437499999 0.18549758593750001 0.6112140375 0.2281267578125 0.6006887125 0.288674390625 0.619938234375 0.3865905796875 0.6658074921875 0.3924279890625 0.6903766828125 0.406242334375 0.7217246265624999 0.439911546875 0.74460135625 0.4829736765625 0.78345135625 0.49268390625 0.8375495374999999 0.48548688125000006
0 0.8374814765625 1 0.8648088625 0.922526765625 0.8781169500000001 0.8491181718749999 0.8731500203125 0.7744670703125001 0.8397408343749999 0.68247575625 0.8167447421875 0.664962071875 0.7947178078125 0.6620144546875 0.7528445375 0.688892871875 0.6699477968750001 0.7827642265625 0.630860853125 0.851520096875 0.61404135625 0.899495890625 0.6037992125 1 0.8374814765625 1
0 0.5980773109374999 1 0.61331626875 0.9159405421875 0.6091973515625 0.8540347515625 0.5932187390625 0.8052790453125 0.56828433125 0.758633221875 0.5151499578125 0.698288703125 0.4738788484375 0.679532509375 0.42667878124999997 0.681035959375 0.40356332500000003 0.6890707203125 0.3714938625 0.726584565625 0.357335978125 0.75987864375 0.343785603125 0.8296457187499999 0.35734667343750004 0.924093865625 0.3902984578125 1 0.5980773109374999 1
0 0.7391641078125 0.6199931734375 0.7533202078125 0.5593298890625 0.7487167109375 0.49014106249999995 0.7174881296875 0.4309234046875 0.6940074578125001 0.40612668437500005 0.6581825078125 0.38719701406249996 0.6273209265624999 0.388180040625 0.602632375 0.399914140625 0.558339778125 0.44511579531249995 0.5146546859375001 0.526790446875 0.5035254218749999 0.6056034921875 0.5185384421875 0.6945315359374999 0.5618690109375 0.7442406265625 0.5878901562500001 0.7525348703125 0.6275863859374999 0.7476212062500001 0.6711538953125 0.7188642 0.7183503984375 0.6626223437500001 0.7391641078125 0.6199931734375
0 0.6009345671874999 0.3470543140625 0.5969332281249999 0.23223087343749999 0.5653412140625 0.16755093906250002 0.5401663015625 0.1446328046875 0.517897075 0.13804366875000001 0.4873989265625 0.14448896875 0.45968532343749996 0.1654425140625 0.42023494687499996 0.2287361046875 0.393736353125 0.32263564375 0.392532034375 0.41390487187499997 0.41129697812500005 0.504538025 0.43574680624999995 0.5439008171874999 0.4530544484375 0.557946459375 0.50352185625 0.550865084375 0.5418819296875 0.47118466562499994 0.5937977265625001 0.4038447828125 0.6009345671874999 0.3470543140625
0 0.3912101359375 0.5580917515625 0.3973778203125 0.486735215625 0.38296339218750003 0.2974341484375 0.3662579078125 0.2377538890625 0.35379070625 0.214430978125 0.342656090625 0.21113640937499997 0.2912230921875 0.25839012499999997 0.22429605625 0.2641711640625 0.1895685375 0.37110513749999996 0.18860829375 0.4933850859375 0.2066481484375 0.6004628953125 0.2416286484375 0.6613856625000001 0.2686189484375 0.6842459734374999 0.3004496890625 0.6978290171875 0.33276322343750003 0.69132589375 0.3563614765625 0.6632049640625 0.37548094062500004 0.6224543765624999 0.3912101359375 0.5580917515625
0 0.340420690625 1 0.35710794687499997 0.97519075625 0.3602523625 0.94042286875 0.3435433140625 0.826004203125 0.2993629515625 0.7361805968749999 0.216574878125 0.640288284375 0.1875269 0.613844278125 0.16307885312499998 0.60185069375 0.133911515625 0.6009551328125 0.1180576109375 0.6087585953125 0.10184204999999999 0.6384689796874999 0.09906285468750001 0.70606835 0.08551069375 0.74846621875 0.0870873578125 0.799505284375 0.099192909375 0.844735125 0.1284849578125 0.9021898515625001 0.187792359375 0.9732854453125 0.2171375296875 1 0.340420690625 1
0 0 1 0.1670239828125 1 0.162980878125 0.9558295828125001 0.1082716265625 0.87181520625 0.07982402499999999 0.77236738125 0.0010355078125 0.7639293046875 0 0.76434306875 0 1
0 0 0.753865725 0.0609432859375 0.76202108125 0.08405874218750001 0.753986321875 0.1012398921875 0.6841035953125 0.10523053593750001 0.634711815625 0.11914612656250001 0.5977762171875 0.1162368734375 0.52670880625 0.10473704531250001 0.4905827625 0.0645526734375 0.433474984375 0.03138934375 0.39986359843749997 0 0.381416240625 0 0.753865725
0 0 0.33563835000000003 0.0190432859375 0.37836144374999997 0.0597104515625 0.41538305 0.09359886875 0.4325497859375 0.12288735312500002 0.435266103125 0.15120667968749998 0.4234163515625 0.1749260765625 0.3971161828125 0.193682109375 0.35090331875 0.21219406875 0.27367973437500004 0.20795578906249998 0.237322384375 0.17551576093750001 0.1598971421875 0.145983203125 0.12617010312500002 0.107012059375 0.1146391171875 0.0797812515625 0.1155064921875 0.038996503125 0.131402534375 0.0023288906250000002 0.18183516718749998 0 0.1927803328125 0 0.33563835000000003
0 0.18653101249999998 0.188740153125 0.2016616125 0.22475055156249998 0.22526343125 0.25136802812500003 0.24039225000000003 0.2600092234375 0.2804519125 0.2605578328125 0.2999365953125 0.2526387234375 0.33406373437500003 0.21870856718749998 0.3781122609375 0.14249619375 0.395412775 0.0470650234375 0.39266834687499996 0.005817309375 0.19102077343749999 0.0028299375 0.180231490625 0.0940607078125 0.18653101249999998 0.188740153125
0 0.9508304109375001 0.49282628281249996 0.9261472078124999 0.5866679968749999 0.9265159875 0.6742378828125 0.9454020734374999 0.7666917953125 0.9869101 0.8983830171875 0.9933479484375001 0.4638283109375 0.962205534375 0.4723931640625 0.9508304109375001 0.49282628281249996