8 0.559375 0 0.5171875 0.021875 0.48125 0.05625 0.4640625 0.11875 0.471875 0.26875 0.484375 0.3015625 0.521875 0.3203125 0.5359375 0.315625 0.559375 0.321875 0.5953125 0.2953125 0.61875 0.2921875 0.6359375 0.278125 0.64375 0.2546875 0.6390625 0.1296875 0.64375 0.0375 0.6328125 0 0.559375 0
8 1 0.5015625 0.965625 0.4390625 0.934375 0.403125 0.91875 0.39375 0.9125 0.3953125 0.9078125 0.4140625 0.8848488546875 0.42702969687500003 0.8640625 0.4015625 0.8328125 0.4328125 0.8328125 0.50625 0.85625 0.621875 0.8734375 0.6390625 0.903125 0.6421875 0.9234375 0.6375 0.9421875 0.6203125 0.9890625 0.60625 1 0.5796875 1 0.5015625
8 0.0796875 0.66875 0.1125 0.653125 0.1484375 0.6125 0.1375 0.5828125 0.1390625 0.53125 0.1484375 0.4890625 0.175 0.4484375 0.1703125 0.421875 0.1578125 0.403125 0.1375 0.390625 0.09375 0.3890625 0.0265625 0.4265625 0.003125 0.4515625 0 0.615625 0.0125 0.6234375 0.0171875 0.603125 0.0390625 0.6140625 0.0359375 0.64375 0.040625 0.6546875 0.059375 0.66875 0.0796875 0.66875
8 0.540625 0.55625 0.5484375 0.5609375 0.565625 0.546875 0.5921875 0.4734375 0.590625 0.4375 0.559375 0.3734375 0.51875 0.3171875 0.4765625 0.2984375 0.4453125 0.303125 0.4 0.3609375 0.3890625 0.3875 0.390625 0.4453125 0.40625 0.5203125 0.4171875 0.5453125 0.440625 0.571875 0.4578125 0.5828125 0.4765625 0.5859375 0.50625 0.578125 0.540625 0.55625
8 0.825 0.4015625 0.8390625 0.3515625 0.8546875 0.3359375 0.86875 0.2984375 0.86875 0.2390625 0.85625 0.2015625 0.8 0.1484375 0.75625 0.1234375 0.7265625 0.1140625 0.696875 0.1140625 0.678125 0.121875 0.6546875 0.1421875 0.6453125 0.1640625 0.646875 0.2921875 0.65625 0.3265625 0.690625 0.4 0.70625 0.4171875 0.74375 0.4328125 0.7734375 0.434375 0.8046875 0.4234375 0.825 0.4015625
8 0.2890625 0.63125 0.30625 0.56875 0.3328125 0.5109375 0.3359375 0.4765625 0.321875 0.41875 0.290625 0.3828125 0.2734375 0.3765625 0.259375 0.3765625 0.225 0.3953125 0.1921875 0.425 0.15625 0.4734375 0.14375 0.4984375 0.1375 0.5328125 0.1390625 0.5875 0.175 0.65 0.1984375 0.659375 0.209375 0.671875 0.221875 0.6734375 0.2453125 0.671875 0.2671875 0.6609375 0.2890625 0.63125
8 0.190625 0.9640625 0.2125 0.9515625 0.2328125 0.93125 0.2828125 0.846875 0.290625 0.7390625 0.2828125 0.709375 0.246875 0.6828125 0.209375 0.6734375 0.190625 0.6546875 0.159375 0.6515625 0.13125 0.6640625 0.109375 0.684375 0.09375 0.7234375 0.065625 0.7625 0.0625 0.8453125 0.0703125 0.8765625 0.0828125 0.9015625 0.10625 0.9234375 0.1171875 0.9484375 0.1375 0.9625 0.1625 0.96875 0.190625 0.9640625
8 1 0.6828125 0.990625 0.65625 0.9828125 0.6515625 0.9734375 0.6625 0.9625 0.6625 0.925 0.6453125 0.89375 0.646875 0.8640625 0.6609375 0.8421875 0.696875 0.8421875 0.753125 0.8484375 0.775 0.9109375 0.775 0.9484375 0.828125 0.9796875 0.8578125 0.9796875 0.8453125 1 0.8375 1 0.6828125
8 0.821875 0.525 0.7984375 0.4296875 0.74375 0.43125 0.725 0.425 0.70625 0.4140625 0.684375 0.3859375 0.671875 0.3984375 0.6578125 0.4390625 0.6578125 0.5390625 0.6890625 0.6640625 0.70625 0.6796875 0.7234375 0.6859375 0.7828125 0.6765625 0.8171875 0.64375 0.8234375 0.6234375 0.821875 0.525
8 0.6046875 0.7859375 0.6171875 0.76875 0.6328125 0.7671875 0.65 0.7515625 0.66875 0.6953125 0.6703125 0.590625 0.6546875 0.53125 0.634375 0.503125 0.58125 0.4984375 0.565625 0.5453125 0.5296875 0.571875 0.521875 0.56875 0.5 0.5828125 0.484375 0.6359375 0.4859375 0.6953125 0.4984375 0.7171875 0.503125 0.7453125 0.525 0.775 0.546875 0.7796875 0.55625 0.79375 0.5703125 0.796875 0.6046875 0.7859375
8 0.20625 0.3671875 0.2421875 0.378125 0.278125 0.375 0.290625 0.3671875 0.3140625 0.3328125 0.325 0.3046875 0.3328125 0.2125 0.3140625 0.171875 0.29375 0.159375 0.209375 0.1453125 0.184375 0.1515625 0.1671875 0.16875 0.1515625 0.203125 0.15 0.2546875 0.1609375 0.2875 0.1765625 0.2953125 0.190625 0.284375 0.2078125 0.3125 0.1796875 0.3359375 0.1875 0.35 0.20625 0.3671875