4 0.7506817031249999 0.28592454375 0.7270993984375 0.275955665625 0.7219017421875 0.25319539375 0.707511759375 0.23683082031249997 0.6415001453125 0.20534973750000002 0.584492403125 0.2031551765625 0.52794700625 0.2252953265625 0.5102580796875 0.2462037296875 0.48978186562500003 0.2914142125 0.49506935468749996 0.35310350156250003 0.5283961671874999 0.41994041718749997 0.5685498484375 0.4527838 0.6138113578125 0.469458434375 0.635073125 0.4712939828125 0.6672462625 0.4489090453125 0.722862559375 0.43486958593749997 0.7260672796875001 0.41543771406249996 0.7538776281249999 0.380032921875 0.7601928375 0.3590102859375 0.7598247171875 0.3168344625 0.7506817031249999 0.28592454375
4 0.32039758749999997 0.701702225 0.3125024796875 0.74217305 0.327678015625 0.8055836546874999 0.3695014296875 0.8579078640625 0.42005482031249997 0.8795016625000001 0.4689384796875 0.8816146312500001 0.5264578875 0.8708382953125 0.570238115625 0.8323498875 0.5851890734375 0.7984379453125 0.5881155015624999 0.7757592703125 0.5787435140625 0.70429693125 0.5618938484375 0.6781756234375 0.502614875 0.6305421109375 0.46793714062499997 0.6237058046875 0.40173707187499996 0.6279069374999999 0.35684368437499997 0.6534081265625 0.32039758749999997 0.701702225
4 1 0.8141246437499999 0.9388875499999999 0.814966365625 0.9060186890624999 0.8292342921875001 0.8757486562500001 0.8548823484374999 0.8520228078125 0.9000601937500001 0.8472381890625 0.9389402546875001 0.8519691 0.9941359343749999 0.8519991687499999 0.9942375921875 1 0.9931412890625 1 0.8141246437499999
4 0.11238487187499999 0.5666086453125 0.16790694374999998 0.57041029375 0.1774717859375 0.54942029375 0.16025839687500001 0.42435304062499996 0.1388169671875 0.34465945468750003 0.11871766718750001 0.3185055078125 0.0879852859375 0.319818853125 0.061198260937500006 0.32928184531250004 0.026833410937500003 0.36225105 0.038427965625 0.518777528125 0.0596500859375 0.53850491875 0.11238487187499999 0.5666086453125
4 0.11844912031249999 0.7888842140625 0.1397108875 0.7907197625 0.1603262453125 0.74713268125 0.17091880625 0.6434307593749999 0.1671169921875 0.5801343890624999 0.075615571875 0.5921914296875 0.060341409375 0.6033920562499999 0.0467969953125 0.6317594468750001 0.0542589078125 0.732495265625 0.089714071875 0.775619575 0.11844912031249999 0.7888842140625
4 1 0.4236335984375 0.9703015125000001 0.40491465 0.932234996875 0.3964223046875 0.87861603125 0.3958837796875 0.8285249875 0.3986247 0.8064732703124999 0.4065132453125 0.76891401875 0.4418201234375 0.7388729625 0.5080206046875 0.7327418156250001 0.5501311515625 0.7384018218749999 0.5972261390625 0.766436746875 0.6591438921874999 0.7968415265625 0.691889359375 0.8262722968749999 0.7132710140625 0.884671484375 0.7316996 0.9304446546875 0.7354033328125 0.9960881468749999 0.7247085921875 1 0.72263915 1 0.4236335984375
4 0.666466053125 0.93225865 0.618466571875 0.9025804781250001 0.5921912093749999 0.8990725718749999 0.5485994359374999 0.9018787671874999 0.5107169796875 0.9144743312499999 0.47222863281249994 0.9578819015625 0.463221203125 0.997117428125 0.7041995953125 0.995332403125 0.69784484375 0.9763679359375 0.666466053125 0.93225865
4 0.6707390109375 0.9063494890625 0.7003089234375001 0.9293545421875 0.7271408640625 0.9393560593749999 0.7840094640624999 0.9399272203125 0.8492355234375 0.924362271875 0.8728266234375001 0.8207909015625001 0.8723193578125 0.7769916765625 0.855424778125 0.7314058593749999 0.813134615625 0.711517059375 0.7419209484375 0.71404583125 0.6755368203125001 0.697159053125 0.6626774281250001 0.698651903125 0.646474171875 0.7179532234375 0.624974634375 0.7891055046875 0.6335117578125 0.8508274296874999 0.6707390109375 0.9063494890625
4 0.43539588125 0.6039149187499999 0.461577015625 0.62526393125 0.523225840625 0.6437251578125001 0.591607303125 0.646033953125 0.6041884078125 0.6412942968750001 0.5921726734375 0.5389873125 0.6152027999999999 0.4856924578125 0.6102834328125 0.46617899218750003 0.55253505 0.4364029078125 0.5187414921875 0.40200139687499997 0.4709709875 0.412875646875 0.408388675 0.459285240625 0.40286341718749996 0.4705837828125 0.4008167703125 0.5224673796875 0.4112120828125 0.567987921875 0.43539588125 0.6039149187499999
4 0.739941203125 0.5015433140625001 0.7442141609374999 0.475634153125 0.7571677828125 0.45630019375 0.75958255 0.44659241875 0.7545689531249999 0.44492005937499995 0.7102814578125 0.439609240625 0.6500689953125 0.45684654843750006 0.59793130625 0.5114710671875 0.5885056078125 0.5340844671875 0.5906826046875 0.597364521875 0.6159795609375001 0.6462787359375 0.663606521875 0.6905512109374999 0.7052009609375001 0.702323 0.7658757734375 0.7094204078125 0.7928019421875 0.7015808171875 0.788160865625 0.68531415625 0.7650902203125 0.6623743765625 0.739654121875 0.611836759375 0.72489601875 0.5532963609375 0.723598803125 0.5192212328125 0.739941203125 0.5015433140625001
4 1 0.20411831249999998 0.984197421875 0.2071696234375 0.927557796875 0.24715088281250003 0.8976109687499999 0.2955102578125 0.8835397953124999 0.358627121875 0.88873745 0.38138739374999997 0.9853422999999999 0.40993172656250004 1 0.42017526250000004 1 0.20411831249999998