0 0.6033187015625 0.0140423984375 0.5772206015625 0.1515368625 0.63418435625 0.2532147734375 0.6649362796875 0.19792735625 0.700944246875 0.165954621875 0.7203305015625 0.15663517031250002 0.7874996671875001 0.1568647984375 0.8066812828125001 0.10380045625 0.8145998265625 0.0361162125 0.8132001390625 0.01892744375 0.6033187015625 0.0140423984375
0 0.5947640125 0.0783546484375 0.5977637015624999 0.0139131046875 0.4825396125 0.011231234375 0.4363705984375 0.013386845312500001 0.4354422265625 0.01847878125 0.4409029109375 0.085538353125 0.44919652968749996 0.125539846875 0.4707328609375 0.1632401796875 0.48633055937499997 0.169243384375 0.5130890109374999 0.16799404375 0.5572882796874999 0.1541503578125 0.5839786109375 0.11083261562499999 0.5947640125 0.0783546484375
0 0.6516588203125 0.38534509687499996 0.6940149703125 0.39009896093749996 0.71684835 0.40249578750000004 0.7462006265625 0.43309974531249995 0.7678734734375 0.4724765671875 0.8038130453125 0.4808957453125 0.853575590625 0.47352376406249996 0.8929283671875 0.4413948625 0.9024509171874999 0.41402444687499995 0.9081167890625 0.3599082859375 0.9052841296875 0.304506053125 0.8772289015625001 0.24859858906249999 0.8419037953125 0.20649345624999998 0.77773828125 0.16068628125 0.7417987109374999 0.152267103125 0.702343615625 0.16252355937500002 0.6600555859374999 0.199838096875 0.6414542359375 0.239412440625 0.6325800734375 0.295361259375 0.6516588203125 0.38534509687499996
0 0.7870562 1 0.8438611125 0.9973478046875 0.8846672890624999 0.8759592906250001 0.8959306390625 0.8081188796875001 0.8903334390625 0.739382815625 0.8582850171875 0.655053115625 0.8368510062500001 0.639225228125 0.816509134375 0.6368092546875 0.77828269375 0.6621541140625 0.7031607859375 0.7498046859375 0.6680742390625001 0.813708803125 0.6532272484375 0.8581564453125001 0.6445577234375001 0.9578501546875 0.6461586203125 1 0.7870562 1
0 0.6054344234375 1 0.621655946875 0.9858452390625001 0.6392674781250001 0.9547314265625 0.6527834968749999 0.8733229328125001 0.6481419171875 0.8163222953125 0.632749134375 0.7716036703125 0.60913085 0.7289519515625 0.5593343796875 0.6740595734375 0.5210398203125 0.657336034375 0.477557334375 0.6593662124999999 0.45636215937499996 0.667087259375 0.4273168390625 0.7021006375 0.414722515625 0.7329801984375 0.40318613281250004 0.79746763125 0.416974634375 0.8843327421874999 0.44973983906250004 0.9568489328125 0.479092115625 0.9874528921874999 0.5003755625 1 0.6054344234375 1
0 0.5624061515625 0.670550428125 0.603021503125 0.7157742875 0.627117734375 0.7230635624999999 0.6636375734375 0.7179927421875 0.7033998984375 0.69089330625 0.746131678125 0.63841228125 0.7647330296875 0.5988379390625 0.7769519984375 0.542732953125 0.7717643484375001 0.47902635781249997 0.7421732359375001 0.424873465625 0.72019315625 0.40233961875 0.6869158046875 0.385381828125 0.65848495 0.386709253125 0.6358904062499999 0.3978613609375 0.59568433125 0.44012728125 0.55653619375 0.5160010734375 0.5473548 0.5887928703124999 0.5624061515625 0.670550428125
0 0.46097037187499995 0.49690291249999996 0.48404258593750005 0.532848675 0.5001863515625 0.5455578359375 0.54660409375 0.538342021875 0.5808715375 0.4643789703125 0.6278014234375 0.4016047578125 0.6336038140625 0.349165084375 0.62834804375 0.2433900875 0.5983473796875 0.184207728125 0.5748314156250001 0.16342845625 0.55421650625 0.157659503125 0.526195203125 0.1640163953125 0.5009384390625 0.1837071171875 0.46544233906250004 0.242581765625 0.4423014515625 0.32948823125 0.4424376921875 0.41362503124999994 0.46097037187499995 0.49690291249999996
0 0.30673336406249996 0.6437818203125001 0.3319217296875 0.664483009375 0.3614447234375 0.6765675 0.39113843125000003 0.670132525 0.412504321875 0.6438920125 0.42956978437500004 0.6060722421875 0.443188121875 0.54653619375 0.447898375 0.48068460625 0.432028196875 0.3064077984375 0.41581630937499997 0.2516302359375 0.4040071671875 0.2303043765625 0.3936997125 0.22741989999999998 0.3469405421875 0.271674646875 0.28533465625 0.2779167234375 0.2547873703125 0.37694903125 0.255572 0.48966423593749997 0.27366092656249996 0.5881086062499999 0.30673336406249996 0.6437818203125001
0 0.1640327390625 0.7261732921874999 0.1661828140625 0.773193078125 0.1779577578125 0.8147148937500001 0.20573994999999998 0.8672693812500001 0.26137273125 0.9319864421874999 0.30659574218749996 0.9719465812499999 0.345299853125 0.9936995906250001 0.3801472875 0.988706853125 0.41745230624999996 0.9314306109375 0.4198756921875 0.8993430625000001 0.40291309843749995 0.7941146531250001 0.3609667765625 0.71192994375 0.283353915625 0.6246790375 0.256220109375 0.6007029515625 0.23352324531250002 0.589982615625 0.206628278125 0.5895554656249999 0.19212271718750001 0.596964178125 0.17758295625 0.62456884375 0.1759444765625 0.6869112859375 0.1640327390625 0.7261732921874999
0 0.2390275125 1 0.24539940468750002 0.983218128125 0.23826631874999998 0.9162366359374999 0.1866951265625 0.8395499 0.159117846875 0.7482799890625 0.0863854046875 0.7415786546875001 0.06365434375 0.7510542734375 0.03880713125 0.775774465625 0.029011545312499998 0.799791903125 0.042499434375 0.9654290484375 0.0509910734375 0.987246375 0.06264175 1 0.2390275125 1
0 0.1782318953125 0.488226621875 0.1404152828125 0.43614063593749997 0.109390603125 0.4056147640625 0.060106004687500006 0.3776243 0.00440985 0.37898155 0.006021196875 0.5174603906249999 0.01916819375 0.678911240625 0.0467256734375 0.708090221875 0.0805490921875 0.7317539703125 0.1415747125 0.7390018921875 0.16276988750000002 0.7312808453125 0.177651078125 0.6666372453125 0.18065472968750002 0.6210596984375 0.192976015625 0.5868271578125 0.189324253125 0.5213659875000001 0.1782318953125 0.488226621875
0 0.09771797812500001 0.38596539375 0.1357053046875 0.41953191093750003 0.1671737359375 0.43489129687499994 0.194205221875 0.4369949359375 0.220144571875 0.425686659375 0.24164697968749999 0.40112263593749997 0.2583028921875 0.3582733984375 0.27431041718750004 0.2868457578125 0.2699076734375 0.2533940515625 0.2389513875 0.1824762671875 0.21127151406250003 0.1517942265625 0.17519542500000002 0.141698559375 0.150109375 0.142869815625 0.11273623749999999 0.15807765625 0.0796293265625 0.2050607109375 0.06655705625 0.2713027171875 0.07328059218750001 0.33325473906249997 0.09771797812500001 0.38596539375
0 0.252701825 0.02196225625 0.24239879062499997 0.12173223281250001 0.2494976796875 0.208909678125 0.26393484218749996 0.2418928796875 0.2860514390625 0.26610321406250004 0.30011325 0.27386099218750004 0.3370426390625 0.2738196390625 0.3548930078125 0.266254759375 0.385883765625 0.234516275 0.4254414546875 0.163671953125 0.440083809375 0.07547941875 0.4350326765625 0.0134493109375 0.252701825 0.02196225625
0 1 0.450524871875 0.9682888343749999 0.45975353906249994 0.9580836968750001 0.4787415078125 0.9366152140624999 0.5655698890624999 0.9381508234375 0.646275628125 0.95682001875 0.7312299984374999 1 0.86146471875 1 0.450524871875