7 0 0.877491325 0.0170768078125 0.897265721875 0.042145165624999995 0.9013671390625 0.072595078125 0.8938727312499999 0.10231170781250001 0.854449415625 0.1911384546875 0.6337310453125 0.20531941250000002 0.5518642812500001 0.23025105625000003 0.5039025609375 0.22744220624999997 0.4853467546875 0.21742480625 0.48337061875 0.198670146875 0.492890878125 0.16219239375 0.5337931890625 0.0929281640625 0.6610489671875001 0.0814193390625 0.7094084015625 0.0253915 0.7866766109375 0 0.8574698812499999 0 0.877491325
7 0 0.6183185124999999 0.003566990625 0.616418096875 0.0054064140625 0.5543375593750001 0.048558290625 0.4582152625 0.082239621875 0.341660453125 0.0905915984375 0.28649018125 0.110688540625 0.23166790937499998 0.1648893859375 0.15938354375 0.16227939375 0.13411633125 0.1442207296875 0.1201466578125 0.109134975 0.11406910156250001 0.06984837187500001 0.136415609375 0.0416604515625 0.180922196875 0.0159333828125 0.25572955625 0 0.32723874999999997 0 0.6183185124999999
7 0.55489684375 0.372458365625 0.47852349062500005 0.2862291828125 0.45790454843750006 0.245314440625 0.42706935156250003 0.2091349734375 0.390802884375 0.18622918125000001 0.358973403125 0.1836067609375 0.341996021875 0.1898210296875 0.322943078125 0.2094084015625 0.32752920625000004 0.22465821406250003 0.5094829734374999 0.43156848124999997 0.5308476265625 0.4473154359375 0.6583519765625 0.5081904046875 0.6942704453124999 0.5428411640624999 0.717760378125 0.5435371625000001 0.72146408125 0.5318916234375 0.6830847624999999 0.46694009531249997 0.6488441453125 0.43233905000000006 0.60744469375 0.4126398203125 0.55489684375 0.372458365625
7 0.0152498140625 0.9022495640624999 0.003305990625 0.9086129749999999 0.0013795687500000001 0.9169525234375 0.0228933625 0.927665921875 0.0184936609375 0.962801390625 0.06201839375 0.9674496640625 0.1583519765625 0.9467934375 0.40756897812500004 0.9239497875 0.4482848609375 0.9100422578125 0.3999254296875 0.8985334328125001 0.3194879453125 0.89279145 0.11474024375 0.888404175 0.0152498140625 0.9022495640624999
7 0.1805120546875 0.7089858312499999 0.20084513906249998 0.7028709921875 0.229778771875 0.6331966203125 0.248769575 0.44567486875 0.2853716125 0.287223465625 0.2847874734375 0.2502609984375 0.2704822265625 0.222967934375 0.2506959984375 0.2106263984375 0.21047725625 0.20775540625 0.19182202343750002 0.213919959375 0.17972905781249998 0.22531692812499998 0.172222221875 0.251963709375 0.1621675359375 0.42127765312500004 0.16579666875000001 0.52550335625 0.17078051249999998 0.5273303515625 0.208886403125 0.48815560468749997 0.23064876875 0.4904797421875 0.228374346875 0.51056425625 0.20531941250000002 0.5518642812500001 0.1930648765625 0.6253915 0.17291822031249998 0.6818916234375 0.1805120546875 0.7089858312499999
7 0.243400446875 0.17346507656250001 0.2376833203125 0.139709171875 0.229492915625 0.1327491921875 0.2105393984375 0.14898086093750001 0.0935993046875 0.2983345765625 0.034389759375 0.482985334375 0.00738255 0.544320159375 0.008662690625 0.5577926921875 0.06516281406249999 0.5779393500000001 0.0876708921875 0.5550957000000001 0.131866765625 0.42373850312499994 0.166082525 0.34582401093750004 0.1761247828125 0.23360676093750002 0.2020382796875 0.2091846875 0.230810340625 0.201640565625 0.243400446875 0.17346507656250001
7 0.44398399531250005 0.3842260421875 0.43891878437500004 0.3866879859375 0.4389504609375 0.3914482921875 0.43356928593750005 0.40141489999999996 0.43778275000000005 0.4143301015625 0.480263484375 0.45421327343750006 0.513919959375 0.45185185156249996 0.517673378125 0.4385284609375 0.4982848625 0.41276410625000004 0.3453890140625 0.24533929843750002 0.300348 0.1785110609375 0.26778523593750003 0.14395973125 0.2393611734375 0.1397588875 0.25775540625 0.1990802875 0.2818791953125 0.2350609 0.2974645796875 0.275826496875 0.4130002484375 0.4572582640625 0.422769078125 0.46762366406250006 0.4476882921875 0.47675863749999997 0.4207556546875 0.42222222187499997 0.4182051734375 0.4076045046875 0.4220730671875 0.39225980312500003 0.42870016875 0.3809739546875 0.434232853125 0.37886908125 0.4434370109375 0.3777143203125 0.44398399531250005 0.3842260421875
7 0.43359433125 0.61236639375 0.3195500875 0.6073079781249999 0.305978125 0.6119438234375 0.300646284375 0.6218617953125001 0.3267959234375 0.6461471546875 0.326149640625 0.667959234375 0.3172632359375 0.6844891859375 0.3440094453125 0.6886403171875 0.48798160468749996 0.6811508828124999 0.6363534671875 0.683867759375 0.7408774546875 0.6701715140625 0.759830971875 0.6539398453125 0.7534178484375 0.643673875 0.608662690625 0.6360261828125 0.43359433125 0.61236639375
7 0.3021501359375 0.741138453125 0.2738255046875 0.7335819031249999 0.22506835625 0.7354958984375 0.2348869 0.7441834453125 0.2250062140625 0.7942704453125 0.21992294375000002 0.79579915625 0.2329977625 0.807941834375 0.42851106093749997 0.8406040265625 0.62309221875 0.8480487203125 0.6826000484375 0.880039771875 0.6682948046875 0.8527467062499999 0.5937360171875 0.818630375 0.42674620937499996 0.7868133234375 0.3687670890625 0.7599055421875 0.32020879999999996 0.755108128125 0.3021501359375 0.741138453125
7 0.9542629874999999 0.43970917187499997 0.8854710406249999 0.4376708921875 0.82985334375 0.4444195875 0.726858065625 0.46319910468750003 0.696308725 0.47404921718750004 0.6927541640625 0.48066119843750005 0.7119438234375 0.5131369609374999 0.7348869 0.5322893359374999 0.7978125781250001 0.50560526875 0.9011558531249999 0.47508078437499995 0.9414243093750001 0.476273925 0.9618071078125 0.4684812328125 0.9739497890625 0.4554064140625 0.9742480734375001 0.4453393 0.9542629874999999 0.43970917187499997
7 0.13425304531249999 0.1164926671875 0.2080288328125 0.1203579421875 0.5181580921875 0.2521377078125 0.5577802640625 0.2751429296875 0.5930151625 0.2761869265625 0.6034799890625 0.263062390625 0.5664802390625 0.20822769062500002 0.323999503125 0.1170768078125 0.257283121875 0.1016654234375 0.1598682578125 0.1021377078125 0.13622918281250002 0.1064752671875 0.13425304531249999 0.1164926671875