7 0.1685669765625 0 0.1207455671875 0.0060461921875 0.11654046874999999 0.02081428125 0.12064632812500001 0.0549813953125 0.160066371875 0.0890010671875 0.39135978125 0.19285394843749998 0.47971245937500007 0.210414546875 0.5292030624999999 0.23926945625 0.55005174375 0.23652253750000002 0.5535996359375 0.225375675 0.54566185 0.20422836718749998 0.505534246875 0.16262609687500001 0.374647259375 0.08258836562500001 0.32288439062499996 0.068717028125 0.24531992656249998 0.0045143984375 0.23403595937500002 0 0.1685669765625 0
7 0.5300522953125 0 0.6044113062500001 0.037297865624999996 0.7283571531249999 0.077368009375 0.7880628546875 0.08785671874999999 0.8457803281249999 0.111456053125 0.91809774375 0.17351328906250002 0.94632119375 0.17112963125 0.9641950953125 0.1512537484375 0.9756908718749999 0.11219431718749999 0.9564119484375 0.067845128125 0.9111767984375 0.03542595625 0.8321871203125 0.0051179953125 0.811850403125 0 0.5300522953125 0
7 0.43123175781249995 0.78731625625 0.5081088578124999 0.7458165390625 0.5509473984375 0.7083009812500001 0.57832884375 0.6624762921875 0.6298228296875 0.6046307671875 0.7353569984375 0.5211430703125 0.7832980421875 0.49897434843750005 0.8274122109375 0.46529549374999996 0.8576289390625 0.425271278125 0.8648692656250001 0.38977610937499996 0.8603348296875 0.37068338125 0.84133489375 0.3489911796875 0.8238895625 0.353792678125 0.5708347828125 0.5526647875 0.55054911875 0.576195753125 0.46599302343750004 0.7173248937500001 0.42287044687500003 0.7567134015625 0.4188939828125 0.7829346515625 0.43123175781249995 0.78731625625
7 0.1209202609375 0.1021683234375 0.1194741453125 0.0062069421875 0.0469331421875 0.015378504687499999 0.04094404375 0.0416207703125 0.0505658328125 0.14965014062499998 0.04171535625 0.4284809078125 0.051491784375 0.474248965625 0.0707909015625 0.42047841249999995 0.0881118875 0.3307586125 0.1209202609375 0.1021683234375
7 0.5114888484375 0.1723540921875 0.549488725 0.21573849531249997 0.5439526015625 0.23999598125000002 0.5221123265625 0.2370332484375 0.47971245937500007 0.210414546875 0.400294209375 0.19518097343750002 0.340733046875 0.17149082499999999 0.30981380625 0.17940250468750002 0.313780175 0.2022411265625 0.3866707078125 0.2360225328125 0.5908919515625 0.2611774765625 0.760646065625 0.30539096093749996 0.801491325 0.3055159609375 0.8335466968749999 0.2901124953125 0.8498609421875001 0.26827285 0.858521434375 0.2234129453125 0.8542710296875 0.202447275 0.843353421875 0.18870093593749998 0.8149904812500001 0.1797560984375 0.6296296828125 0.1649648625 0.514184640625 0.16682606875 0.5114888484375 0.1723540921875
7 0.4955699546875 0 0.470100771875 0.053325303125 0.4922200265625 0.0789450296875 0.6310548984375 0.13107019375 0.712311790625 0.17092451875 0.8347030265625 0.1845009625 0.8580979093750001 0.21395740000000002 0.8624878015625 0.2462515671875 0.8918423343749999 0.260906065625 0.929852309375 0.25523059375 0.93864724375 0.24622912343749997 0.9233346906250001 0.22471855624999998 0.77458894375 0.0909668984375 0.5790281921875 0.0209520578125 0.5364264328125 0 0.4955699546875 0
7 0.8186526187500001 0.3025874125 0.7715636765625 0.31913729687500003 0.5556819171875 0.44436297031249994 0.542915565625 0.4550557546875 0.5294366046875 0.482695871875 0.5932633171874999 0.4537618859375 0.609733434375 0.4512207078125 0.6261285437499999 0.4558635 0.637670275 0.4635026796875 0.6392359171875001 0.46972640468750004 0.6392521453125 0.4800308109375 0.631995725 0.480504775 0.6299724140625 0.47479566249999994 0.624718003125 0.47473092031249997 0.6144610484374999 0.4685110625 0.5996414437500001 0.47294543125 0.5498516609374999 0.519553278125 0.5478583765625 0.557193840625 0.5620398468750001 0.561666259375 0.593103628125 0.5405531375 0.7986408921875 0.3733053 0.8784978171875 0.3244046125 0.9210523234375 0.2887619984375 0.9295682765625 0.2571035421875 0.8616306515625001 0.276400346875 0.8186526187500001 0.3025874125
7 0.381801746875 0.4641021140625 0.4029597046875 0.33683256875 0.399700896875 0.3215765484375 0.38949084375 0.31541281250000003 0.359134621875 0.3441085359375 0.335166625 0.34292792968749997 0.31814987031249997 0.332655040625 0.309917953125 0.362440553125 0.29851054375 0.5234004828125001 0.2752456890625 0.689059771875 0.2760725421875 0.8060906125 0.29138509687499997 0.82760118125 0.30358338281249997 0.8206542906250001 0.3317923109375 0.6591382046875001 0.381801746875 0.4641021140625
7 0.2398627046875 0.3344596140625 0.25773660781249996 0.31458373125 0.2699399421875 0.28310690156249996 0.2744895265625 0.22860982187499998 0.263566865625 0.2393934234375 0.20967626875 0.22730421562499997 0.20868467812499997 0.22159456249999998 0.193506565625 0.2359424234375 0.13077559218749998 0.4536241109375 0.095984034375 0.6707950890625 0.052572375000000005 0.7365864796875 0.08462775 0.7211830109374999 0.132439396875 0.6386259203125 0.190341803125 0.452784321875 0.22793835312500002 0.3885934328125 0.2398627046875 0.3344596140625
7 0.5062550671875 0.7947855968749999 0.49846182343749995 0.7604368515625 0.49165512343750006 0.7563276937500001 0.453216571875 0.7770775515625 0.42895949218749996 0.8022998296875 0.44979302343749994 0.8731427171874999 0.46526148906250003 0.9649874890625 0.5127697328124999 0.961468359375 0.51289703125 0.9102159390625 0.5062550671875 0.7947855968749999
7 0.73675696875 0.6098980843749999 0.7307922687499999 0.6492299640625 0.7438376046874999 0.661194165625 0.8093685171875 0.6210225015625 0.9430219875000001 0.3521131015625 0.9691328578125 0.27792176875 0.9819194078125 0.169109240625 0.9803648 0.14261554062499998 0.9695866796875 0.1401977015625 0.955245521875 0.22251653125 0.767541765625 0.5661279734375 0.73675696875 0.6098980843749999