7 0 0.8914011546875 0.0036919828125 0.8958626359374999 0.027215190625000003 0.8997304265625001 0.0562236296875 0.892662915625 0.08565400937499999 0.8554852328125 0.177215190625 0.647339428125 0.193459915625 0.5701359578125 0.2186708859375 0.5249062359375001 0.2166666671875 0.5074074078125 0.20727848125 0.5055438359375 0.18924050625 0.5145218 0.1533755265625 0.5530942343749999 0.083544303125 0.673101265625 0.0709915609375 0.7187060484375001 0.01540084375 0.791572903125 0 0.830457159375 0 0.8914011546875
7 0 0.6313980406249999 0.000738396875 0.631012659375 0.004641350000000001 0.5724683546875 0.048734178125 0.481821378125 0.08459915625 0.371905765625 0.0944092828125 0.31987810625 0.1152953578125 0.268178621875 0.1689873421875 0.20001172031249997 0.1674050640625 0.17618377968750001 0.15084388124999998 0.1630098453125 0.1179324890625 0.15727848125 0.080063290625 0.17835208593750002 0.051898734375 0.22032348750000003 0.025 0.2908696671875 0 0.386999584375 0 0.6313980406249999
7 0.5297468359375 0.4009493671875 0.4606540078125 0.3196319734375 0.44261603281250006 0.28104782031250003 0.4147679328125 0.2469292078125 0.38132911406250003 0.2253281765625 0.3513713078125 0.22285513437499999 0.33512658125 0.2287154234375 0.31645569687499997 0.24718706093749998 0.320253165625 0.2615682140625 0.4848101265625 0.45669245312499995 0.5044303796875 0.4715424296875 0.622679325 0.5289498359375 0.655379746875 0.5616268171875001 0.6775316453125 0.56228316875 0.6814345984375 0.551300984375 0.6474683546875 0.4900492265625 0.6163502109375 0.457419128125 0.5779535859375 0.4388420078125 0.5297468359375 0.4009493671875
7 0 0.92041508125 0.008122362499999999 0.9245311765625001 0.0027426171875 0.9576652609374999 0.0436708859375 0.9620487578124999 0.1353375515625 0.9425691515624999 0.3714135015625 0.9210267234374999 0.41033755312500003 0.9079113921875 0.3650843875 0.8970581328125 0.289345990625 0.8916432249999999 0.09620253125 0.8875058593749999 0.0017932484374999999 0.9005625875 0 0.9014985125000001 0 0.92041508125
7 0.16455696250000001 0.7183075484375 0.18396624374999998 0.712541021875 0.21371307968750003 0.6468354421875 0.2381856546875 0.46999531250000004 0.2782700421875 0.3205696203125 0.2790084390625 0.2857126109375 0.266455696875 0.2599742140625 0.2482067515625 0.248335678125 0.21033755312500002 0.24562822187500002 0.19251054843749998 0.25144163124999996 0.1806962015625 0.2621894046875 0.172679325 0.28731833125 0.15727848125 0.4469878109375 0.1570675109375 0.5452766062500001 0.16170885937499999 0.54699953125 0.1990506328125 0.5100562578125001 0.21951476718750002 0.5122480078125 0.21666666562499998 0.531188465625 0.193459915625 0.5701359578125 0.1793248953125 0.6394749171874999 0.1583333328125 0.69275668125 0.16455696250000001 0.7183075484375
7 0.24261603437499998 0.2132911390625 0.23839662499999997 0.18145804062499998 0.23090717343749997 0.1748945140625 0.21244725625 0.19020159375 0.0968354421875 0.3310478203125 0.034493671875 0.505180496875 0.0068565390625 0.5630215656249999 0.0075949375 0.5757266765625 0.0602320671875 0.5947257375 0.08227848125000001 0.573183309375 0.1285864984375 0.4493084859375 0.1636075953125 0.3758321609375 0.17700421875 0.2700070328125 0.202320675 0.24697609062499998 0.229746834375 0.23986169687499997 0.24261603437499998 0.2132911390625
7 0.424626475 0.41204673437499995 0.41975863750000003 0.414368440625 0.4196224234375 0.4188575890625 0.4141944046875 0.42825647968749997 0.41772151874999996 0.44043600625 0.45643459843749995 0.4780473515625 0.4882911390625 0.475820440625 0.492299578125 0.46325597656250006 0.47489451406249994 0.43895921250000003 0.3363924046875 0.2810712609375 0.29620253281250003 0.2180496953125 0.2666666671875 0.18546647968750002 0.239978903125 0.181504921875 0.2552742609375 0.23744725781249998 0.27679324843750003 0.271378340625 0.2900843890625 0.309821846875 0.3928270046875 0.4809188921875 0.40168776250000005 0.490693859375 0.42489451562499997 0.4993084859375 0.40137130781249997 0.447878575 0.3994735796875 0.43409351249999995 0.40366062812500003 0.4196228765625 0.4103109296875 0.4089798921875 0.415607634375 0.406994915625 0.42433732031250004 0.4059059328125 0.424626475 0.41204673437499995
7 0.4068565390625 0.6271917484375 0.2993670890625 0.622421471875 0.2863924046875 0.6267932484375 0.2810126578125 0.6361462718750001 0.3048523203125 0.6590482875 0.3034810125 0.6796179078125 0.2945147671875 0.6952062828125001 0.319620253125 0.69912095625 0.4558016875 0.6920581343750001 0.595780590625 0.694620253125 0.6949367078125 0.681704171875 0.713396625 0.66639709375 0.707700421875 0.6567158921875 0.5713080171875 0.6495038281250001 0.4068565390625 0.6271917484375
7 0.2782700421875 0.748628690625 0.2517932484375 0.741502578125 0.20569620312499998 0.7433075484375 0.21466244687499997 0.751500234375 0.20358649843749999 0.7987341765625 0.1987341765625 0.8001758078125001 0.21065400781250002 0.8116268171875 0.394092828125 0.842428503125 0.5775316453125 0.8494491328124999 0.6325949359374999 0.8796179093750001 0.62004219375 0.8538795125 0.55084388125 0.8217065171875 0.394303796875 0.791701828125 0.340506328125 0.7663267703125001 0.2948312234375 0.761802625 0.2782700421875 0.748628690625
7 0.9044303796875001 0.4643694328125 0.8395569625 0.4624472578125 0.786814346875 0.4688115328125 0.6889240515624999 0.48652133124999997 0.6597046421874999 0.49675339999999996 0.65611814375 0.5029887468750001 0.673101265625 0.5336146281249999 0.6940928265624999 0.5516760421875 0.7544303796875 0.5265119546875 0.853059071875 0.49772620781250004 0.89103375625 0.49885138281249997 0.9105485234374999 0.4915025796875 0.9224683546874999 0.4791725265625 0.923101265625 0.46967885625 0.9044303796875001 0.4643694328125
7 0.14156118125 0.15956399375000002 0.21107594999999998 0.1632090953125 0.49926160468749997 0.28748241874999997 0.5358649796875 0.309177215625 0.569092828125 0.31016174375 0.5794303796875 0.297784809375 0.5464135015625 0.2460736046875 0.32067510625 0.1601148625 0.2582278484375 0.145581340625 0.166244725 0.14602672187500002 0.143776371875 0.15011720625 0.14156118125 0.15956399375000002