5 0.847312546875 0.48141804375 0.8737135421875 0.46993560468749995 0.8880212500000001 0.4494486328125 0.9028427499999999 0.4060502625 0.90633265625 0.3716236765625 0.8972450328124999 0.3440151640625 0.859264540625 0.323581675 0.8266043249999999 0.33138436250000003 0.80892488125 0.3579427609375 0.7898222421875001 0.424880190625 0.7947469 0.447672603125 0.8138906390624999 0.4712444140625 0.847312546875 0.48141804375
5 0.349414765625 0.30856460625 0.3873952546875 0.32899809375 0.4099993546875 0.325232109375 0.43056628906250005 0.3084248921875 0.44915513906250004 0.26439885625000004 0.4585086484375 0.2282082625 0.45115120312499996 0.1869308515625 0.42489792499999995 0.162969340625 0.403173684375 0.15635648124999998 0.37889849062500003 0.1596137859375 0.3373394640625 0.19487325312499998 0.3317533046875 0.23043618281249997 0.3340679203125 0.27727633906250004 0.349414765625 0.30856460625
5 0.5729459234375 0.3712841546875 0.6138729875 0.38729124375 0.628517228125 0.3864256171875 0.649904940625 0.3734171328125 0.6629667140625 0.3507764515625 0.676146659375 0.2997806125 0.6733477984375 0.2687630640625 0.6500410921875 0.24037515156249997 0.6149480890625 0.229692840625 0.5961113390625 0.23283116406249998 0.565004046875 0.2694976890625 0.554345515625 0.31771215625 0.5592406296875 0.3475933625 0.5729459234375 0.3712841546875
5 0.12981023125 0.3073714703125 0.1862318546875 0.3192228765625 0.2080151828125 0.3116581578125 0.21810083906250002 0.300532665625 0.2346229765625 0.250554190625 0.21885096874999999 0.22091094843749998 0.194634859375 0.20999067343750003 0.1815730859375 0.23263135625000003 0.153471453125 0.250693903125 0.140073146875 0.2537132421875 0.10832233437500001 0.2440482953125 0.10489151562500001 0.2642973015625 0.11397913906249998 0.2919058125 0.12981023125 0.3073714703125
5 0.24974503593750003 0.43615080156249997 0.25988978125 0.41084773124999996 0.2220274640625 0.362059084375 0.21129828593750002 0.3268530984375 0.19334139687500002 0.319612575 0.15861446875000001 0.3214628203125 0.13923438593749998 0.354601325 0.1353488640625 0.383584146875 0.1423697765625 0.40524021718750003 0.16236383593749998 0.425521971875 0.21374263125 0.44293612343750005 0.24974503593750003 0.43615080156249997
5 1 0.5166091640625 0.9792995343750001 0.5286926671875001 0.9661491312500001 0.57259971875 0.9747820546874999 0.608942046875 0.9843539234375 0.6207279515625 1 0.6251314359375 1 0.5166091640625
5 0.150677728125 0.519559234375 0.082103734375 0.512880875 0.06858725624999999 0.5442553734375 0.069348946875 0.5622316875 0.0867920484375 0.5923836062500001 0.1197592515625 0.6112910546875 0.145250840625 0.617276246875 0.1695851234375 0.599841365625 0.18106443125 0.5554256328125 0.150677728125 0.519559234375
5 0.6096445109374999 0.598937575 0.5906009609375 0.6516974265625 0.596771553125 0.67664355 0.6113567078125001 0.6899555 0.6440169250000001 0.6821528109375 0.6591749546875 0.6583757859375 0.6668278265625001 0.6287652968749999 0.6627830296874999 0.595594040625 0.6096445109374999 0.598937575
5 0.46606004375000004 0.6244338421875 0.5099632234375 0.62892574375 0.5313509328125 0.6159172609375 0.549969321875 0.5648024375 0.541613846875 0.5622590296875 0.5160040859375 0.584628996875 0.4813067015625 0.5793904484375 0.4662963859375 0.567723525 0.46474346093749996 0.5388596859375 0.45185894375 0.518967628125 0.43035306406249996 0.56033126875 0.4340022421875 0.5880587625 0.44603644062500003 0.6112408765625 0.46606004375000004 0.6244338421875
5 0.47121461875000004 0.7928007890625001 0.49305702812499996 0.7710584890625001 0.502894784375 0.7190452875 0.47080744374999994 0.689758996875 0.466278403125 0.672410346875 0.45707260625 0.673156990625 0.42848672812500005 0.7070421453125 0.42080431406249996 0.743741425 0.42320755625000006 0.7693152109375 0.435696459375 0.78376350625 0.45447412343750004 0.7948027640625 0.47121461875000004 0.7928007890625001
5 0.07104315781250001 0.75793643125 0.0573969515625 0.7200680546875 0.058731515624999994 0.7009553953125 0.0421623453125 0.711489565625 0.047066078125 0.7942400671875001 0.0512379171875 0.7927199625 0.07104315781250001 0.75793643125
5 0.0861536640625 0.8459350125 0.10052045937500001 0.8112704624999999 0.0773023796875 0.7616161828125 0.0508127578125 0.794364990625 0.0471654859375 0.79591756875 0.05114741874999999 0.8631126984374999 0.069779240625 0.860469540625 0.0861536640625 0.8459350125
5 0.406774046875 0.798027315625 0.389944921875 0.8212956609375001 0.3506003265625 0.8270636250000001 0.34507325 0.8484489749999999 0.3599949359375 0.8813822671875 0.3988257484375 0.898525703125 0.42398080781249997 0.8848895562499999 0.435401028125 0.8546514046875 0.4103936859375 0.8328436015625 0.406774046875 0.798027315625
5 0.2753843421875 0.40669205 0.299263921875 0.3979909828125 0.3219861953125 0.365869834375 0.340663671875 0.300577434375 0.3278677828125 0.2594190078125 0.30577746875 0.2402735953125 0.259352875 0.2385630671875 0.24887160000000003 0.24424479843750002 0.23076699843749998 0.27244822343749997 0.218407828125 0.327242796875 0.2215727609375 0.3707928984375 0.239045403125 0.3938560296875 0.2753843421875 0.40669205
5 0.8615974421875 1 0.850623903125 0.9916919249999999 0.8411702062499999 0.9515508609375001 0.8130685718749999 0.9696134109375001 0.8096082109375 0.9969512078125 0.8117834765625 1 0.8615974421875 1