5 0.9356865953125 0.4862468765625 0.9389427187500001 0.5193780390625 0.9586382578125001 0.5410941515625 0.9669586375 0.5427581906250001 0.9754744531249999 0.3990538 0.964709653125 0.4086460359375 0.9356865953125 0.4862468765625
5 0.773493059375 0.482947303125 0.8005682843749999 0.470986115625 0.8168887671875 0.45059190156250006 0.8363564078125 0.40783717187499996 0.8437360921874999 0.3741598734375 0.838061384375 0.3474954453125 0.803378571875 0.328663090625 0.770623653125 0.3372161046875 0.7503134953124999 0.3636291859375 0.7239518828125 0.4294653609375 0.7261226296875 0.4515528046875 0.7420713531249999 0.47398985624999995 0.773493059375 0.482947303125
5 0.30785216875 0.3287375453125 0.342534978125 0.3475699 0.36501588281249997 0.3432442625 0.3870160609375 0.3262582203125 0.41023052031249996 0.2827825515625 0.42353275312500005 0.24721550312499999 0.42112413281250005 0.207169728125 0.3982864234375 0.184557871875 0.377862315625 0.17873553125 0.353810328125 0.182613296875 0.309205321875 0.21820206718750002 0.29964990625 0.25304817812499997 0.29649776562499996 0.29866494375 0.30785216875 0.3287375453125
5 0.5186204453125 0.3834545015625 0.55668828125 0.397884675 0.5710709046875 0.396617603125 0.5934328765625 0.38331280156249997 0.6087869218749999 0.3608540265625 0.6275309765625 0.3107368203125 0.6283834640625 0.28056595781250004 0.6089307796875 0.2535519171875 0.5759379890625 0.24414659843750003 0.557203903125 0.24775129843750002 0.5226300578124999 0.28441061875 0.5066663796875 0.3317423296875 0.507989625 0.3607443828125 0.5186204453125 0.3834545015625
5 0.0938078328125 0.3339144421875 0.1474675859375 0.343844175 0.1695867015625 0.3358372984375 0.18070821718750002 0.32469531093750004 0.20259444375000002 0.27547385 0.19063539375 0.24701793125 0.168278409375 0.2370664796875 0.1529243640625 0.25952525312499997 0.1234305515625 0.27795317656249996 0.11001436718749999 0.28128480625 0.0801637484375 0.2727752328125 0.0744790671875 0.292623315625 0.0801537765625 0.3192877421875 0.0938078328125 0.3339144421875
5 0.1959084328125 0.456051159375 0.2087249546875 0.43107995624999995 0.1774321578125 0.38458916875 0.171033865625 0.350562259375 0.1543565734375 0.344018978125 0.1202734234375 0.3468261984375 0.0975446796875 0.37970601249999997 0.090407853125 0.4080853875 0.09475433125 0.42900401875 0.1119123484375 0.4482077015625 0.1600113453125 0.4637084265625 0.1959084328125 0.456051159375
5 0.9321776500000001 0.5049261453125 0.8967612890625001 0.5252438203125 0.878864734375 0.56844641875 0.8830872937500001 0.6036421390625 0.8910616546875 0.614860665625 0.9615969484375 0.6332366734375 0.9668131296875 0.54521363125 0.9533203562500001 0.5413672187499999 0.9321776500000001 0.5049261453125
5 0.0896543625 0.5402604359375001 0.0235448625 0.535726890625 0.006738664062499999 0.566716959375 0.00540545 0.584227415625 0.0189355859375 0.6131312046875 0.048905140624999996 0.6306199421875001 0.07307606562499999 0.6357213421875 0.0988230625 0.6180143609375001 0.1151485296875 0.5743638875 0.0896543625 0.5402604359375001
5 0.5281210296875 0.60442719375 0.5034544234375 0.6564341546875 0.5065916078125 0.6805861546875 0.5192792234375 0.6931482984375 0.55203414375 0.6845952828125 0.569563921875 0.6609676999999999 0.5804475671875 0.631867384375 0.5803336171875 0.599631965625 0.5281210296875 0.60442719375
5 0.38513731875 0.633439584375 0.4274376828125 0.6365529703125 0.4497996515625 0.6232481671875 0.4738616109375 0.5728578921875 0.46600618593750004 0.57061853125 0.43844525 0.5931755671875 0.40520960625 0.5890681734375 0.39191733906250004 0.5781227140625 0.39373626562499997 0.5500164078124999 0.3834672375 0.5309875296875 0.35771525625 0.5719507640625 0.3580720625 0.5988882609374999 0.36713179687499997 0.6211505093749999 0.38513731875 0.633439584375
5 0.3707198015625 0.79750044375 0.3945339203125 0.7756643484375 0.41013580625 0.724651396875 0.3822230484375 0.69701468125 0.379809446875 0.6802251640625 0.370744725 0.68121916875 0.33895125937500004 0.7150929921875 0.3272201125 0.75110791875 0.3266104796875 0.77598085625 0.33712236562500003 0.789711809375 0.354161446875 0.7999363296875 0.3707198015625 0.79750044375
5 0.307266759375 0.804458490625 0.28816589531250003 0.8276382046874999 0.2491266390625 0.834399728125 0.241266225 0.8554166234375 0.25201598125 0.8871059062500001 0.2879080890625 0.9027048953125 0.314016875 0.8886791515624999 0.32864733749999997 0.8588579 0.3067760640625 0.8383105953125 0.307266759375 0.804458490625
5 0.22431687031249997 0.426579515625 0.24861171718750003 0.41740382499999995 0.274482634375 0.38541975 0.30023959843750003 0.3212002578125 0.29251307656250003 0.28142755468749997 0.2731793265625 0.2633926796875 0.2280985828125 0.263064790625 0.217219921875 0.2689088515625 0.1963051203125 0.29693861718750003 0.177922853125 0.3507370640625 0.1759800078125 0.39312046093749997 0.1903576453125 0.415109640625 0.22431687031249997 0.426579515625
5 0.7132064109375 0.9416491046875001 0.683712596875 0.960077028125 0.6771804171875 0.98683971875 0.67853604375 0.9890696984374999 0.7275727140625 0.9883432296875 0.7177907609374999 0.9805260640625001 0.7132064109375 0.9416491046875001