7 0.16683485 0.05665569375 0.16965444062499999 0.08836679374999999 0.20469437968749998 0.12377170625 0.41288334375 0.24388298125 0.49300956874999996 0.2695316234375 0.5373766453125 0.3013021640625 0.5564708921875 0.30104888750000003 0.5600096906250001 0.291233178125 0.5533414171875 0.2710209046875 0.5178615109375 0.228600525 0.4006256078125 0.1411682203125 0.3537794640625 0.12286262187500001 0.284759315625 0.0557020296875 0.2604156984375 0.0428873953125 0.171071353125 0.0435974953125 0.16683485 0.05665569375
7 0.5454202703125001 0.04062220625 0.459250771875 0.0413070734375 0.45479794375000004 0.0444409625 0.459346753125 0.057354771875 0.5214881796874999 0.06782563281250001 0.611461871875 0.12463424218750001 0.7234488421874999 0.1747401015625 0.7776327421875 0.19081145156249998 0.8296474640625 0.218664625 0.8939389984374999 0.283293109375 0.9197512375000001 0.2841718171875 0.9365959359374999 0.2679214953125 0.9481419796875 0.23342500937500002 0.9317563171875 0.19075135625 0.891368003125 0.1561805734375 0.8201289546874999 0.11988209062499999 0.6597464265624999 0.0598862203125 0.5454202703125001 0.04062220625
7 0.4331448765625 0.7921916859375 0.5044030015625001 0.7625507171875 0.5445005093749999 0.7328651734375 0.5707220671875 0.6939001890625 0.6192667875 0.6465493375 0.717806203125 0.5815926171875 0.7621426390625 0.566504 0.8032998828125001 0.5404676828125 0.8319507875 0.5071180453124999 0.839518065625 0.47542180468749995 0.8358989046874999 0.45745864375 0.8191536453125 0.43554839218749997 0.8031085109375 0.43805077968750006 0.566861821875 0.5926004093749999 0.54771785625 0.611933975 0.466753915625 0.7319121625 0.42634652187500005 0.763280828125 0.4220081578125 0.786844475 0.4331448765625 0.7921916859375
7 0.16862535 0.131576721875 0.1699071078125 0.04360675 0.1034809546875 0.044134698437499995 0.097305940625 0.06749936875 0.10315557187499999 0.16739902812500002 0.08752381718749999 0.4215943828125 0.095202103125 0.46453617343750003 0.11426570625000002 0.41742373749999995 0.132499096875 0.3372000796875 0.16862535 0.131576721875
7 0.5230300890625 0.2381481 0.5565206125 0.2819686 0.5508126328125 0.3035661328125 0.5309685359375 0.2984870625 0.49300956874999996 0.2695316234375 0.4209709515625 0.2469810796875 0.3672767328125 0.2188449125 0.3388553484375 0.22273255937499997 0.3418547421875 0.2440619578125 0.40743552968749996 0.282877684375 0.593060246875 0.3280382109375 0.7467247828125 0.386902096875 0.7839836234375 0.3914448953125 0.8136445421875 0.380824778125 0.8291196265625 0.3626083390625 0.8382363234374999 0.3224965078125 0.8349270453125 0.3028502296875 0.8253397421875001 0.28908743124999997 0.79970730625 0.2778270203125 0.63100765 0.24419504218750002 0.5256392359375 0.23338174375 0.5230300890625 0.2381481
7 0.841235715625 0.34382590625 0.8676180015625 0.36041866875 0.9024474953125001 0.3593461234375 0.9107149031249999 0.35206251875 0.8973286406250001 0.33071826249999997 0.7652564890625 0.1921967125 0.5887484671875 0.10692435625 0.5312552859374999 0.0712067296875 0.5175094171875 0.0706258765625 0.4884989125 0.12473891875000001 0.5079834015625 0.1505813984375 0.633226553125 0.21333293125 0.7062751781250001 0.2586129921875 0.8175620171875 0.2843062125 0.8381062421875001 0.313797925 0.841235715625 0.34382590625
7 0.7997188734375 0.390625628125 0.7563120859375 0.40066489218749995 0.5559736984375 0.49185176249999996 0.5440374125 0.5002524921875 0.5309916718750001 0.5240842765625 0.590003625 0.504527153125 0.605097828125 0.5039874281250001 0.6199288828125 0.5100135421875 0.6302510906250001 0.5182554171875 0.6315107 0.524120421875 0.6312462046875 0.533551628125 0.624613484375 0.5331986125 0.6229224078125 0.5277549031250001 0.61813068125 0.5271259781250001 0.6089420734375001 0.520322203125 0.5953022828125001 0.5227733140625 0.548616865625 0.5600254609374999 0.5457781953125 0.5942538078124999 0.5585944125 0.5998840140625 0.5875054828125 0.5839315453125 0.7795458203125001 0.45316911875 0.8537229765625 0.4170786796875 0.8935106015625 0.38907625 0.9021376125 0.3610292421875 0.8396365796874999 0.37132178437499996 0.7997188734375 0.390625628125
7 0.3968116265625 0.4910628703125 0.419563184375 0.37689386406250003 0.41700375625 0.36257993125 0.4078564171875 0.3558326 0.3793853125 0.3788005359375 0.3575518390625 0.37512158281249997 0.34230627343750003 0.36387603125 0.333989146875 0.39023992343749997 0.31921962812500004 0.5362957734375 0.29350544843750004 0.6853663765625 0.2910876703125 0.7925496375 0.3044739328125 0.8138938953125001 0.31579045625 0.808859403125 0.34590270312500004 0.6641162296875 0.3968116265625 0.4910628703125
7 0.27083770625 0.35703953906249997 0.2876824046875 0.3407892171875 0.2996684125 0.3133082 0.30529602968749997 0.26393179375 0.29503924062500003 0.27261552031249997 0.24620371406250002 0.255710040625 0.245453865625 0.25037769375 0.23121831249999997 0.261861659375 0.16809000624999998 0.45425849218750003 0.1304640546875 0.6492171515625 0.0890772921875 0.70471545625 0.11873821250000001 0.694095334375 0.1645934171875 0.62373196875 0.2224537109375 0.45994813749999996 0.25849209375000004 0.4052839640625 0.27083770625 0.35703953906249997
7 0.497049215625 1 0.5024864734375 0.9704677671875 0.5043151296875 0.9135099015625 0.50138453125 0.80716076875 0.49520594375 0.7748836765625 0.48910771718749996 0.7703854546875 0.4534786546875 0.7852059390624999 0.4306658109375 0.8056566281249999 0.44775159843749995 0.87274291875 0.46243868125 0.9810730265625001 0.4589539875 1 0.497049215625 1
7 0.7166776765625 0.6629631218750001 0.710170128125 0.6983085953125 0.7217468140625 0.71067126875 0.7826180671875 0.68101544375 0.9118359203124999 0.4494300703125 0.937667234375 0.384369334375 0.9522814640625 0.28618251250000004 0.9515813375000001 0.26176987500000004 0.9418142328125001 0.25838878125 0.926499871875 0.332162965625 0.7459483484375 0.6262472484375 0.7166776765625 0.6629631218750001