4 0.4755048046875 0.6975004625000001 0.5025555484375 0.6613439765625 0.520405078125 0.6534888671875 0.520028990625 0.594820421875 0.5334990421875 0.5574546171875 0.52644325 0.5367566375 0.499171221875 0.4957628734375 0.457654965625 0.46373230625 0.3852172171875 0.446656821875 0.3247013171875 0.45622194687500006 0.286414425 0.48744265625 0.27075463437499997 0.5100531140625 0.263588353125 0.571591640625 0.2798896796875 0.6277429484375 0.32653743749999997 0.685809465625 0.3458246875 0.696184446875 0.36896052031250004 0.6958834828125 0.384399184375 0.7169344093750001 0.416338140625 0.7185979046875001 0.456903253125 0.708830315625 0.4755048046875 0.6975004625000001
4 0.8858888828125 0.293691465625 0.8716888140625001 0.2455977328125 0.8383784640625 0.20052456875 0.7777519203125001 0.1715145671875 0.7131219859375 0.171662315625 0.6762506562499999 0.189235765625 0.6389812312500001 0.23707505156250003 0.6256881421875 0.2878364046875 0.6381408828125 0.354663653125 0.65333625625 0.3874986125 0.7138079953124999 0.434990415625 0.7430706359375 0.44546662968749995 0.8139821812499999 0.43761425000000004 0.8350167624999999 0.4292557140625 0.8638369906250001 0.40624305781250003 0.8898702703125 0.3534679984375 0.8858888828125 0.293691465625
4 1 0.669734159375 0.9989806874999999 0.670132034375 0.9615343 0.7045757734375 0.9444589484374999 0.7408334921875 0.9389515171875 0.7769407296875 0.9550095546874999 0.8448760656250001 0.9738102281250001 0.878819109375 1 0.9036839359375 1 0.669734159375
4 0.2658445203125 0 0.2543200484375 0.021014434375 0.25190918125 0.04992046875 0.2583014328125 0.08079096718749999 0.28840457812500003 0.09449020625 0.3702205015625 0.096659865625 0.4945258328125 0.0837239625 0.5122868828125 0.0691710765625 0.49481328593749996 0.014882999999999999 0.48174745625000004 0 0.2658445203125 0
4 0.513531225 0 0.5214217734375 0.06604927968749999 0.583109946875 0.054620926562500005 0.679988446875 0.019173062499999997 0.7027061171875 0 0.513531225 0
4 0.8541276640625 0.9094816781249999 0.866580246875 0.8554972953125001 0.860497603125 0.7876631890625 0.8455455140625 0.7430442015625001 0.8133189515625 0.6894100328125 0.7854718703125 0.6652865593749999 0.746477121875 0.6429250843750001 0.6800777 0.629929 0.6334742609374999 0.6356171859375 0.594590153125 0.6518308328125 0.5385422140625 0.697604428125 0.514012978125 0.7434300031250001 0.5119338796874999 0.76724978125 0.521776628125 0.81771016875 0.5356449265625 0.8708901578124999 0.5532733265625 0.9066964296875 0.6001643734375001 0.9529789171875 0.62998704375 0.9749635390625 0.7199070890625 0.9709670921875 0.8244643046875 0.9544408109375 0.8541276640625 0.9094816781249999
4 1 0.2578184078125 0.9598969937499999 0.2786378875 0.927825390625 0.327333546875 0.9251712375000001 0.3680236125 0.9333329796875001 0.41203794218749995 0.9432420468749999 0.4373187515625 0.9836745171875 0.47791031874999995 1 0.4846171453125 1 0.2578184078125
4 1 0.5281883984375 0.9893147499999999 0.5122555609375 0.9598751421875 0.4883837984375 0.8973243078124999 0.46471177187499996 0.8359679046874999 0.4710538671875 0.773041134375 0.5095250296875 0.7585536171875 0.5302722578125 0.76032310625 0.543416090625 0.7930584015625 0.6053595453125 0.8083644187499999 0.6767696296875 0.8379809874999999 0.7140369328125 0.8859336640625 0.71988106875 0.9280913015625 0.7098617625 1 0.6726911515625 1 0.5281883984375
4 0.671119465625 0.404823078125 0.6380523984375001 0.34796588125 0.6110458203125 0.32706543906249996 0.570547028125 0.31165345 0.524275359375 0.312255375 0.4749956078125 0.326756278125 0.465528946875 0.334964334375 0.4365760703125 0.4083361421875 0.4380359484375 0.45844358593749995 0.4794637234375 0.4837763796875 0.5224176984375 0.5340370359375 0.5423684859375 0.5342395 0.58777749375 0.4985371890625 0.6889469890625 0.48590225 0.69036255 0.47225499062500004 0.671119465625 0.404823078125
4 0.6944104140625 0.6276635749999999 0.7492419156250001 0.640810140625 0.7770005156249999 0.6582358421875 0.79376625625 0.6589417328125 0.7945846015625 0.6302874125 0.7726652015625 0.5716682171875 0.7510112515625 0.5331423390625 0.6966663203125 0.49642771249999995 0.643427340625 0.48302943281250005 0.58215941875 0.4960693015625 0.562805846875 0.5108739 0.5233688437499999 0.5758351890625 0.5218206359375 0.63984160625 0.5379449968750001 0.6825973656250001 0.540798275 0.6871801984375 0.549512915625 0.6824468859375 0.5648409359375 0.6649226859375 0.588640309375 0.6544492046875 0.6015353046875 0.6339536906250001 0.63455805 0.627056184375 0.6944104140625 0.6276635749999999
4 0.5103856765625 0.8312561953125 0.4872498390625 0.8315571593750001 0.43018443125 0.8607121765624999 0.3912340015625 0.902105403125 0.3669702140625 0.9680243000000001 0.36784508125 0.9823137687499999 0.46019211562500006 0.9825099796875 0.6228623171875001 0.97528019375 0.5618331624999999 0.920444925 0.5103856765625 0.8312561953125