8 0 0.494185765625 0.008405484375 0.5028138531249999 0.072546896875 0.5163419921875 0.228751803125 0.49783549687499995 0.2634199140625 0.48257575781249995 0.284632034375 0.44231601718749997 0.2804112546875 0.428030303125 0.28798701250000003 0.403246753125 0.2620490625 0.3677489171875 0.2598845609375 0.34361471875 0.24606782031250002 0.32673160156250003 0.22207792187500003 0.3202380953125 0.0919913421875 0.3337662328125 0 0.3352247609375 0 0.494185765625
8 0.3986033484375 0 0.3897186140625 0.0080086578125 0.37925685468750003 0.024891774999999998 0.3805916296875 0.031277056250000004 0.3998557 0.034848484375 0.4122677421875 0.05780865625 0.384848484375 0.08116883124999999 0.415873015625 0.11147186093749999 0.49217171718749997 0.10638528124999999 0.6133838390624999 0.074025975 0.63203463125 0.054978354687499995 0.6366522359375 0.023917749999999998 0.6327200578125 0.003138528125 0.6298043828125001 0 0.3986033484375 0
8 0.5551587296875 0.947077921875 0.56753246875 0.9235930734375 0.5982323218750001 0.9247835500000001 0.6098124109375 0.9191558437499999 0.6252886 0.8987012999999999 0.6262265515625 0.877597403125 0.6115079375 0.8445887437499999 0.5709595968750001 0.8100649343749999 0.5396103890624999 0.8234848484375 0.4861111125 0.8254329015625 0.44271284375000003 0.8186147171875 0.401731603125 0.7938311687499999 0.3739177484375 0.800541125 0.353860028125 0.8148268390625001 0.33993506406249996 0.8367965375 0.3362914859375 0.8823593078125 0.37215007187500004 0.9495670984375 0.3953823953125 0.9706782109375001 0.570612375 0.9589962125 0.5760461765625 0.9505411265625 0.5551587296875 0.947077921875
8 0.28124098124999997 0.4457792203125 0.2598124109375 0.49090909062500004 0.2632395390625 0.5230519484375 0.3212121203125 0.566125540625 0.3483044734375 0.5756493500000001 0.4084415578125 0.57002164375 0.4870851359375 0.5485930734375 0.5135642140625001 0.5354978359375 0.5422438671875 0.5093073593749999 0.5544011546875 0.490692640625 0.558513709375 0.4709956703125 0.5517676765624999 0.440692640625 0.5306277046875 0.4064935078125 0.5358585859375 0.398051946875 0.522041846875 0.38116883125 0.446969696875 0.3586580078125 0.409559884375 0.3627705625 0.34155844218750003 0.39967532499999997 0.28124098124999997 0.4457792203125
8 0.11890331875 0.16525974062499998 0.090909090625 0.2124458875 0.07979797968749999 0.24393939375 0.078427128125 0.27478355 0.08567820937500001 0.29372294375 0.10569985625 0.3166666671875 0.12799422656249998 0.324891775 0.2611832625 0.3143939390625 0.297330446875 0.302272728125 0.37521645000000003 0.2614718609375 0.39379509375 0.2440476203125 0.4117604609375 0.20400432968749999 0.41475468906249996 0.1730519484375 0.4048340546875 0.141341990625 0.3830447328125 0.121753246875 0.33174603125 0.1106060609375 0.3162337671875 0.0954545453125 0.27792207812499997 0.0834415578125 0.21623376562500002 0.0875541125 0.1766955265625 0.10313852812499999 0.11890331875 0.16525974062499998
8 0.3316017328125 0.6965367953125 0.33095238125000004 0.7111471859375 0.34884559843749996 0.745562771875 0.378174603125 0.7775974015625 0.42683982656249997 0.8115800859375 0.45223665312500005 0.8228354984375 0.48766233750000004 0.826948053125 0.5445526703125 0.821536796875 0.6111471875000001 0.7798701296874999 0.621969696875 0.7548701296875 0.6354617609375001 0.7426406921875001 0.6376623375 0.7295454546875 0.6371212125 0.7053030296875 0.6267676765625 0.6833333328125 0.596933621875 0.6626623375 0.5327922078125 0.6491341984375001 0.4739538234375 0.6255411265624999 0.4383838375 0.624675325 0.377669553125 0.64329004375 0.33888888906250003 0.678246753125 0.3316017328125 0.6965367953125
8 0.6485569984375 0.7029220781250001 0.6370851375 0.7425324671875 0.6167388171875 0.7633116875 0.6120490625 0.7959956703125 0.6237373734375 0.8243506500000001 0.64383116875 0.8456709953124999 0.6836940828125 0.859199134375 0.722979796875 0.8857142843749999 0.8088744578125 0.8832251093749999 0.8417027421875 0.872943721875 0.86825396875 0.8582251078124999 0.8920634921874999 0.8323593062500001 0.9185425687500001 0.8192640687500001 0.9340909078124999 0.7971861484375 0.9417388156250001 0.7707792203125 0.9381673875000001 0.741883115625 0.9261904765625 0.7200216453125 0.9060245312499999 0.700324675 0.8206709953125 0.6542207796875 0.7090187593749999 0.653571428125 0.677813853125 0.6637445890625 0.6485569984375 0.7029220781250001
8 0.6413842890625 0 0.640909090625 0.0009740265624999999 0.641089465625 0.033333334375 0.6543290046875 0.0632034640625 0.690656565625 0.0834415578125 0.7490981234375 0.07954545468749999 0.772113996875 0.071536796875 0.775 0.0066017312499999994 0.783813478125 0 0.6413842890625 0
8 0.372727271875 0.28106060624999996 0.4142857140625 0.29285714375 0.51818181875 0.28593073593749996 0.64949495 0.24480519531249997 0.666522365625 0.2258658015625 0.6738095234375 0.2075757578125 0.6668109671875 0.146536796875 0.6343073593749999 0.1130952390625 0.6134920640625 0.108008659375 0.5111471859375001 0.1164502171875 0.4110389609375 0.14740259687499999 0.41013708437499996 0.2041125546875 0.40277777812500004 0.2240259734375 0.390548340625 0.2442640703125 0.3603174609375 0.26893939375000003 0.372727271875 0.28106060624999996
8 0.5099206359374999 0.289718615625 0.4797619046875 0.3127705625 0.4724386734375 0.36829004374999996 0.5204184703125 0.38127705624999997 0.546356421875 0.41677489218749997 0.54274891875 0.42510822499999995 0.55634920625 0.44686147187499997 0.6108225109375 0.459415584375 0.6725829734375 0.453679653125 0.6958874453125 0.43917748906250004 0.725324675 0.4323593078125 0.7571789328125 0.4075757578125 0.7630591640625 0.38452380937499997 0.778102453125 0.37380952343749996 0.78199855625 0.358982684375 0.772222221875 0.3240259734375 0.75494228125 0.3122294375 0.754040403125 0.29610389531250003 0.7386002890625 0.2793290046875 0.6810245312500001 0.2637445875 0.572330446875 0.26937229375 0.5099206359374999 0.289718615625
8 0.16388888906250001 0.646212121875 0.12081529687499999 0.66850649375 0.10689033125 0.690476190625 0.0883838390625 0.7791125546875 0.09372294375 0.8046536796874999 0.1107864359375 0.8213203468750001 0.14577922031249999 0.8351731593749999 0.1992785 0.8332251078124999 0.233874459375 0.81958874375 0.24271284375 0.8028138531250001 0.23199855625 0.7889610390625 0.2620129875 0.76915584375 0.28506493593750004 0.796753246875 0.300036075 0.7876623375 0.31875901875 0.7669913421875 0.3317821078125 0.7288961031250001 0.33019480625000003 0.6917748921875 0.322655121875 0.6793290046875 0.2880230890625 0.6573593062499999 0.259307359375 0.6479437234375001 0.16388888906250001 0.646212121875