4 0.7178145984375 0.7661195640625 0.7292002359375 0.7419592546875 0.754020990625 0.7396123125 0.7721241875 0.726358684375 0.8078751000000001 0.6592470546875 0.8116322921875 0.5976697140625 0.78897473125 0.5330700140625 0.766715721875 0.5108364437499999 0.718155809375 0.48205700625 0.6510942187500001 0.4788634734375 0.5777705484375 0.5053676312500001 0.5411656734375 0.5442071609375 0.5219808796875001 0.590934109375 0.5194760625 0.61375286875 0.5429875156249999 0.6519262625 0.5568781109375001 0.7143440062499999 0.577884675 0.720637753125 0.6156282125 0.7559599609375 0.638285703125 0.7658612546875 0.6840560984375 0.7715698125 0.7178145984375 0.7661195640625
4 0.277074709375 0.23872978125 0.233353725 0.2242964953125 0.1641857984375 0.23158944531249998 0.10640357812500001 0.2694204875 0.081753671875 0.32118057499999997 0.0782811109375 0.37394914687499997 0.0885852203125 0.4379605671875 0.129289053125 0.4910683921875 0.16572321875 0.5122125343749999 0.1902593421875 0.5186743593750001 0.2680234546875 0.518848628125 0.29677224999999996 0.5043374890625001 0.349886321875 0.44687503125 0.35814088437499997 0.410214365625 0.35518051875 0.33773034062499996 0.3285949171875 0.28529483437500003 0.277074709375 0.23872978125
4 0 1 0.128695559375 1 0.1386259046875 0.967918475 0.13925202187500002 0.8938407765624999 0.1245644609375 0.8560875843750001 0.097466525 0.8195078640625001 0.049020465624999995 0.78720491875 0.006950407812499999 0.7763791828125 0 0.7760481968749999 0 1
4 0.4232095765625 0.09218043125 0.44575321875 0.1056052328125 0.5818688812499999 0.10502932499999999 0.6688553734375 0.0932915203125 0.6977180203125 0.07525687343750001 0.6970348375000001 0.0416995140625 0.6969080734374999 0.04129825625 0.43273906406249996 0.025643796875000003 0.4286746234375 0.0324488859375 0.4232095765625 0.09218043125
4 0.23164566562500002 0.058355481249999994 0.3439083890625 0.08487510781249999 0.41267783125 0.08991443437499999 0.4055918765625 0.024035073437500002 0.18689061875 0.011075 0.1848505296875 0.0296600828125 0.23164566562500002 0.058355481249999994
4 0.57438979375 1 0.5834070640625 0.9873348921874999 0.5935402562500001 0.9472347578125 0.59541881875 0.889096884375 0.5936539703125 0.8343144359375 0.58562704375 0.8092296828125001 0.548225065625 0.76333695 0.47712151093750005 0.7211327125 0.43157882187499996 0.7083771421875 0.3803433140625 0.707701725 0.31248475937500003 0.7291727421875 0.276221440625 0.7574417484375 0.25231157187500003 0.7862990375 0.23090659218749998 0.8470359765625 0.22578310468749999 0.8961970015625 0.235802584375 0.9690171875000001 0.250459190625 1 0.57438979375 1
4 0 0.5916460796874999 0.0185635421875 0.5810766359375 0.051923490625 0.53326025625 0.056363865624999995 0.5052402765624999 0.054371312500000005 0.4575048453125 0.041619309375 0.41455043125 0 0.371213178125 0 0.5916460796874999
4 0.046572296875 0.589468296875 0.02089765 0.6182415437500001 0.009398159375 0.6459253625 0.0074057484375 0.7075867437500001 0.0227195640625 0.7806590531250001 0.1345268765625 0.8212727093750001 0.1820620484375 0.8270653078124999 0.23193126249999999 0.8153244093750001 0.254531759375 0.772289046875 0.2535069515625 0.6946038015625 0.273431784375 0.6249740546875 0.2721224125 0.6107959843749999 0.25157125625 0.5904082093749999 0.1748887375 0.5567606203125 0.1077132953125 0.55709059375 0.046572296875 0.589468296875
4 0.38039982656250004 0.37774952812499996 0.3566038125 0.40308330937500003 0.335084978125 0.46734375625 0.330929303125 0.541253371875 0.33576822968750003 0.555599525 0.44706314062499997 0.5573705578125 0.50433309375 0.59009370625 0.5256242890625 0.58757868125 0.55932579375 0.5291917796875001 0.5974677453125 0.49748330625000003 0.5868220765625 0.44404241093749997 0.5379774640625 0.3693733375 0.5258517171875 0.36173804062500003 0.4696065046875 0.35200173281249997 0.419964996875 0.35669561875 0.38039982656250004 0.37774952812499996
4 0.48412370156250006 0.7232306281249999 0.5121324546875 0.7316222875 0.5327974656250001 0.7484865578125001 0.543272284375 0.7525143078125 0.5452078421875 0.747313084375 0.552039184375 0.69999785625 0.534789809375 0.6321267703125 0.47677974843750004 0.5676080156250001 0.45247132968750003 0.554099171875 0.3837588109375 0.547298090625 0.3300754125 0.5676796796875 0.28088938125 0.612977940625 0.2671127765625 0.6564335 0.2579473953125 0.7212822296875 0.2658035453125 0.7516522453125 0.2835651859375 0.7489691421875 0.3090121265625 0.7272429093749999 0.36446030625 0.7069453609374999 0.428333896875 0.6994002906250001 0.465337321875 0.7029268937500001 0.48412370156250006 0.7232306281249999
4 0.7782339453125 1 0.7556152671875 0.9637752421875 0.7038673515625 0.9242572015625001 0.635724096875 0.8998385828125001 0.6109033421875 0.9021855234375 0.578571703125 1 0.7782339453125 1