4 0.8201603671875001 0.48904161874999996 0.7962962953125 0.46858852031250003 0.7462772046875 0.44317169375 0.680985109375 0.4436553390625 0.6127020484375 0.4733867890625 0.5812651140625 0.513160240625 0.567519409375 0.5596792671874999 0.567455771875 0.5820287640624999 0.59418353125 0.617933053125 0.614102075 0.6779559625 0.6351024578125 0.682957871875 0.6753213687499999 0.715323915625 0.6982945140625 0.7237495234375 0.743222603125 0.7268550328125001 0.7753595515625 0.719740359375 0.7838869796875 0.6956090109375 0.8076874125 0.6919944 0.82385134375 0.6781214203125 0.8515336640625 0.6108692875 0.8487972515625 0.5507191046875 0.8201603671875001 0.48904161874999996
4 0.18372152343749998 0.2290059828125 0.13166602968750002 0.26893216249999996 0.11314751249999999 0.32064401249999996 0.11524755 0.37220313125 0.13185694375 0.4339697078125 0.17678503125 0.48349242812500004 0.21426753281250002 0.50212549375 0.238704340625 0.507101946875 0.314051165625 0.5031055109375 0.3403970984375 0.487437953125 0.3858979265625 0.4286496125 0.3900980015625 0.3925162265625 0.3797250859375 0.322107675 0.3485427 0.2724831359375 0.293814434375 0.229909634375 0.24996818125 0.21820033125 0.18372152343749998 0.2290059828125
4 0.23520427656249998 0.9472317671875 0.2281405109375 0.8750795468750001 0.21000381875000002 0.8391116203125 0.1799669078125 0.804951 0.12969326718750002 0.7760977484375 0.087819778125 0.7678121421874999 0.05689194374999999 0.7680412375000001 0.0740740734375 1 0.21926307656250002 0.9989245265625 0.2276950484375 0.9851088203125 0.23520427656249998 0.9472317671875
4 0.42921004218750003 0 0.4193076234375 0.0209622 0.42019854843750004 0.0794068984375 0.44342624375 0.09126893281250001 0.5752195484375 0.0834160625 0.6582665140625 0.067328496875 0.6843578984375001 0.0482245125 0.6802214578125 0.0155911921875 0.6735463296875001 0 0.42921004218750003 0
4 0.1864347234375 0 0.18289423437500002 0.0089601625 0.1828305984375 0.0313096609375 0.23113147500000003 0.056739212500000004 0.34262441093749996 0.076543209375 0.4097619953125 0.07776505 0.393069875 0 0.1864347234375 0
4 0.67373043125 0.9027236859375 0.6695303546875 0.8460226546875 0.6621484015625 0.7927835046875 0.6517754874999999 0.768792159375 0.6107929234375 0.7261168390625 0.5375461375 0.688837978125 0.49210894843749997 0.678859615625 0.44240804375 0.6809469265625 0.37889779843750004 0.705485553125 0.34669721249999996 0.7349497265625 0.32652411875 0.7643248046875 0.3120784015625 0.824602265625 0.312205675 0.8727376859374999 0.32945144531250004 0.9430953296875 0.3608883796875 0.99615629375 0.3628025953125 0.9978612703125 0.6370573203125 0.995829753125 0.6680666921875 0.9423062234374999 0.67373043125 0.9027236859375
4 0.106211021875 0.5287132484375 0.1076110484375 0.501196384375 0.10073819531249999 0.4548300875 0.0839378890625 0.41369479374999996 0.0342369859375 0.36936489843750003 0.027204131250000003 0.36725576875 0.044447273437500004 0.6000381828125 0.07884688906250001 0.577052309375 0.106211021875 0.5287132484375
4 0.08495608906249999 0.6131093296875 0.0766832125 0.640677103125 0.0811378390625 0.7008145609375 0.10353824687499999 0.7711340203125 0.2160493828125 0.8046837218749999 0.262695684375 0.8077765046875 0.30978745 0.7936744296875 0.32722413125 0.750566375 0.318187603125 0.6749904546875001 0.33027873125 0.6061346578125 0.32754231875 0.5924016812499999 0.3055237375 0.5736540671875 0.22775868593749998 0.5450044546874999 0.16272113906250002 0.548924525 0.106847396875 0.5837215234375 0.08495608906249999 0.6131093296875
4 0.3878706890625 0.385656103125 0.37367952187500003 0.4493699890625 0.377306859375 0.5215476640625 0.3834796984375 0.5352551859375 0.491472571875 0.531016928125 0.5503372796875 0.5598065421875 0.5707012859375 0.5562173859375 0.5973017703125 0.497569046875 0.6309660171875 0.464655721875 0.615120275 0.41319842187500005 0.5600738187500001 0.34312078437500004 0.547537228125 0.336337025 0.492045309375 0.3298714515625 0.44444444375 0.33710067499999996 0.40829833281249994 0.3597174484375 0.3878706890625 0.385656103125
4 0.5841924390625 0.599096346875 0.52131856875 0.539391625 0.4963726609375 0.52754231875 0.42910780156249995 0.524602265625 0.379215984375 0.547320859375 0.336260659375 0.59405625625 0.32741504374999997 0.637100675 0.32525136875 0.7007254671875 0.33600610937500003 0.7298714515625 0.3529336890625 0.7263077515624999 0.37533409687499997 0.703792796875 0.42694412656249997 0.6810614734375 0.48803614531250006 0.6702940046875 0.5242458953125 0.671744940625 0.544546265625 0.69050528125 0.5725467734375 0.69717449375 0.59431080625 0.71248568125 0.604874634375 0.71584574375 0.606211021875 0.7106783765625 0.607929234375 0.664248440625 0.5841924390625 0.599096346875
4 0.8324424078125 0.9101438203125 0.778223240625 0.8744431718750001 0.7096856296875 0.8543209875000001 0.6858851968749999 0.8579355984375001 0.6640575281250001 0.9578083234375001 0.639137075 0.9958143484375 0.885757921875 0.9939875265625 0.8801069109374999 0.9733995171875 0.8324424078125 0.9101438203125