4 0.6798813421875 0.71176230625 0.6906603890625 0.69391693125 0.6913583421875 0.6716952218750001 0.7122184828125 0.6582261843749999 0.715177109375 0.62768218125 0.7075337375 0.5881287015625001 0.6974543515625 0.5695527499999999 0.66391029375 0.5412801375 0.65713339375 0.523648171875 0.60081579375 0.52025565 0.5655319703125 0.5049384703124999 0.5453680796875 0.5103854109375 0.504864953125 0.533934528125 0.4723558828125 0.5717266546875 0.452879709375 0.6401495749999999 0.45947785625000004 0.69883600625 0.4878060265625 0.737575684375 0.5088363890625 0.75405025625 0.5675865890625 0.7648644828125 0.622167834375 0.7528132046875 0.6798813421875 0.71176230625
4 0.4556988234375 0.32406889375 0.467000484375 0.29665704531250003 0.462489375 0.22810394218750002 0.45536520312500006 0.2073832140625 0.43451018125 0.17825340781250001 0.384974603125 0.14989400625 0.32743984843749996 0.149890440625 0.2806807296875 0.16044073125 0.2360052375 0.189523578125 0.20557979375 0.24584826249999997 0.2029650234375 0.30788025625 0.21825688593749998 0.34438836875 0.262576578125 0.3832148375 0.31072307499999996 0.3992192015625 0.3753854109375 0.3915442609375 0.4075437984375 0.37906260625 0.4556988234375 0.32406889375
4 0.678168171875 0 0.6815276625 0.02988059375 0.693517040625 0.06544472500000001 0.724974059375 0.10358400781249999 0.7590407296875 0.12229014375 0.7934563781249999 0.1298854234375 0.85933586875 0.11882152812499999 0.8927114078124999 0.1029509171875 0.9375079828124999 0.060730217187500005 0.9306800515625 0 0.678168171875 0
4 0 0.7140569078125 0.038826246875 0.7385345375 0.0664632859375 0.7426974656249999 0.096361 0.7385381046874999 0.1107915078125 0.7105258609375 0.11636319843750001 0.6321494796875 0.10925097187499999 0.51203145 0.0960427328125 0.494055890625 0.043199549999999996 0.50735135 0 0.5410803546875 0 0.7140569078125
4 0 0.48851434375 0.002875178125 0.489846003125 0.0934364953125 0.48508980937499996 0.0851002890625 0.42515919531249996 0.0552145171875 0.3299212546875 0.027059984375000002 0.29272595625000003 0.006896092187499999 0.2981728984375 0 0.3029492984375 0 0.48851434375
4 0.6448052765625001 0.413997209375 0.6587063484375 0.4523499 0.70024275625 0.5090651359375 0.7431733640625 0.535536565625 0.76594349375 0.53905570625 0.8147879437500001 0.5328383578125 0.8664139734375 0.5229318562499999 0.9015275734375001 0.508305428125 0.9479428343749999 0.46626714687500004 0.9783814515625 0.42923814531250004 0.9785449203125 0.4257283796875 0.9589124578125 0.2511097703125 0.9170323140625 0.21976677812499998 0.865756965625 0.20436281093750003 0.8004000874999999 0.2058602296875 0.7569434546875 0.21735450625000002 0.7040985640625 0.2448495796875 0.6797605984375 0.27002986406249996 0.6566380796875 0.306020809375 0.6413342734375 0.3689099984375 0.6448052765625001 0.413997209375
4 0.3768185609375 0 0.2916487671875 0.016343203125 0.292864215625 0.027153862499999997 0.316150134375 0.0779049859375 0.36151334375 0.11179811718749999 0.40044863125 0.1169484265625 0.44303538124999997 0.11193186562499999 0.4677189125 0.10403995625 0.508397378125 0.0678356015625 0.5303044484375 0.021034 0.533129075 0 0.3768185609375 0
4 0.6917568000000001 0.248795534375 0.7287838015625 0.22275805312500002 0.7364374125 0.17711384218749998 0.728620403125 0.1360159828125 0.6862192328125001 0.043179618749999996 0.620341446875 0.040043898437499996 0.5655865671875 0.050550795312499994 0.541597578125 0.064620225 0.5174332453125 0.0913448921875 0.49204834843749995 0.14985774375 0.49551764531250003 0.2091445671875 0.5297528328125 0.27199392968749997 0.549045134375 0.28722431875 0.5617341703125 0.286367121875 0.6225748203125 0.25891544375 0.6917568000000001 0.248795534375
4 0.4925214828125 0.5520800984374999 0.5425865 0.514074565625 0.543631725 0.4949416140625 0.511306525 0.44908043124999997 0.50349634375 0.35118411250000003 0.4904600375 0.3489525484375 0.424927815625 0.363105203125 0.368954075 0.3912006703125 0.347744959375 0.4157805609375 0.3312274125 0.4536594796875 0.329831503125 0.4981029 0.3416455390625 0.5463222625 0.34911868749999997 0.555932134375 0.4182955453125 0.5884110687499999 0.4664437484375 0.5902158171874999 0.4925214828125 0.5520800984374999
4 0.6903353 0.5062331796875 0.6861646359375 0.4975672953125 0.670001184375 0.48173651093750003 0.660965315625 0.4582272234375 0.64184665 0.4445412125 0.6366358796875 0.41240943437500005 0.6397715546875 0.35501058125 0.6547263828125 0.30323224843749996 0.6726330140625 0.2777083703125 0.674025509375 0.261664178125 0.64656210625 0.259045628125 0.5893729171875 0.2763304375 0.5514777343749999 0.2946460203125 0.5139264140625001 0.34444959375 0.49879795 0.39468354843750003 0.5086985828125 0.4543139640625 0.5220804546875 0.4738339015625 0.582738940625 0.5158359171875 0.6440970859374999 0.521416609375 0.6858156578125 0.5086781515625 0.6903353 0.5062331796875
4 0.8273016375 0.544636396875 0.826603684375 0.566858109375 0.8521485671875 0.6234865562499999 0.890210559375 0.6635138109375001 0.9524351765624999 0.6910160140625 0.966185475 0.6910906406249999 0.9779599765625001 0.43828736093750004 0.9150864953125 0.5009705140625 0.8273016375 0.544636396875