4 0.5608889875 0.334694759375 0.53173005 0.3672761203125 0.5136524375 0.37313635624999997 0.509757546875 0.43050792031249996 0.493830603125 0.4656528546875 0.4992466578125 0.4865976953125 0.5230157 0.5294333546875001 0.5614068249999999 0.5649590828125 0.6312124765625 0.5890161984375 0.69126135 0.5858259796875 0.7310819421875 0.5592112984375001 0.7480842187500001 0.5387087125 0.7595852171875 0.4792997859375 0.74767776875 0.4227677515625 0.70614586875 0.3612764765625 0.6879830250000001 0.34917521093750004 0.6652696312499999 0.3471153578125 0.65165734375 0.3249726796875 0.6204526546875 0.320097390625 0.5799567078125001 0.3255153703125 0.5608889875 0.334694759375
4 0.1290391140625 0.6875592968750001 0.13947124375 0.73600333125 0.168866175 0.7834399265624999 0.22622010312500002 0.8179582171875 0.2896195921875 0.82438964375 0.32705998593749996 0.8109676203125 0.3670904140625 0.7680090359375 0.38381732031250004 0.719755396875 0.376460428125 0.65318195625 0.36394316875 0.619548175 0.30808424687499997 0.5669844328125 0.2801449421875 0.5537692843750001 0.21002453906250002 0.5542280234375 0.18878645624999998 0.560256165625 0.1588472484375 0.579812778125 0.129478475 0.6287380375 0.1290391140625 0.6875592968750001
4 0 0.318761415625 0.009026871875 0.31828184375 0.0454771640625 0.30817896875 0.0847076296875 0.2783290890625 0.10409010156250001 0.2446338484375 0.112115875 0.2099086765625 0.10130345624999999 0.1418855421875 0.085330665625 0.10680207187499999 0.0425049796875 0.058445734375 0 0.060703896874999996 0 0.318761415625
4 0.7315786359375 1 0.7331274109375 0.9902873390625 0.729101446875 0.95946899375 0.7005720140625 0.94301865 0.620485003125 0.9325739562500001 0.4976267640625 0.9325679453125 0.47914916874999997 0.9449825359374999 0.4923417875 0.9998130140624999 0.49248000156250005 1 0.7315786359375 1
4 0.47234165937499994 1 0.46996283125 0.947103853125 0.4086287859375 0.9519956234375 0.3110345953125 0.9767798187500001 0.27756593125 1 0.47234165937499994 1
4 0.5145049968750001 0.15913198281250002 0.49981737812500004 0.122346959375 0.45719044999999997 0.0723467859375 0.41956383593749996 0.038984046875 0.4159768171875 0.038604285937499996 0.23730432031249998 0.0480966234375 0.20494320625 0.08901448437500001 0.1888064296875 0.140503321875 0.189842384375 0.20741257656249998 0.201264621875 0.25253745781250003 0.228974403125 0.30822995937500003 0.2545335125 0.33463776093750003 0.29115425781250004 0.3604578921875 0.3553340171875 0.37991406875 0.401455853125 0.379097028125 0.44077154687500003 0.36720864999999997 0.4990697328125 0.3281793796875 0.526458290625 0.28589242187499997 0.530228575 0.2628262609375 0.5242420828125 0.2125127671875 0.5145049968750001 0.15913198281250002
4 0 0.715647340625 0.003295784375 0.7154722453125 0.055358264062499996 0.694740290625 0.0903529265625 0.65041596875 0.09591327968749999 0.610921953125 0.0911070375 0.5670788578125 0.08322556406250001 0.5413651703125 0.0465195875 0.4975835375 0 0.47296640312499993 0 0.715647340625
4 0.0292813171875 0.438068165625 0.043483728124999996 0.4634460390625 0.07062307343749999 0.489769890625 0.130252278125 0.519267475 0.190891278125 0.51931245625 0.25540548125 0.488119325 0.271122590625 0.46931829374999995 0.270342315625 0.45629354375000003 0.2427374546875 0.3924290921875 0.232915140625 0.3210868015625 0.206575759375 0.2816542515625 0.1599687125 0.27106413906250004 0.117892534375 0.27656607499999997 0.02265885 0.31429106562500003 0.0189541046875 0.3814521796875 0.0292813171875 0.438068165625
4 0.347760540625 0.60080860625 0.3760604484375 0.6597363078125 0.40102943125 0.682908909375 0.43963039375 0.7020907359375 0.4850571859375 0.7062104484375 0.5344444046875 0.69705355 0.5443257874999999 0.6899954796875 0.57805496875 0.62123925625 0.580264709375 0.5721235953125 0.5414736046875 0.54315221875 0.502997253125 0.48966498906249994 0.4834443234375 0.48743722656250005 0.436312690625 0.517706875 0.3361678484375 0.519760721875 0.3337876546875 0.5329533765625001 0.347760540625 0.60080860625
4 0.341111915625 0.380669646875 0.28828885625 0.36224339843750003 0.2623297640625 0.342389946875 0.24593730156250002 0.3399942796875 0.24305220625 0.3679132359375 0.26029047968749996 0.427428609375 0.27872869375 0.46728093125000003 0.3293617078125 0.5086893828125 0.380604534375 0.527199584375 0.44164351562500004 0.5206902140625 0.46170134375 0.5081916734374999 0.5051020734375 0.44872128125 0.5112722421875 0.38632901249999996 0.4985648359375 0.342905684375 0.4960994125 0.33813683437500003 0.48720813593749995 0.34187575468750003 0.470900903125 0.3574415890625 0.44679741875 0.3652552375 0.4326605453125 0.383972315625 0.3997707015625 0.3873529328125 0.341111915625 0.380669646875
4 0.428812240625 0.0399631921875 0.49242110781250004 0.10804041874999999 0.5363987421874999 0.2004339953125 0.559112140625 0.20249385000000003 0.6172004906249999 0.1798084828125 0.6584111703125 0.1433202984375 0.6869996703125001 0.081370284375 0.6871800968749999 0.06731699375 0.428812240625 0.0399631921875