0 0 0.8616697234374999 0.0631463140625 0.863072975 0.129348490625 0.8513384671875001 0.1808458609375 0.8293729375 0.1785234078125 0.763292996875 0.1870675953125 0.74367436875 0.21733284375 0.7063806375 0.27065150937500004 0.6729006234375 0.1690502390625 0.6227722765625 0 0.665219703125 0 0.8616697234374999
0 0 0.654673728125 0.0977508859375 0.6442977640625001 0.12929959687499998 0.6317931796875 0.17099376718749998 0.6030069671875 0.1832049875 0.5587092046875 0.18359613749999998 0.5323065640625 0.1772154984375 0.5173083984375 0.13953061875 0.49831316406250004 0.1 0.49248258125 0.0339933984375 0.4910157671875 0 0.49929256874999994 0 0.654673728125
0 0.18374281875 0.7452511921875 0.17490526875 0.7846718015625 0.184292875 0.8195452890625001 0.2312675703125 0.88001466875 0.27370737031250003 0.91232123125 0.329470725 0.936670334375 0.3839506171875 0.9362302890624999 0.4369025796875 0.92750275 0.463476346875 0.9165383203124999 0.4937904890625 0.8759442609375 0.4994743921875 0.8265493218750001 0.4900867875 0.791675834375 0.45075174218749997 0.77264393125 0.41978975625 0.7455445546874999 0.4069062453125 0.7237990453125 0.4009167578125 0.6823982390625 0.311978975 0.6688668875 0.25732795468749997 0.6808580859375 0.21905635 0.7014668140625 0.18374281875 0.7452511921875
0 0.8651509609374999 0.6563989734375 0.8219777531249999 0.673597359375 0.760334921875 0.7118445171875 0.676628775 0.7908690875 0.6529397390625 0.8299596625 0.6559467046874999 0.8498349828125 0.6721549921875 0.8700036671875001 0.7559467062499999 0.8966263281250001 0.823603471875 0.8981298125 0.8898545406249999 0.883094975 0.987827696875 0.8438526609375 0.9908260390624999 0.6414645812499999 0.9627551656250001 0.6420608734375 0.8651509609374999 0.6563989734375
0 0.9556900140625 0.45042170937500003 0.8834739031250001 0.42240557343749996 0.7977631093750001 0.41389805781250005 0.7348123703125 0.42900623437499996 0.7048893781250001 0.44319765312500004 0.6714215859375 0.4738173828125 0.664503115625 0.495122846875 0.663867496875 0.5380271375000001 0.68148148125 0.5747341406250001 0.7369270265625001 0.6205353859375 0.7795379546875 0.6412907953125 0.82392128125 0.65383205 0.8800268921875001 0.655078840625 0.959528175 0.6370370375000001 0.9895245078125001 0.617895121875 0.9912064546874999 0.615786578125 0.9931059765624999 0.48756875624999996 0.9866519984375 0.4775210859375 0.9556900140625 0.45042170937500003
0 0.40205353906249996 0.717088375 0.4197408625 0.7488448859375 0.4425498109375 0.76916025 0.49663855312500005 0.7951228453125 0.5593448234375 0.79651631875 0.6140447375 0.7812247890624999 0.6523163421875 0.7606160609375 0.70250580625 0.7155115515625 0.7278694531250001 0.67480748125 0.731707615625 0.638577190625 0.723799046875 0.6152915296875 0.6781322578125 0.5779611296875 0.59739640625 0.5679134578125 0.5262192890625 0.58118811875 0.45295196249999997 0.6241290796875 0.41271238125 0.66615328125 0.4024691359375 0.6890355703125 0.40205353906249996 0.717088375
0 0.1806502875 0.619728640625 0.20178462343749998 0.6416575 0.26082385937499997 0.66773010625 0.36483315 0.6667400078125 0.416134946875 0.6579757984375 0.47629874218749996 0.6081408140625 0.5478425625 0.570113678125 0.5534775703125 0.52401906875 0.540496271875 0.508874221875 0.504486003125 0.4882654921875 0.42214888124999994 0.47488082187499997 0.3395428421875 0.479647965625 0.2549443828125 0.5074807484375 0.198252046875 0.5458379171875001 0.1797090828125 0.571837184375 0.174342990625 0.5997799781250001 0.1806502875 0.619728640625
0 0.2378193375 0.43777044375 0.2409729875 0.447744775 0.26227845156249996 0.45812247812500007 0.3165627671875 0.47088375625 0.48815548125 0.476347634375 0.5526585984375 0.4678767890625 0.610683290625 0.451008434375 0.6472802843750001 0.4320132 0.672375015625 0.409460946875 0.6777655546875 0.3798679875 0.6649798312499999 0.3515218203125 0.6438699421875 0.32794279375 0.588179928125 0.2986431984375 0.4909668734375 0.28657865781249997 0.3802835828125 0.2923725703125 0.284011734375 0.32819948593750004 0.27980687031249996 0.38918225156249997 0.2378193375 0.43777044375
0 0.5875076406249999 0.2325999265625 0.5887666546875 0.2590392375 0.6 0.280748075 0.624385771875 0.3060506046875 0.7124679140625 0.377337734375 0.7944627796875 0.4138247171875 0.8983009421875 0.42438577187500004 0.9297274171875 0.42013201406249995 0.984794034375 0.3800880078125 0.9886077500000001 0.345507884375 0.9660432703125 0.30869086874999996 0.9254003187500001 0.2665199859375 0.8601271234375 0.215548221875 0.8076641 0.1912724609375 0.766532209375 0.18210487656250002 0.720303140625 0.1827282734375 0.6821293234375 0.196736340625 0.62097543125 0.20198019843749998 0.5943283218750001 0.2178951234375 0.5875076406249999 0.2325999265625
0 0.9188729984374999 0.0385771921875 0.81163671875 0.0345434546875 0.7650898421875 0.056618995312499996 0.7415963828125001 0.08250825 0.7330033015625 0.10542720937500001 0.7418530734375001 0.1766043265625 0.8323187875 0.1984231765625 0.9092164781250001 0.24470113750000003 0.97519863125 0.24781811562499997 0.996800334375 0.2381997015625 0.9991736953125001 0.07799779999999999 0.973083975 0.0562889625 0.9188729984374999 0.0385771921875
0 0.37431854375 0.026475981250000002 0.37486859687499996 0.1007700765625 0.40388705468749997 0.14763476250000002 0.43482459375 0.17638430624999998 0.48714093593749996 0.21056105625 0.520022003125 0.2195452875 0.584402884375 0.219325265625 0.6176262078125 0.20520718750000003 0.66227845 0.199596625 0.7252780828125001 0.18118811875000002 0.732196553125 0.15988265468750001 0.7231756515625001 0.1002566921875 0.6988876671875001 0.068353503125 0.6418408515625 0.0192152546875 0.6325343046875 0.0140563171875 0.3905390546875 0.0086786453125 0.38776433125 0.01026769375 0.37431854375 0.026475981250000002
0 0.146840240625 0.2277594421875 0.1578780109375 0.2626696 0.18886444062500002 0.2881188125 0.259454834375 0.3144481109375 0.2924336875 0.3168316828125 0.362058428125 0.29691969218750003 0.40360591718750005 0.2780344703125 0.4270504828125 0.2554455453125 0.43734262343749997 0.2292629265625 0.43443344375 0.20278694531250002 0.41837183749999995 0.1727172703125 0.38423175625 0.1372937296875 0.3317198375 0.1163182984375 0.2706881796875 0.11331133125 0.206062828125 0.130033003125 0.160970540625 0.165346534375 0.14720694375 0.20300696718750003 0.146840240625 0.2277594421875
0 0 0.490260359375 0.09009900937500001 0.492262559375 0.1762254 0.472717271875 0.24454223281249998 0.42966629999999995 0.274734140625 0.397323065625 0.28160371562500003 0.37931793125 0.2804913828125 0.34297763125 0.2724361328125 0.329592959375 0.24797701874999997 0.3092409234375 0.215144846875 0.2969563625 0.129336265625 0.2950495046875 0 0.3161796875 0 0.490260359375
0 0.8874004328125 1 0.8831927640625 0.9984965156250001 0.7500183359375 0.9625229187500001 0.6660310484374999 0.9491015781250001 0.5867497859374999 0.9522918953125 0.5021757734375 0.9784745140625001 0.48385282968750004 0.9896222953124999 0.48121424375000005 1 0.8874004328125 1