8 0.4098304671875 0.7157562343749999 0.36835652812499997 0.873644221875 0.3724340421875 0.9420899296874999 0.402347265625 0.9831799796875 0.4082413625 0.983913778125 0.5386394953125 0.979360175 0.5536236171875 0.8848202671875001 0.5862806703125 0.7530098328125 0.5833231796875 0.7271648578125001 0.56848881875 0.71003195625 0.5446955609375 0.7036728625 0.513047359375 0.6708590734375 0.48717213125000003 0.674431490625 0.4735207671875 0.66763658125 0.4301772265625 0.682621859375 0.4098304671875 0.7157562343749999
8 0.8982973453125 0.638994334375 0.9044802828125 0.6414625421875 0.9228870859375 0.633563425 0.9492969421874999 0.6114595203125 0.9717338203124999 0.50443008125 0.97711930625 0.401668890625 0.9635089578124999 0.3838529609375 0.943327659375 0.3762450921875 0.9116164859375001 0.37569405 0.8898422265624999 0.3916661859375 0.83967734375 0.5111062390625001 0.823368578125 0.5889030796875 0.8490783437499999 0.6260729046875 0.8764513796875001 0.6017976921875 0.8975638343749999 0.6185215937499999 0.8982973453125 0.638994334375
8 0 0.5066179484375 0.0414881359375 0.5391179046875 0.08754466093749999 0.54315335625 0.11154290468750001 0.5325534515625 0.128766709375 0.51431634375 0.139563075 0.48678678125 0.12083273125 0.4402951625 0.12040669687500001 0.3943839234375 0.13022505 0.3395573703125 0.1482453375 0.309530259375 0.11972009374999999 0.2618192046875 0.0889078953125 0.2409986578125 0.0676856125 0.23835654687500002 0.044972859375 0.25081493906249996 0.03764644375 0.2617919859375 0.0343185046875 0.29364825 0.009034773437500001 0.3023896640625 0 0.3454877625 0 0.5066179484375
8 0.5547102171875 0.41618285468750005 0.545506815625 0.4201324125 0.5144501140625 0.3924876203125 0.48516790781249997 0.3803498109375 0.46488411875 0.38122144375 0.4444978375 0.390572571875 0.4141116734375 0.415663265625 0.39713236875 0.44072461875 0.364151775 0.51814431875 0.3496804765625 0.5791854015625 0.3552089421875 0.6087473578125 0.3897121421875 0.675885621875 0.42132082187500003 0.684916165625 0.46956181093750005 0.67054060625 0.5244981953125001 0.6162357593750001 0.5713746578125 0.5524352203125 0.5809880265625 0.5145676625 0.569544578125 0.43331575468750005 0.5547102171875 0.41618285468750005
8 0.8310741203124999 0.7359292484375 0.8247096515625 0.6943740484375 0.8118547703125 0.6757891359375 0.8082662624999999 0.6209919203125 0.791901909375 0.5951762828125 0.7616812093750001 0.5795247296875 0.7303170328124999 0.577318434375 0.687667484375 0.5889932078125 0.66752570625 0.6051685859375 0.6153023078125 0.678494159375 0.5978735171875 0.713690265625 0.5677874421875 0.849217684375 0.5727244109375 0.873610646875 0.592700725 0.8981775125 0.6105555500000001 0.9088926453124999 0.6415727312499999 0.91275419375 0.67467188125 0.9066842312500001 0.725933334375 0.8858909015625 0.7965005625 0.836928953125 0.817888309375 0.798828821875 0.8310741203124999 0.7359292484375
8 0.3139547625 0.4779259015625 0.3183236859375 0.44110388125 0.30341028593749997 0.37640449062500003 0.29933277187499996 0.30795877968749996 0.2830709125 0.2736636421875 0.2626451109375 0.259231528125 0.23850485625 0.254527684375 0.2250979953125 0.2545570234375 0.210894653125 0.2663763609375 0.18432543437499999 0.2732592828125 0.13289851875 0.33479485468750003 0.11912120781249999 0.39252543125 0.11801725156250001 0.42975393124999994 0.1255251953125 0.45786387656249994 0.152315465625 0.5138511921875 0.180004709375 0.5495690062499999 0.2117554 0.5739032953125001 0.22644774843749998 0.5757324500000001 0.24579304531249999 0.571347075 0.286423596875 0.53734106875 0.3139547625 0.4779259015625
8 0.13996125937499998 0 0.12526333437499998 0.019630715625 0.1101610171875 0.051719557812500004 0.0950352484375 0.1398543890625 0.11574507187500001 0.1848939953125 0.123395028125 0.2283076859375 0.141738859375 0.2526713125 0.1683475984375 0.2695716359375 0.2016912515625 0.270325921875 0.2254449921875 0.2529017703125 0.2667065609375 0.24784800312500002 0.310152590625 0.2243832265625 0.3249079125 0.1939496375 0.340688153125 0.0787210578125 0.3131840640625 0 0.13996125937499998 0
8 0.9809846515625 0.2365648765625 0.9156853234375 0.22843530156249997 0.904297459375 0.2507958703125 0.8918056375000001 0.310384940625 0.9066795171875001 0.351301084375 0.9345737453125 0.3700599015625 0.966876415625 0.37577994062500003 0.97866766875 0.3721243515625 0.9860391343750001 0.23146841562499998 0.9809846515625 0.2365648765625
8 0.8538880734375001 0.3634116765625 0.8252603390625 0.3241801203125 0.76530794375 0.30652551250000004 0.7459626484374999 0.31091088437500003 0.7245353828125001 0.3252277703125 0.6641261140625 0.4535831375 0.6419184328124999 0.5595192609375 0.6475889125000001 0.6043849640625 0.65787281875 0.6192528953124999 0.6869734937499999 0.5923037124999999 0.7089922578125 0.5831558203125 0.7299700375 0.578973684375 0.78675995625 0.5877423171875 0.8324139031250001 0.4898205390625 0.855907071875 0.3857429078125 0.8538880734375001 0.3634116765625
8 0.710253 0.2894806203125 0.7031550234374999 0.2274526796875 0.6886676578125 0.208664528125 0.6726898203125 0.20497688125 0.6634469000000001 0.1851431953125 0.6299612328124999 0.169085165625 0.61457489375 0.170566515625 0.6016570375 0.184244346875 0.5777612875 0.18636475 0.5483136156249999 0.21496918437499998 0.53717025625 0.24415400156249997 0.519252459375 0.26570161406250004 0.5044341640625001 0.328397946875 0.5089611656249999 0.3867089078125 0.528692975 0.4044515265625 0.537549384375 0.4021572171875 0.5691975828125 0.43497100624999996 0.5751125640625 0.48666095781249996 0.6316579796874999 0.48860534062500005 0.6591261734375 0.46145291874999994 0.6886368171874999 0.40058573906249995 0.710253 0.2894806203125
8 0.242323096875 0.5878995953125 0.23099820312500002 0.5779974203125 0.19414507812499998 0.5700124109375 0.1541689984375 0.57692466875 0.1307622546875 0.5926935671875 0.11947688281249999 0.6065746375 0.14365665625 0.635061725 0.11945342968749999 0.662620625 0.10719004531250001 0.64920470625 0.0891302375 0.6554485750000001 0.070415959375 0.6887861890625 0.060597604687499994 0.7436127421875 0.06928855 0.7820606765625 0.08342891875 0.8025040812500001 0.10816067031250001 0.8123769187500001 0.1994377234375 0.808454578125 0.223435965625 0.797854675 0.2520476359375 0.7572569984374999 0.264357925 0.6585809375 0.2591764546875 0.627363728125 0.242323096875 0.5878995953125