0 1 0.5751993078125001 0.8942574765625 0.5614330421875 0.7852477421875 0.6295293796875 0.8455104453125 0.659232765625 0.8806522687499999 0.6961119953125 0.8910378421875 0.716473065625 0.8918653781250001 0.7891030906250001 0.949539446875 0.8064404546875 1 0.8093486625 1 0.5751993078125001
0 1 0.40468234687500004 0.9634239484375 0.4098344328125 0.920311921875 0.421363165625 0.8798997328124999 0.447060921875 0.87365959375 0.46430788749999996 0.875438796875 0.49315590625 0.8911128390625 0.5400520171875 0.938370303125 0.5661313171875 0.9736543578125 0.575710540625 1 0.5753759109375001 1 0.40468234687500004
0 0.5505896328125 0.8808229828125 0.58595385625 0.921308215625 0.615696009375 0.9298494046875 0.674290709375 0.9325077703125 0.7341396484375 0.92589614375 0.7941308171875 0.8919845078125 0.8390841109375 0.851097778125 0.8875777062499999 0.7787950609375 0.8961039109375 0.7394021046875 0.8843839375 0.6974050171874999 0.8433666109375 0.65407875 0.8002856171875001 0.636504475 0.7396582796875 0.63049509375 0.6426840203124999 0.6568854984375 0.6382230843750001 0.70298048125 0.6251868093749999 0.7284594078125 0.59257155625 0.7621522125 0.55034913125 0.78810495625 0.5418229265625001 0.8274979140625 0.5505896328125 0.8808229828125
0 0.18954354375 0.9480477453124999 0.26376315625 0.9375932078125 0.3544171125 0.8975437625 0.3711850546875 0.8733578578125 0.373471121875 0.8512118687499999 0.3454590390625 0.8115096828125001 0.2494985109375 0.7359120609375001 0.17985103125 0.7020746171875001 0.1315617375 0.6888713109375 0.023645903125 0.6858856359375001 0.010180678125 0.6871957359375 0.0135107 0.9119722687499999 0.116022165625 0.940217284375 0.18954354375 0.9480477453124999
0 0.1151584265625 0.6893632078125 0.1767063984375 0.680693590625 0.2248043265625 0.6611878875 0.27053602187500003 0.6329221656249999 0.3290815921875 0.5755715140625 0.3465477671875 0.5331006140625 0.3436565640625 0.48622258125 0.33497002343750004 0.4638035203125 0.2966525328125 0.43464627343749995 0.2630675125 0.4230090578125 0.193166603125 0.4146686203125 0.09947921093749999 0.435140040625 0.0216080984375 0.475207565625 0.007259703125 0.4900300046875 0.009947115624999999 0.67143030625 0.026932771875 0.6799666531249999 0.1151584265625 0.6893632078125
0 0.41369194687500005 0.7928051046875 0.474541684375 0.8024204890625001 0.54333059375 0.7927309140625 0.601400328125 0.7572712687500001 0.6254092109375 0.732065409375 0.6432089875 0.695003509375 0.641318584375 0.664352490625 0.628900378125 0.64064040625 0.5825635484375 0.5998821046875 0.4999108296875 0.5624205796874999 0.421069946875 0.5571580859374999 0.3329244609375 0.5786675390625 0.28468429687499996 0.6254732515625 0.2771899265625 0.6519902109375 0.283256796875 0.6911462609375 0.31319031875 0.7323964578125 0.37061095312500003 0.7752308296875 0.41369194687500005 0.7928051046875
0 0.6815083796875 0.6350487328125001 0.79577555 0.6225904421874999 0.8592759875 0.5863658296875001 0.881363434375 0.5596119609375 0.8872699703125001 0.5369559921875 0.8799488640625001 0.5070699390625 0.858257084375 0.481026796875 0.7940403109374999 0.4464243828125 0.69971675 0.4269747890625 0.6087602296875 0.432512221875 0.5190269078124999 0.4578826703125 0.48053615 0.4851284359375 0.4670550734375 0.5033953578125 0.47559938125 0.553114425 0.556108265625 0.5854219374999999 0.624723909375 0.6321353765625 0.6815083796875 0.6350487328125001
0 0.4650845046875 0.4418383265625 0.53635085 0.442711771875 0.7245040328125001 0.4143899421875 0.78346336875 0.393354303125 0.8063292171875001 0.3792214421875 0.8092824843749999 0.36789345625 0.7606906203125 0.32017814218749996 0.75295575 0.2539770765625 0.6454045484375001 0.2272973953125 0.523562840625 0.2353666375 0.41742620625000004 0.26122898125 0.3577686375 0.30054961874999997 0.335792390625 0.3291064875 0.3232009171875 0.36179741875000004 0.330633221875 0.393486475 0.3593435390625 0.414903659375 0.4005030984375 0.4309299203125 0.4650845046875 0.4418383265625
0 0.0832983015625 0.4392379421875 0.196787071875 0.4141586421875 0.28496359375 0.36354618125 0.378045846875 0.2740507375 0.40353136562499997 0.24318088906250002 0.41475740468750005 0.21795694999999998 0.41478843750000005 0.18885394375 0.4065466984375 0.1736468890625 0.376470946875 0.1596966953125 0.3090474703125 0.1619192765625 0.2664112796875 0.15155700625 0.2156135140625 0.1568936890625 0.1709136515625 0.1722834140625 0.11454295 0.205685071875 0.0454695765625 0.26997465625 0.0047306734375 0.3193204828125 0.0061301765625 0.4137868671875 0.048570248437500005 0.43867372343750005 0.0832983015625 0.4392379421875
0 0.1442049359375 0.18332025000000002 0.24243343125 0.1476598546875 0.2485132328125 0.068600871875 0.237905259375 0.0446337984375 0.21078277500000003 0.0193556234375 0.1846610890625 0.0103044546875 0.0058099296875 0.035497346875 0.0005609640624999999 0.037865025000000004 0.0037581593750000003 0.2536757203125 0.062126320312500004 0.2439857546875 0.1442049359375 0.18332025000000002
0 0.3072464734375 0 0.284081753125 0.023580081250000003 0.25904103749999996 0.0616619359375 0.252182834375 0.1280999109375 0.260869375 0.15051897187500002 0.330992684375 0.16246541406249998 0.380313815625 0.162792721875 0.4175193046875 0.1739199546875 0.4882296515625 0.1657783953125 0.5238783359375 0.1516636140625 0.5795818406250001 0.10744395 0.612085890625 0.0719481453125 0.6415565078125 0.016874315625 0.6408943546875 0 0.3072464734375 0
0 0.6656507265625 0.22990152187500001 0.7431261734375 0.242631009375 0.7792196671875 0.235728234375 0.8553917453125001 0.1977186984375 0.8881181984375001 0.16582889375 0.8984546375000001 0.1261809484375 0.8967866359375 0.0991359296875 0.879747159375 0.0597068125 0.828424425 0.026925484374999996 0.7566020796874999 0.01703703125 0.6897346046874999 0.0282746171875 0.6331415046875 0.058070271875 0.5974617828125 0.10128806093750001 0.5813610406249999 0.1362919703125 0.579519771875 0.165649965625 0.59216038125 0.19296805156250002 0.619060465625 0.21464022656249998 0.6656507265625 0.22990152187500001
0 1 0.2010203765625 0.921116184375 0.1975541109375 0.8269839953125 0.21081352656250002 0.7915577046875 0.2285343078125 0.765738590625 0.2539951546875 0.7575770171875 0.26969410781250003 0.758213184375 0.30961512343750003 0.7666773250000001 0.32842818125 0.8014855484375 0.35989840625 0.8787075609375 0.3981249 0.9742853546875001 0.40830450156250003 1 0.40468234687500004 1 0.2010203765625