0 0 0.9094960296875 0.0367952140625 0.900012728125 0.09077255937499999 0.8728013234375 0.089372534375 0.8042764421875 0.09857451874999999 0.783148784375 0.1306732859375 0.7417971234375 0.18672521250000002 0.702456409375 0.08167239375 0.658941071875 0 0.6859669390625001 0 0.9094960296875
0 0 0.6886984546875 0.0070764921875 0.687374315625 0.040129821875 0.6716940296875 0.0840015265625 0.6382206953125 0.09740358906249999 0.5911162015625 0.09821815 0.5636247937500001 0.0918034875 0.5485681546875 0.052844596875000004 0.5320096734375 0.0117602140625 0.5292987140625 0 0.5299956156250001 0 0.6886984546875
0 0.095087184375 0.7850706375 0.085274278125 0.8268168499999999 0.0945144453125 0.86228840625 0.1425098625 0.9211912953124999 0.1862161140625 0.9511900203125 0.24392261718750002 0.9717831218749999 0.30067455781249997 0.9667048484375 0.3559628359375 0.9531373296875 0.38381061562499996 0.9394807171874999 0.41601119999999997 0.8946926312500001 0.42269313906250006 0.8428407796874999 0.41345297187499996 0.8073692250000001 0.37277586875 0.7909125609375 0.34094438125000004 0.765355734375 0.32786050625 0.7438335234375 0.3222604046875 0.701285478125 0.22983326874999999 0.69475626875 0.1727249578125 0.7118620328125 0.132544228125 0.7365406640625001 0.095087184375 0.7850706375
0 0.8061982953125 0.6348733609375 0.7609647453124999 0.656421025 0.6961690203125 0.70142548125 0.607763778125 0.7907089218750001 0.5824869546875 0.8333715156249999 0.585312459375 0.8537864328125 0.6018836703125 0.8733867875 0.6887488859374999 0.8939671640625001 0.759195621875 0.8897925421874999 0.8284332437499999 0.8685376093749999 0.9745818578125001 0.798603046875 0.9803398796874999 0.6042698 0.908081965625 0.61168385 0.8061982953125 0.6348733609375
0 0.599694540625 0.484166984375 0.5983708796875 0.528840525 0.616151203125 0.565521190625 0.6731958765625 0.6084510625 0.7172584953125 0.6264222984375001 0.763293878125 0.63570065 0.821713121875 0.63223876875 0.9047982687499999 0.60673285 0.9363370249999999 0.58428153125 0.954180984375 0.5609265625 0.9612192937499999 0.49704721875 0.9552119125 0.46824487656249997 0.9355097375 0.43853888281250003 0.9036782484374999 0.412982053125 0.8288914343749999 0.3899707265625 0.739747996875 0.388392515625 0.6739467984374999 0.409443809375 0.642560775 0.42674048593749997 0.6072292218750001 0.4614229359375 0.599694540625 0.484166984375
0 0.3229095078125 0.7372661328125 0.3408425609375 0.768792159375 0.3642866234375 0.7879852359374999 0.4202240046875 0.8103983703125 0.4855161 0.806529209375 0.54272623125 0.7859870171875001 0.5829069609374999 0.7613083875 0.6358788343749999 0.7101438203125 0.6629247796875 0.66566119375 0.6674812265625001 0.6276568671875 0.6596029015625 0.604110984375 0.61261295625 0.5691612578125 0.5286750671875 0.5655593734375 0.4543337140625 0.585401553125 0.3773577703125 0.6362733859375 0.33479699687500003 0.6833906078124999 0.323774978125 0.7080565109375 0.3229095078125 0.7372661328125
0 0.09380170625 0.65479190625 0.11547664531249999 0.6758050140625 0.1765686640625 0.697912690625 0.28491790781250004 0.6880616015625 0.33848797343750003 0.6745959015625 0.401921853125 0.6176657765625 0.4770268546875 0.5720504 0.483606975 0.523634975 0.470319459375 0.5089856187499999 0.4331296921875 0.490607103125 0.347575409375 0.4836706125 0.26146111875 0.4956344671875 0.1729158703125 0.5317551234375 0.1132747859375 0.57645411875 0.0935598828125 0.6050655468749999 0.0875397734375 0.6345806281249999 0.09380170625 0.65479190625
0 0.156153746875 0.4607101953125 0.1592847140625 0.4708158328125 0.181316025 0.47980144999999996 0.23766068593749998 0.48846888125000004 0.41630393281250005 0.4795978109375 0.483619703125 0.4653175515625 0.5443171687499999 0.44285350625 0.5827287765625 0.419994909375 0.6092147125 0.3944126265625 0.61528573125 0.3631793296875 0.6024054984375 0.33478426875 0.5807814687499999 0.312052946875 0.5232276953125 0.2863052046875 0.4221585859375 0.282003309375 0.306783759375 0.2974163171875 0.205956471875 0.34284077968750004 0.20063637499999998 0.40661830156249995 0.156153746875 0.4607101953125
0 0.52354588125 0.217678503125 0.5244495359375 0.2450680921875 0.535815196875 0.266692121875 0.5608247421875 0.2909380171875 0.6514700265625 0.357604684375 0.7363115703124999 0.38859615625 0.844304440625 0.390772559375 0.8771032203125 0.383683340625 0.9350770015625001 0.337367953125 0.9395825390624999 0.3010818375 0.9166475765625 0.2647066296875 0.8749650000000001 0.22429680625 0.8077637765624999 0.176823215625 0.7534937 0.1560264734375 0.7107929234375 0.149980909375 0.6626320484375 0.1545500828125 0.6226549578125 0.1723558609375 0.558877434375 0.1829960546875 0.530876925 0.20180730625 0.52354588125 0.217678503125
0 0.7467918671875 0 0.7112256578125 0.01960035625 0.686356115625 0.048517246874999996 0.6770523109375 0.0730813296875 0.6851724578125 0.14635357031250001 0.7790632546875 0.161372025 0.8584446984375 0.2029782359375 0.9271223109375001 0.200623646875 0.986356115625 0.1696703578125 0.9934326078125 0.162390225 0.9966501203125 0.053799159375 0.9278732328125001 0.0016163937499999999 0.9213019828125001 0 0.7467918671875 0
0 0.32417207656249997 0 0.3189257984375 0.0033982437499999996 0.3046709953125 0.021394934375 0.30409825625 0.0986127015625 0.3336006109375 0.14488990625 0.3653811890625 0.17216494843750002 0.41934580625000006 0.20327096875 0.4534555171875 0.20982563281250002 0.5205167375 0.2041364390625 0.5553391875 0.18663612031250001 0.60193458125 0.17701412656249998 0.667837596875 0.152526409375 0.6753722796875 0.129782359375 0.6668957609375 0.06853761093750001 0.6420898562499999 0.0374188625 0.5946445921875 0 0.32417207656249997 0
0 0.064630265625 0.25001909218749996 0.07558864843749999 0.28538882499999996 0.10747104375000001 0.309227440625 0.18059055625 0.330622375 0.2149039078125 0.3303041859375 0.2877306859375 0.3036909765625 0.3312969328125 0.28052691875 0.35606465625 0.25504645625 0.36718849374999996 0.2269441265625 0.364566628125 0.1996563578125 0.348300878125 0.1697467234375 0.3132875140625 0.13580246875 0.2589156171875 0.11844215312499999 0.19539264218750002 0.12049128281249999 0.127822325 0.14336260625 0.0803105515625 0.183912434375 0.065393915625 0.224245896875 0.064630265625 0.25001909218749996
0 0 0.5299956156250001 0.0014509359375 0.5299096343749999 0.09145984375 0.5022782234375 0.1632811515625 0.45171184843749995 0.1952271859375 0.41551482812499996 0.2026600484375 0.396207203125 0.20206185468750001 0.3585083359375 0.193878071875 0.34527173125 0.1687157953125 0.3261804765625 0.134707903125 0.3161893859375 0.045360823437499996 0.321484028125 0 0.3325502953125 0 0.5299956156250001