5 0.590479215625 1 0.5862119375 0.9879722109375001 0.5710536640625 0.971586828125 0.4979182921875 0.9484395687499999 0.4664739390625 0.9533860781250001 0.4456169 0.973271265625 0.441335925 0.9934365578125 0.44384102968750005 1 0.590479215625 1
5 0.6491191671875 0.81420035625 0.6414732984375 0.78363863125 0.6167265937499999 0.765873921875 0.5547033078125 0.7445882234375001 0.53374040625 0.747885896875 0.5122527328125 0.7642606875 0.503322534375 0.7945423125 0.5142780953125 0.8195299468749999 0.5333766953125 0.8338516359374999 0.5736223234375 0.8499001312500001 0.6054349234374999 0.8550025796874999 0.6307846625 0.8481271328125001 0.6491191671875 0.81420035625
5 0.7913762296875 0.42219868125 0.7971808593749999 0.40251562500000004 0.793843565625 0.3799391640625 0.7607420968749999 0.33966536875000003 0.7278523531250001 0.33256660625 0.68466528125 0.33214115781250003 0.6560058484375 0.34459069375 0.63767134375 0.37851746875000003 0.641455146875 0.39957984999999996 0.657244053125 0.4194756296875 0.698120315625 0.43903452343750005 0.7316406921875 0.4496436828125 0.7696261703125 0.44511202968749997 0.7913762296875 0.42219868125
5 0.7230326203125 0.625702546875 0.7324093281249999 0.5939068421875 0.7292561578125001 0.5763548578125001 0.6949992843749999 0.5456477859375 0.650366821875 0.533177065625 0.62286279375 0.53605988125 0.601190996875 0.54741019375 0.58698094375 0.584297753125 0.5879798234375 0.59785710625 0.6002749140625 0.6183025 0.6213436796875 0.6315923421875 0.6685769390625 0.6465416125 0.6971581078125 0.6456551125 0.7230326203125 0.625702546875
5 0.723774025 0.1938775375 0.70672385 0.1669609640625 0.7037548046875 0.1544334578125 0.7122384921875 0.125665915625 0.6935081390625 0.12139318125000001 0.6681584015625 0.128268628125 0.654104871875 0.1420301140625 0.6439410062500001 0.1934414953125 0.651218625 0.21395426718750002 0.661621815625 0.22386846718750003 0.7079620546875 0.2418459 0.7350978359375 0.228914128125 0.744842790625 0.2071673796875 0.723774025 0.1938775375
5 0.64149673125 0.1678368703125 0.6106554140625 0.1481432234375 0.583860284375 0.1429734 0.563974525 0.1482673875 0.545534159375 0.1656066484375 0.5301687 0.2120609296875 0.536921546875 0.245650815625 0.5604069843749999 0.25639473125 0.604905984375 0.2241273859375 0.6372433578125001 0.2161527140625 0.643678621875 0.1999800546875 0.64149673125 0.1678368703125
5 0.44485830625 1 0.44052116718749995 0.98490168125 0.4454327765625 0.9682467890625001 0.48026508437500004 0.9461631515625 0.46150713125 0.9137398671874999 0.42081499375 0.899205453125 0.387400478125 0.905183809375 0.376656640625 0.9133712031250001 0.357640840625 0.983501171875 0.3653508203125 1 0.44485830625 1
5 0.4181226921875 0.07230823750000001 0.3905404046875 0.086754090625 0.373545428125 0.11613862187499999 0.36837143437500003 0.1393320734375 0.384790975 0.1627382515625 0.42592962187500005 0.1757585828125 0.4586076421875 0.1496823171875 0.4638323 0.086775275 0.43469875625 0.07258833906249999 0.4181226921875 0.07230823750000001
5 0.319766134375 0.5526974171875 0.3076827671875 0.5654270546875 0.3153286375 0.59598878125 0.33747454375 0.6112749390625 0.364900309375 0.6199551609375 0.395451640625 0.6180368140625 0.3916402390625 0.5688238812499999 0.3426992 0.5483678984375 0.319766134375 0.5526974171875
5 0.41848149375 0.4382654203125 0.4450924984375 0.43841076718750005 0.463270478125 0.42761006718749994 0.42481089375 0.40550524687499995 0.39927703124999997 0.407356215625 0.3780517421875 0.417192446875 0.3661525 0.43494656562499995 0.3626080203125 0.475209765625 0.3749031109375 0.49565515781249997 0.42232049531250004 0.51562890625 0.42455304531250004 0.5080585015625 0.40356254218750004 0.483205621875 0.4079217796875 0.4514772953125 0.41848149375 0.4382654203125
5 0.3210735265625 0.423989925 0.28941745 0.39576140312499997 0.255450559375 0.38666632500000003 0.2318868609375 0.38748544687500003 0.21872635156250003 0.398218771875 0.20879727343750001 0.41494104062500003 0.2108732984375 0.430496709375 0.23123316562500001 0.45183919218749996 0.2793594453125 0.4637603 0.3059428515625 0.4357550953125 0.3218882828125 0.4325248015625 0.3210735265625 0.423989925
5 0.2052070421875 0.042994909375 0.23757201249999998 0.063170790625 0.2723260609375 0.0526501921875 0.28997926875 0.054926609375000005 0.2718519515625 0.026013721875 0.2708649546875 0.012615737499999998 0.20014457812500003 0.0093218828125 0.19685227656249998 0.0204858234375 0.2052070421875 0.042994909375
5 0.13835040781250002 0.0268010671875 0.14294896875000002 0.056398325000000006 0.156583590625 0.0723014734375 0.1887644375 0.0874528765625 0.2342623203125 0.06874487968750001 0.2036833875 0.042512675 0.1938049703125 0.01952135625 0.165486184375 0.013869296875000001 0.13835040781250002 0.0268010671875
5 0.15780327031250002 0.3110652453125 0.1276201859375 0.323032546875 0.11233298750000001 0.35792379375 0.1252587125 0.3818795828125 0.15331510937499998 0.3940702 0.1730950078125 0.372188696875 0.2051699953125 0.3707525828125 0.183470596875 0.35395234375 0.1776107671875 0.3173342953125 0.15780327031250002 0.3110652453125
5 0.7193641265624999 0.265319453125 0.7139784062500001 0.255337875 0.6877080484375 0.23709093281250002 0.636980971875 0.2226912734375 0.5968412078124999 0.22323029375 0.5758000437499999 0.238091003125 0.564453171875 0.270918553125 0.5728079359375 0.2934276390625 0.6027562375 0.3161494484375 0.6632558687500001 0.3369529109375 0.7010572203125001 0.32739678125 0.7184204453125 0.3080612046875 0.7193641265624999 0.265319453125
5 0.027132401562500002 0.731564953125 0.0085079109375 0.7438797359375 0.000392471875 0.7826962328125 0.010086765625 0.8006630749999999 0.023353137500000003 0.806517265625 0.019122825 0.7869689671875 0.032545721875 0.769697084375 0.0694540546875 0.7631691171874999 0.052403878125000004 0.7362525421874999 0.027132401562500002 0.731564953125