7 0.209852125 0.476497125 0.12904803125 0.5948939625 0.113104221875 0.641598646875 0.0501163296875 0.711873240625 0.0385859375 0.7362635390625 0.043186184375 0.8240415000000001 0.056204267187500004 0.8277296578125 0.08724542656249999 0.8238044500000001 0.1205093859375 0.7880800109375 0.2294563171875 0.5791089281249999 0.2511629453125 0.49943072656250004 0.28044780625 0.4546722609375 0.279364896875 0.43591646875 0.26956386875 0.432795965625 0.24999136718749998 0.44008495468750003 0.209852125 0.476497125
7 0.23020557031250002 0.0635515953125 0.1957995890625 0.0534602546875 0.15457743906250002 0.07111663593749999 0.122366834375 0.11206686875 0.0898058234375 0.18339877031250001 0.0378496484375 0.343199625 0.023911346875 0.45625566875 0.028348125000000002 0.5409144421875001 0.03162246875 0.5451764234375001 0.044114925 0.5402360046875 0.051691021875 0.4787849421875 0.10359021718750001 0.388294896875 0.1479407375 0.2764151125 0.16136832343750002 0.2225805171875 0.186469328125 0.17044885781250002 0.24717531093749998 0.10491350937499999 0.24691143750000002 0.079514359375 0.23020557031250002 0.0635515953125
7 0.40323184375 0.1885448984375 0.565435425 0.41509269218749995 0.5852718 0.43320285312499995 0.7067175906250001 0.508403740625 0.7393102921875 0.5469726328125 0.7626571296875 0.5503785109375 0.767425709375 0.539239190625 0.7351834125 0.47028863281250005 0.7042583453125 0.43196302031249995 0.6648199140625 0.40761185624999996 0.6161651781249999 0.361627675 0.5480244734374999 0.2671516671875 0.53125949375 0.22412891406250002 0.50387444375 0.1846290140625 0.4698484265625 0.157686003125 0.438368190625 0.151402896875 0.42087284062499997 0.155613484375 0.40007178281250005 0.172867509375 0.40323184375 0.1885448984375
7 0.06989785937500001 0.89566500625 0.167819475 0.8862800500000001 0.4183145796875 0.8923899609375001 0.460180565625 0.8832810562500001 0.4130478125 0.86626098125 0.333411028125 0.851261996875 0.1297552484375 0.823243021875 0.04324613125 0.825185334375 0.0466663453125 0.8904469031250001 0.06989785937500001 0.89566500625
7 0.2881357234375 0.158228778125 0.26897274375 0.1621960890625 0.2558660078125 0.17211902343750002 0.2459193328125 0.19771935000000002 0.2202357421875 0.3647343171875 0.2142111859375 0.46867948125 0.2190093203125 0.4710701515625 0.260611434375 0.4365621 0.28208588125 0.44138554062499996 0.2779611390625 0.4610723421875 0.2511629453125 0.49943072656250004 0.2321477453125 0.5710480062500001 0.20684198281250002 0.624840503125 0.2119039890625 0.6526303234374999 0.232734603125 0.6489062890625 0.268016596875 0.5830434624999999 0.3042906984375 0.3989756453125 0.3554278359375 0.24581814999999999 0.358264909375 0.2090364015625 0.346532378125 0.1802734734375 0.32795411875 0.16572827031249998 0.2881357234375 0.158228778125
7 0.109063878125 0.5091338328125 0.1336097171875 0.4890446828125 0.189808859375 0.36367700625 0.23111754375000002 0.2902398140625 0.251506946875 0.17993666875 0.27959280937500003 0.15867323125 0.3089663375 0.154504746875 0.32412066875 0.1279734125 0.3215453296875 0.0937835125 0.31402620937500003 0.08592376874999999 0.2936346734375 0.0998561140625 0.16327026875 0.2346929484375 0.0871777765625 0.4112612734375 0.054587209375 0.46906318125 0.054616765624999994 0.482593175 0.109063878125 0.5091338328125
7 0.556014359375 0.39512051718749996 0.419118675 0.21115102187499998 0.3804106140625 0.139566515625 0.351153175 0.10148418125 0.3232129625 0.0940267890625 0.336057959375 0.155075503125 0.35677248281249996 0.193602290625 0.36853456875 0.2358952140625 0.46689953125 0.4294601671875 0.4756767625 0.4408848671875 0.49966743593749996 0.4528382234375 0.4778700015625 0.39555564374999996 0.476680296875 0.3807413515625 0.4819547109375 0.3659466828125 0.48960361875 0.3555024671875 0.49531247812499996 0.3540511 0.5045926171875 0.353967753125 0.50453539375 0.36049895625 0.49925941093750004 0.3623590171875 0.49885062343750003 0.3670910140625 0.49256550624999995 0.37636883125 0.4955701125 0.38968421875 0.5342190625 0.434208734375 0.5679812078124999 0.4357526 0.5729545453125 0.42295243749999994 0.556014359375 0.39512051718749996
7 0.520918175 0.6605142640625 0.66854154375 0.680359128125 0.7739822796875 0.6788339171875 0.7943738171875 0.6649015703125001 0.7889318484375 0.6539634234375 0.6453691953125 0.629638815625 0.4730761375 0.5859065671875 0.35988196875 0.56770288125 0.3459266390625 0.57073918125 0.3396951875 0.5799743875 0.36351065781249997 0.6071185765625 0.36084878593749997 0.628709490625 0.3504630359375 0.6441015015625 0.37673561875 0.651315615625 0.520918175 0.6605142640625
7 0.6401369671875 0.8419050218749999 0.6964860265625 0.8805581140625 0.6847534921875 0.851795184375 0.6136005124999999 0.8092917609375 0.45011352968749996 0.7583906093749999 0.39481782656250003 0.7249633140625 0.34686603437499997 0.7145865953125 0.33016016718749996 0.6986238296875 0.3026294703125 0.687844759375 0.25385864375 0.6841114 0.2628406359375 0.6938752609375001 0.248359696875 0.7424840640625 0.2431520453125 0.743415071875 0.2550597796875 0.7569871671875 0.44689649375 0.8120240296875 0.6401369671875 0.8419050218749999
7 1 0.47341565625 0.9395991203125 0.4646042625 0.8835434890625 0.46488031249999995 0.77915610625 0.4716313203125 0.747705428125 0.4788782078125 0.7435511265625 0.4850350109375 0.759672275 0.519510290625 0.7807667609375 0.5411854078125 0.845950028125 0.521952390625 0.9517707281250001 0.50357550625 0.991793878125 0.5094141578125 1 0.5073134625 1 0.47341565625
7 0.344598740625 0.0582602515625 0.24746660468749998 0.047471854687499995 0.2235054875 0.0490484921875 0.2206093015625 0.0587702515625 0.2937803203125 0.0711352875 0.5906799421875 0.2378694109375 0.628041221875 0.26529897812500003 0.66306148125 0.2704077984375 0.6747053421875 0.2585807453125 0.642902121875 0.199838503125 0.4096659171875 0.08127805625 0.344598740625 0.0582602515625