8 0.48655055625 0.9010881484375 0.52923814375 0.7691789953125 0.5281885359375 0.7431053375000001 0.5145379625000001 0.72553295625 0.4910690671875 0.718601803125 0.46166775781249997 0.684873921875 0.43536350625000003 0.6878901843749999 0.42213277656250003 0.68074726875 0.3773996328125 0.694857546875 0.354455071875 0.7277453203124999 0.300951328125 0.8856988734375 0.299952546875 0.9546662390625 0.326991053125 0.9966836359375 0.3328675234375 0.9975538531250001 0.4644251953125 0.9958875718750001 0.48655055625 0.9010881484375
8 0.9363558703124999 0.406135953125 0.916614734375 0.39802894218749996 0.8847451953125001 0.3967653109375 0.8616434281249999 0.412350984375 0.8022599874999999 0.531420446875 0.7800496796874999 0.6093418796875001 0.8031505046875 0.6473203984375 0.8325051718750001 0.6235046265624999 0.8525038109375 0.6408058265625 0.8517158968749999 0.661423728125 0.857753740625 0.6640457234375 0.876865109375 0.6565085390625 0.905088690625 0.6348561921875 0.9356446484375001 0.5276553453124999 0.9487238203125001 0.4243682875 0.9363558703124999 0.406135953125
8 0 0.542094990625 0.043008120312499995 0.5468499375 0.0679474125 0.536720015625 0.0866389359375 0.51875336875 0.09955525468750001 0.49129209218750003 0.08417259375 0.44408922500000003 0.0871661015625 0.397879709375 0.10113297343750001 0.34292789218749997 0.121504815625 0.3131149015625 0.096356546875 0.264465896875 0.0669025234375 0.24282538125 0.0457437109375 0.2396920796875 0.0219594625 0.251720925 0.013768740625000001 0.262603178125 0.00804530625 0.294585375 0 0.29712312500000004 0 0.542094990625
8 0.38113211874999997 0.4258607109375 0.362177953125 0.4506999921875 0.3232190734375 0.5278690953125 0.3041067625 0.588970478125 0.30746645156249997 0.6188419859375001 0.33718217031250003 0.6871740640625 0.3683165109375 0.6969682359375 0.41793245468749995 0.683581028125 0.47726223125 0.630163128125 0.529189203125 0.567009578125 0.5416856796875 0.5291188328125 0.5362267734375 0.447100009375 0.5225761999999999 0.42952762968749997 0.513020515625 0.43329622187499994 0.4838291296875 0.404783071875 0.45526751093750006 0.391914115625 0.4347911796875 0.3923376453125 0.41357964999999997 0.40129170781249995 0.38113211874999997 0.4258607109375
8 0.6872764234375001 0.5956035578125001 0.6434884015625 0.606398028125 0.6220142328125 0.622224728125 0.5639967015625 0.6948436499999999 0.5438347796875 0.7298713734375 0.503457278125 0.86557838125 0.506607046875 0.890235159375 0.524877784375 0.9154032421875 0.5420461984375 0.9265850359375 0.572970615625 0.9311644765624999 0.606730390625 0.9257965 0.659864178125 0.9060187031250001 0.7345248468750001 0.858326840625 0.7588870890625 0.8204653593750001 0.7768443609375 0.757465053125 0.7735373859375 0.7155061765624999 0.761986975 0.6965169171875 0.7624604796875001 0.6412948187499999 0.7479175031249999 0.6149508796875 0.7186734015625 0.59852509375 0.6872764234375001 0.5956035578125001
8 0.21643189375 0.25978478125 0.20293852656250003 0.2595145 0.1877648421875 0.2710905578125 0.16051546875 0.27742262812499996 0.1041782546875 0.33819520937499997 0.0860110609375 0.39598078124999997 0.08212515000000001 0.4334187375 0.087585 0.4618733671875 0.1103704703125 0.5188118890625 0.13557145625 0.555373528125 0.1657079609375 0.580570871875 0.18035636875 0.58274008125 0.2001502203125 0.5787597250000001 0.2435711140625 0.5454484234375 0.27570423593750004 0.48627522812499996 0.28284534843750003 0.4493193203125 0.2726608421875 0.383879521875 0.27365962499999996 0.314912153125 0.259851846875 0.2800376765625 0.24037334999999999 0.26505803125 0.21643189375 0.25978478125
8 0.10239816718750001 0.0528311078125 0.080607703125 0.1411820046875 0.0980905265625 0.186967990625 0.10255254062500001 0.23082579218750002 0.1191956796875 0.255752853125 0.1447120203125 0.2733544921875 0.1782091578125 0.27485915312500003 0.2034110890625 0.2578565953125 0.2453088703125 0.253693734375 0.29077720937499996 0.23105292031250002 0.3078938515625 0.2007578828125 0.33236246875000003 0.08515747343749999 0.3109861453125 0.006910803124999999 0.134947303125 0.0029988296875000002 0.1199873703125 0.020878167187499998 0.10239816718750001 0.0528311078125
8 0.9403462703125 0.39808746250000004 0.9524841687500001 0.394672559375 0.9703864828125001 0.253296834375 0.9649203203125 0.258312321875 0.89981628125 0.24867139374999997 0.8866900421875 0.270917940625 0.8696778875 0.3306024421875 0.8815954265625001 0.3721085296875 0.9082668078125 0.391609096875 0.9403462703125 0.39808746250000004
8 0.5996486062499999 0.5757156718750001 0.6020104609375 0.6209903515625 0.6112507921875 0.6361817609375 0.6425432796874999 0.609713834375 0.6653824109375 0.6010007921875 0.6868038624999999 0.5972614578125001 0.7432973375 0.607355175 0.7965375 0.5098384484375 0.8279363671875 0.405631596875 0.8275692390625 0.38311476875 0.8016857734375 0.3429963 0.74267229375 0.32389000156250003 0.72287844375 0.32787035468750003 0.7002492359375 0.341798128125 0.6298924312499999 0.46960989062499997 0.5996486062499999 0.5757156718750001
8 0.6011256140625 0.1837052265625 0.5871069671875 0.1971802125 0.562902875 0.1987795953125 0.531137825 0.2269054234375 0.5177489468750001 0.25602460625 0.4981123015625 0.277307059375 0.47852742812500004 0.3400663421875 0.4787364046875 0.398845271875 0.497269778125 0.41714072343749997 0.5063529078125 0.41503003125 0.5357542125 0.4487579109375 0.5378534296875 0.5009052281249999 0.5946095421875001 0.5041263078125 0.6242744328125001 0.47741735781249994 0.6585077140625 0.4168272828125 0.6885416171875 0.305506771875 0.686022559375 0.24292999218750003 0.6728445453125 0.223699709375 0.6570410953125 0.21963157500000002 0.6492184453125 0.1994664578125 0.616719140625 0.182558628125 0.6011256140625 0.1837052265625
8 0.0926221765625 0.6405911234375 0.0662124890625 0.6677821171875 0.0548719984375 0.6540075890625 0.0362331890625 0.6598868734375001 0.014916226562500001 0.69301566875 0.0009493531249999999 0.7479674859375 0.006829051562500001 0.7868515781250001 0.019534504687500003 0.8077397640624999 0.0436858796875 0.818227746875 0.13582937343749998 0.816321871875 0.1607686640625 0.8061919515625 0.1925864296875 0.7659787578125 0.2123294515625 0.666957375 0.20944232187499998 0.6354279625 0.1954246234375 0.595338753125 0.1847666109375 0.585121053125 0.148276909375 0.5762617140625 0.1075341671875 0.5823235015625 0.08280479843750001 0.597668153125 0.0704137546875 0.6113841640625 0.0926221765625 0.6405911234375