4 0.5406948390624999 0.627597553125 0.554016915625 0.682984065625 0.572990084375 0.6875241015625 0.6074000203125001 0.7172749828125 0.6279057781249999 0.7249709906249999 0.6691390484374999 0.7276652390625 0.699422440625 0.72096544375 0.709338671875 0.6986335375 0.7316264921875 0.6952005296875 0.7477285171875 0.6823180703125 0.7789820796875 0.620065540625 0.781540275 0.5644943375 0.7603057828125 0.5076129468749999 0.7399940593750001 0.4888063921875 0.6959450828125 0.4655152078125 0.6356000484375001 0.46621703124999997 0.5700197078125 0.49395701562500005 0.5376216234375 0.530832478125 0.5209929343749999 0.5738721359375 0.5190445593749999 0.5945244781250001 0.5406948390624999 0.627597553125
4 0.2916714375 0.522584625 0.3173293453125 0.50800413125 0.3643245859375 0.45350301562500006 0.37125879687499996 0.42009749999999996 0.3676311984375 0.35507684687499996 0.3430266171875 0.309342940625 0.296078778125 0.2702164859375 0.2565721328125 0.2595676640625 0.19447275625 0.26981128125 0.1430183453125 0.3069083703125 0.1215424171875 0.354765096875 0.1191228171875 0.40240019531250004 0.12924111875 0.45941087031250005 0.1665499171875 0.5049970218750001 0.1995935796875 0.5220686046874999 0.221742803125 0.5265717015625 0.2916714375 0.522584625
4 0.148991628125 1 0.171160153125 0.9683178046875 0.18129813749999998 0.9332881265624999 0.1808743140625 0.8666433140625 0.16716416875 0.8334778937499999 0.1423101171875 0.802028978125 0.0983165796875 0.7755633515625 0.060342521875 0.7680705031249999 0.006349596875 0.76869845 0 0.7701032125 0 1 0.148991628125 1
4 0.6620296609375 0.043794615625 0.6263431265625 0.0036439578124999998 0.49563655781250004 0.0028835296874999998 0.48174297343749994 0.0030451140625 0.45750677968750003 0.027130464062499998 0.4296510234375 0.0766482890625 0.42553251875000003 0.1306507390625 0.445982840625 0.1415211890625 0.5683718109375 0.1337501921875 0.6464346171875001 0.118560225 0.6721479640625 0.1008052890625 0.6710865984375001 0.07066655937500001 0.6620296609375 0.043794615625
4 0.21231304843749998 0.066480771875 0.210364671875 0.0871331125 0.252825621875 0.110442765625 0.354126734375 0.1283074015625 0.41603207500000006 0.12917433125 0.40490784687500003 0.0388504875 0.394068846875 0.023107559375 0.360372321875 0.004456671875 0.2710186671875 0.0054958671875 0.225488490625 0.0393502609375 0.21231304843749998 0.066480771875
4 0.527214934375 1 0.54727313125 0.9782256421875 0.581508715625 0.9270467203124999 0.590086390625 0.8904482921874999 0.591001121875 0.8380699999999999 0.588684359375 0.7889030859374999 0.5811322921875 0.7667743375 0.546888671875 0.7275001296875 0.482389375 0.693338496875 0.4412669828125 0.6842953656249999 0.395186475 0.6864181874999999 0.33445337343750003 0.7093411015625 0.302221603125 0.7366932375 0.2811060234375 0.7639160921875 0.2626675546875 0.8196719859374999 0.25871536562499997 0.8641511124999999 0.26869507187499997 0.929097890625 0.2932442140625 0.9780062390625 0.31602088125 1 0.527214934375 1
4 0 0.6257813203125 0.0248354640625 0.619314984375 0.06818342656250001 0.591833565625 0.0975440515625 0.5470589343750001 0.1011636109375 0.5216264609375 0.098735971875 0.47880843281249996 0.0866970140625 0.4408628796875 0.0445409765625 0.40009379687499996 0 0.3865460078125 0 0.6257813203125
4 0.28095939062499997 0.68139906875 0.297948428125 0.6177255390624999 0.296582153125 0.605046240625 0.2778307375 0.5878084375 0.2084287640625 0.561638315625 0.14802829374999998 0.5655145796875 0.09348098437499999 0.5978869453125 0.070777378125 0.6251282671875 0.060805709375 0.6506346171875 0.059835540625 0.706187353125 0.0745793296875 0.771078725 0.1756586875 0.8016411281250001 0.2184799828125 0.8043169078125001 0.26316649999999997 0.7911020093750001 0.282915803125 0.7511998546875 0.28095939062499997 0.68139906875
4 0.587626603125 0.4858177515625 0.5773419859375 0.43833040468749995 0.5324256796875 0.3737899453125 0.5214203656249999 0.36757034375000003 0.47071437187500004 0.3618124671875 0.42613873281250003 0.3686784828125 0.3908417859375 0.3897186734375 0.36978164687500004 0.413767084375 0.3512877390625 0.47269742187499997 0.348535509375 0.5393791718750001 0.3530778375 0.5520215328125 0.453178990625 0.5476835437500001 0.5051126625 0.574056825 0.5242244281249999 0.5706607546875 0.5537513671875 0.5163627984375 0.587626603125 0.4858177515625
4 0.292776596875 0.7320423890625001 0.3087123078125 0.7286832578125 0.3313050375 0.70779081875 0.38089422968750003 0.6865844078125 0.438229525 0.6763961968750001 0.4715503765625 0.6775955703125 0.488713765625 0.6948518421875 0.5140113234375 0.700905221875 0.5328181796875 0.714968584375 0.542290903125 0.7180322125 0.5439620890625 0.713252078125 0.5494745875 0.67034170625 0.5330596140625 0.6102304671875001 0.4800368578125 0.555305678125 0.45799851093750005 0.5444536953125 0.3961208859375 0.54199954375 0.34811972343750003 0.5631874875 0.3044945703125 0.606541115625 0.2926854015625 0.6463509234375 0.2853076859375 0.7051519765625 0.292776596875 0.7320423890625001
4 0.721743990625 1 0.7828381890625 0.999289465625 0.7747213734375 0.9549507046875 0.7360463 0.8966852515625 0.6889875828124999 0.8639076796875 0.6273871515625 0.8455813187500001 0.60509933125 0.849014325 0.5764951625 0.941387115625 0.5328394546874999 1 0.721743990625 1