8 0.1818180203125 0.8172428249999999 0.17029740625 0.8084185328125001 0.14022981875 0.8150687953125001 0.1369244421875 0.823964290625 0.135946096875 0.850783690625 0.1421792890625 0.8890855859375 0.1520823015625 0.9138306328124999 0.162816525 0.9255599640625001 0.1804363140625 0.9350583015625 0.19452073281249999 0.9277814640625 0.2008181984375 0.9128053218750001 0.2040534 0.8809638140624999 0.201042290625 0.8622519453124999 0.1912415921875 0.8338138921875 0.1818180203125 0.8172428249999999
8 0.28503088125 0.8287917765625 0.27069745 0.785605425 0.256587671875 0.7598255765624999 0.2431746484375 0.7513620421875 0.2382326515625 0.7513857749999999 0.2317178734375 0.7572195875000001 0.21872679218750002 0.750512365625 0.21347150625000003 0.75335095 0.2097441859375 0.7604901296875 0.20833755781250002 0.77728904375 0.20955857500000002 0.7926686609375 0.22400699999999998 0.848690346875 0.24013052343750002 0.895208946875 0.24502770312500002 0.9052958890625 0.2554997953125 0.9179935671875 0.2631780921875 0.9211217062499999 0.2802609390625 0.916028390625 0.288508315625 0.9071091625 0.29480578281250003 0.8921330203125001 0.29520870781249997 0.8690968187499999 0.28503088125 0.8287917765625
8 0.38846105625 0.849483053125 0.3791972984375 0.8356366484375 0.3683096 0.8294468281249999 0.3544298140625 0.8293376515625001 0.3403453953125 0.8366144906249999 0.3235500375 0.8737961453124999 0.322559015625 0.8840872 0.324412946875 0.9021012890625 0.3281017890625 0.91333695625 0.33863138125000003 0.9324523031249999 0.350733753125 0.945757571875 0.3737111421875 0.9487243171875 0.39767955625 0.9414000093749999 0.40534517187499997 0.9279998046875001 0.4069116140625 0.9139255546875 0.3996299015625 0.87949704375 0.3923097125 0.8634433781249999 0.38846105625 0.849483053125
8 0.382286240625 0.6816790687500001 0.3709127609375 0.659051090625 0.359392146875 0.6502267984375 0.35182250625 0.6516698234375 0.34641374687500004 0.6600479203125 0.33064155156249997 0.6602995 0.3270165453125 0.663745675 0.3255012609375 0.675973421875 0.327304034375 0.695834015625 0.34080625625 0.75203608125 0.34696926875 0.767391965625 0.35508852812499997 0.7970689328125 0.3698760421875 0.8153725765625 0.3946371859375 0.8134074015625 0.4020470125 0.809239715625 0.4080311890625 0.7970784234375 0.40838295625 0.775888725 0.393666059375 0.7125712140625 0.382286240625 0.6816790687500001
1 0.5367340875 0.797339490625 0.5315236203125 0.7900673984375 0.5195937421875 0.7960151359375 0.5061485796875 0.8141906171875 0.48305575625 0.8663484140625 0.46698294999999995 0.8859431875 0.44386476718749995 0.905044296875 0.4424581390625 0.9218432078125 0.445200778125 0.933259253125 0.45156842187499996 0.9412291203125 0.457827409375 0.944627828125 0.47365076406249995 0.94252974375 0.49640450312500006 0.9280899890625 0.5200406078124999 0.898788015625 0.5310116015624999 0.8764923140624999 0.5395020859375 0.8418122218749999 0.540371775 0.8104216609374999 0.5367340875 0.797339490625
1 0.583149290625 0.78665445 0.5717821515625 0.7722906453125 0.56368825 0.775670365625 0.5615912078124999 0.7834171359375001 0.5616550453125 0.798098975 0.5776631359375 0.8997421187500001 0.5815308140625 0.9384949609375 0.586383175 0.9586925765625001 0.5912291953125 0.9706260203125 0.5971237375 0.97868608125 0.6029096234375 0.9821749765625001 0.6097951875 0.9799439812499999 0.6169302046875 0.9602162953125 0.6158563234375001 0.9310329953125001 0.6065545265625001 0.8676015609375 0.594688925 0.8202712578125 0.583149290625 0.78665445
1 0.7061106828125 0.8412758234375 0.66048865 0.7893601203125 0.6403371953125 0.76932389375 0.6268218546875 0.7645533640625 0.6224104578125 0.770904578125 0.6217327234375001 0.77838078125 0.6261631390625 0.796822084375 0.6393778703125 0.82093580625 0.7015838515625 0.9027515781250001 0.7193122953125 0.9168210828125 0.7284610578125 0.9178321484374999 0.7347648640625 0.9111201796874999 0.7364399609375 0.9016170953125 0.734643528125 0.8900206703125001 0.7235833359375 0.8645778453125 0.7061106828125 0.8412758234375
1 0.687652753125 1 0.7394551328125 0.990124734375 0.7401283656250001 0.9808126359375 0.7370724390625 0.97221144375 0.731177896875 0.9641513843749999 0.7100865765625 0.9525597093749999 0.645731959375 0.9482970890625 0.63174985625 0.9518809203125 0.6249217890625001 0.9605295859374999 0.6239819234375 0.9689741359375 0.628987759375 0.983632240625 0.6418253640625 0.9958789749999999 0.6528828671875 1 0.687652753125 1
1 0.77258858125 0.7349286015625001 0.7653195484374999 0.7170284359375 0.7584788031249999 0.709148753125 0.7535879624999999 0.7073259859375 0.7480193890625 0.71297941875 0.739573721875 0.7375488359375 0.7418106812499999 0.8436539671875 0.745166778125 0.9008718453125001 0.74917525 0.9175568343749999 0.7553894203125 0.931066215625 0.75933405625 0.9330693625 0.7657465171875 0.9309285562499999 0.77042004375 0.9236089968750001 0.7798503953125 0.88048435625 0.7836610125 0.8448596500000001 0.7837827875000001 0.79799928125 0.780816496875 0.769176734375 0.77258858125 0.7349286015625001
1 0.752520859375 0.618446975 0.7418441359375 0.6131353125000001 0.7308093046875 0.6207491734375 0.7159638546875 0.6639877390625 0.68529505 0.709324390625 0.68005244375 0.7286913187499999 0.6826991062500001 0.7520645406249999 0.689648509375 0.7645153875 0.6962782859375001 0.7715169093750001 0.70731945625 0.772167221875 0.7198247531249999 0.7624362875 0.7385700187500001 0.7313115453125001 0.7497456453125 0.70162983125 0.758543078125 0.655870715625 0.7577951656249999 0.640400909375 0.752520859375 0.618446975
1 0.9091676281250001 0.7906275 0.899174978125 0.786103803125 0.8458167140624999 0.7926021703125 0.8277301609375 0.79145819375 0.8037105906249999 0.8006290046875 0.8017733625 0.8111004359375 0.8054110484375 0.82418260625 0.8135687875000001 0.8354847265625001 0.8301400531249999 0.8488564500000001 0.8455478031249999 0.853266221875 0.8665241281249999 0.8520225609375001 0.9072046031250001 0.8360021218749999 0.9159762375 0.8251461984375 0.9202726390624999 0.8059596499999999 0.9192177765625 0.8015688624999999 0.9091676281250001 0.7906275
10 0.9159965734375 0.6460590796875 0.9028968374999999 0.6347806921875 0.8792928703125 0.637443646875 0.8677337796875 0.6469942015625 0.86038145 0.65757955625 0.8544547687499999 0.676158515625 0.8554199953125 0.7007706546875 0.861589346875 0.7243907109375 0.8700155546874999 0.74298865625 0.8943801140625001 0.7723238546875 0.90694925 0.7772747609375 0.9205094078125 0.771934615625 0.9318511875000001 0.7532417312499999 0.936825321875 0.7265789781249999 0.9354829734375001 0.690099853125 0.925682275 0.6616617984375 0.9159965734375 0.6460590796875
10 0.9762091421875001 0.52804898125 0.9662549703125001 0.5051504359375001 0.9564157953124999 0.49508723125 0.9366414656250001 0.4869179953125 0.9212400562499999 0.4907723953125 0.9060048 0.5056156265625 0.8978724218749999 0.52737019375 0.8968302390625 0.5395077500000001 0.9029995921875 0.5631278078124999 0.92096436875 0.6111321546874999 0.9300171546874999 0.6241004 0.9373821609374999 0.6300433875 0.9539470890624999 0.6351509421875 0.9671939593750001 0.6326256453125 0.9780689765625 0.622287121875 0.9862013546874999 0.6005325546875 0.9856069156249999 0.5795232359375 0.9762091421875001 0.52804898125
10 0.827233453125 0.48665218125000004 0.8158151546875001 0.47413488125000003 0.8071906546875001 0.4711871203125 0.7744442671875 0.481103178125 0.77055713125 0.48551770000000005 0.7629490125 0.5053355734375 0.7623287765625 0.5192294468750001 0.7654037234375 0.5526231562499999 0.7717328890624999 0.5789678734375 0.778631134375 0.5932652234375 0.786366928125 0.6028110296875 0.804932921875 0.6121289890625 0.8340543031250001 0.6056591046875 0.84682173125 0.594959825 0.8520643375000001 0.575592896875 0.85046619375 0.5483462875 0.8420848046874999 0.519637665625 0.827233453125 0.48665218125000004
10 0.8703572749999999 0.297511346875 0.8575644875 0.2751539375 0.8388386796875 0.263111315625 0.8162320765625 0.2637473890625 0.8035669656250001 0.2707536609375 0.794744171875 0.2834560875 0.7896102234375 0.3073941796875 0.7932669265625 0.3452688640625 0.7994874375000001 0.3670424171875 0.80659665625 0.382217925 0.8177016640625 0.397550075 0.8367471015625 0.4150420171875 0.8555688828125 0.41512745781250004 0.8680741812500001 0.4053965234375 0.8796780921874999 0.38573529687499997 0.8841216265625 0.3527450640625 0.8788921390625 0.32068045624999997 0.8703572749999999 0.297511346875
10 0.9539226046874999 0.4661744953125 0.9705323515625001 0.461171371875 0.9797770890624999 0.4502252609375 0.98785196875 0.42205302656250004 0.9857343234375 0.40294123906249996 0.9759849718750001 0.362360240625 0.9656039109375 0.3418036921875 0.9433427343749999 0.312985896875 0.9279861421875 0.3067296203125 0.9135309375 0.3104036421875 0.9016074 0.3246155484375 0.8946833562500001 0.345221390625 0.8940119609374999 0.3609617671875 0.8963389953125 0.3788856671875 0.9061460312499999 0.41558789375 0.917730484375 0.439094028125 0.9353054562500001 0.458703040625 0.9539226046874999 0.4661744953125
10 0.9012370531249999 0.253052853125 0.920212309375 0.24759878125 0.9338172859375 0.23214796093749998 0.93994118125 0.212330453125 0.92001925625 0.1294068109375 0.9154885015625001 0.1208450890625 0.9031751578125 0.1066616625 0.8863992578125 0.10067595468749999 0.8686323343750001 0.1049813015625 0.8594387546875 0.1140809078125 0.8544519390625 0.12421531875 0.8508396125000001 0.1441898375 0.8529683562500001 0.177763925 0.8606656703125 0.2056845765625 0.8729341984375001 0.2299786796875 0.8864047203125001 0.244859884375 0.9012370531249999 0.253052853125
2 0.5613684343750001 0.6300908796875 0.5478915703125 0.6069455015624999 0.537790265625 0.597850640625 0.52632715 0.5954440156249999 0.5110343953125 0.6038695796875 0.5059452640625001 0.6176969984375 0.5062264125 0.6415211656250001 0.51187150625 0.667077915625 0.524561975 0.69312833125 0.5370351359375001 0.71003641875 0.5476607015625 0.7171945843749999 0.558542059375 0.7151202343749999 0.5657920703125 0.7082278859375 0.5703569421875 0.6963371625 0.5716549140625 0.6749670875 0.568797278125 0.65071570625 0.5613684343750001 0.6300908796875
2 0.46071303593749996 0.5941766265624999 0.44445505937499996 0.5779900515625 0.42378568281250006 0.5681546921875 0.4086464046875 0.5710407453124999 0.4030778296875 0.576694178125 0.39494545 0.5984487453125 0.3946896609375 0.6076812640625 0.404867484375 0.6479863078125 0.41155475781249995 0.6614055 0.43349630625 0.6847739765624999 0.449799103125 0.690849871875 0.463308103125 0.68735623125 0.47202858125 0.6783468109374999 0.4766894265625 0.6544989078125 0.474886653125 0.6346383125 0.4694013765625 0.6118062265625 0.46071303593749996 0.5941766265624999
2 0.7107669453125001 0.5373242359375 0.6976097109375 0.5196281796875 0.683614928125 0.50668366875 0.6689424109375001 0.5012153609375 0.6572746625 0.5061947499999999 0.6491359437499999 0.519685146875 0.6457345906249999 0.5405378187500001 0.64748620625 0.56224491875 0.6539176890625 0.5848966296875 0.6644472796875001 0.6040119749999999 0.6788640046875 0.6187128015625001 0.6942205984375 0.6249690765625 0.7089379328125001 0.620326709375 0.7145576640625 0.612826771875 0.717703228125 0.6012066140625001 0.7189500421874999 0.5816830421875 0.7165655109375 0.5573414734375 0.7107669453125001 0.5373242359375
0 0.1750518375 0.1527103734375 0.157847653125 0.136704178125 0.1464356953125 0.13245105 0.135976284375 0.1362817140625 0.12373945625 0.1533084734375 0.12059389218750001 0.1649286296875 0.1188291578125 0.194653065625 0.12306128281249999 0.2287445546875 0.132344059375 0.2673834734375 0.14408832656249998 0.2936142671875 0.1610303796875 0.310588809375 0.1761185015625 0.309549259375 0.19113644531250001 0.28556370000000003 0.1963727109375 0.2579326 0.1974022125 0.22926669687499998 0.189641059375 0.1866642046875 0.1828962875 0.1668273453125 0.1750518375 0.1527103734375
0 0.033057253125000005 0.1650852796875 0.007867823437500001 0.1570299671875 0.001840578125 0.1581789609375 0.0032583218749999998 0.2800194421875 0.020384921875 0.299747134375 0.0360611421875 0.31145273281249997 0.06125057187500001 0.31950804375 0.07696526875000001 0.3128387953125 0.08552593281250001 0.301104715625 0.08950904531250001 0.284733015625 0.08922155468750001 0.25264467343749997 0.0750479390625 0.2121829859375 0.06125778750000001 0.191852459375 0.033057253125000005 0.1650852796875
0 0.11320811093750001 0.4060326390625 0.10373338125 0.39130807968750003 0.086478040625 0.3771483859375 0.061761714062499994 0.36900288593749997 0.040261128125000004 0.3721832421875 0.0192399875 0.383537578125 0.009630803125 0.39914504375000004 0.006075975 0.42553723125 0.011829721875000001 0.45566514375 0.0205180609375 0.47329474375 0.042561926562500005 0.49297021250000006 0.0771685859375 0.509332415625 0.0993020875 0.5087865328125 0.11533007343749999 0.499302434375 0.1248817609375 0.4772772984375 0.126122234375 0.44948955625 0.12026616875 0.42305465 0.11320811093750001 0.4060326390625
0 0.198372021875 0.5339825203124999 0.1824848296875 0.5213987640625 0.1708107421875 0.5181139828125 0.1506271484375 0.524716778125 0.14138241093749998 0.5356628890625 0.13424739531250002 0.555390575 0.13059025156249998 0.5854757671875 0.130564453125 0.620378959375 0.13499486875 0.6388202625 0.1511057140625 0.6688105171875 0.166781934375 0.6805161156249999 0.187125340625 0.6766379812500001 0.20414435156250002 0.656862828125 0.213798353125 0.6311446875 0.2174106796875 0.61117016875 0.217608971875 0.595519984375 0.211695409375 0.56266740625 0.198372021875 0.5339825203124999
0 0.257862040625 0.4335593015625 0.2510661109375 0.41556894531250005 0.2404853625 0.3983001015625 0.2273856265625 0.38702171406249997 0.21155593125 0.3808556265625 0.1965253078125 0.3883128453125 0.1878623296875 0.4037399328125 0.1841988453125 0.4255609546875 0.18501059375 0.455712603125 0.1932385109375 0.489960734375 0.2072459734375 0.519433590625 0.2221933015625 0.540461896875 0.2339760453125 0.5483178421875 0.24774717656249998 0.543855853125 0.25389116875 0.534419221875 0.2598178484375 0.5158402625 0.2641527265625 0.478278865625 0.262503428125 0.452878759375 0.257862040625 0.4335593015625
7 0.33032499375 0.17913103125000002 0.3140733546875 0.1712086296875 0.3011782515625 0.1525442296875 0.2912494390625 0.1627023734375 0.2881550328125 0.1724760265625 0.281703653125 0.26095155625 0.281422065625 0.30508726406250003 0.2853726 0.3833144640625 0.28342859374999996 0.4534816015625 0.283856878125 0.46350208750000005 0.28786535 0.4801870765625 0.2970267921875 0.4977264859375 0.300971425 0.49972963437500006 0.309538428125 0.4962597265625 0.3151518203125 0.4804956171875 0.32297135 0.3935960203125 0.3243272578125 0.3106837359375 0.3359316078125 0.22306262812500002 0.3357591125 0.20380962343750003 0.33032499375 0.17913103125000002
7 0.5296266265625 0.510324471875 0.5248254234374999 0.48828035 0.5190331968749999 0.4765272828125 0.4821443203125 0.43213050312499995 0.4503187765625 0.4088094953125 0.37471879375 0.3433227015625 0.355941828125 0.3331265859375 0.34316806093749996 0.33556169375 0.3381427671875 0.36407095 0.3422598953125 0.38532710312499996 0.3510505515625 0.39926369375 0.36294195 0.41169080625000004 0.4090244046875 0.446987978125 0.438848884375 0.4660985765625 0.47093021718749994 0.480187065625 0.495659221875 0.5048609093749999 0.5124926203125 0.5172642875 0.5237447625 0.5187927546875 0.5296266265625 0.510324471875
7 0.42809149375000005 0.0815131671875 0.418354634375 0.0677569515625 0.40674438281249997 0.079154009375 0.396860390625 0.079201478125 0.3946035328125 0.0842235875 0.3960993578125 0.1151632046875 0.40617486718749996 0.15916125625 0.43993719843749995 0.2399707109375 0.5069566234375 0.42831882343750005 0.518592234375 0.44997845468750003 0.5240648296875 0.456282196875 0.5285337234374999 0.45634865312499995 0.5290453046875 0.437883615625 0.472255303125 0.2200341640625 0.43867858281250005 0.1070461796875 0.42809149375000005 0.0815131671875
7 0.70364811875 0.0299012359375 0.6877736046875 0.033845825 0.663338428125 0.049524493749999995 0.5858451578125 0.120318215625 0.5566789562500001 0.1368987734375 0.5097073562500001 0.176159525 0.503614521875 0.183749653125 0.49852539062499995 0.1975770703125 0.4965881625 0.20804850468749997 0.49885769687500003 0.2195547359375 0.50958558125 0.22301989687499998 0.5264063 0.21889492968750002 0.6950996953125 0.1261235390625 0.714592875 0.11046860624999999 0.7268297015625 0.093441846875 0.7293935046875 0.077340715625 0.7263312390625 0.060475350000000004 0.7165880390625 0.0384549625 0.70364811875 0.0299012359375
7 0.7416742734375 0.1861230390625 0.7314769906249999 0.1889853578125 0.7197644249999999 0.20407542343750001 0.6964031296875001 0.2489373921875 0.664340378125 0.327601296875 0.6295861453125 0.393002653125 0.6229817296875 0.41905781875 0.6234675109375 0.4354959734375 0.6266832531250001 0.44682182812500004 0.641240775 0.43945480000000003 0.6758542125 0.396121296875 0.7010631 0.361009246875 0.72999296875 0.310493840625 0.762976128125 0.2665527484375 0.7707952171875 0.24761303125 0.7710510078125 0.2383805140625 0.7676754531250001 0.2243299984375 0.7416742734375 0.1861230390625
7 0.6276244359375001 0.23449764375 0.62057905625 0.23400397499999998 0.6157457140625 0.2385988765625 0.6093522703125 0.265532196875 0.6019804859375 0.3192849125 0.5953760703125 0.345340078125 0.57875320625 0.4017747375 0.560385065625 0.44476646875 0.5533587078125 0.4690653171875 0.552744809375 0.49122336093749996 0.5567021234375 0.509754853125 0.5732797296875 0.5313907484375 0.584058771875 0.5330094046875 0.5986611109375 0.5155317015625 0.6092038203125 0.4832155125 0.622093021875 0.425655865625 0.6316003296875 0.3457815265625 0.63589716875 0.2586351 0.6347848093749999 0.24782664531249998 0.6276244359375001 0.23449764375