8 0.0784078453125 0.9088367234374999 0.0898296328125 0.9215600828125 0.1088958671875 0.9317179421875 0.124620984375 0.9234864703125 0.1320339921875 0.9069152671875 0.13662907500000002 0.8718478453125 0.1339275671875 0.851320275 0.124076746875 0.8202078546875 0.11425398125 0.8021388953124999 0.10187278125000002 0.792622890625 0.0685920875 0.80042573125 0.0646674703125 0.8102615671875 0.0627177875 0.83976963125 0.0683241890625 0.8817870062500001 0.0784078453125 0.9088367234374999
8 0.1570151859375 0.728157034375 0.1511436890625 0.731364115625 0.14681230781250001 0.7392754828125 0.14471815 0.75777143125 0.14555974375 0.7746638328125 0.15962272500000002 0.836033053125 0.17583737187499998 0.88692485625 0.1808939296875 0.8979372453125001 0.1919959125 0.911729725 0.20033747812499997 0.9150445140624999 0.219288690625 0.9091653171875 0.22864858125 0.899222871875 0.23606158906250002 0.88265166875 0.23725524375 0.8573131984375 0.22737636718749998 0.8131573124999999 0.213021634375 0.7659006734375 0.1983456953125 0.737781565625 0.1838717421875 0.7286931 0.1784364703125 0.7287997093749999 0.1710823734375 0.7353210328124999 0.1570151859375 0.728157034375
8 0.26684276093750003 0.8733518968749999 0.2682945046875 0.8931310031249999 0.2719848796875 0.905426278125 0.2829409890625 0.9262750515624999 0.29581592031250004 0.9407091125000001 0.32098648750000003 0.9435971828125 0.3475821515625 0.9351524890625 0.3564483046875 0.9202919859375 0.35862942656249996 0.9047896281250001 0.351743809375 0.8670487250000001 0.34421718437500004 0.8495144640625 0.3404398453125 0.834225603125 0.3307040453125 0.8191502343750001 0.318932996875 0.8125209328125 0.303673559375 0.8126269953125 0.2879484421875 0.82085846875 0.2682678515625 0.8620191296874999 0.26684276093750003 0.8733518968749999
8 0.2789237703125 0.63097931875 0.27685906875 0.644450325 0.27819439375 0.666260784375 0.291211 0.727843775 0.29748786250000003 0.74462956875 0.3054493109375 0.7771317625 0.32111411875 0.797018571875 0.348406896875 0.7944541671875001 0.356690953125 0.7897504296875 0.363667734375 0.7762796984375 0.36474497031249997 0.75297258125 0.3506244765625 0.6835848328125 0.339117128125 0.6497994796875 0.327347484375 0.6251017671875 0.3149662828125 0.6155857625000001 0.3065952625 0.6172959125 0.3003745078125 0.62659705625 0.283022315625 0.6271306562500001 0.2789237703125 0.63097931875
1 0.39955456875 0.894421284375 0.39746041249999997 0.9129172296875 0.400104409375 0.9254262765625001 0.40684695312499997 0.934086653125 0.41361895000000004 0.9377220984375001 0.4310875625 0.9351571453125 0.45657933906250003 0.9189076921874999 0.48352566093749993 0.8863005296875001 0.4963164328125 0.8616041875 0.5067830078125 0.8233296843750001 0.508762146875 0.7887966875 0.5051881890625001 0.77447005625 0.49969540781250005 0.7665581390625 0.48638285156250005 0.7732929578125 0.471005590625 0.7934987796875 0.44391199375 0.8512306437499999 0.4255989859375 0.8730400062499999 0.39955456875 0.894421284375
1 0.549850009375 0.9289627734374999 0.5545278515625001 0.9510941609374999 0.5594679890625 0.9641379000000001 0.5656873421874999 0.97290516875 0.5719361515625 0.9766474953125 0.5795805984375 0.9740819921874999 0.588069440625 0.9522720796874999 0.587839403125 0.9201979734375 0.579677371875 0.8505967312499999 0.5681714234374999 0.7987429671874999 0.5565771078124999 0.7619640234375 0.5445451671875 0.746353959375 0.5355345375 0.75020235 0.5329761046875 0.7587552984375 0.532567934375 0.7748992359375 0.5468595546875 0.8864109750000001 0.549850009375 0.9289627734374999
1 0.6035462734375 0.77244418125 0.617292253125 0.798745703125 0.6830317 0.8877015281249999 0.702068478125 0.9028843296875 0.7120960296875001 0.9038471109374999 0.7192467437500001 0.8963635546875001 0.72139840625 0.8858861390625 0.7198007875 0.873163321875 0.708467365625 0.8453651421874999 0.6900126875 0.8200255750000001 0.64153566875 0.7636793796875 0.6200288203125 0.7419747078125 0.6053220265625 0.7369489453125 0.6002640687499999 0.7440049656250001 0.5992752 0.7522372609375 0.6035462734375 0.77244418125
1 0.722874003125 0.9729139296874999 0.71979378125 0.9635053578124999 0.713574428125 0.9547380921874999 0.6907589078124999 0.9423348359375 0.6201298296875 0.9386958328125001 0.6046375515625 0.9428646015625001 0.5968472296875 0.9524863984374999 0.59553855625 0.9617878125000001 0.6005656593750001 0.9778251390625 0.6136490593749999 0.9904699453125 0.6917359546874999 0.989313103125 0.7218302671875 0.9831650062499999 0.722874003125 0.9729139296874999
1 0.72919293125 0.8220591203125001 0.7310191890625 0.88492445 0.7348834937500001 0.9032069 0.7412767765625 0.9179613421875 0.745549253125 0.9200998515625001 0.7526705109375 0.917641234375 0.758048271875 0.9095160968749999 0.7698235234374999 0.8619401796874999 0.77517463125 0.822703165625 0.776835365625 0.771170878125 0.7745125734375 0.73952430625 0.7665805796875 0.701997171875 0.7591703734374999 0.6824315624999999 0.7519046421875 0.6738780640625001 0.7465857890625001 0.671953321875 0.74027806875 0.678260875 0.73019020625 0.70541638125 0.72919293125 0.8220591203125001
1 0.6671747171875 0.7223052234375 0.67441099375 0.7358836625 0.68147334375 0.7434749234375 0.6935936484375 0.7440101703125 0.7076622343750001 0.733105759375 0.7292897046875 0.69857385625 0.7425461546875 0.66575210625 0.75371125 0.6152894843750001 0.753392846875 0.5982901968750001 0.7483082343749999 0.5742343375 0.736740575 0.568567271875 0.724357975 0.577119671875 0.7066242640625 0.6249090859375 0.6714219421875 0.67526345625 0.6650258546875001 0.6966458296875 0.6671747171875 0.7223052234375
1 0.7997659046875001 0.7996111890625001 0.8083683625000001 0.8119067375 0.8261553781250001 0.826341071875 0.8429549281250001 0.8309392953125 0.8660621984375 0.829229965625 0.9113187249999999 0.8109502531249999 0.9213182218749999 0.79886956875 0.9266679296874999 0.7777009640625 0.9256510062500001 0.7728897906250001 0.9149557937499999 0.7610217828125 0.9041147046875 0.7562100625 0.8452272171875 0.764225303125 0.8253754984375 0.7632619734375 0.79866341875 0.7737380218750001 0.7961919484375 0.785284559375 0.7997659046875001 0.7996111890625001
10 0.8587796187500001 0.6630857453125001 0.8647941875 0.688959184375 0.8734541546875001 0.709273259375 0.8992909859375 0.74113496875 0.9129514046875 0.7463744984375 0.9280369125 0.7402812609375 0.9411180328125001 0.7195407421875 0.9474566078125 0.6901398421875 0.9471690625000001 0.65004720625 0.9373182421875 0.618934784375 0.927175675 0.6019349484375 0.9131379421875 0.589746009375 0.8870949250000001 0.5930588796875 0.8740727171874999 0.6037495203125001 0.8656427843750001 0.6155095515625 0.8585201250000001 0.636036575 0.8587796187500001 0.6630857453125001
10 0.9550631609375 0.4265981140625 0.9380013171874999 0.431087534375 0.9207641437499999 0.447658190625 0.91111250625 0.47171322499999996 0.909570990625 0.48507734375 0.9155855609374999 0.5109507843750001 0.9337765453125 0.5634464015625 0.9433089609374999 0.577559534375 0.9512143015625 0.58397479375 0.9692636125 0.5893214859375 0.9821778374999999 0.586683184375 0.986362025 0.44546683125 0.9765419546875 0.4352593171875 0.9550631609375 0.4265981140625
10 0.76232631875 0.46496936875 0.7646196562500001 0.5016408796875 0.7707211890625 0.53050790625 0.7778410453125 0.546117696875 0.7860367359375 0.5564887781250001 0.806149346875 0.56643286875 0.8383836640625001 0.558843796875 0.8527720546875001 0.5468702703125 0.8591681421875 0.5254878953125 0.8582984937499999 0.49555202343750004 0.8500172421875 0.46411894687500005 0.83476060625 0.428088196875 0.8226122453125001 0.4145094875 0.8132243046875001 0.411408465625 0.7768914421875001 0.42284620000000006 0.7724730921875 0.427763984375 0.7634610625 0.44968077968750003 0.76232631875 0.46496936875
10 0.7992286390625 0.2315789234375 0.8020157078124999 0.2731684890625 0.808146696875 0.297010575 0.815469940625 0.3135826015625 0.8271820734374999 0.33026178281249996 0.84755558125 0.3491866359375 0.8682502875000001 0.3489739609375 0.8823188765625 0.33806955156249996 0.8957198015625 0.3162599171875 0.9016810625 0.27990960781249996 0.8969751671875 0.244734753125 0.8883446546875 0.2193957359375 0.8750054421875 0.1950186796875 0.8548058671875 0.182081 0.829925646875 0.1831487515625 0.8157700953125 0.191059571875 0.8056541796875001 0.205171609375 0.7992286390625 0.2315789234375
10 0.9680993812500001 0.235223403125 0.9514162515625 0.2285938265625 0.9354007843750001 0.23286948125 0.9218259328125 0.24869194218750001 0.9135404765624999 0.2714640875 0.9122893124999999 0.2887840328125 0.914264246875 0.3084562515625 0.92385276875 0.3486563203125 0.9358258015625 0.3743162671875 0.9545133203124999 0.39559312343749997 0.9747423484375 0.40350586093749996 0.9877258140625 0.39943898125 0.9916619015625001 0.26659599375 0.9916400718749999 0.2665504125 0.9680993812500001 0.235223403125
10 0.930651390625 0.0089920265625 0.9123986953125 0.0026831046875 0.8927209062499999 0.00770695 0.882314640625 0.0178631640625 0.876500653125 0.029088775 0.8718775171875001 0.05111273125 0.8731244796875 0.08799801093750001 0.8806791578125001 0.1185757328125 0.8933787609375001 0.14509102812500002 0.907706840625 0.161235790625 0.9237503640625 0.170003603125 0.94479433125 0.16369686875 0.96025855625 0.14648463437499998 0.9676384375 0.1245924203125 0.9484330203125 0.0337294625 0.9437297078125001 0.0243883203125 0.930651390625 0.0089920265625
2 0.47671716875000003 0.6036204515625 0.48209212968750004 0.6316321296875 0.4951985 0.660071890625 0.508363784375 0.6784617749999999 0.5198150234375001 0.6861601937499999 0.5318483656249999 0.68370185 0.54004545625 0.676004525 0.545452675 0.6628544468750001 0.5475762875 0.6393335640625 0.5452240374999999 0.6127119328124999 0.53772686875 0.5901527359375 0.52366108125 0.5649203265625 0.51284945 0.5550836671875 0.5003223765625 0.5526239562499999 0.48323107656250003 0.56213831875 0.47718425 0.577426634375 0.47671716875000003 0.6036204515625
2 0.3551676546875 0.5682252562500001 0.365046528125 0.612381146875 0.3719630015625 0.6270287031249999 0.39532976249999996 0.6523685421875001 0.4130592703125 0.658784346875 0.428028359375 0.6547224640625 0.43791143593750004 0.64467313125 0.4438137875 0.6183727015625 0.4424784625 0.5965622421875 0.4371904671875 0.5715441546875 0.4282106921875 0.5522991953124999 0.410859903125 0.5347643890625 0.3884511515625 0.5242856015624999 0.3717091140625 0.5277059046875 0.3654013921875 0.5340134578125 0.355749753125 0.558068490625 0.3551676546875 0.5682252562500001
2 0.6334185031249999 0.4903007171875 0.634637409375 0.51414253125 0.6409717828125 0.538946853125 0.6519278890625 0.5597956234375 0.6673023453125 0.5757266140625 0.6839854765625 0.582356190625 0.7003207453125 0.57701141875 0.7067448859375001 0.5686725125 0.7105825375 0.5558430875 0.7125897296875 0.5343535546875 0.7107606718749999 0.507625040625 0.705036453125 0.4857074234375 0.6911445953124999 0.4664621890625 0.67617690625 0.45245566875 0.6602203515625 0.4466814421875 0.647227596875 0.452347140625 0.637838253125 0.46731453125 0.6334185031249999 0.4903007171875
0 0.065273353125 0.11853027187500001 0.068816453125 0.15595025 0.07776536875 0.1982885546875 0.089825365625 0.226942084375 0.1079027296875 0.2453322421875 0.12452835 0.2439432890625 0.141824434375 0.21732275781250002 0.1484828140625 0.1868527375 0.15054891718750002 0.15531332343749998 0.1434024078125 0.108591659375 0.136631809375 0.0868878125 0.1284655734375 0.0714917890625 0.11006840468750001 0.054170751562499994 0.09765775 0.0496796859375 0.0860311796875 0.054062496875 0.0720201 0.072985434375 0.0681824484375 0.085814859375 0.065273353125 0.11853027187500001
0 0 0.25585004375 0.0153866859375 0.249175975 0.025182798437499997 0.23613305625 0.030096282812500003 0.2180649234375 0.0308256578125 0.18278345625 0.016557890625 0.1385204109375 0.0020558812499999997 0.116388475 0 0.114411959375 0 0.25585004375
0 0 0.4609710171875 0.0092080296875 0.46524812187500003 0.0335650609375 0.46428725625 0.0514993515625 0.4535968921875 0.0627205578125 0.429221203125 0.06499004375 0.39864402656250003 0.05941169843750001 0.3696701171875 0.0522048765625 0.3510667390625 0.042265692187499995 0.3350291390625 0.0237521046875 0.31973945000000004 0 0.3121898828125 0 0.4609710171875
0 0.06547256875 0.5481093390625 0.0643069703125 0.5864912765625 0.0685780421875 0.606698196875 0.08531728125 0.6394147046875001 0.1021743390625 0.65203145625 0.1246714546875 0.647435421875 0.144030840625 0.625412290625 0.15548488437500002 0.596973896875 0.16010801875 0.5749499421875 0.16083599375 0.5577368859375 0.1554035234375 0.5217066781249999 0.141686996875 0.490380215625 0.12462655468749999 0.4768012296875 0.11189609687499999 0.473379284375 0.08948594531250001 0.48096890625000005 0.078963259375 0.49315647343749996 0.07047441875 0.5149663859375 0.06547256875 0.5481093390625
0 0.134373565625 0.3473293421875 0.129634009375 0.37138465 0.1295442421875 0.40452787656250005 0.1374762359375 0.4420550109375 0.1519193359375 0.47423682500000003 0.16767110624999998 0.4971172265625 0.18037210937499998 0.5055641109375 0.195661003125 0.5004331078125 0.2027247515625 0.4899559640625 0.20984740937500002 0.469428940625 0.2158381265625 0.428053690625 0.21485206250000002 0.400149171875 0.21037760625000002 0.3789800203125 0.20349058750000001 0.359307525 0.1924180609375 0.3404901046875 0.1783803296875 0.3283011640625 0.1611740109375 0.32177847187499997 0.1444025171875 0.3302237171875 0.134373565625 0.3473293421875
7 0.240471465625 0.23732110624999997 0.242266865625 0.3232797859375 0.23784291093749999 0.4004711953125 0.2379873859375 0.4114833078125 0.24185169062499998 0.42976575937500006 0.2513546515625 0.4489038328125 0.255627125 0.4510423453125 0.26516094218749997 0.44708707187499996 0.27184737812500004 0.42966051875 0.28327757187499997 0.3339734359375 0.28747008749999997 0.242776325 0.303085790625 0.14623416875 0.3035234140625 0.1250652890625 0.2983518390625 0.098015846875 0.2807387515625 0.0895686875 0.2671667015625 0.0692543375 0.2559174421875 0.0805865578125 0.252196209375 0.091384628125 0.2422191625 0.1887824078125 0.240471465625 0.23732110624999997
7 0.3215040078125 0.266940709375 0.3073779125 0.26982659062500003 0.300922915625 0.30125884375 0.304757765625 0.324566234375 0.31397037656250004 0.339748484375 0.326641925 0.3532203125 0.376166721875 0.3912843328125 0.40834073125000003 0.4118135484375 0.4431601359375 0.4267834 0.469549609375 0.45351328437499994 0.48765643125 0.4668785015625 0.4999801203125 0.4683759796875 0.5067240671875 0.45896795468749996 0.50216264375 0.43480521562499996 0.496176128125 0.42197524218750004 0.45705759375 0.37375500625 0.4228202875 0.34862838749999997 0.3418200046875 0.2778470328125 0.3215040078125 0.266940709375
7 0.37226700468749996 0 0.3727652625 0.026601675 0.3824112984375 0.0748202703125 0.41690529375 0.1631328734375 0.48446679374999996 0.36915924375000003 0.4965562453125 0.3927878375 0.502368828125 0.3996306328125 0.507280909375 0.399630909375 0.508445109375 0.379317378125 0.453093684375 0.1406830203125 0.41985225000000004 0.016982071874999997 0.4132735109375 0 0.37226700468749996 0
7 0.6135341375000001 0 0.5812524765625 0.029179228125 0.5486394421874999 0.047887298437499996 0.49570761250000006 0.09182585625 0.48876028437499996 0.1002716484375 0.48271345937500004 0.11555996406249999 0.4802419890625 0.127106503125 0.48236279531250004 0.13972242968749998 0.4940468796875 0.14335814687499998 0.512678290625 0.1385480703125 0.7012057703125001 0.0337832015625 0.7231516453125 0.0162505890625 0.7351840390625 0 0.6135341375000001 0
7 0.6123562875 0.357085134375 0.612354884375 0.375153540625 0.615522071875 0.3875557 0.6317703796874999 0.3792173421875 0.6712451749999999 0.331001484375 0.700110325 0.2919796125 0.7335691515625 0.23595872343750002 0.771271 0.1871012859375 0.7804864125 0.166146721875 0.7810685109375 0.155989959375 0.7778143609375 0.14059421249999998 0.7504668734375 0.09900327812500001 0.7391601062500001 0.1023169703125 0.7257886375 0.11910166874999999 0.6986375296875 0.1688150015625 0.6608164609375 0.25584060625 0.6204678140625 0.3283258109375 0.6123562875 0.357085134375
7 0.5642832328125 0.3388002203125 0.5426838171874999 0.38637558906249997 0.5341655234375 0.413210440625 0.5327684828125 0.43758667500000004 0.53651636875 0.457900478125 0.5540410890625 0.48142245937499994 0.5658415921875 0.48302682187499996 0.5824686125 0.4635694640625 0.595114909375 0.4278610078125 0.6111640328125 0.364355196875 0.624221303125 0.2763659859375 0.6317857890624999 0.1804648625 0.6309147421875 0.1685973984375 0.623475084375 0.154056728125 0.615743671875 0.15362864062499998 0.61027894375 0.15876019375 0.6023708 0.188481746875 0.5925129765625 0.2477113578125 0.58440145 0.2764706796875 0.5642832328125 0.3388002203125