8 0.1224976171875 0.22008733593750002 0.1120114390625 0.19039301250000001 0.1024785515625 0.1772925765625 0.08722592968750001 0.1729257640625 0.0724499515625 0.1851528390625 0.0648236421875 0.198253275 0.061010485937500004 0.2235807859375 0.063870353125 0.261135371875 0.07102001875 0.2864628828125 0.0762631078125 0.29432314375 0.1067683515625 0.29519650625 0.1158245953125 0.28471615781250004 0.1210676828125 0.2672489078125 0.12392755 0.238427946875 0.1224976171875 0.22008733593750002
8 0.190181125 0.3362445421875 0.20114394687499998 0.32576419218749997 0.2087702578125 0.29868995625 0.21258341249999999 0.25502183437500003 0.2130600578125 0.2148471609375 0.20734032343750003 0.1930131 0.1978074359375 0.1799126640625 0.187797903125 0.1729257640625 0.170162059375 0.1711790390625 0.1634890375 0.1755458515625 0.1563393703125 0.18951964999999998 0.1539561484375 0.2 0.14918970468749998 0.24716157187499999 0.148236415625 0.30305676875 0.15061963750000001 0.31790392968750003 0.1558627265625 0.3336244546875 0.16110581562499998 0.339737990625 0.1668255484375 0.341484715625 0.1777883703125 0.3327510921875 0.18541468125 0.3371179046875 0.190181125 0.3362445421875
8 0.307435653125 0.2165938859375 0.307912296875 0.2026200875 0.31124880781250003 0.1860262015625 0.3102955203125 0.151965065625 0.30552907500000004 0.138864628125 0.2950428984375 0.12751091718750002 0.2702573875 0.12489082968750001 0.2488083890625 0.1318777296875 0.24022878906249998 0.146724890625 0.23450905625 0.1668122265625 0.2335557671875 0.1781659390625 0.23593898906250002 0.1956331875 0.23927550000000003 0.205240175 0.2640610109375 0.237554584375 0.27931363125 0.24192139687499997 0.29265967656249997 0.239301309375 0.3017159203125 0.23144104843750002 0.307435653125 0.2165938859375
8 0.334604384375 0.40087336249999994 0.34032411875 0.37729257656250004 0.3441372734375 0.345851528125 0.3436606296875 0.2829694328125 0.33841754062499996 0.2628820953125 0.329837940625 0.252401746875 0.3217349859375 0.24978165937500002 0.29742612031250004 0.252401746875 0.2874165875 0.2724890828125 0.2864632984375 0.30218340625 0.2840800765625 0.31790392968750003 0.2840800765625 0.3737991265625 0.28693994218749996 0.3930131 0.2912297421875 0.4043668125 0.2955195421875 0.4069869 0.31077216406249997 0.4043668125 0.3179218296875 0.41135371249999997 0.325548140625 0.41135371249999997 0.334604384375 0.40087336249999994
1 0.46234509062500007 0.239301309375 0.462821734375 0.2262008734375 0.45471877968749996 0.19650655 0.43851286875 0.1650655015625 0.42278360312499996 0.145851528125 0.39323164843749997 0.1222707421875 0.3679694953125 0.1126637546875 0.352240228125 0.1135371171875 0.346997140625 0.1179039296875 0.34270734062499997 0.1266375546875 0.34270734062499997 0.137991265625 0.3479504296875 0.153711790625 0.37464251718749997 0.1676855890625 0.3946615828125 0.18340611406250001 0.42897998125000003 0.22882096093749998 0.44613917968749994 0.243668121875 0.4590085796875 0.24716157187499999 0.46234509062500007 0.239301309375
1 0.5128694 0.20698690000000003 0.51334604375 0.159825328125 0.5076263109375 0.09781659375 0.5019065781250001 0.0698689953125 0.4904671109375 0.052401746875 0.48331744531250004 0.051528384375 0.4785510015625 0.055895196875 0.4747378453125 0.0646288203125 0.4728312671875 0.0768558953125 0.4728312671875 0.09694323125 0.47807435624999994 0.1344978171875 0.4861773125 0.2340611359375 0.48951382343749994 0.248034934375 0.493326978125 0.25502183437500003 0.5019065781250001 0.256768559375 0.5095328890624999 0.24104803437500003 0.5128694 0.20698690000000003
1 0.6315538609375 0.11528384218750001 0.630600571875 0.10393013124999999 0.6267874171875001 0.09519650625000001 0.61916110625 0.08995633125 0.61058150625 0.09257641875 0.5967588171875 0.10917030624999999 0.555767396875 0.198253275 0.54861773125 0.2235807859375 0.54861773125 0.24192139687499997 0.551000953125 0.248908296875 0.5567206859375 0.254148471875 0.568636796875 0.24716157187499999 0.5834127734375001 0.2244541484375 0.6153479500000001 0.1668122265625 0.6267874171875001 0.141484715625 0.6315538609375 0.11528384218750001
1 0.6158245953125 0.0279475984375 0.6110581500000001 0.013100435937499998 0.5972354625 0.0078602625 0.5834127734375001 0.008733625 0.5347950421875 0.0209606984375 0.51763584375 0.0314410484375 0.5081029546875 0.045414846875 0.506673021875 0.060262009375 0.5095328890624999 0.0681222703125 0.5181124875 0.0751091703125 0.5324118203125 0.0759825328125 0.59342230625 0.060262009375 0.6110581500000001 0.045414846875 0.61487130625 0.0366812234375 0.6158245953125 0.0279475984375
1 0.7040038125 0.255895196875 0.7040038125 0.22183406093750002 0.7001906578125 0.1938864625 0.6892278359375 0.149344978125 0.677311725 0.11615720468749999 0.6582459484375 0.0768558953125 0.6520495703125 0.0707423578125 0.6453765484375 0.0698689953125 0.6420400374999999 0.07248908281250001 0.639180171875 0.0864628828125 0.639180171875 0.10305676875 0.6491897046874999 0.158078603125 0.6715919921875 0.259388646875 0.6854146812499999 0.2812227078125 0.692087703125 0.28558952031249996 0.696377503125 0.2829694328125 0.701143946875 0.2742358078125 0.7040038125 0.255895196875
1 0.7087702578124999 0.3336244546875 0.6897044796875 0.29170305625 0.6720686375 0.26550218281250004 0.6468064828125 0.239301309375 0.63250715 0.2323144109375 0.6220209718749999 0.2349344984375 0.6172545281249999 0.242794759375 0.6134413734375 0.255895196875 0.6163012390625 0.2786026203125 0.6258341281249999 0.29606986874999996 0.665872259375 0.3336244546875 0.690181125 0.3720524015625 0.7025738796875001 0.37729257656250004 0.7116301234375 0.3703056765625 0.7116301234375 0.348471615625 0.7087702578124999 0.3336244546875
1 0.8298379406249999 0.161572053125 0.8212583406249999 0.144104803125 0.8102955203125 0.1353711796875 0.767397521875 0.12751091718750002 0.7469018109375 0.1301310046875 0.7330791234375 0.13711790468750001 0.7202097234375 0.15283842812499998 0.714966634375 0.1650655015625 0.714489990625 0.1781659390625 0.718779790625 0.187772925 0.7440419453125 0.1921397375 0.7612011437499999 0.187772925 0.814108675 0.18427947656250002 0.822688275 0.1781659390625 0.8298379406249999 0.1659388640625 0.8298379406249999 0.161572053125
10 0.8684461390625 0.29781659375 0.87130600625 0.2689956328125 0.8641563390625 0.2340611359375 0.8531935171875 0.2096069875 0.8379408953124999 0.1938864625 0.8236415640624999 0.19126637500000002 0.8126787421874999 0.198253275 0.7959961875 0.23056768593750002 0.79218303125 0.24978165937500002 0.7917063875 0.2733624453125 0.79647283125 0.29694323125 0.8064823640625001 0.3135371171875 0.816015253125 0.3222707421875 0.829361296875 0.32925764218750003 0.8527168734374999 0.32751091718750003 0.86272640625 0.3144104796875 0.8684461390625 0.29781659375
10 0.9480457578125 0.4157205234375 0.9451858906249999 0.3650655015625 0.9408960921875 0.344978165625 0.9280266921875 0.32576419218749997 0.9151572921875 0.31790392968750003 0.9018112484374999 0.31790392968750003 0.8870352718750001 0.32576419218749997 0.8813155390625 0.3327510921875 0.87559580625 0.346724890625 0.8693994281249999 0.3956331875 0.868922784375 0.4192139734375 0.8727359390625 0.43056768593749994 0.8856053390625 0.449781659375 0.9037178265625 0.46113537187500003 0.9194470921875 0.462008734375 0.9366062921875 0.450655021875 0.9437559578125001 0.43930130937499995 0.9480457578125 0.4157205234375
10 0.814108675 0.4820960703125 0.820781696875 0.448034934375 0.8222116296875001 0.4192139734375 0.8174451859375 0.3930131 0.8079122968749999 0.3755458515625 0.7931363203124999 0.36768558906250004 0.763584365625 0.3668122265625 0.7478551 0.3790393015625 0.7426120109375 0.38951965 0.7392755 0.4043668125 0.7392755 0.43056768593749994 0.7440419453125 0.4628820953125 0.7478551 0.4759825328125 0.7597712109375 0.49344978125 0.7645376546875 0.49694323125000006 0.7983794093750001 0.50043668125 0.8060057203125 0.49606986875 0.814108675 0.4820960703125
10 0.8994280265624999 0.6541484718749999 0.90228789375 0.6305676859375 0.899904671875 0.5991266375000001 0.8879885609375 0.5685589515625 0.8722592953125 0.5519650656249999 0.8579599625000001 0.544978165625 0.8398474734375 0.548471615625 0.825548140625 0.5685589515625 0.8183984750000001 0.5851528390625 0.8150619640625001 0.6008733625 0.814108675 0.6227074234375001 0.8193517640625 0.659388646875 0.8298379406249999 0.6812227078124999 0.8412774078125 0.69170305625 0.8551000953125 0.69606986875 0.8770257390625 0.69257641875 0.8922783609374999 0.6777292578125 0.8994280265624999 0.6541484718749999
10 0.9809342234375 0.594759825 0.9871306000000001 0.5694323140625001 0.9876072453125 0.544104803125 0.9837940890624999 0.5144104796875 0.9694947562499999 0.48908296875 0.9580552906250001 0.4803493453125 0.9408960921875 0.4786026203125 0.9246901812500001 0.48908296875 0.9122974265625 0.51091703125 0.9065776937500001 0.5353711796875 0.9056244046874999 0.5720524015625 0.9075309812500001 0.58951965 0.91182078125 0.6043668125 0.9232602484375001 0.6227074234375001 0.938036225 0.6340611359375 0.9528122015625 0.6349344984374999 0.9661582453124999 0.6262008734375 0.9809342234375 0.594759825
10 0.9837940890624999 0.8139737984375 0.992850334375 0.7799126640625 0.993326978125 0.751965065625 0.9880838890625 0.7257641921875 0.975691134375 0.70480349375 0.9590085796875 0.69257641875 0.9394661578125 0.69082969375 0.9270734031250001 0.7013100437500001 0.9175405140624999 0.7179039296874999 0.9113441375000001 0.743231440625 0.9103908484375 0.7711790390625 0.9161105812500001 0.80349345 0.9242135359375 0.8218340609375 0.931363203125 0.8305676859375 0.9423260250000001 0.8375545843750001 0.9604385125 0.838427946875 0.9752144906250001 0.8296943234375 0.9837940890624999 0.8139737984375
2 0.5271687328125 0.3729257640625 0.524308865625 0.349344978125 0.5181124875 0.32925764218750003 0.510962821875 0.3187772921875 0.502383221875 0.3135371171875 0.4914204 0.3135371171875 0.48284079999999996 0.3222707421875 0.4747378453125 0.340611353125 0.46854146874999997 0.36768558906250004 0.4690181125 0.3930131 0.4742612015625 0.4157205234375 0.48236415624999995 0.42794759843749997 0.4990467109375 0.43318777343750003 0.5095328890624999 0.42882096093750005 0.5171592 0.4183406109375 0.524785509375 0.3938864625 0.5271687328125 0.3729257640625
2 0.440419446875 0.42794759843749997 0.440419446875 0.405240175 0.43755958125000005 0.3860262015625 0.4275500484375 0.3641921390625 0.41706387031250003 0.35720524062500003 0.40324118281250004 0.356331878125 0.38894185000000003 0.3650655015625 0.3732125828125 0.391266375 0.369876071875 0.405240175 0.36939942812500004 0.445414846875 0.37178265 0.45414847187499996 0.38465205 0.47336244531249994 0.391325071875 0.47772925781250003 0.40657769374999997 0.47772925781250003 0.4242135359375 0.46462882031249997 0.436129646875 0.446288209375 0.440419446875 0.42794759843749997
2 0.690181125 0.455021834375 0.6911344140625 0.4349344984375 0.687797903125 0.41135371249999997 0.6820781703125001 0.3930131 0.6763584359375 0.3825327515625 0.6692087703125 0.3764192140625 0.6539561484374999 0.3746724890625 0.6406101046875 0.38340611406249997 0.630123928125 0.4 0.62440419375 0.4200873359375 0.62345090625 0.442794759375 0.6267874171875001 0.4637554578125 0.634890371875 0.4829694328125 0.64585319375 0.49432314374999997 0.6582459484375 0.49694323125000006 0.6711153484375 0.48908296875 0.681601525 0.4742358078125 0.690181125 0.455021834375
0 0.263107721875 0.9179039296875 0.267397521875 0.90305676875 0.26930409843750003 0.8829694328125001 0.2669208765625 0.8410480343750001 0.259294565625 0.8139737984375 0.2478551 0.7886462875 0.22783603437500002 0.7685589515625 0.2130600578125 0.7703056765625 0.2006673015625 0.78951965 0.1954242140625 0.8165938859375 0.1954242140625 0.855021834375 0.19923736875 0.88820960625 0.20781696875 0.9161572046875 0.2135367015625 0.9266375546875001 0.2292659671875 0.940611353125 0.24022878906249998 0.9423580781249999 0.250238321875 0.9362445421875 0.263107721875 0.9179039296875
0 0.153002859375 0.8794759828125001 0.157292659375 0.838427946875 0.15014299375 0.8078602625 0.14251668281250002 0.7930131 0.1315538609375 0.7834061140624999 0.11487130625 0.7799126640625 0.09246901874999999 0.7921397375 0.0800762625 0.8061135374999999 0.06673021875 0.8305676859375 0.0586272640625 0.8532751093750001 0.0581506203125 0.8847161578125 0.07102001875 0.9248908296874999 0.0810295515625 0.9397379906250001 0.09008579531250001 0.944104803125 0.1010486171875 0.944104803125 0.12345090624999999 0.9318777296875 0.1444232609375 0.90131004375 0.153002859375 0.8794759828125001
0 0.1448999046875 0.6882096062499999 0.147759771875 0.6707423578125 0.1472831265625 0.644541484375 0.139656815625 0.6183406109375 0.1253574828125 0.5991266375000001 0.10772163906250001 0.5930131000000001 0.086272640625 0.59650655 0.0567206859375 0.6183406109375 0.04003813125 0.641048034375 0.03574833125 0.659388646875 0.037178265625 0.68908296875 0.046711153125 0.7135371171875 0.059580553125000005 0.7266375546875 0.0824594859375 0.7336244546875 0.103908484375 0.7327510921875 0.125834128125 0.7205240171875 0.139180171875 0.70393013125 0.1448999046875 0.6882096062499999
0 0.197330790625 0.551091703125 0.20352716875 0.5213973796875 0.201620590625 0.48908296875 0.1978074359375 0.4742358078125 0.18970447968749998 0.45589519687499996 0.17445185937500002 0.43318777343750003 0.1534795046875 0.4174672484375 0.13298379375 0.4174672484375 0.12059103906249999 0.43144104843750003 0.1120114390625 0.4628820953125 0.1120114390625 0.4812227078125 0.12011439531250001 0.5144104796875 0.13060057187500002 0.542358078125 0.1420400375 0.559825328125 0.1534795046875 0.5685589515625 0.17445185937500002 0.5711790390625 0.1849380359375 0.5659388640625 0.197330790625 0.551091703125
0 0.2755004765625 0.6541484718749999 0.2778836984375 0.6358078609375 0.2778836984375 0.6165938859375 0.27359389843750004 0.5921397374999999 0.26072449999999997 0.557205240625 0.2507149671875 0.540611353125 0.24261201093749998 0.5327510921874999 0.228312678125 0.5310043671875 0.21877979062500003 0.540611353125 0.20924690156249998 0.5633187765625001 0.20257387968749999 0.5938864625 0.20257387968749999 0.6279475984375 0.2087702578125 0.656768559375 0.21734985624999997 0.6768558953125 0.2292659671875 0.68995633125 0.245471878125 0.6943231437499999 0.259294565625 0.6855895203125 0.26930409843750003 0.6724890828125 0.2755004765625 0.6541484718749999
7 0.38465205 0.8951965062499999 0.3927550046875 0.8751091703125 0.40657769374999997 0.8646288203125 0.4061010484375 0.840174671875 0.4018112484375 0.8218340609375 0.37035271718749996 0.740611353125 0.34985700625 0.662008734375 0.3222116296875 0.5807860265625 0.3131553859375 0.5668122265625 0.3040991421875 0.5650655015625 0.30076263124999997 0.5676855890625 0.2959961875 0.5860262015625 0.2959961875 0.6026200875 0.2979027640625 0.6122270750000001 0.316015253125 0.6786026203125 0.33031458593749996 0.7537117906249999 0.3408007625 0.7956331875 0.36749285 0.8786026203124999 0.3727359390625 0.8873362453125001 0.38465205 0.8951965062499999
7 0.5224022875000001 0.5353711796875 0.5219256437500001 0.5135371171875 0.5142993328125 0.50655021875 0.5038131546875 0.5100436687500001 0.4904671109375 0.5248908296875 0.4723546234375 0.5528384281250001 0.444709246875 0.5720524015625 0.42040038125 0.5956331875 0.3841754046875 0.637554584375 0.37559580625 0.6515283843749999 0.37035271718749996 0.6663755453125 0.37130600625 0.6873362453125 0.38274547187499997 0.7135371171875 0.395614871875 0.7135371171875 0.4113441375 0.70043668125 0.4690181125 0.6244541484374999 0.49428026718750007 0.59650655 0.519542421875 0.547598253125 0.5224022875000001 0.5353711796875
7 0.5338417546875001 0.8 0.538131553125 0.5825327515625001 0.533365109375 0.5650655015625 0.529075309375 0.5659388640625 0.5252621546875 0.5729257640625 0.5190657765625 0.5956331875 0.498093421875 0.7868995640625001 0.484270734375 0.8698689953125 0.48474737812499996 0.9135371171875001 0.4904671109375 0.9432314406250001 0.493803621875 0.947598253125 0.5033365109375 0.945851528125 0.5171592 0.9545851531249999 0.5233555765625 0.9397379906250001 0.5276453765625 0.9135371171875001 0.5338417546875001 0.8
7 0.7845567203125 0.9379912656249999 0.8007626312499999 0.938864628125 0.8112488078125001 0.9283842796874999 0.8155386078125 0.90567685625 0.8145853187500001 0.88908296875 0.8083889421875 0.8742358078124999 0.7926596765625 0.860262009375 0.7702573875 0.8489082968749999 0.5862726406250001 0.791266375 0.569113440625 0.7903930124999999 0.559580553125 0.7956331875 0.560057196875 0.8069869000000001 0.564346996875 0.8165938859375 0.5724499515625 0.8288209609375 0.5800762625 0.8349344984375 0.634413728125 0.8637554578125 0.6663489031250001 0.8742358078124999 0.7573879890625 0.9275109171875 0.7845567203125 0.9379912656249999
7 0.801239275 0.7834061140624999 0.8174451859375 0.742358078125 0.8174451859375 0.7283842796875 0.8150619640625001 0.7196506546875 0.803145853125 0.70305676875 0.7612011437499999 0.6672489078125 0.72163965625 0.6244541484374999 0.6892278359375 0.5956331875 0.64585319375 0.560698690625 0.630123928125 0.556331878125 0.6296472828125 0.5676855890625 0.63298379375 0.5834061140625 0.6453765484375 0.6069869 0.6939942796875 0.6628820953125001 0.74308865625 0.7318777296875 0.7759771203125 0.7703056765625 0.7907530984375 0.7825327515625 0.801239275 0.7834061140624999
7 0.6677788375 0.7563318781249999 0.6734985703125 0.759825328125 0.6801715921875 0.758078603125 0.683984746875 0.744104803125 0.6825548140625 0.7336244546875 0.6582459484375 0.6515283843749999 0.630600571875 0.5772925765625 0.6048617734375 0.5248908296875 0.5872259296875 0.49606986875 0.569113440625 0.4820960703125 0.5591039078125 0.48558952031249997 0.5481410875 0.5091703062499999 0.54861773125 0.5275109171875 0.5543374640625001 0.548471615625 0.56673021875 0.5703056765625 0.5943755953125 0.6078602625 0.62345090625 0.6585152843750001 0.6358436609375 0.6820960703125001 0.65538608125 0.7318777296875 0.6677788375 0.7563318781249999