8 0.1738504359375 0.9425697453125 0.21332681406249998 0.9388389796875 0.24039130156250002 0.930875259375 0.2490460078125 0.9252482140625 0.2525344828125 0.8934010078125001 0.242349975 0.8841599078125 0.2245439515625 0.8790364640625 0.194674971875 0.8766254765625 0.17539300156249998 0.8784821796875001 0.143484565625 0.8900141140625 0.1289929703125 0.900221425 0.12314275937500001 0.9162231734375 0.1346691375 0.9313976359374999 0.14771171249999998 0.939094615625 0.1738504359375 0.9425697453125
8 0.3024629578125 0.805550096875 0.2924394546875 0.7943196359375 0.26479785625 0.7869005046875001 0.2194979125 0.78379005 0.17756597031250002 0.7840915234375 0.1542719921875 0.7904937578125 0.1397803984375 0.800701065625 0.13163562499999998 0.8112841562499999 0.12832147656249998 0.8297205140624999 0.1323201640625 0.8365964671875 0.146315428125 0.8437787390624999 0.15706344218749999 0.8460570578125 0.205932640625 0.8500927359375 0.2642482328125 0.8499760234375 0.279960946875 0.8471941031249999 0.2968276015625 0.84141076875 0.3036574328125 0.83581845625 0.3059653171875 0.829815628125 0.2977666875 0.8185504359375001 0.302972890625 0.810506146875 0.3024629578125 0.805550096875
8 0.1200814796875 0.6838842125 0.10599239062500002 0.6891181093750001 0.0932451734375 0.70028536875 0.0884148265625 0.7261992140625 0.0939030640625 0.748440646875 0.108690015625 0.757097578125 0.12919310625 0.7626662671875 0.140974309375 0.7634352 0.159424340625 0.76060118125 0.169742925 0.7569287734375 0.20559619375 0.7304244984375 0.21144640625000002 0.7144227515625 0.209836103125 0.7005492906249999 0.20238891250000002 0.6912560953125 0.1873604578125 0.6855832140625 0.1728016859375 0.6853637203125 0.1557471 0.6822122765625 0.1200814796875 0.6838842125
8 0.32550071406250003 0.6447178375 0.259764859375 0.64646549375 0.23833600625 0.65233565625 0.2266622296875 0.661496184375 0.2232406546875 0.6700030828125 0.22392519375000003 0.69531539375 0.244066028125 0.7053601546875 0.27500844999999996 0.7057644078124999 0.29123109999999997 0.7079385375 0.3496271921875 0.70682714375 0.36994235 0.7034610546875 0.38216631093750003 0.6987592312500001 0.3852658828125 0.6942310640625 0.38381658281250003 0.6783682375 0.3917198546875 0.67076919375 0.3923638625 0.6628117312499999 0.3821793546875 0.6535706359375 0.3580265109375 0.6480714078124999 0.32550071406250003 0.6447178375
1 0.1445954625 0.5498389203125 0.12319353749999999 0.566633225 0.0960621515625 0.5979372546875 0.0838920453125 0.6244873625 0.083476215625 0.6408822625 0.0875956546875 0.6462661875 0.0963577890625 0.650568603125 0.10821949374999999 0.6503428515625 0.12508615 0.6445595187500001 0.14193920468750001 0.6164305578125 0.16005362812499999 0.59522964375 0.2103984921875 0.5585180624999999 0.22735897500000002 0.5403185625 0.23209549375 0.5268208859375 0.22416529999999998 0.5234957859375 0.21051896406249998 0.523258928125 0.17881178125 0.5323041578125001 0.1445954625 0.5498389203125
1 0.0312781453125 0.49786886875 0.02976195 0.5053463546875 0.033921640625 0.5102329390625 0.042724025 0.5140380140625 0.05533716875 0.5157842625 0.0763232640625 0.5153848562500001 0.11600089531249999 0.509167384375 0.2207031921875 0.49873291406250003 0.23558396875 0.4949736765625 0.243205484375 0.4908560203125 0.245754871875 0.4818691453125 0.22997498125 0.47422426562500003 0.194671615625 0.4714201328125 0.1454401625 0.47186052656250005 0.0801739921875 0.47906157499999996 0.0504929390625 0.485585365625 0.0312781453125 0.49786886875
1 0.09956255 0.385833 0.189169775 0.42683306875 0.215026746875 0.4337895875 0.23418796406250003 0.43342491250000004 0.24168872812500003 0.43079928125 0.24764636874999998 0.42472699374999995 0.24135312031249997 0.412432384375 0.218877475 0.39746630625 0.1613532921875 0.3652905640625 0.1358585765625 0.3538579734375 0.1088879125 0.349405525 0.09694570625 0.3506259578125 0.08749931250000001 0.35477834375 0.0813806703125 0.36283999843750003 0.0833934765625 0.3717400453125 0.09956255 0.385833
1 0 0.4395820078125 0.002173646875 0.45224128593749996 0.0116738953125 0.4699371859375 0.025467904687499997 0.4796061640625 0.0408586171875 0.48080297656250004 0.049312071875 0.47766263750000004 0.057336090625 0.4685715703125 0.0594560484375 0.453633965625 0.0481842171875 0.390286859375 0.034162025 0.3721804421875 0.0253596390625 0.36837536875 0.01631575 0.3675543390625 0.000401784375 0.37282296718749997 0 0.3737017453125 0 0.4395820078125
1 0.149343346875 0.28854997187500003 0.11366440468750001 0.3016433953125 0.07099463125 0.322318496875 0.0640843015625 0.328905490625 0.0626083546875 0.33588563437499996 0.0650639171875 0.3393149265625 0.07942143593749999 0.3420211265625 0.0967577765625 0.34169118125 0.155086690625 0.3301529890625 0.26282138437499997 0.3047635453125 0.2867996234375 0.289906509375 0.29192532656250003 0.282856903125 0.2895502640625 0.278432928125 0.2808283796875 0.2736331703125 0.2619086640625 0.2710138 0.2263235453125 0.27169105312499997 0.19680349531250002 0.2762254796875 0.149343346875 0.28854997187500003
1 0.23308703749999998 0.356973275 0.24089648125 0.3617903984375 0.2542610609375 0.36550864843749997 0.278225978125 0.3620730953125 0.297279765625 0.351778959375 0.3398956859375 0.3092555703125 0.382095778125 0.2831270828125 0.388616928125 0.270092015625 0.38208217499999997 0.26078145625000004 0.35927120156250003 0.2612155921875 0.3435182359375 0.264494853125 0.2981111453125 0.28522205 0.26924870625 0.30414464531249996 0.239742259375 0.33102470156249997 0.23123523281249997 0.3460838625 0.23308703749999998 0.356973275
1 0.140272253125 0.24303769062499997 0.1556093875 0.256153325 0.167940778125 0.2613809625 0.1815871109375 0.2616178203125 0.1919861953125 0.25695072812499997 0.1986816671875 0.2305048109375 0.19556849375000002 0.2126873515625 0.1963865484375 0.1575519296875 0.190723984375 0.14872134374999998 0.1785536 0.14150434218750002 0.17399140468750002 0.1415911703125 0.155018115625 0.150890625 0.1449679640625 0.162503128125 0.13313346406249998 0.2074201359375 0.13414000625 0.228753715625 0.140272253125 0.24303769062499997
10 0.208435903125 0.1324938421875 0.204491071875 0.1474661796875 0.2108648203125 0.15876610468750002 0.24321628906249998 0.1755305265625 0.2629679453125 0.179127215625 0.2875635453125 0.17915568906249998 0.3126019 0.17371340468750002 0.330783503125 0.16293929375 0.340712903125 0.1528188109375 0.349139428125 0.13875433125 0.349286828125 0.11441933906249999 0.33644550624999997 0.1042356546875 0.319592171875 0.098597503125 0.2897231921875 0.096186515625 0.252621875 0.1043412578125 0.22614782187500002 0.11626634375 0.208435903125 0.1324938421875
10 0.3538215375 0.03587414375 0.344522821875 0.0494586484375 0.3433958078125 0.0633842046875 0.350359990625 0.07864549531250001 0.3571764953125 0.08447466718749999 0.3712925125 0.090164915625 0.42186583281249995 0.0956578828125 0.4464614359375 0.0956863546875 0.458645146875 0.091481871875 0.4798055671875 0.0776716171875 0.49319679531249994 0.058546893749999995 0.4954375 0.042117265625 0.485024815625 0.02443873125 0.47376686718750005 0.0172043625 0.4494932703125 0.013197160937499999 0.3963303078125 0.0171884078125 0.374981959375 0.0220638890625 0.3538215375 0.03587414375
10 0.4147412078125 0.14992018125 0.3956874203125 0.160214315625 0.3862277 0.1757881890625 0.382819728125 0.2066407125 0.39426560624999996 0.2228098609375 0.40477211718749995 0.22807222968750002 0.42000182500000005 0.2312584046875 0.44737499375 0.23073743750000003 0.48153773906249997 0.22512150156250002 0.495546328125 0.2208822875 0.5148013687499999 0.2081014453125 0.5188536312500001 0.2030585703125 0.5253611765625 0.1676778734375 0.521442990625 0.1598072421875 0.5075282265625 0.15163028750000002 0.47250661562499996 0.14534476406250002 0.4425168828125 0.1444258015625 0.4147412078125 0.14992018125
10 0.6040985156249999 0.0728232 0.5854339078125 0.0895654078125 0.5769268796875 0.10462457031250001 0.579047115625 0.1234540765625 0.5988256953125 0.1379749109375 0.6155582749999999 0.1451050859375 0.631700425 0.1482738953125 0.6544308953125 0.148834440625 0.6931960875 0.1426343328125 0.716892571875 0.1312586875 0.7288078546875 0.11911411093749999 0.7345373140625 0.104604384375 0.7327390828125 0.0817961453125 0.7185156375 0.06617643749999999 0.6944835453125 0.0591851875 0.6700891984374999 0.0566700078125 0.6370401421875 0.059781871875 0.6040985156249999 0.0728232
10 0.5190821640625 0 0.5178590140625 0.0014679453125 0.514585115625 0.0194069640625 0.5241658640625 0.036108179687500006 0.5459303234374999 0.048604915625 0.5709956078125 0.054086778125 0.609237540625 0.054352109375 0.6276473234375 0.0520154328125 0.6435210390625 0.0472441484375 0.663648271875 0.03494328125 0.67675774375 0.0192999484375 0.67891795 0.0038650015625 0.6766702703125 0 0.5190821640625 0
10 0.739024753125 0 0.736187025 0.016679165625 0.746089778125 0.029401653125 0.762621109375 0.0390185359375 0.78855858125 0.044980371875 0.8176761265625 0.0454193578125 0.8519193734374999 0.0388087390625 0.8717648484374999 0.029989259375 0.881492996875 0.022355484375 0.8897182718750001 0.0107777109375 0.8911095953125001 0 0.739024753125 0
2 0.3051036546875 0.4802430453125 0.3041778921875 0.491681896875 0.312577771875 0.500460384375 0.3310547296875 0.5085505109375 0.358817078125 0.5144776171875 0.3853180578125 0.513476678125 0.4094842265625 0.5075544187500001 0.42294263125000003 0.4988564984375 0.4298260359375 0.481345359375 0.426149353125 0.4704906796875 0.41584409375 0.462741603125 0.3909398125 0.455270378125 0.36924252968750004 0.45320044375 0.34436517499999997 0.4566533609375 0.32285582343749997 0.46351820468750005 0.311302796875 0.47118670937499996 0.3051036546875 0.4802430453125
2 0.3435207515625 0.5683988656250001 0.3414410484375 0.582839128125 0.349357921875 0.5975857125 0.37540282187499996 0.613477009375 0.3897200890625 0.6166805515625 0.43165203124999996 0.6163790765625 0.4409776734375 0.6137187171875 0.46213809531249994 0.599908459375 0.4672637984375 0.592858853125 0.4685518125 0.57694393125 0.45635450000000005 0.5588027859375 0.43819954843750003 0.5467339296875 0.41940058437500005 0.5426225328125 0.3956771703125 0.5430740359375 0.3753620109375 0.5464401249999999 0.351705775 0.5573184312499999 0.3435207515625 0.5683988656250001
2 0.40331005312499996 0.2911651109375 0.39187778125 0.29734159375 0.38488695 0.3049232734375 0.38177405468750003 0.32087292500000003 0.389771428125 0.3346248265625 0.40622225468749995 0.3452363890625 0.4267253453125 0.350805078125 0.45036825468749997 0.351348259375 0.47254854375 0.34745009531250004 0.4933064625 0.3386132546875 0.5060939296875 0.3269486515625 0.5098777609375 0.31396568125 0.5027525749999999 0.30069375468750004 0.4881266234375 0.2900474609375 0.468777478125 0.2814773578125 0.44787188125000005 0.2808820828125 0.422954278125 0.284832340625 0.40331005312499996 0.2911651109375
0 0.8363330031249999 0.715440878125 0.8074033875 0.7239366703125001 0.7799766453125 0.7363764625 0.7573000265625 0.7576642046875001 0.7578771359375 0.7730470546875 0.7769042796875001 0.7855958875 0.8047471312500001 0.790528309375 0.84489444375 0.7897642265625 0.8798891265625001 0.78512560625 0.9098116859375001 0.7756177656250001 0.9212439578125 0.769441284375 0.9371712499999999 0.7527511734375001 0.9399218906250001 0.7412775921875 0.934380078125 0.7309549843750001 0.916305625 0.7178914437499999 0.90115641875 0.7137105859374999 0.880331325 0.712120628125 0.8363330031249999 0.715440878125
0 0.77564346875 0.8462020625 0.7646808765625 0.8578319328124999 0.7596223515625 0.875308340625 0.7705047203125 0.8984402656249999 0.78405723125 0.9110932921874999 0.80847850625 0.9245326140625 0.8315176578125 0.9325359125 0.8643252109375 0.9324080968749999 0.907384165625 0.918181065625 0.923740890625 0.9074416843750001 0.9290678453125001 0.8979053718750001 0.9299936093750001 0.886466521875 0.9191112374999999 0.8633345984374999 0.8889468984375 0.842059375 0.8668604375 0.83354136875 0.8243380609375001 0.8298814765625 0.7917989390625 0.8379493890624999 0.77564346875 0.8462020625
0 0.5929141765625 0.852659215625 0.5716330046875 0.8679614953125 0.5637566609375 0.8864846828124999 0.56559514375 0.9087955781250001 0.5859105828125 0.9391966 0.608225225 0.9561520437500001 0.627024190625 0.9602634406250001 0.6581678625 0.9581809890624999 0.684521165625 0.9477479265625 0.6992945140625 0.9340592296875 0.708526053125 0.9100479234375 0.7094248875 0.8876849296874999 0.6985022671875 0.8650503468749999 0.6822929421875 0.851454734375 0.6663520484375 0.8457992187500001 0.648344775 0.84316248125 0.6209313546875 0.8441807875 0.5929141765625 0.852659215625
0 0.44727231874999995 0.7948488859375 0.42742684375 0.8036683640625 0.4024154125 0.8200347906250001 0.3842204890625 0.8422303843750001 0.382489715625 0.8636160609375001 0.3960422234375 0.8762690859375001 0.42816551562500005 0.8845960734375 0.4473267328125 0.8842313953125001 0.48268367031250003 0.8751167046875 0.5127672296875 0.8636194984375001 0.531982021875 0.8513359984375001 0.5420724234375001 0.8392261515625 0.5465807640625 0.8172910359375001 0.5419916437500001 0.8064537218750001 0.5275266953125 0.7938180609375001 0.4970270296875 0.787943053125 0.46310578593749996 0.7905749421875 0.44727231874999995 0.7948488859375
0 0.6027619578125 0.7084649671875 0.5768514140625001 0.7134272734375 0.539267090625 0.7275501078125 0.5210854890625 0.7383242234375 0.5121892796874999 0.7469353125 0.5091568843750001 0.7618902828125 0.5183887031250001 0.771646090625 0.5413071046875 0.7811414125 0.572678959375 0.7874963984375001 0.608264078125 0.7868191421875 0.6388978203125 0.7797806421875 0.6606084265625001 0.7704290921875 0.6753012734375 0.757735078125 0.6812319875 0.74073864375 0.6732748625 0.726489403125 0.6604335406249999 0.7163057187499999 0.641795578125 0.71020495625 0.6228356140625 0.708082925 0.6027619578125 0.7084649671875
7 0.8825442656250001 0.58346551875 0.8727622625 0.56925100625 0.8471737234375001 0.5702345828125 0.8276502515624999 0.57507533125 0.74013689375 0.6095148499999999 0.6562866171875 0.6324634234375 0.5690952625000001 0.6629242109375 0.5537314796875 0.6726515453124999 0.5511418406249999 0.682135759375 0.5535974046875001 0.6855650515625 0.5723561171875 0.6901737906250001 0.5896924546875 0.689843846875 0.5998902859374999 0.6876634578124999 0.6707651671875 0.6674447109375 0.7504424296875001 0.6510310375 0.7951250109375 0.639255984375 0.8840607421875 0.609755146875 0.8936278874999999 0.6041107375 0.9028461015625 0.5915209140625 0.8825442656250001 0.58346551875
7 0.5077589234375 0.463971734375 0.510523165625 0.47484378281249995 0.5249076125000001 0.4884741234375 0.552576140625 0.506817396875 0.5703152640625 0.5352811515625 0.5928983375 0.5601766875 0.6336363656249999 0.597141084375 0.6475108781250001 0.605815378125 0.662579584375 0.6109909203125 0.68455861875 0.6095794640625 0.7128978 0.59712230625 0.7139845640625 0.583694090625 0.7016262484375 0.5675423109375 0.627114378125 0.5088748140625 0.6000496109375 0.48307142187499996 0.551086309375 0.4576848 0.5385536671875 0.45494387031250005 0.51570244375 0.4558753484375 0.5077589234375 0.463971734375
7 0.6012302 0.45722703750000004 0.799283303125 0.475307009375 0.8847977374999999 0.48808017968749995 0.9304599343750001 0.4867145640625 0.961965865625 0.480156040625 0.9668098140625 0.4765878234375 0.965789946875 0.4666757296875 0.976081603125 0.45207917656249996 0.9610933968750001 0.445908953125 0.934082484375 0.441953846875 0.815988678125 0.43774592500000004 0.5891536375 0.43759387031249997 0.5705023546875 0.44291459375000003 0.5710525375 0.44737330000000003 0.57803004375 0.4512131046875 0.6012302 0.45722703750000004
7 0.9735430203125001 0.1457405546875 0.9501818640625 0.1417159890625 0.932765021875 0.14304061562499998 0.916730303125 0.1498012671875 0.9008030124999999 0.16649137812499998 0.8870495296875 0.1900921703125 0.8112918484374999 0.3832120375 0.8089303921875001 0.40113369062500004 0.8136000125 0.41097632500000003 0.8255019703125 0.41025323125 0.835901053125 0.4055861375 0.8493594578125 0.39688822031250004 0.8563905390625 0.38880919999999997 0.891089584375 0.331539228125 0.9047356421874999 0.298008975 0.9680822687499999 0.2019574890625 0.98132581875 0.1734006484375 0.9836067765625 0.15647367968749998 0.9735430203125001 0.1457405546875
7 0.75579211875 0.145912184375 0.737449515625 0.1586756625 0.696497471875 0.2031536828125 0.64844716875 0.2452839234375 0.6155996453125 0.2796761921875 0.5754392890625 0.3256288734375 0.5695488265625 0.3421279609375 0.58137028125 0.3423995515625 0.598075934375 0.338605584375 0.6237583015625 0.325205840625 0.68625995 0.273365634375 0.76248843125 0.22076760312500002 0.8054130328125 0.185686971875 0.8194349437499999 0.170026271875 0.8212328953125001 0.1590673984375 0.7797167828125 0.142973975 0.7651177609375 0.1432518234375 0.75579211875 0.145912184375
7 0.7858098953125 0.2928237375 0.7845485265625001 0.285895690625 0.7702715078125 0.282194809375 0.759201490625 0.2838952203125 0.6713794515625 0.310891984375 0.591487609375 0.34121385000000004 0.5345677453125 0.3691122109375 0.5029679890625001 0.38808690156250003 0.486839446875 0.40726371875 0.48964394218749996 0.417638425 0.513354028125 0.428608403125 0.5325554984374999 0.42774638749999994 0.5549370375 0.42136151875000005 0.578794525 0.4079965078125 0.62036393125 0.37840399687500004 0.6757406734375 0.3470589765625 0.7014230390625 0.33365923125 0.75508233125 0.3122784046875 0.781677134375 0.2988612953125 0.7858098953125 0.2928237375