8 0.041192240625 0.2261873 0.0449110078125 0.2654351546875 0.0528491234375 0.2921832484375 0.0584580734375 0.300645765625 0.090202878125 0.30318283749999997 0.09941426406250001 0.29275581562499997 0.1045212328125 0.2748517734375 0.1069244671875 0.2450010625 0.1050737375 0.22583173125 0.09357888125 0.19435963125 0.0834043921875 0.18021304375 0.06745409531249999 0.17485314375 0.052328426562499995 0.1867933234375 0.044656196875 0.20002422812499998 0.041192240625 0.2261873
8 0.17777130937500002 0.35036608281250003 0.1889656609375 0.3400408015625 0.19636093593749998 0.31226282968749997 0.1994613875 0.26700673125 0.19916088437499999 0.22520935 0.19277923749999998 0.20217433125 0.18260475 0.1880277453125 0.1720556875 0.1802200640625 0.153678609375 0.1774605609375 0.14682476718749998 0.1816504203125 0.13966558906249998 0.195815953125 0.1373945953125 0.20659907500000002 0.1333718953125 0.25544106875 0.13348823125 0.31357846562499997 0.1362612078125 0.3291619 0.142025946875 0.3458071421875 0.14760027656250002 0.352451278125 0.153583803125 0.3545748875 0.1648127734375 0.34606798906249997 0.1728311953125 0.3510209171875 0.17777130937500002 0.35036608281250003
8 0.2990459859375 0.1649364203125 0.29382891718750004 0.1510441890625 0.28269756562500004 0.13866511406249998 0.25686704374999997 0.134614884375 0.23469712656250002 0.1407438140625 0.22606803125 0.1557422328125 0.22051724843749998 0.1763484140625 0.21975078906249998 0.1881170328125 0.2225756953125 0.20642804374999998 0.22623629531249997 0.216607203125 0.252655346875 0.25156994843749997 0.2686056421875 0.256929846875 0.28243449374999996 0.25491446875 0.2916978078125 0.2472150203125 0.297352446875 0.232063990625 0.297571234375 0.21754235937500002 0.3007125453125 0.200445765625 0.2990459859375 0.1649364203125
8 0.3380864234375 0.3685829015625 0.3363443859375 0.3030956640625 0.3304931 0.2819044640625 0.3213620265625 0.2705363234375 0.31288248125 0.2673763421875 0.2876515609375 0.26880670156250003 0.277639096875 0.2891839609375 0.2772361421875 0.32004560625 0.27506900624999997 0.336283878125 0.27617682499999996 0.3944721453125 0.279532090625 0.414626975 0.2842187953125 0.4266753859375 0.2887324046875 0.42963188125 0.3045442234375 0.42771824687500004 0.312118834375 0.43537331718749994 0.320050709375 0.4357802859375 0.329262090625 0.4253532625 0.3347436359375 0.401110315625 0.3380864234375 0.3685829015625
1 0.43266026562500004 0.1854164828125 0.41591996093750006 0.1645748875 0.3847165875 0.138449703125 0.3582518484375 0.12710050625 0.34190966562499997 0.127170321875 0.3365430515625 0.1314364890625 0.33225446875000003 0.1402994859375 0.3324794953125 0.1521189765625 0.3382442328125 0.1687642171875 0.366282746875 0.1847356796875 0.38741549218750004 0.20216942656249998 0.4240090296875 0.251278759375 0.442150009375 0.2676507015625 0.4556042859375 0.271974228125 0.45891869375 0.2639695546875 0.459154790625 0.2503571140625 0.4501386453125 0.219012190625 0.43266026562500004 0.1854164828125
1 0.484463209375 0.07090323750000001 0.47700976562499997 0.0696125125 0.47213889531250003 0.073904115625 0.468346053125 0.082792546875 0.46660542187500004 0.0954194875 0.46700354375 0.116330896875 0.47320102343750003 0.15570593125 0.4836019421875 0.2597861875 0.4873490921875 0.2745113015625 0.491453509375 0.2819883203125 0.5004114859375 0.2842645453125 0.5080317859375 0.268306065625 0.510826903125 0.23302564062500003 0.5103879234375001 0.1839547234375 0.50321003125 0.1190968890625 0.49670721406249996 0.08969752812500001 0.484463209375 0.07090323750000001
1 0.596138834375 0.1356728421875 0.5552705984374999 0.22622292968750002 0.5483364484375 0.252207953125 0.5486999499999999 0.271300978125 0.5513171390625 0.278701690625 0.5573699000000001 0.28446206875 0.569624978125 0.27782442343749997 0.584542934375 0.2549739453125 0.6166152171875 0.19667148437499998 0.628011046875 0.17091538125 0.632449178125 0.1438939859375 0.6312326703125 0.13202362343750002 0.627093634375 0.1227282234375 0.6190579031250001 0.11686610156249999 0.610186471875 0.119135834375 0.596138834375 0.1356728421875
1 0.502667190625 0.06457082343750001 0.5014742265625001 0.0799507765625 0.50460446875 0.088286115625 0.5136663031250001 0.0960174890625 0.5285558796875 0.09768974999999999 0.591699296875 0.0845800609375 0.6097474921875 0.07006492187499999 0.6135403328125 0.061176490625 0.6143587203124999 0.052135443749999996 0.6091070328125 0.0364248296875 0.594626653125 0.0302320453125 0.5802674421875 0.030403604687500002 0.529944078125 0.040537853125 0.5123050796874999 0.0505324703125 0.502667190625 0.06457082343750001
1 0.6931090546875 0.182430171875 0.680057734375 0.1472449984375 0.6594491109375 0.1053139484375 0.652883296875 0.09861894375 0.645925596875 0.097353653125 0.64250733125 0.099903178125 0.639809834375 0.11429763125 0.6401387171875 0.1315722734375 0.6516398109375 0.18938549531249999 0.6769476156249999 0.2960472046875 0.6917568796875 0.3195146296875 0.6987838187500001 0.32441668749999997 0.7031935687499999 0.32191803281250003 0.7079778921875 0.3130804734375 0.7105888421875 0.2941400609375 0.709913765625 0.2586815859375 0.70539391875 0.22938396718749998 0.6931090546875 0.182430171875
1 0.6249057625 0.26794453281249997 0.620104128125 0.2758729015625 0.6163978359375 0.289307290625 0.6198223406250001 0.3130988890625 0.6300833765625 0.3317914328125 0.6724700343750001 0.37302326875 0.6985145078125 0.4143249203125 0.7115076609375001 0.420441396875 0.720788284375 0.413651140625 0.7203555421875001 0.3909213484375 0.7170868265625 0.3753124765625 0.696426275 0.3306538515625 0.677564525 0.30243698124999996 0.6507709 0.27381314375 0.6357601609375 0.2657765421875 0.6249057625 0.26794453281249997
1 0.738474996875 0.17204156718750002 0.7254015328125 0.18772025625 0.7201907046875 0.20016914687499998 0.7199546078125 0.21378158749999998 0.72460669375 0.2240116171875 0.750967575 0.2299056625 0.76872774375 0.2262753875 0.82368588125 0.22546197499999998 0.8324880718750001 0.219555475 0.8396818703125 0.2072083265625 0.8395953203125 0.20266236875 0.8303257671875001 0.18402069375000002 0.818750603125 0.1743437578125 0.7739780234375 0.163871825 0.7527130390625 0.16550566875 0.738474996875 0.17204156718750002
10 0.8486633953125 0.2367348640625 0.8337392015624999 0.233244221875 0.8224756093750001 0.2399327375 0.80576509375 0.272682578125 0.8021799703125 0.2924813125 0.8021515890625001 0.317004053125 0.807576371875 0.34180658125 0.818315840625 0.35961537187500003 0.8284037812499999 0.3692160015625 0.8424230359375 0.37720173125 0.8666797828125 0.3766296953125 0.876830721875 0.3635259703125 0.88245074375 0.3465565546875 0.884853978125 0.31670584375 0.8767254578125 0.2799566421875 0.8648387171874999 0.25391425624999997 0.8486633953125 0.2367348640625
10 0.9449724203125 0.3788301421875 0.931431596875 0.3699606546875 0.9175508171875 0.36924845781250004 0.9023385953125 0.3766426765625 0.89652816875 0.3836109828125 0.89085621875 0.3978528234375 0.8853809125 0.44843689218750005 0.8853525328125 0.4729596328125 0.8895434953124999 0.484982609375 0.9033093437499999 0.5056715875 0.9223725734375 0.5184576328125 0.938749371875 0.5202062015625 0.9563710640625 0.5093023921875 0.9635821703125 0.497864434375 0.9675764875 0.4735451796875 0.9635980734375 0.42065944999999993 0.9587382703125 0.399519121875 0.9449724203125 0.3788301421875
10 0.8312930890624999 0.44293683437500003 0.82103205625 0.4242442890625 0.8055082609375 0.41527305625000005 0.774754940625 0.41278685781249996 0.7586377828125 0.42467616562500005 0.7533923359375 0.4353066734375 0.7502164062500001 0.45058488125 0.7507356953125 0.4778606328125 0.756333575 0.5117550796875 0.760559159375 0.525596440625 0.7732989046875 0.5444161640625 0.778325565625 0.5483072875 0.8135924953125 0.5537499828125 0.8214378218749999 0.5496109953125 0.8295884828125001 0.5354963359375 0.8358537953124999 0.500393959375 0.836769803125 0.470466940625 0.8312930890624999 0.44293683437500003
10 0.908142171875 0.6294488328125001 0.891453796875 0.611334815625 0.87644305625 0.6032982125 0.85767409375 0.605968425 0.8431999515624999 0.626116765625 0.8360927046875 0.643009871875 0.8329340828125 0.6591972734375 0.8323753406250001 0.68187619375 0.8385555124999999 0.7203420359375 0.8498945796875 0.743631409375 0.8620001078125 0.7551521671875 0.876463178125 0.7604357578125 0.899198078125 0.7579690296875 0.9147675609375 0.7433267109374999 0.9217363328125 0.7191600703125001 0.9242434234375001 0.6947645109375 0.9211415640625 0.6619064328125 0.908142171875 0.6294488328125001
10 1 0.5663453984375 0.9913388968750001 0.5510618843749999 0.9792679890624999 0.5413595124999999 0.9613866515625 0.5386254453125 0.9447391359375 0.548670934375 0.9322825828125 0.5707394 0.9268183484374999 0.5958915375 0.9265538703124999 0.6340267171875 0.9288830328125 0.6523122953125 0.933638975 0.6679974718749999 0.9459002906249999 0.6877009546874999 0.961493321875 0.7003089484375 0.976878640625 0.7020066453125 0.9905863234375 0.6936269265624999 1 0.6732336859375 1 0.5663453984375
10 1 0.7743689984375 0.9844657265625001 0.762343959375 0.964105678125 0.7594827140625 0.9514241 0.7697316875 0.9418381390624999 0.78649761875 0.9358954718750001 0.8125335109374999 0.9354579 0.841576775 0.9420472625 0.8755220937500001 0.9508383828125 0.8950475250000001 0.9584476125 0.904520975 0.9699881578125 0.9123795296875 0.9888436687500001 0.914255275 1 0.9081587843750001 1 0.7743689984375
2 0.5020323578125 0.34338744062500004 0.49063028906249995 0.3428024203125 0.48188002656249995 0.3514364953125 0.4738159125 0.3700971140625 0.46790786406249996 0.39795139062499996 0.4689055875 0.4243433859375 0.4748088015625 0.4482621625 0.4834787546875 0.46142325156249997 0.5009335890625 0.467768646875 0.511753365625 0.4637822734375 0.519477525 0.45327894375 0.5269247265625 0.42822854687499995 0.5289880046875 0.406535125 0.525546190625 0.3818343359375 0.518703421875 0.3605922640625 0.511059575 0.3493004296875 0.5020323578125 0.34338744062500004
2 0.41415999843750007 0.38429404218749996 0.3997661671875 0.38264721874999996 0.38506699843750003 0.3909760671875 0.3692267984375 0.41741244218749995 0.3660335578125 0.43178145625 0.3663340625 0.473578840625 0.36898586875 0.482797934375 0.38275172031250004 0.5034869125 0.389778659375 0.5083889703125 0.40564240781249994 0.509202909375 0.423725221875 0.496506153125 0.4357552703125 0.47804902031249996 0.4398534484375 0.45918491406250006 0.43940339687499996 0.4355459296875 0.43604813125 0.4153911015625 0.42520480312500003 0.392127159375 0.41415999843750007 0.38429404218749996
2 0.6905023234375001 0.4357131140625 0.684345703125 0.4244975875 0.6767884 0.41775171093749996 0.660890034375 0.4151193875 0.64718235 0.42349910625 0.636604909375 0.44021416406249997 0.6310541265625 0.46082034531250005 0.6305126921875 0.4844084546875 0.6343983203125 0.5064071078125 0.643206746875 0.5268417296875 0.65483384375 0.539246240625 0.6677750687499999 0.5426351421875 0.68100431875 0.5351391796875 0.6916163796875 0.5202425046875 0.7001589265625 0.500698128125 0.7007522890625 0.47983759062500003 0.696814734375 0.45511136875 0.6905023234375001 0.4357131140625
0 0.2675907875 0.8799740046875 0.2591223125 0.8513820921875 0.246722521875 0.824405078125 0.225503228125 0.802425375 0.21016984062500002 0.803455253125 0.1976613578125 0.8227961421875 0.1927447953125 0.85070129375 0.193506421875 0.8907057249999999 0.198130128125 0.9254584937500001 0.2076073953125 0.9550104703125 0.21376401562499997 0.966225996875 0.23040046250000001 0.981612440625 0.24183715156250002 0.9840158421874999 0.25212656718750004 0.9781856484375 0.2651481015625 0.9597793875 0.2693155171875 0.9445520484375001 0.2709003625 0.92374238125 0.2675907875 0.8799740046875
0 0.13725005625 0.8233297625 0.12565758124999998 0.8127436343750001 0.10823736875000001 0.8082166203125001 0.08517982187499999 0.8197498281250001 0.0725674828125 0.8336355703124999 0.059171373437499994 0.8583807390624999 0.051193809374999996 0.8815873140624999 0.051321214062499995 0.9142927796875 0.0655024984375 0.956802359375 0.0762073484375 0.9727927671875 0.0857129953125 0.9778220031249999 0.097115065625 0.9784070203124999 0.120172609375 0.9668738109374999 0.141379425 0.9361712703125 0.14987004375 0.913899321875 0.1535181671875 0.8713962328125 0.145476196875 0.8391929906250001 0.13725005625 0.8233297625
0 0.13081366875 0.6413388125 0.11556059062499999 0.6205735296875 0.097096965625 0.61326806875 0.07485780625 0.6157602328125 0.044554537500000005 0.6369130140625 0.027653614062499998 0.6596617499999999 0.0235554375 0.6785258546875 0.025631192187500002 0.709514678125 0.03603070625 0.735480759375 0.049675390624999996 0.749805396875 0.073609490625 0.758299840625 0.09590057656249999 0.7585352515625 0.118462378125 0.74697660625 0.13201427500000001 0.7304141625 0.13765160625 0.7143539390625 0.140279865625 0.6963227203125 0.1392648328125 0.669021534375 0.13081366875 0.6413388125
0 0.18843811093750001 0.49442533749999995 0.1796469921875 0.47489990625 0.1633331921875 0.4504469828125 0.1412089640625 0.432962365625 0.119892053125 0.43186863124999997 0.10727971249999999 0.445754371875 0.0989795015625 0.47802743124999997 0.09934300625 0.49712045781249997 0.1084283890625 0.53210214375 0.119888625 0.5617558625 0.1321326296875 0.58055015 0.1442035390625 0.5902525234375 0.166068121875 0.5940992656249999 0.176870590625 0.5892037 0.189465621875 0.5744087671875 0.1953217390625 0.543826915625 0.1926983125 0.5100850796875 0.18843811093750001 0.49442533749999995
0 0.27454426875000004 0.6468967640625001 0.26959791875 0.6212104796875 0.2555204953125 0.58415605 0.2447810234375 0.5663472578125 0.236197621875 0.557732128125 0.2212907390625 0.5551506749999999 0.2115663 0.5646430703124999 0.202101509375 0.5877733421875 0.195766959375 0.6192389515625 0.1964420359375 0.6546974265625 0.20345790468749997 0.6850314156249999 0.2127793859375 0.706400665625 0.22543258437499997 0.72067443125 0.242374365625 0.7260852015625 0.256577790625 0.717730915625 0.2667287296875 0.7046271890625 0.272809875 0.6858648265625 0.2749250828125 0.6668989812499999 0.27454426875000004 0.6468967640625001
7 0.39914178906250003 0.9221474859375001 0.413310596875 0.9119748187500001 0.4123301828125 0.8864920171874999 0.407505 0.867170071875 0.3731762171875 0.7809364953125 0.350301434375 0.6980155124999999 0.31993859062499996 0.6119854203124999 0.3102425359375 0.5969550765625 0.3007888171875 0.5946534156250001 0.29737055 0.5972029421875 0.29277663125000003 0.6160416109375 0.293105515625 0.6333162515625 0.2952788921875 0.6434191031250001 0.3154326265625 0.713484225 0.3317935234375 0.792437775 0.343530715625 0.8366385578125 0.37293669375 0.9244361640625 0.3785629546875 0.9338078718749999 0.3911122953125 0.9426264890624999 0.39914178906250003 0.9221474859375001
7 0.5182513515625 0.5449546890625 0.5074142593750001 0.548031871875 0.493827746875 0.56277593125 0.47554345312499996 0.5909035125 0.44717122187499997 0.6094304609375001 0.42235573593750003 0.6326814187500001 0.3855101984375 0.6743895109375 0.37686379375 0.6884787359375 0.37170489375 0.7036552031250001 0.37311181250000003 0.7255266734375 0.3855289140625 0.7534128796874999 0.3989139515625 0.754099640625 0.415013796875 0.7413011421875 0.47349265156250003 0.665279178125 0.499213075 0.637533134375 0.5245180687500001 0.5879664874999999 0.5272501843749999 0.5753904203125 0.5263217015625 0.5526351921875 0.5182513515625 0.5449546890625
7 0.534791009375 1 0.5362560515625 0.996397034375 0.5401984390625 0.9693502031250001 0.5443928312499999 0.85148595 0.544544396875 0.6253261453125 0.5392407828125 0.60688795625 0.5347964140625 0.6075682265625 0.5309689546875 0.614638275 0.524974359375 0.6379465953125 0.5069525234375 0.8359404015624999 0.494220421875 0.921575978125 0.4955816484375 0.9670609953125 0.5021190828125001 0.9982787406250001 0.5034150328125 1 0.534791009375 1
7 0.8353979453125 1 0.8354592765625 0.9999406625 0.8394709031250001 0.9765306015625 0.8381505359375 0.9592050875 0.8314116234375 0.943418165625 0.8147751796874999 0.9280317218749999 0.791250271875 0.91501675625 0.59875136875 0.8451919531250001 0.580887340625 0.8433670796875001 0.5710763562500001 0.848313515625 0.571797125 0.86015844375 0.5764492109375 0.870388471875 0.5851191625000001 0.8835495609375 0.5931722015625 0.8903208734374999 0.650258028125 0.9232238578124999 0.683680465625 0.9358383484375 0.7794231046875 0.9961572437499999 0.7882728593749999 1 0.8353979453125 1
7 0.8352881984374999 0.7828473406249999 0.8225657625 0.7649368078125 0.7782307578125 0.7254216125 0.736235984375 0.678760065625 0.7019543015624999 0.647027115625 0.6561493781250001 0.60834480625 0.639703340625 0.6029594734375 0.6394326265625 0.614753528125 0.64321439375 0.6312970265625 0.6565710515625 0.6565065296875 0.70824456875 0.7172892296875 0.7606734734375 0.7917352421875 0.7956413062500001 0.8334947343750001 0.8112516484375 0.8470119234375 0.822175284375 0.8484806984375 0.8382169625 0.8066134999999999 0.83794000625 0.792066434375 0.8352881984374999 0.7828473406249999
7 0.68884903125 0.8171157718750001 0.695754803125 0.8156534875 0.699443784375 0.80130990625 0.697748840625 0.7903233015625 0.67083888125 0.703562065625 0.640614515625 0.6248055078125 0.6128058578125 0.5688804843749999 0.5938921796875001 0.5379360390625 0.5747770234375 0.5224224203125 0.5644356765625 0.5255250390625 0.5535009718749999 0.54948819375 0.554360215625 0.5686066546874999 0.5607245546875 0.59073248125 0.574046590625 0.6141236 0.6035439499999999 0.6546941078125 0.63478818125 0.7089787984375 0.648144840625 0.7341883 0.66945691875 0.7870550859375001 0.6828308859375001 0.8131737781249999 0.68884903125 0.8171157718750001