8 0.12394680312499999 0.2234966734375 0.11300000937500002 0.1931529875 0.1032119078125 0.1796217859375 0.0877462546875 0.174756315625 0.0729576015625 0.1866893140625 0.065404659375 0.19971594374999999 0.0618491921875 0.2252221890625 0.0651813703125 0.26329215 0.07270490156250001 0.2891207640625 0.078096065625 0.29722546875 0.1089348609375 0.29900587968750003 0.11796372656250001 0.288671475 0.12305679375 0.2711578046875 0.12560775468750002 0.24208995781249998 0.12394680312499999 0.2234966734375
8 0.1535181125 0.3232635421875 0.159001790625 0.3393187765625 0.1643723953125 0.3456566984375 0.1701733015625 0.3475916734375 0.18114950624999998 0.33908011562499996 0.18890803125 0.34372133125 0.193714709375 0.3429780984375 0.2046703546875 0.3326997578125 0.21205882968749998 0.305538853125 0.215398434375 0.26148136875 0.21540728593749997 0.22085934218749997 0.20936995937499997 0.19860634531250002 0.19958186093750002 0.1850751453125 0.18938402031249998 0.1777136734375 0.1715407265625 0.1754283 0.1648483828125 0.17964903906250002 0.1577874171875 0.193573075 0.15550228906250002 0.204103703125 0.151240409375 0.25166672343749996 0.1509348875 0.3081757953125 0.1535181125 0.3232635421875
8 0.282681625 0.2501927140625 0.2961382640625 0.2479349828125 0.3051979671875 0.240250753125 0.3108035671875 0.22540127812500002 0.31112079531250003 0.21128101875 0.314297359375 0.1945946765625 0.31293308125 0.1601143484375 0.3079619359375 0.14672330625000002 0.2972310046875 0.1349308578125 0.272151996875 0.1315518515625 0.25055793125000003 0.137988275 0.24206215625 0.15275365624999998 0.23651823125 0.1729034875 0.23568846875 0.18435955312500002 0.23830253125 0.20209747656250002 0.24178747031249997 0.2119129046875 0.267215971875 0.24532724374999998 0.282681625 0.2501927140625
8 0.30100204375 0.41763038437500005 0.3163854640625 0.41542871718749996 0.32369313125 0.42270609531250003 0.3314002609375 0.42293034843750005 0.340429125 0.41259594374999997 0.34593193437499997 0.3889125453125 0.34941544687500004 0.357222553125 0.34819365 0.2936042953125 0.3426585765625 0.27313209843749997 0.3338647078125 0.26227910625 0.3256450453125 0.259390659375 0.3011094078125 0.261326025 0.291230221875 0.2813497125 0.290616325 0.311357015625 0.288392871875 0.327187996875 0.28905074062499997 0.38372510000000004 0.29216705625 0.40324382343750004 0.2966359453125 0.41485406406249997 0.30100204375 0.41763038437500005
1 0.433779846875 0.24134282499999998 0.4512956328125 0.2568650671875 0.4643425296875 0.2607770640625 0.4676218859375 0.252924646875 0.46794939375 0.23968777812500003 0.4594110765625 0.209414171875 0.4426633765625 0.17713551249999998 0.4265412796875 0.1572383578125 0.396398615625 0.1325177796875 0.37075568125 0.1220576234375 0.3548700046875 0.122478490625 0.34962275 0.1267412765625 0.3453902828125 0.13544905625 0.3455239125 0.14693315468749998 0.3510075890625 0.1629883890625 0.3781470078125 0.17790755625000002 0.398563246875 0.19439728437499998 0.433779846875 0.24134282499999998
1 0.507808203125 0.2717558109375 0.51533030625 0.25607900625 0.5183012859375 0.22172482031250001 0.51822790625 0.17403565468749999 0.5117177359375 0.1111466171875 0.5056084546874999 0.082709875 0.49384217656249996 0.064705646875 0.4866064625 0.06361201718750001 0.48184090468749996 0.0678888203125 0.47809013125 0.0766106140625 0.47630725781249994 0.08892204218750001 0.4765436796875 0.1092400640625 0.4822843359375 0.1473801046875 0.4916449890625 0.2483250890625 0.495181325 0.26255747500000004 0.499117125 0.269736740625 0.507808203125 0.2717558109375
1 0.6326555875000001 0.15882020624999998 0.6371641671875 0.132458596875 0.636067146875 0.12094646718749999 0.632110790625 0.11200041875 0.6243419859375 0.10647580937500001 0.615702303125 0.1088737 0.6019284359375 0.125251690625 0.5615510953125 0.2141523296875 0.554623759375 0.23956046562500002 0.554839621875 0.258111703125 0.557330334375 0.2652489203125 0.5631723546875 0.27071746406249997 0.5751325109375001 0.26400072343750003 0.589797815625 0.24146701875 0.621392990625 0.1841021984375 0.6326555875000001 0.15882020624999998
1 0.62024029375 0.043656850000000004 0.615248590625 0.0284990234375 0.60121774375 0.0227922078125 0.587258853125 0.0232691390625 0.5382698125000001 0.0342070078125 0.5210521234375001 0.0443031421875 0.5115826796875 0.0581570984375 0.5103123375 0.0731327203125 0.513295025 0.0811673453125 0.5220477781249999 0.08848676875 0.5365089249999999 0.0897906390625 0.59798093125 0.075683615625 0.615628921875 0.06118453593749999 0.61937969375 0.052462740625000004 0.62024029375 0.043656850000000004
1 0.7003439484375 0.306500103125 0.7046483703125 0.30397606875 0.7093625343750001 0.29528230624999996 0.71203684375 0.2768151640625 0.71163595625 0.2423628671875 0.7074534578125 0.2139821890625 0.69585021875 0.16860681875 0.6834172203125 0.1346875171875 0.6636868328125 0.09437423125 0.6573528375000001 0.08800827812499999 0.6505988203124999 0.08692866406250001 0.6472577890625 0.08948072812499999 0.6445320828125001 0.1035309078125 0.6447273874999999 0.12031536093749999 0.6554905828125001 0.17626340468749999 0.6793226625 0.2793956515625 0.6935488140625 0.30188691875 0.7003439484375 0.306500103125
1 0.72083356875 0.3706789953125 0.71776865 0.35557723124999996 0.698007425 0.31261376875 0.6798763125 0.28559341250000003 0.6540380703124999 0.25834880312499997 0.639504971875 0.2508611890625 0.62893850625 0.25320301562499997 0.6242140625 0.2610133859375 0.6205146859374999 0.274152140625 0.62367211875 0.2972044359375 0.6335116140625 0.315152596875 0.6744160484374999 0.3543158 0.69943480625 0.39389986875 0.7120205671875001 0.39956463750000004 0.7210905484375 0.3927638 0.72083356875 0.3706789953125
1 0.8381457171875001 0.189525965625 0.8380943203125 0.1851090046875 0.829218215625 0.1671888734375 0.8180364265625 0.1580325859375 0.7745913125 0.1488206234375 0.753909240625 0.150868115625 0.7400223031250001 0.1575287921875 0.7272015484375001 0.173051421875 0.7220468062500001 0.18526473906250002 0.7217192984375 0.19850160625 0.7261676296874999 0.20834506406250003 0.7517488906249999 0.2135048671875 0.7690385359375 0.2095924796875 0.8224656265625001 0.2076146765625 0.8310641921874999 0.20168321718749999 0.8381457171875001 0.189525965625
10 0.86316875625 0.353626290625 0.873130175 0.3406697421875 0.8787152171875 0.3240534796875 0.881266178125 0.2949856328125 0.873629575 0.2594397046875 0.862262759375 0.23438235624999998 0.8466634765625001 0.21803278593750003 0.8321817703125 0.21496213281249998 0.82118500625 0.22170690624999997 0.8047059921875 0.253901859375 0.8010785703125001 0.27322436250000004 0.8008744125 0.2970619375 0.8059689078125001 0.321053684375 0.81627981875 0.338132471875 0.8260165234375 0.3472467125 0.83958623125 0.35470629531250003 0.86316875625 0.353626290625
10 0.9321891328125 0.49163092031250005 0.94939654375 0.4806513953125 0.9564883468750001 0.46937753437499996 0.96054606875 0.44565208749999996 0.9570597015625 0.3943312421875 0.9524880187500001 0.3738870796875 0.9392560968750001 0.3540740203125 0.9261578046875 0.3457450609375 0.912670328125 0.345352615625 0.8978302781249999 0.3528686515625 0.8921321656250001 0.3597675984375 0.8865162859375 0.373733684375 0.880829878125 0.423021440625 0.880625721875 0.446859015625 0.8846129156250001 0.4584552421875 0.8978448374999999 0.4782683 0.9162829 0.490285003125 0.9321891328125 0.49163092031250005
10 0.776049240625 0.5224114390625 0.8102907437500001 0.5269401375 0.817946475 0.52274743125 0.8259708328125 0.5088514265625 0.8323136828125 0.47459535312499995 0.83341955625 0.44548545624999997 0.8282942234374999 0.41884352968750005 0.8184547296875 0.40089536875 0.803429653125 0.39251034375 0.77355425 0.390757965625 0.757802203125 0.4026629328125 0.752626903125 0.41310946406250004 0.7494297796875 0.4280290203125 0.7497381562500001 0.4545307875 0.7549354421875 0.48735645781250003 0.7589431953125 0.5007194687500001 0.7711911671875 0.5187377109375 0.776049240625 0.5224114390625
10 0.86991505625 0.726487890625 0.8920319359375 0.723599053125 0.907271446875 0.70902989375 0.9142193421875 0.6853885421875 0.9168319765625 0.6616210484375 0.9140534484374999 0.6297488484375 0.9016512859375 0.598479721875 0.885560028125 0.5812327453125 0.8710269281249999 0.5737451296875 0.8527636140625001 0.57674609375 0.8385491671875 0.5966436390625 0.8315190390625 0.6132178515625 0.8283321953125 0.6290208015625 0.8276257843750001 0.651077575 0.8333561625 0.6883342234375001 0.84421044375 0.710727378125 0.8558944875 0.72166446875 0.86991505625 0.726487890625
10 1 0.5620571296875 0.9978347859375001 0.5465266015625 0.983085821875 0.5204877515625 0.9714223359374999 0.5113174468749999 0.9540607375000001 0.5090460890624999 0.9378064390624999 0.5191702546875 0.925539334375 0.540890646875 0.9200468046875001 0.5654574375 0.9195151390625 0.6025318796875 0.92164750625 0.6202557890625 0.9261575125 0.6353995984374999 0.93793406875 0.6542872187500001 0.9530002609375 0.666205809375 0.9679431046875001 0.6675236953125 0.9813277875 0.65908221875 0.9958902984375 0.6277145921875 1 0.6101867546874999 1 0.5620571296875
10 1 0.7525684265625 0.9918868265624999 0.7388678375 0.9748835734375 0.726009790625 0.955113496875 0.7236683515625 0.9427127625 0.7339046453125 0.9332741546875001 0.7504087796875 0.927310209375 0.775844946875 0.9266757531250001 0.8040854671875 0.9328364296875 0.8369391703125 0.94124111875 0.8557286765625 0.94856934375 0.8647728375 0.959730575 0.8721623421875 0.9780452859375 0.8735783390625 0.9928750562499999 0.8651789093750001 1 0.8520392375 1 0.7525684265625
2 0.5251241125 0.4356318828125 0.5325434234374999 0.41112115468750005 0.5347052 0.38998982031249996 0.5315374890625 0.366054134375 0.525039025 0.34555390625000004 0.5176902421875 0.3347429609375 0.508958046875 0.32919032187499997 0.49787904843749997 0.32886795625 0.4893113203125 0.3374495921875 0.4813383578125 0.3557625578125 0.47539497031250005 0.382965509375 0.4761747625 0.4085979 0.4817406734375 0.43172027343749997 0.4900734078125 0.44432603437499996 0.506994428125 0.45011694531249996 0.5175403328125 0.446008334375 0.5251241125 0.4356318828125
2 0.431738275 0.4797185671875 0.4435648 0.46151772968750004 0.44768419843749996 0.443092634375 0.44741693906249996 0.4201244359375 0.4443006234375 0.4006057125 0.43392803593749996 0.37822657187500003 0.42324849843749995 0.37085108437500003 0.4092690484375 0.36956123125 0.3949209734375 0.3779746765625 0.3793333953125 0.40401391875000003 0.37612599375 0.41805008125 0.3761171421875 0.45867210937499997 0.3786284109375 0.4675761109375 0.391860334375 0.48738916874999993 0.39865546875 0.492002353125 0.41406972656249996 0.49245086093749996 0.431738275 0.4797185671875
2 0.668631128125 0.5192858921875 0.681544396875 0.5117137921875 0.6919669515625 0.4970044734375 0.7004113296875001 0.47782213125000006 0.7011383 0.457532140625 0.69748889375 0.43358244062500007 0.6914926828125 0.4148630125 0.6855889859375 0.40409411562499997 0.6782915968750001 0.39770013125000003 0.66285678125 0.3954848375 0.6494720968750001 0.40392631406249996 0.6390701 0.420402415625 0.633526175 0.440552246875 0.632830040625 0.46349241093750004 0.6364486125 0.4847919375 0.6448635781250001 0.5044648375 0.6560762062500001 0.5162713015625 0.668631128125 0.5192858921875
0 0.24032694999999998 0.955434825 0.25142650781250003 0.957523975 0.261470159375 0.9516345625 0.2742600765625 0.93346175625 0.278420590625 0.91857023125 0.2801109515625 0.8983082734375 0.277209071875 0.8558353671875001 0.2691832875 0.828225953125 0.25732449687500003 0.802271196875 0.2368568609375 0.7813645078125 0.22194485625000002 0.7826967984375 0.2096469140625 0.8017670140625001 0.20466691875 0.8289979984375 0.20511920312499998 0.8678672562499999 0.209363378125 0.9015482875 0.21836283281250002 0.9300691265625 0.2242665296875 0.9408380234375 0.24032694999999998 0.955434825
0 0.110791959375 0.9551981140624999 0.1332877421875 0.9434893687500001 0.15412257499999998 0.913187340625 0.162536115625 0.8913548234374999 0.166388253125 0.84996153125 0.15880304843749998 0.8188325640624999 0.150921171875 0.8035906421875 0.139729103125 0.7935509609375 0.1228286421875 0.7895268359375 0.10033285781250001 0.8012355781249999 0.087973240625 0.8150054421874999 0.07477358281249999 0.8393479781250001 0.0668520171875 0.8620779046875 0.06674037187500001 0.893866009375 0.080218996875 0.9348804812499999 0.09050935 0.950192484375 0.0997129609375 0.9548757484375001 0.110791959375 0.9551981140624999
0 0.11119456718750001 0.741501290625 0.13320865312500002 0.7297785296875 0.146500825 0.7133865234375001 0.152096146875 0.6976536531249999 0.1547807359375 0.68006990625 0.1539906640625 0.653554121875 0.145975159375 0.6268281 0.13129815 0.6069729953125 0.113403459375 0.6002706609375 0.091768275 0.6031735140625 0.06216013124999999 0.6243893328125 0.0455680453125 0.6468669734375 0.041448646875 0.66529206875 0.0432432265625 0.6953694500000001 0.05316495624999999 0.7203847515625 0.066324925 0.734014065625 0.0895285453125 0.7417539671875 0.11119456718750001 0.741501290625
0 0.159358415625 0.5768812062500001 0.18058385937500002 0.5801480828125001 0.1911194859375 0.5751560796875 0.203468825 0.560502825 0.2093813734375 0.5306496968750001 0.20707426093749998 0.49790812031250004 0.20304595 0.48277832500000006 0.1946412625 0.46398881875000003 0.1789597453125 0.44057211093750004 0.15758011562500002 0.42405435156250004 0.13686720624999998 0.42345166718750005 0.1245075890625 0.437221528125 0.11620711875 0.46877136249999996 0.1164229828125 0.4873226 0.125002415625 0.5211297734375 0.135928653125 0.549706675 0.14769493125 0.5677109015624999 0.159358415625 0.5768812062500001
0 0.23737682031250001 0.7019012546875001 0.253805865625 0.7067947578125 0.2676722453125 0.6983672953125 0.2776336640625 0.6854107468749999 0.28367984375 0.667041715625 0.2858724578125 0.648560559375 0.285646315625 0.6291259296875 0.2810232375 0.60426480625 0.26760629062499997 0.5685506874999999 0.2572953765625 0.5514719 0.24901404062500002 0.5432831 0.23454261562499998 0.5410958375 0.22502177343750002 0.550532834375 0.21565512187500002 0.5732207140625001 0.20927115624999998 0.60394321875 0.2096720453125 0.638395515625 0.21627330156250002 0.6677296671875 0.22518024374999998 0.6882999734374999 0.23737682031250001 0.7019012546875001
7 0.324911784375 0.6929680515625 0.3402466625 0.769360259375 0.351337365625 0.8120714359375001 0.3792888421875 0.8967785890625001 0.384690284375 0.9057666859375001 0.3968251875 0.9140676140625 0.404777590625 0.8939878640625001 0.4186234125 0.8837936171875 0.4178538984375 0.8590446203125 0.413302775 0.8403672406249999 0.3805549015625 0.7572867140625 0.3589168640625 0.6771787296875 0.33002255625 0.594210328125 0.3207058734375 0.5798097515625 0.3115331 0.5777766640625 0.30819206875 0.5803287296875 0.303590975 0.5987398078124999 0.3037862796875 0.615524259375 0.305826134375 0.6252976375 0.324911784375 0.6929680515625
7 0.421507878125 0.7178560390625 0.47889875000000004 0.642696840625 0.50409968125 0.6151711328125 0.5290539125 0.5664440109375 0.5318001765625 0.5541606156250001 0.5310615015625 0.53206179375 0.5232721390624999 0.5247704015625 0.5127159515625 0.5279956203125 0.4994032234375 0.5426208421875 0.481427725 0.570356790625 0.45371552499999995 0.5889784953125 0.429426590625 0.6121152750000001 0.393311128125 0.6534528921875 0.384805075 0.66733488125 0.37968116875 0.682198375 0.3808912625 0.70342781875 0.3927603328125 0.7302659671875 0.4057661125 0.730644396875 0.421507878125 0.7178560390625
7 0.5415497203124999 0.936823625 0.54647546875 0.8221648421875001 0.54825120625 0.6023263203125 0.5432286671875 0.5845183171875 0.5389036859375 0.585275565625 0.53513235625 0.5922305765625 0.5291375734375 0.6150165671875001 0.5101941109375 0.8078627640624999 0.497201465625 0.8913785656250001 0.4981971203125 0.9355621921875 0.5043269593749999 0.96576571875 0.507750225 0.9702807921875 0.5173635765625 0.968794325 0.531435540625 0.978034709375 0.5375228375 0.9631992484375 0.5415497203124999 0.936823625
7 0.5936111046875 0.858860075 0.6488636140625 0.8896098296874999 0.6812605671874999 0.9011496046874999 0.7738914515624999 0.9577135671875 0.80147145 0.96911318125 0.8178593781249999 0.970473115625 0.82833333125 0.9601807578124999 0.83240133125 0.9373387046874999 0.8312426359374999 0.9205262187500001 0.8248058468749999 0.9053263453125 0.8087454265625 0.89072954375 0.7859721046875 0.878586696875 0.5993591890625 0.81487266875 0.58200786875 0.8134847046875 0.5724356312500001 0.8185047390625 0.5730509578125 0.8300028546875 0.5774992890624999 0.8398463125 0.585832021875 0.8524520734375001 0.5936111046875 0.858860075
7 0.7571380453125001 0.7594132328125001 0.7908273234375 0.7992495890625 0.8059037953124999 0.8120515718749999 0.8165113765625 0.8132433140625001 0.832405903125 0.7722004203124999 0.8322414359374999 0.7580661453124999 0.8297301656249999 0.74916214375 0.8174924718750001 0.7320272937500001 0.7746818156249999 0.6945748125 0.7341974015625 0.6501252734375 0.701102890625 0.620020246875 0.656857425 0.5834091109374999 0.6409100765625 0.578529625 0.6405620109375 0.5899997078125 0.6441189046875 0.6059988781250001 0.656920528125 0.6302148828125 0.7067113453125 0.6881816078125 0.7571380453125001 0.7594132328125001
7 0.5770090328124999 0.5907997843749999 0.6053893796875001 0.629598571875 0.635369003125 0.6816902921875 0.648170628125 0.7059062953125 0.6685060593750001 0.7568343046875 0.6813179625 0.7819337 0.6871394265624999 0.785635459375 0.69386260625 0.7840648984375 0.697551703125 0.77004275 0.695983265625 0.759399996875 0.6704505468749999 0.675646315625 0.641638471875 0.599745053125 0.6150101593749999 0.5459846609375 0.5968482093749999 0.516314128125 0.5783793109375 0.50164725 0.5683048203125 0.5048864843749999 0.5575033625 0.5284157078125 0.5582009203125 0.5469809609375 0.56422796875 0.5683505640625001 0.5770090328124999 0.5907997843749999