8 0.1955109109375 0.9566447625000001 0.23338695937499998 0.9562862937500001 0.2590869359375 0.9507907828125 0.26715296093749996 0.94604203125 0.26894135937499997 0.9154035203124999 0.25866511718749996 0.905587234375 0.2412443390625 0.8991393656250001 0.21232738437499998 0.8943280296875 0.19382878750000002 0.8945365578125 0.16363505312499999 0.9030966156250001 0.150167990625 0.9118106031250001 0.14531894218750002 0.9268662031250001 0.15718235625000002 0.9425553750000001 0.1701378 0.951108503125 0.1955109109375 0.9566447625000001
8 0.1556468796875 0.8160579374999999 0.14831759375 0.8256617015625001 0.146034053125 0.84329128125 0.1502293671875 0.8502992234375 0.1640778765625 0.8584313015625 0.17455308281249998 0.861532596875 0.22186915312500002 0.8694928984375 0.27808746875 0.874201965625 0.293099065625 0.872799790625 0.309074790625 0.868578353125 0.3153831046875 0.8637124187499999 0.317311353125 0.8580738953125 0.30884966875000003 0.8464562203125 0.31347133125000004 0.8390748968749999 0.3127345921875 0.8342198859375 0.3025151953125 0.8224850312499999 0.2754980671875 0.8129944546875001 0.231668996875 0.8062277999999999 0.19125586249999998 0.803053 0.1691139421875 0.8073439499999999 0.1556468796875 0.8160579374999999
8 0.1024391640625 0.7394611328125 0.1088304828125 0.7615137546875 0.1235152125 0.77114335 0.1435583453125 0.7782466343750001 0.1549550421875 0.77996759375 0.17260320468749998 0.7787411890625 0.18237009531249998 0.7760281875 0.21562674375 0.7532546375 0.22047579218750002 0.7381990390625 0.21823715156249998 0.724593284375 0.2105974765625 0.714952771875 0.195827475 0.7082010296875 0.18178000156250002 0.7067839421875 0.1651812328125 0.7023132296875 0.1308774546875 0.7009874890625001 0.1175525078125 0.70490505625 0.105814734375 0.7146955109375 0.1024391640625 0.7394611328125
8 0.22965032500000002 0.696038196875 0.23156209843750003 0.7206757203125 0.2514773265625 0.732095784375 0.2813299828125 0.735047140625 0.2970783203125 0.738499978125 0.35332505937500003 0.742249759375 0.37274514375 0.7406608953125 0.38429816875 0.7371057890625 0.3870626390625 0.73296478125 0.3848808453125 0.717440459375 0.3921248625 0.71071455 0.3923522484375 0.703040275 0.38207600468749997 0.6932239890624999 0.3585174515625 0.68588634375 0.32699235312499997 0.679939953125 0.2637005609375 0.676201090625 0.243330559375 0.6801295765625001 0.2325284875 0.6880600515624999 0.22965032500000002 0.696038196875
1 0.0930485703125 0.6403142203125001 0.0934584421875 0.6562010015624999 0.09769639218750001 0.66177001875 0.106357040625 0.6666727015625 0.11778215781250001 0.667434375 0.1337578828125 0.6632129359375 0.14861541875 0.637290421875 0.1650317015625 0.6182000750000001 0.2117554125 0.5867125359375 0.2272075703125 0.570441453125 0.23110670625 0.5577254765624999 0.2232964890625 0.5538406671875 0.210127871875 0.5524821703125 0.18000519375 0.558644015625 0.1478832078125 0.5728425968749999 0.128079409375 0.5873818015625 0.103469196875 0.615537678125 0.0930485703125 0.6403142203125001
1 0.039220075 0.5252288593750001 0.0478949328125 0.5296519 0.0601420625 0.5323907343750001 0.0803557328125 0.5337383124999999 0.11830283906250001 0.5309816328125 0.218733940625 0.5295070140625 0.2328951046875 0.5270869671875 0.240039640625 0.5237185515625 0.24205316093749998 0.5152021734375001 0.22646115 0.506473271875 0.1922852765625 0.500830753125 0.14484130312500001 0.49718723125000003 0.08227203749999999 0.49878302343750003 0.05397812656249999 0.5026638375 0.036059943750000004 0.51300344375 0.0349679140625 0.5201394859375 0.039220075 0.5252288593750001
1 0.18477576874999999 0.4570770515625 0.21004939843749998 0.4659708046875 0.22850535781249998 0.467201203125 0.235607259375 0.46527171406249995 0.24105093125 0.45986754999999996 0.23437537812499998 0.44740777343750004 0.2119657015625 0.43101551562499996 0.1549134296875 0.3950125265625 0.12976770625 0.38180199375 0.10354416250000001 0.3752478609375 0.092090621875 0.3754454703125 0.0831883765625 0.3786967046875 0.07768785781250001 0.3860194375 0.0800686140625 0.39482876875 0.096354728125 0.409851609375 0.18477576874999999 0.4570770515625
1 0 0.43996906406249997 0.005742832812499999 0.46628746718749997 0.015777479687500002 0.4842576703125 0.02955493125 0.494787959375 0.044452837499999995 0.497222921875 0.052447803125000005 0.49487238125 0.05973445468750001 0.48670754531249993 0.0610396578125 0.4723768703125 0.0470393515625 0.4099280453125 0.032624640625 0.391185246875 0.02394978125 0.38676220625 0.0151896515625 0.3852170171875 0.00010699375 0.389017403125 0 0.389272559375 0 0.43996906406249997
1 0.05933364375 0.351635140625 0.058255825000000004 0.358291540625 0.0607929109375 0.36182480781250004 0.074769325 0.3656401046875 0.091467575 0.3667533203125 0.14713390312500002 0.360372028125 0.24974906406250003 0.344625325 0.27213258281249997 0.3321804609375 0.276725821875 0.325758421875 0.27421716093750004 0.321265871875 0.2655707234375 0.3158835453125 0.2472000328125 0.311775296875 0.2129246765625 0.3094902734375 0.18468761250000001 0.3114525171875 0.1395391265625 0.3194961796875 0.10578733437500001 0.3292608015625 0.06567038281250001 0.3458099234375 0.05933364375 0.351635140625
1 0.2314306875 0.39819131875 0.24449982499999998 0.4029073109375 0.26743533125 0.40155280624999995 0.28529666875 0.3931317703125 0.324281225 0.35536121249999997 0.3636756484375 0.3334774359375 0.3693182828125 0.32135828125 0.3625574609375 0.31177635625 0.3405860796875 0.3103115984375 0.3255602703125 0.312193415625 0.2828067484375 0.3285667671875 0.2559152609375 0.34455581562500004 0.2287963859375 0.368219140625 0.22133919687499998 0.382139684375 0.22366310625 0.3928675828125 0.2314306875 0.39819131875
1 0.1439783015625 0.28855379999999997 0.1561259484375 0.294650128125 0.1692945671875 0.29600862656250004 0.179089878125 0.292336340625 0.1842373703125 0.26720825625 0.1803547125 0.2496481859375 0.178416784375 0.196173540625 0.1725206046875 0.18712985 0.1604298046875 0.17911495156249999 0.1560355296875 0.17882199999999998 0.13820261250000002 0.186283753125 0.12908719375 0.19672961875 0.11989844999999999 0.239370103125 0.121923915625 0.2601704875 0.128542621875 0.274548834375 0.1439783015625 0.28855379999999997
10 0.19243583125 0.1985499125 0.224456071875 0.2175052328125 0.24367719375000002 0.2226313578125 0.2673920765625 0.224692940625 0.291263284375 0.22147845781250003 0.30825997968749996 0.2125191875 0.3173327640625 0.2035122484375 0.32476153281250003 0.1905509890625 0.3237001921875 0.1669313421875 0.3108158046875 0.15598 0.29428809375 0.149111078125 0.2653711390625 0.1442997421875 0.2300037546875 0.1491507609375 0.2050689390625 0.158542003125 0.1887947703125 0.1728359265625 0.18573185625 0.1870494203125 0.19243583125 0.1985499125
10 0.3229657171875 0.1322799234375 0.32982602031249997 0.138504353125 0.343717165625 0.14519750468749998 0.392748309375 0.1547139125 0.41646319218750005 0.15677549375 0.42800200312500003 0.15370003125 0.447720534375 0.1420386796875 0.45968569531250003 0.1245739515625 0.46103353281250004 0.10880435156249998 0.4501200328125 0.09077555625 0.43890808750000004 0.0828192484375 0.4153068984375 0.0769205296875 0.36424802343749996 0.07640014375000001 0.343906446875 0.07936934375 0.3241879171875 0.09103069531249999 0.3158945046875 0.10345372343749999 0.3154965796875 0.1168837046875 0.3229657171875 0.1322799234375
10 0.36059110625 0.25926099687500004 0.372426096875 0.27590945312500004 0.3828160328125 0.28188860312499997 0.3976570921875 0.2862421328125 0.42402274999999995 0.28799984375 0.4566825109375 0.285371265625 0.469979034375 0.2824129828125 0.48791143124999997 0.27159373593749997 0.4915689671875 0.267031675 0.49609341406249996 0.23321144062500002 0.4919265234375 0.2252442140625 0.4781064375 0.21615285156250003 0.44403004375000005 0.20715283750000002 0.41507045312499996 0.20378042968750001 0.388562678125 0.206819140625 0.37070134062500004 0.21524017812500001 0.36235108125000004 0.229581771875 0.36059110625 0.25926099687500004
10 0.545666865625 0.194705040625 0.5654541890625 0.2104418859375 0.581939265625 0.21874973281250001 0.597659178125 0.2231618546875 0.6196021390625 0.22558589843750002 0.6566703890625 0.2227706296875 0.6789544265624999 0.213683259375 0.6898417671875 0.20287493125 0.69464818125 0.18925825937500002 0.6917864953125 0.16696035781250002 0.677300728125 0.150615771875 0.653784809375 0.1418392 0.6301409859375 0.13737940625 0.5984311375 0.137668365625 0.5673159109375 0.1476087578125 0.550148678125 0.1623237328125 0.5426914859374999 0.176244275 0.545666865625 0.194705040625
10 0.47837130625 0.08833366875000001 0.48843437500000003 0.1053445859375 0.51003625625 0.11928004218749999 0.5344736640625001 0.12667627812499999 0.5713571625 0.1300963578125 0.5889911140625 0.129349596875 0.604059559375 0.126028853125 0.6228566 0.11574783749999999 0.634722278125 0.1016406046875 0.6360416953125 0.0868302875 0.6276510671875 0.07281440312500001 0.5964528359375 0.055836240625 0.5711507828125 0.0479017734375 0.5456781921875 0.045723009375 0.51568341875 0.0475680765625 0.4897702671875 0.060258221875 0.4806406359375 0.0711837296875 0.47837130625 0.08833366875000001
10 0.69189050625 0.10401005156250001 0.70206726875 0.11718383125000001 0.7184812859374999 0.12788989374999998 0.7437833390625 0.1358243609375 0.7718782859375 0.1386585359375 0.8045664703125001 0.1350706734375 0.8232640281249999 0.1281471546875 0.83226575625 0.12153842343750001 0.839623465625 0.1109753765625 0.8410423625 0.092807565625 0.8326943703125 0.07735275312499999 0.8171307828125001 0.06766456875 0.7831254484375 0.056266340625 0.755016290625 0.053911807812500004 0.7284943046875 0.05743016250000001 0.7070322765625 0.0684946890625 0.69423089375 0.0844619015625 0.69189050625 0.10401005156250001
2 0.3073988421875 0.5387821374999999 0.3256132046875 0.5481664515625 0.35267296875 0.5562181015625 0.37817398281250003 0.5574375796875 0.40118054843750006 0.5536848640625001 0.4137261203125 0.5463512125000001 0.41949666093750004 0.529915278125 0.41541503750000003 0.519070196875 0.40509615937500004 0.5106928390625 0.3807155984375 0.5013780328124999 0.3596941296875 0.4975736546875 0.3358797671875 0.4988695671875 0.31548134375000003 0.5037573375 0.30472190625 0.5102488859375 0.299192965625 0.518530903125 0.2988660984375 0.5295626734375001 0.3073988421875 0.5387821374999999
2 0.3476630625 0.636142575 0.37355973593749997 0.653728478125 0.387521940625 0.65802341875 0.427935071875 0.6611982171874999 0.436794684375 0.659385909375 0.4565132140625 0.6477245593750001 0.46110645312500004 0.6413025203125 0.46156122499999996 0.62595396875 0.448904225 0.607328353125 0.4308035546875 0.5941069015625 0.41247549843750003 0.588559725 0.3896252609375 0.587036375 0.370205175 0.588625240625 0.347935346875 0.5972329656250001 0.34059185 0.6073163734375 0.339300859375 0.6211674046875 0.3476630625 0.636142575
2 0.36523213125 0.3701060125 0.373622759375 0.3841218984375 0.3900083546875 0.3957872421875 0.4100514859375 0.40289052812500004 0.43287329999999996 0.40537316093750003 0.4540653078125 0.4034218328125 0.4736417234375 0.3965569046875 0.4853937078125 0.3862868078125 0.4883997765625 0.3739918828125 0.48087379218750004 0.3605142296875 0.46624590781249997 0.348966065625 0.44716690156250005 0.33904351875 0.426981653125 0.33673665625 0.40315307968749997 0.3385122125 0.3845265765625 0.34303752187500003 0.373809775 0.3480901453125 0.3674446140625 0.35487464375 0.36523213125 0.3701060125
0 0.748890678125 0.8253303781250001 0.750207828125 0.8403164640625 0.7691731421875 0.85407615 0.7962613281250001 0.8611685140625 0.8349309625 0.8637464890625 0.86844115625 0.8621357875 0.896820334375 0.8553771187500001 0.9075371390625 0.850324496875 0.9220678046874999 0.83543375 0.9241523828125 0.8245191609375 0.9182988421875 0.8140365421875 0.9002265921875001 0.79985580625 0.8854139578125 0.794542990625 0.8652571328124999 0.79127684375 0.8230010203125 0.7908627171875 0.7955291203125 0.7967206921875001 0.7697012375 0.806532984375 0.748890678125 0.8253303781250001
0 0.8761419109374999 1 0.901530153125 0.99362033125 0.9167691359375001 0.9845438812499999 0.921433434375 0.97572363125 0.9217603015625 0.9646918609374999 0.9101242734375001 0.9413284109375001 0.87998965 0.9181734921875 0.8582740765624999 0.9080751765624999 0.8170957812499999 0.90100465 0.7861226734375 0.90614861875 0.770954746875 0.9128268593750001 0.760960471875 0.9232141359374999 0.75694764375 0.93976725 0.768583671875 0.963130696875 0.782275853125 0.9765388406250001 0.8064858765625 0.9916093515625001 0.8260886375000001 1 0.8761419109374999 1
0 0.6925090125 1 0.7016889234375 0.9918317328124999 0.7094019234375 0.9692776296875 0.709162590625 0.9476351421875 0.69751235 0.924751334375 0.6812120265625 0.9102081390625001 0.6655631703125 0.9033978062499999 0.648071334375 0.8993481437499999 0.6216914640625 0.8980700765625 0.5950984187499999 0.9039866421875 0.5753372546875 0.9170869203124999 0.5686594375 0.9344235484375 0.571535334375 0.9562418078125001 0.5926255968749999 0.9874443828125001 0.6079527921875 1 0.6925090125 1
0 0.3933738390625 0.8766012359375001 0.39276273906250003 0.8972258515625 0.4064549234375 0.91063399375 0.437837903125 0.92137680625 0.456293865625 0.922607203125 0.48993196250000004 0.9166797171875001 0.5183679875 0.9080024828125 0.5362861734375 0.8976628765625 0.5454158046875001 0.8867373671875001 0.5486776812499999 0.8658088812500001 0.54371720625 0.8549052125 0.5291461671875 0.8414384796875 0.4994498390625 0.8332110593750001 0.46687534687500004 0.832961784375 0.45182111249999996 0.8358028859375001 0.43312355625 0.8427264062500001 0.40981854687499997 0.85655160625 0.3933738390625 0.8766012359375001
0 0.5120403125 0.794642075 0.5098562515625 0.808914159375 0.5192394265625 0.8191514968750001 0.54180543125 0.8302676906249999 0.5723664046875 0.83903334375 0.6066417625 0.8413183671875 0.6358287359375 0.8370165 0.6562982171875 0.8297305187499999 0.6698363359374999 0.8186183187499999 0.674713809375 0.8026034375 0.66633739375 0.7881079093750001 0.6534530078125 0.7771565687499999 0.6351817984375 0.7696908234375 0.6167968953125 0.7660622140625 0.597462078125 0.7647732265625 0.572726225 0.7674494765625 0.5371883000000001 0.7780562015625 0.5201916046874999 0.7870154687500001 0.5120403125 0.794642075
7 0.6453085093750001 0.6953939546875 0.56275069375 0.7177642984375 0.5484189859375 0.7259400546875 0.5463912546875 0.734936075 0.5489283390625 0.7384693421875 0.567242184375 0.744496159375 0.583940434375 0.7456093765625 0.593664690625 0.744335303125 0.660997734375 0.7305617671875 0.7370056375 0.7212112703125 0.779503346875 0.7134714796875 0.86379045 0.6921776015625001 0.8727353328125 0.687487440625 0.88100031875 0.6760236984375 0.8610282453125 0.666522203125 0.85089411875 0.6519094953125 0.8262719578125 0.6507486078125 0.8076880921875 0.653834990625 0.7250165843749999 0.680042471875 0.6453085093750001 0.6953939546875
7 0.5576145265625 0.593910353125 0.5806188265625 0.61995404375 0.6217237953125 0.6592191875 0.635529671875 0.668790190625 0.650313884375 0.6750622921875 0.6714348359375 0.6755091765625 0.698141571875 0.665755475 0.6985252859375 0.6528051359375 0.6858114390625001 0.6360980875 0.6110706359375 0.5729640218750001 0.58370048125 0.5456680953124999 0.5352378015625 0.516966 0.5230190984374999 0.51326788125 0.5010335031250001 0.512282765625 0.49377527656250003 0.5194883171875 0.49697804218749997 0.53027480625 0.51152065625 0.5447008234374999 0.5391039828124999 0.5648021187500001 0.5576145265625 0.593910353125
7 0.7754046296875 0.5546036546875001 0.8584837437499999 0.5740793609375 0.9024407203125 0.5765292375 0.9324923406250001 0.5727656031249999 0.9369860984375 0.569701059375 0.9355126203124999 0.5599910343750001 0.9447133093750001 0.5466673156249999 0.9299575203125 0.53943593125 0.9037197656249999 0.533361440625 0.7896533296875 0.5195093453124999 0.5709462671875001 0.5006035703125 0.55322704375 0.5042281828124999 0.5539779953124999 0.508603553125 0.5608951453125 0.5129094140625 0.58356063125 0.5206681109375 0.7754046296875 0.5546036546875001
7 0.85801125625 0.263106371875 0.8459181890625 0.2848878828125 0.7824280546875 0.4661628015625 0.78103758125 0.48337133125 0.7860264796875 0.493315715625 0.7974658125 0.4935977484375 0.8072611234375 0.4899254625 0.8198066953125001 0.48259181250000005 0.82618606875 0.47532766718749997 0.8568084171875 0.42258194062500004 0.8683068593750001 0.391149 0.9246314531250001 0.3031113515625 0.9359877765625001 0.27647483125 0.9373498265625001 0.2602255875 0.9271162203125 0.24897037656249998 0.9043938875 0.2431302453125 0.8876672125 0.242976315625 0.872541921875 0.2482156265625 0.85801125625 0.263106371875
7 0.6186027953125001 0.3187536640625 0.5886341796875 0.34943585 0.5521867109375 0.390739675 0.5473234515625001 0.40627491562499995 0.55873435625 0.4075162328125 0.574653234375 0.40521336406249997 0.5987518296875 0.3943246078125 0.6564481515625 0.3491508875 0.7273415187500001 0.304376378125 0.766991753125 0.27385904375000003 0.7797362875 0.2598104 0.7809277984375 0.2493168640625 0.7401047953125001 0.23025528125 0.7260431109375001 0.22931783593750002 0.7171834984375 0.2311301421875 0.7001299578125 0.24200798125 0.6628462671875 0.2818142890625 0.6186027953125001 0.3187536640625
7 0.5684301890625 0.4072014421875 0.5149314453125 0.4295866984375 0.48540338906249997 0.44539997812500004 0.4708016640625 0.4626889375 0.4740186421875 0.47299578281250004 0.4974208671875 0.4856094921875 0.5158910390625 0.4863602484375 0.5371541046874999 0.4820107109375 0.559494990625 0.471004771875 0.5981100421875001 0.44570491093750003 0.6499505578125 0.419844978125 0.674049153125 0.4089562203125 0.72472658125 0.3926305421875 0.7497040296875 0.3818003734375 0.7533899921875 0.376279028125 0.75183124375 0.3694468578125 0.7378832515625 0.364672275 0.727294353125 0.3654081171875 0.6439571640625 0.384362375 0.5684301890625 0.4072014421875