8 0.26218405 0.9705538109375 0.3027144125 0.9704691499999999 0.329671284375 0.9647486859375001 0.33781850625 0.9596928515625001 0.3365598546875 0.92667259375 0.324536425 0.916006759375 0.30520973906250004 0.9089158218750001 0.273739509375 0.903497784375 0.25394801562499997 0.9035752015625 0.22249554843750002 0.9125640546874999 0.208974290625 0.9218521734375 0.20534042343749997 0.9380465109375 0.2196722359375 0.9550571546875 0.234434384375 0.9643824015625 0.26218405 0.9705538109375
8 0.204922578125 0.8186550984375 0.19806742187499998 0.8289514890625 0.1974480296875 0.8479415421875001 0.2026674796875 0.85553095625 0.21834253593750003 0.8644093421875001 0.22988339687499998 0.8678366453124999 0.2813864046875 0.8767965296875 0.3420874203125 0.8823218718750001 0.35802046875000004 0.8809296734375 0.37469408125000003 0.876505421875 0.3809465515625 0.8713092359375001 0.382427675 0.8652451328125 0.372161121875 0.8526514984375 0.37634649531250003 0.84472976875 0.3750544265625 0.8394892125 0.362893121875 0.8267552281249999 0.33297295 0.8163071609375001 0.2853283875 0.8086620578125 0.24171461249999998 0.8049169218750001 0.2184438359375 0.8093669796875 0.204922578125 0.8186550984375
8 0.13999855781249998 0.73564423125 0.1491286828125 0.75947235 0.165854521875 0.7699720265625001 0.18805780625 0.77779053125 0.2004426359375 0.7797368953125 0.2192178140625 0.7785552265625 0.22939766874999998 0.775707896875 0.2626581890625 0.7514184312500001 0.2662920546875 0.7352240953125 0.2624847875 0.7205365015625 0.2533034890625 0.7100811953124999 0.2367844609375 0.702683746875 0.22159197343749998 0.70104389375 0.2033505421875 0.696091284375 0.16647180781249998 0.6943884921875 0.15260585625 0.6985062328125 0.1410482890625 0.7089687812500001 0.13999855781249998 0.73564423125
8 0.2717506828125 0.6898392953125 0.2763507390625 0.7164187625 0.298864246875 0.7288906093749999 0.3311439765625 0.7323106687500001 0.34836909375 0.736159028125 0.40900117187499996 0.7406502921875 0.4296366328125 0.7390919390625 0.4416423 0.7353508828125 0.44417420781250005 0.73090806875 0.4402290625 0.7141523249999999 0.44729103593749997 0.7069581625 0.446739528125 0.6986855546874999 0.4347160984375 0.6880197203125 0.408723309375 0.6799205109375001 0.3743420125 0.67325786875 0.3061653953125 0.668722234375 0.28475490312499996 0.6727956046875 0.274006834375 0.6812601765624999 0.2717506828125 0.6898392953125
1 0.1196691046875 0.628668971875 0.12175396406250001 0.6458014046875 0.12687000625 0.6518397015625 0.13665399218750002 0.657194803125 0.14896988125 0.6581070921875 0.16564349375 0.6536828406249999 0.1788712375 0.6258515296875 0.194476303125 0.6053991015625 0.241258084375 0.571821515625 0.2561225859375 0.554401140625 0.258981425 0.5407218171875 0.250213753125 0.5364709671875 0.23596864062499998 0.5349012890625 0.2043438265625 0.54130495 0.171410234375 0.5563579078124999 0.15170544375 0.571876290625 0.128263375 0.6020378953125001 0.1196691046875 0.628668971875
1 0.050092796875 0.5041547109375 0.0598423109375 0.5089927765625 0.07324345625 0.5120433921875 0.09503310781249999 0.5136574406250001 0.135391125 0.510987590625 0.2428060359375 0.510198009375 0.2577227703125 0.5077015609375 0.265026028125 0.5041266640625001 0.2663003359375 0.49496033125 0.24869605468749997 0.4854245546875 0.21150709843749999 0.4790684234375 0.160314315625 0.4747618828125 0.0934642328125 0.475983840625 0.063561825 0.47994266406249997 0.0454415625 0.49094805781249995 0.0450112234375 0.49863345 0.050092796875 0.5041547109375
1 0.1989311078125 0.43183324375 0.22692205625 0.44162391718749994 0.24681695625 0.4430976140625 0.2542236203125 0.44107383125000005 0.259494246875 0.43529043281249996 0.2510535078125 0.42180307343749995 0.2253531796875 0.40395031875000004 0.1605169140625 0.3646771546875 0.1322157421875 0.3502331359375 0.10344976406249999 0.3429574765625 0.0912028140625 0.3430792640625 0.0820048046875 0.34651380781249996 0.0768720546875 0.35436536093750004 0.080334628125 0.3638825734375 0.099334384375 0.3802100203125 0.1989311078125 0.43183324375
1 0.052795995312499996 0.47400034843750005 0.0611155640625 0.47152970468750005 0.0680741296875 0.4627844296875 0.0679874296875 0.44734346562500005 0.0465226 0.3798994296875 0.0291418421875 0.35957603125 0.02379484375 0.3569226546875 0.031155121875000004 0.46732683281250004 0.036587190625 0.47125624374999997 0.052795995312499996 0.47400034843750005
1 0.053651403125 0.317145865625 0.053186595312499994 0.32431422187500003 0.0562700078125 0.328144015625 0.0716348421875 0.332369059375 0.089634990625 0.3337024046875 0.1485958390625 0.3272656953125 0.256871428125 0.3111053265625 0.279556225 0.297865621875 0.2838105375 0.29097797187499996 0.2806581875 0.2861141015625 0.27083973281249996 0.2802419609375 0.2507380171875 0.2756660375 0.21379034375 0.272929171875 0.1837500578125 0.2748198421875 0.1362266640625 0.283132740625 0.101088096875 0.293392003125 0.0598349375 0.310915603125 0.053651403125 0.317145865625
1 0.24280076718750002 0.368714315625 0.257287165625 0.373903259375 0.28171213125 0.3726256078125 0.2999702703125 0.36368836718750003 0.3378120359375 0.3232747421875 0.3777386578125 0.2999935484375 0.38252671718750003 0.28697161718749997 0.37429279375 0.27658648750000003 0.35060838906249997 0.2748320859375 0.33470980781250004 0.2767413203125 0.2906145171875 0.29405439375000003 0.263468590625 0.31107952031249997 0.23687417187499998 0.336377253125 0.23032923906249997 0.3513269859375 0.233929690625 0.3629123515625 0.24280076718750002 0.368714315625
1 0.1377756703125 0.24980597499999999 0.1514180984375 0.25647585781250004 0.1656632125 0.258045534375 0.175774125 0.254164128125 0.1786841390625 0.22711199375 0.172706365625 0.20814774531250002 0.16509078125 0.1504758203125 0.15783870312499998 0.14067790468750002 0.144058396875 0.13193986875 0.13932151718750002 0.1315889890625 0.12099443750000001 0.1394921546875 0.11231346874999999 0.1506822671875 0.10688931093750001 0.1965841046875 0.11121361406250001 0.21902726874999998 0.1197922296875 0.234582778125 0.1377756703125 0.24980597499999999
10 0.1803522078125 0.1531497515625 0.21661155 0.17384259375 0.23772958125 0.17952277187500001 0.2633432078125 0.181934559375 0.28857767343749996 0.1786589328125 0.3058539671875 0.1691344796875 0.3146383453125 0.1594954796875 0.32125221875 0.14557982187500002 0.317668475 0.12010460781250001 0.30273397812499997 0.10819416875000001 0.28432019999999997 0.10065636874999999 0.2528499703125 0.09523833125 0.215471959375 0.1001868625 0.18973821875000002 0.11011380781249999 0.173788459375 0.12539585625 0.17198040781249999 0.1406964671875 0.1803522078125 0.1531497515625
10 0.3103275890625 0.03827225 0.30273187031250004 0.0516006921875 0.3036970078125 0.06607775625 0.313291940625 0.08273751875 0.32128458125 0.0895033828125 0.3368562296875 0.09683065468749999 0.390357396875 0.10748200625 0.4159710234375 0.10989379531250001 0.4280111625 0.10666978125 0.4479227703125 0.0942536265625 0.45892883125 0.0755184703125 0.458738725 0.0585263921875 0.44518194062500005 0.039000734375 0.4351642359375 0.0322343875 0.3367053984375 0.024941140625 0.330239196875 0.025856093749999996 0.3103275890625 0.03827225
10 0.3667461453125 0.2199486390625 0.381146896875 0.23799335625 0.392894571875 0.2445228875 0.4092412515625 0.24933514687499997 0.43766253906249997 0.251440428125 0.472370765625 0.248866559375 0.48630565625 0.24578289375 0.5043914484375 0.23426046406249998 0.5078362609375 0.2293707890625 0.5091784546875 0.19294179375 0.503890065625 0.184318303125 0.48814607031249996 0.1744058421875 0.450715828125 0.1644304453125 0.41934900624999993 0.1605635234375 0.3912724109375 0.1636286234375 0.37301427187499997 0.17256586406250002 0.3655564296875 0.1879624578125 0.3667461453125 0.2199486390625
10 0.558285325 0.1518191671875 0.5811090546875 0.16894435624999998 0.5996262406249999 0.1780332703125 0.6169202968749999 0.182915703125 0.6406736390625001 0.1857041796875 0.6800842796875 0.1829641546875 0.7030103624999999 0.17334371875000001 0.7135516156249999 0.16177691875 0.717288890625 0.147133696875 0.7119138015625001 0.1230692421875 0.6947053921874999 0.1053310328125 0.668609196875 0.0956807125 0.6428232234375 0.0906837296875 0.608890025 0.090742584375 0.5765935890625 0.1012123734375 0.5597309234375001 0.116941284375 0.5531859906250001 0.13189101718750001 0.558285325 0.1518191671875
10 0.48772822343750005 0.0550144296875 0.5123088296875 0.07021181875 0.53924899375 0.07838120312499999 0.5791077328124999 0.082362671875 0.5979173796875 0.0816980421875 0.613712553125 0.078237690625 0.6327801921875 0.0673024734375 0.6440275390625 0.052186584375 0.6439934968750001 0.047703221875 0.47523696718749997 0.0352027390625 0.4751877578125 0.0365930234375 0.48772822343750005 0.0550144296875
10 0.7177682984375 0.0694820125 0.7364578296875 0.0811561171875 0.7643798390625001 0.0899127140625 0.7947648171874999 0.0931924234375 0.8294041078125 0.0895844796875 0.84871303125 0.08226853125 0.8576697546875 0.07521472031250001 0.864370221875 0.0640274234375 0.7055706374999999 0.0522644921875 0.7055035828125 0.055196910937499996 0.7177682984375 0.0694820125
2 0.33873231718749996 0.5209050546875 0.35921319375 0.531168396875 0.38902995625000003 0.540065346875 0.416469396875 0.5415834140625 0.44072201718750004 0.5377205703125 0.45339930781250004 0.529913390625 0.45787714375000005 0.512238115625 0.45238194062500003 0.5005123984375001 0.4404619171875 0.4913976765625 0.413383878125 0.48116014218750003 0.3904745015625 0.4768907265625 0.365102159375 0.47809820312499995 0.3437606078125 0.48320565000000004 0.3329091296875 0.49011910625 0.3278453171875 0.499004734375 0.32863810937500004 0.510896609375 0.33873231718749996 0.5209050546875
2 0.391944184375 0.62620016875 0.4215029546875 0.6453677046874999 0.43690225937499994 0.6501097875 0.480516034375 0.653854921875 0.48981745 0.651971490625 0.509729059375 0.6395553359374999 0.513983371875 0.632667684375 0.51288035625 0.6161224671875 0.4973943515625 0.595939421875 0.47663772031249996 0.581539775 0.45643259843750006 0.5754127359375001 0.4318008171875 0.5735881593750001 0.41116535625 0.5751465140625001 0.388204803125 0.5842499125 0.3813841171875 0.5950633421875 0.381436346875 0.6099872671875 0.391944184375 0.62620016875
2 0.383200446875 0.3394989671875 0.3936393484375 0.354677790625 0.41239781718749996 0.367385971875 0.43460109999999996 0.375204478125 0.4593018203125 0.378063128125 0.481797565625 0.37612808593749997 0.502053865625 0.3688823125 0.5135769640625 0.3579027265625 0.51552289375 0.3446702671875 0.5060658390625 0.3300786546875 0.489202121875 0.317510828125 0.46773939999999997 0.3066602703125 0.445880809375 0.304012146875 0.4205429359375 0.305736659375 0.4010616640625 0.3104674203125 0.39010678125 0.315829765625 0.3839921859375 0.3230941015625 0.383200446875 0.3394989671875
0 1 0.8068585 0.984317578125 0.8012732874999999 0.96239005 0.7975910890625 0.9170883359375 0.7968078296875001 0.88827118125 0.8029049828125 0.8616245296875 0.8132787890625 0.8412825843749999 0.8333803375000001 0.8442458828125 0.8495488671875 0.8659843578125 0.8645357312499999 0.89573218125 0.8723986046875 0.9374167359375001 0.8754863484375001 0.9731412781250001 0.8740167328125 1 0.8676302359375001 1 0.8068585
0 1 1 1 0.9408414109375001 0.9913158796875001 0.9345287453125 0.9670110281250001 0.9234676625 0.9221741218749999 0.9155160468749999 0.8895329953125 0.9208154546875 0.8739791046875001 0.927895071875 0.8643507593749999 0.939015009375 0.8617676765625 0.9568306375000001 0.8766509953125 0.9821138875000001 0.8927052140624999 0.99667969375 0.8982569 1 1 1
0 0.811035634375 1 0.81390064375 0.9882698921875 0.811402153125 0.9649330062500001 0.7965533015624999 0.9401667921874999 0.7775880171875 0.924356384375 0.7601216140625 0.916888759375 0.740967275 0.9123830109375 0.71258045625 0.9107947703124999 0.684710678125 0.916962096875 0.6649024781249999 0.9309293656250001 0.6595462046875 0.9495685390625 0.6648868234374999 0.9731159546875 0.68541834375 1 0.811035634375 1
0 0.46581454375 0.8858275109375 0.46729671875 0.908060146875 0.48335093906250004 0.9226259499999999 0.5180769265625 0.934458971875 0.537971828125 0.9359326671874999 0.573386146875 0.929809709375 0.6029438640625 0.9206805062500001 0.621064128125 0.9096751140625001 0.629710628125 0.8979679609375 0.6310361109375 0.8754288156250001 0.6245935312500001 0.8636329234375 0.6075919375 0.8489969437499999 0.5749330453125 0.8398894640625001 0.5400180031249999 0.8393611046875 0.5241883609375 0.842304415625 0.5048794375 0.849620365625 0.4813506703125 0.8643410046875 0.46581454375 0.8858275109375
0 0.5844224640625 0.7984046359375 0.5835617859375 0.8137754234375001 0.5946723078125 0.82488811875 0.6199934734375 0.8370534562499999 0.653634209375 0.84674815 0.6905818828125 0.8494850140624999 0.7213971984375 0.845079328125 0.7425664046875 0.8373866937500001 0.75591531875 0.825513384375 0.759480246875 0.8082849703124999 0.7490068796875 0.7925891078125 0.7340723812500001 0.7806786703124999 0.7137293812500001 0.7724834781250001 0.693662134375 0.7684245921875 0.6728198562500001 0.7668807203125 0.646603546875 0.769569134375 0.6096391671875 0.78072211875 0.592362871875 0.790246571875 0.5844224640625 0.7984046359375
7 0.7168785734374999 0.6924571328125 0.630771796875 0.7159189671874999 0.6162686921875 0.7246198734375 0.6150288546875 0.73430324375 0.6181122671875 0.7381330375 0.6383518609375 0.7447771125 0.6563520078125 0.7461104578125 0.6666352703125 0.7448142437499999 0.7373260328125 0.730500175 0.8177663125000001 0.721024171875 0.8624820468750001 0.7130177843750001 0.9505525125000001 0.6907303765624999 0.9596471140625 0.68574471875 0.9673117687499999 0.6734503515625 0.9449361390625001 0.6630466578124999 0.9325680171874999 0.6472104421875 0.906075953125 0.6457625515625 0.886491275 0.6489421984375 0.8006602546874999 0.6765403375 0.7168785734374999 0.6924571328125
7 0.61243945 0.5823384359375 0.6397765375 0.6106021265625 0.6878702546875 0.6532654671875 0.7036487203124999 0.663694965625 0.7201332765624999 0.6705753765625 0.74280136875 0.671225525 0.7703953921875 0.6609218921875 0.7694647234375 0.646961865625 0.754116596875 0.6288469703125 0.66752409375 0.5601800578125 0.6353811874999999 0.5305314109375 0.5805012515625 0.49919853906249995 0.5670311703124999 0.4951138484375 0.5433812328125 0.49387648281249996 0.53635373125 0.501587684375 0.5409015593750001 0.5132432265625 0.5579720921875 0.5289132828125 0.589597959375 0.5508063578125 0.61243945 0.5823384359375
7 1 0.5252545640624999 0.9768659078124999 0.51981264375 0.8532589015625 0.503968265625 0.617052003125 0.4818410984375 0.5984491703125 0.4856079578125 0.5997067671874999 0.49033147499999996 0.60756153125 0.49502918593749995 0.6326414125 0.5035752578125 0.84163345 0.541693478125 0.9326337953125 0.5633543015625 0.9799681359375001 0.566346065625 1 0.5639404703124999 1 0.5252545640624999
7 0.899911084375 0.2280587671875 0.8892152453125 0.2514472671875 0.8399935265625 0.446392325 0.8402870421875 0.46493551718750004 0.846660684375 0.47569733281250004 0.8589421046875 0.476092584375 0.8690530203125 0.47221117812499996 0.8817303109375001 0.46440399687499995 0.8878104375 0.4566226203125 0.9151443625000001 0.39999609375 0.9242034421875 0.366196659375 0.9754097734375 0.2717231328125 0.9848135421875 0.2430940796875 0.984588965625 0.2255849625 0.9724621296875 0.21336801562500002 0.9475201265625 0.2068900953125 0.9295889140625 0.20659082812500001 0.9139316203125001 0.2121193296875 0.899911084375 0.2280587671875
7 0.6492554171875 0.286149909375 0.6203359078124999 0.318992684375 0.5855775578125 0.363236103125 0.5819781609375 0.37994747812499996 0.59432851875 0.38137680625 0.6111400078125 0.37902070781249997 0.6358229671875 0.367472471875 0.6929391828125 0.3192258578125 0.7642315765625 0.271514846875 0.8035377562500001 0.23892696875000002 0.815732478125 0.22388125312499998 0.8159215312500001 0.21257659375000001 0.7702228953125 0.19169902968750002 0.7550648765625 0.1905762125 0.7457634609375 0.1924596421875 0.7286250437499999 0.20405224843749997 0.69281590625 0.24667437812499998 0.6492554171875 0.286149909375
7 0.6046807203125 0.381114665625 0.5496994828124999 0.40482415781250003 0.5197114296875001 0.42163875468749995 0.505863240625 0.440163384375 0.5103765984375 0.45130188593750004 0.5367485484375 0.46508851250000005 0.556608978125 0.466045171875 0.5789323765625001 0.46152493906250003 0.60172058125 0.4498363515625 0.6404585468749999 0.42286571406249995 0.6933037453125 0.39539660312499997 0.717986703125 0.38384836875 0.7705739109375 0.36664984375 0.7962042453125 0.3551717828125 0.7995801203124999 0.34924803125000004 0.7972028 0.3418691453125 0.781769025 0.3366100265625 0.77050391875 0.337319028125 0.6832084843749999 0.357091421875 0.6046807203125 0.381114665625