8 0.05881851406250001 0.1393593984375 0.04592836875 0.149801121875 0.0350043484375 0.16762309375 0.041872842187499995 0.18290916875000002 0.057242921875 0.19056385781250001 0.0904744046875 0.1961853328125 0.110270340625 0.1943349453125 0.1406401625 0.1860413546875 0.1585388609375 0.1773133984375 0.16842387812499998 0.1658434140625 0.1630822890625 0.1338319375 0.1539291296875 0.129741803125 0.1258439671875 0.12683945000000002 0.0853192734375 0.1307001515625 0.05881851406250001 0.1393593984375
8 0.2265432375 0.220704840625 0.22385094843750003 0.21499255156250002 0.21656343437499997 0.21058256874999998 0.19901486875000002 0.20793175625 0.18281245 0.20813709062500002 0.12324957656249999 0.2193776359375 0.07356602500000001 0.23304036093749997 0.06271658906250001 0.23747284999999999 0.0488247328125 0.2475718203125 0.0451250359375 0.2554089390625 0.049539503125 0.27368817968750003 0.0584487078125 0.282965025 0.07381878593749999 0.2906197140625 0.097965996875 0.2926537296875 0.1408069484375 0.2847945046875 0.186896984375 0.2727768359375 0.21471229374999998 0.2597763140625 0.22432176250000002 0.24629562031250002 0.2245657171875 0.24110891250000002 0.21879941249999998 0.23386568749999997 0.2265432375 0.220704840625
8 0.0807504734375 0.3203006265625 0.0617495890625 0.320985734375 0.0497606671875 0.32407011093750004 0.0291323921875 0.33378052343750003 0.0145143734375 0.3455474515625 0.01015170625 0.369447365625 0.016532298437500002 0.39510685625 0.03017450625 0.40408675 0.0448557140625 0.4067146609375 0.0813735703125 0.40148294531250006 0.0986149921875 0.39492562656249997 0.11347126562500001 0.3918641515625 0.1285026078125 0.383113290625 0.13558915625 0.37212308125 0.1364587890625 0.35756831875 0.12959029375 0.3422822421875 0.09149373281249999 0.3220602 0.0807504734375 0.3203006265625
8 0.31168596875 0.340389246875 0.298939290625 0.337944165625 0.2780038734375 0.33844644375 0.21830322500000002 0.3486816359375 0.201856853125 0.35407367500000003 0.170278659375 0.360516475 0.1502703671875 0.3747509890625 0.15098513593750001 0.40086734843749994 0.1549546796875 0.40893310468750005 0.16738851875 0.41606221093749995 0.1896011953125 0.4179133984375 0.2568333109375 0.4069014859375 0.2898638265625 0.397122765625 0.3142233953125 0.38677265625 0.3241084125 0.3753026734375 0.323006221875 0.3672598234375 0.314510334375 0.36099905 0.315104421875 0.344433575 0.31168596875 0.340389246875
1 0.05216343125 0.446106384375 0.034614867187499995 0.44345557187500007 0.022488171874999997 0.44553459531249995 0.013779932812500001 0.451657946875 0.009873574999999999 0.457987028125 0.011214021875 0.4747353328125 0.025126081249999998 0.49961810156249997 0.0545832859375 0.526466175 0.077378653125 0.5395362078125 0.11330242500000001 0.5508699671875 0.14618947031250001 0.5539780515625 0.16011292500000002 0.5510764984375001 0.1680261203125 0.546118428125 0.162434878125 0.53318581875 0.14409696562500002 0.517808128125 0.090630325 0.489931396875 0.070946265625 0.4716975609375 0.05216343125 0.446106384375
1 0 0.6242754765625 0.0155399265625 0.624738753125 0.08259697499999999 0.6194162234375 0.132900509375 0.6102776046875 0.16879838125 0.6005217859374999 0.184486996875 0.5896002890625 0.181381384375 0.58087193125 0.1733677078125 0.5781299046874999 0.157960340625 0.57716995625 0.05044748125 0.5868558625 0.0095783515625 0.5882031734375001 0 0.5898453046875 0 0.6242754765625
1 0.1557906625 0.6449398921875 0.1297721125 0.6571178843750001 0.0405484875 0.7166605421875001 0.0248225796875 0.7342767796875 0.023264078125 0.7438047625 0.0299632046875 0.7508880625 0.039842525000000004 0.7533102390625 0.052106996875 0.7522365718749999 0.079402803125 0.74241204375 0.1048013734375 0.7257099484375 0.161752234375 0.681475471875 0.18387012656249999 0.661734403125 0.1896105328125 0.6478880499999999 0.183186953125 0.6428154593750001 0.1753799390625 0.64158146875 0.1557906625 0.6449398921875
1 0.10036412187499999 0.76299934375 0.0401496703125 0.7625183703125 0.022426040624999997 0.7655569421874999 0.0079142 0.771131809375 0.005597940625000001 0.7751303328125 0.007495182812499999 0.7820079015625 0.014920471874999999 0.7874232421875 0.059652967187499996 0.8003337500000001 0.096822403125 0.8068235578125 0.1459807546875 0.8102289859375 0.1763821765625 0.8091328140625 0.2127622578125 0.8028957453125001 0.23193820937499998 0.796521253125 0.24057756718749998 0.789895225 0.24275605156250002 0.7848913453125 0.23712752187500002 0.7786534765625001 0.2118092328125 0.76807393125 0.10036412187499999 0.76299934375
1 0.1996737296875 0.707386896875 0.1862324859375 0.713807196875 0.17852595468750002 0.7202733015625 0.177242996875 0.7318119953125 0.18677218906249998 0.7456129406249999 0.218407878125 0.7674571359375 0.24894137187499998 0.78125848125 0.29647233906250003 0.7936892109375 0.31274364375 0.7939865578124999 0.3360642125 0.7899884359375 0.34221793906250003 0.779158153125 0.3348299421875 0.7670480703125 0.2902725109375 0.74844818125 0.24437463125 0.7130999859375 0.22434043906249998 0.7062449187500001 0.1996737296875 0.707386896875
1 0.11733310781249999 0.8310895296874999 0.10503134843749999 0.8388579375 0.0901004890625 0.85530889375 0.08463563125 0.871165959375 0.0847993046875 0.8932608953125 0.0993945375 0.9370626046874999 0.11030716249999999 0.9470249531249999 0.13020358125 0.9528746625 0.13486769375000002 0.9520750359375001 0.146893903125 0.942295915625 0.1521836984375 0.9321282359374999 0.14826853281250002 0.8756912640625 0.1504527140625 0.8567952234374999 0.142137590625 0.8309529078125 0.131256559375 0.828187978125 0.11733310781249999 0.8310895296874999
10 0.24409391406249997 0.892190025 0.218976590625 0.897010675 0.199005590625 0.9045504453125 0.1669021984375 0.928061403125 0.16102401875 0.9409023984375 0.165889096875 0.95550296875 0.18488428750000002 0.9687100203125001 0.212587721875 0.9757937203125 0.250933928125 0.9769368999999999 0.281303753125 0.9686433109375001 0.2982007390625 0.9595726015625001 0.31074645156249997 0.9466174859375001 0.30923663437500004 0.9216664078125 0.2998452171875 0.90887081875 0.289139253125 0.900416503125 0.269968996875 0.892898834375 0.24409391406249997 0.892190025
10 0.4603942015625 1 0.46404531093749996 0.9923639953125001 0.46083921875 0.975935540625 0.44609481874999996 0.9589127953125001 0.423712771875 0.948858834375 0.4110349828125 0.9469164296875 0.385917659375 0.9517370796875 0.3345751234375 0.9672276890625 0.32047660625 0.9758186265625 0.31384067031249996 0.9831301625 0.3076368453125 1 0.4603942015625 1
10 0.439627721875 0.807218515625 0.40442441562500003 0.8081089531250001 0.37643973750000004 0.8129066984375 0.36106396093750004 0.81914416875 0.35062784687500004 0.8265927265625 0.3398416015625 0.8454200546875 0.345045415625 0.8764261734375 0.35557631875 0.8905698718749999 0.3756105109375 0.8974249375 0.404284059375 0.8976539703125 0.4348605421875 0.8908684171875001 0.47027620781249996 0.877593853125 0.4840302890625 0.8664895250000001 0.48759221249999996 0.8576470531249999 0.47896994687500005 0.8225966046875 0.474549784375 0.8182095234375 0.45417115937499997 0.808841065625 0.439627721875 0.807218515625
10 0.660396953125 0.8506585640625 0.620460646875 0.8518459484375001 0.5972778546875 0.8568494265625001 0.5809692562500001 0.863246821875 0.56427893125 0.873825565625 0.544890621875 0.892584184375 0.5437770375000001 0.91232565 0.5533062296875 0.9261265984374999 0.5733031265624999 0.9396764046875001 0.6076740921875 0.9466459875 0.6416001437500001 0.94340208125 0.6663730296875 0.9360680406249999 0.6905259375 0.924209896875 0.7041795390625001 0.9054054734375001 0.7047420265625 0.8816425796875 0.6980801890625 0.8678645390625 0.68523303125 0.8577193609375 0.660396953125 0.8506585640625
10 0.6516243265624999 1 0.6535662765625 0.9958863390625 0.65049795625 0.9804632421875 0.6362357671875001 0.9669592453125 0.6149932046875 0.9582533906249999 0.5985152359375 0.9564480109375 0.5795832375 0.9576357953124999 0.5405424625 0.9653579953125 0.5152500703125 0.9758680296875 0.49372056875 0.9929357859374999 0.490431253125 1 0.6516243265624999 1
10 0.8396381828124999 1 0.8400432953125 0.999930546875 0.849272565625 0.9957758203125 0.8648234078125 0.9838489671874999 0.8720161359375 0.9666666953125 0.86846560625 0.94772485 0.859418628125 0.9374426515625001 0.8490570953125 0.931501728125 0.828296740625 0.926314621875 0.7929556609375 0.92619970625 0.7632431140625 0.93232265625 0.7370867875 0.9434952953125 0.720740896875 0.95658743125 0.7113380874999999 0.9715761625000001 0.7160281015625001 0.9918661156249999 0.7242233140625001 1 0.8396381828124999 1
2 0.32525412187499997 0.5299672140625 0.298133378125 0.5341023609375 0.270111409375 0.54559484375 0.2516932125 0.557498796875 0.24360495312500002 0.5681462515625 0.245189353125 0.5797078484375 0.25202625625 0.5877965046875 0.26425343125 0.59341758125 0.28660388124999997 0.596274125 0.31220341406249996 0.594972221875 0.3342467203125 0.5886206359374999 0.35926356406250004 0.5760998859375001 0.36935524375 0.5661379390625 0.3725038421875 0.5542793953125 0.3644958609375 0.537645209375 0.350265265625 0.5313386296875 0.32525412187499997 0.5299672140625
2 0.366826096875 0.41531199374999994 0.32398514375 0.42317121406249997 0.3095421921875 0.4292487609375 0.2838307828125 0.450634884375 0.27656916875 0.46731447812500004 0.2794997125 0.4817322203125 0.2884778078125 0.4915117390625 0.313245 0.49806985781249996 0.3341804203125 0.4975675796875 0.3584338046875 0.493409534375 0.377403096875 0.48552700625 0.3952701984375 0.4696016328125 0.40671371875 0.44860366718750005 0.404509334375 0.4325179671875 0.3988808046875 0.42628009687499996 0.3764987578125 0.416226134375 0.366826096875 0.41531199374999994
2 0.4236143484375 0.6833997671875001 0.40074439375 0.6837192171875001 0.37662877968749997 0.68888261875 0.356000503125 0.6985930296875 0.3397923890625 0.7126905203125 0.332393 0.7283647578125 0.3364630296875 0.7441306078125 0.344026090625 0.7505513046875001 0.35604660625 0.75466434375 0.376462525 0.7573380609375 0.40213094375 0.7565388375000001 0.4234480875 0.751855209375 0.44273022187500005 0.7392886546875 0.4570726921875 0.7255110124999999 0.46360814531249994 0.7104993796875 0.4590186171875 0.6979095203125001 0.4453075203125 0.6884269468750001 0.4236143484375 0.6833997671875001
0 0.8151745046875 0.154773984375 0.77917615 0.1568297046875 0.7381319562499999 0.1638664 0.7099722125000001 0.1743535296875 0.691241175 0.19094150781250002 0.6915110265625 0.20684438125 0.7158591984375 0.224278590625 0.74456434375 0.23170504531249997 0.7745840375 0.23479022500000002 0.81970395625 0.229627221875 0.8408833281250001 0.2239382359375 0.8561213296875 0.21669540937499998 0.8738506562499999 0.199764678125 0.8789337875 0.1880889625 0.8754837421874999 0.176847215625 0.8582853078125 0.16281763437500002 0.84626479375 0.15870459374999998 0.8151745046875 0.154773984375
0 0.6873115046875 0.0856306390625 0.6934538406249999 0.102584671875 0.7052992890625001 0.112387096875 0.722259465625 0.117711225 0.7559415625 0.119654025 0.799164240625 0.10761345468750001 0.8212448406249999 0.0945671234375 0.850862603125 0.06685191874999999 0.8546135250000001 0.056974234375 0.7077098734375 0.0471806578125 0.6971333343749999 0.059765815624999996 0.6873115046875 0.0856306390625
0 0.48728553750000003 0.089054171875 0.4866541609375 0.11231438906249999 0.4957327375 0.1297940046875 0.5183214453125 0.1413560046875 0.547408315625 0.1446011078125 0.5754618796875001 0.14030603749999998 0.5937050109374999 0.1340914734375 0.6096691734374999 0.1251806875 0.62546396875 0.108067128125 0.635354684375 0.082704984375 0.633187590625 0.0599245421875 0.624568825 0.041637921875 0.525284703125 0.0350189796875 0.5063351078125 0.05389000625 0.48728553750000003 0.089054171875
0 0.40449118906250003 0.13977725937500002 0.36787285000000003 0.1373088765625 0.3482835734375 0.140667296875 0.315941928125 0.15547280000000002 0.3028078265625 0.1711012296875 0.30576996875 0.1927163890625 0.32559180312499997 0.21195558124999997 0.3520495734375 0.223883234375 0.372809928125 0.229070340625 0.38921900625 0.23037304375 0.42400899531249997 0.226466534375 0.45482942968750006 0.2144942734375 0.468896353125 0.19870591875000002 0.47297777500000004 0.18668745 0.467148278125 0.16504938593750001 0.456166765625 0.15458435937499998 0.43585702499999995 0.1457185828125 0.40449118906250003 0.13977725937500002
0 0.5920491390625 0.212577575 0.5693542515625001 0.2072076390625 0.537675575 0.20595034218750002 0.5012954953125 0.2121874125 0.469611121875 0.224822278125 0.446735471875 0.2390338875 0.43785216406250005 0.250846625 0.44178441875 0.2656071203125 0.4513509015625 0.272713325 0.4705211578125 0.2802309921875 0.5096940109375 0.28740630624999997 0.5364330265625 0.2874525140625 0.5569551234375 0.28393416718750003 0.5761999624999999 0.27806235468749996 0.5948937078125 0.268169115625 0.6074394203125 0.2552140015625 0.6147699249999999 0.2390370859375 0.6077636531249999 0.22274565468750002 0.5920491390625 0.212577575
7 0.690463746875 0.3176389046875 0.608174390625 0.3163121 0.5346621687499999 0.3093646203125 0.524125571875 0.30911308125 0.506401940625 0.31215165312500004 0.4875015375 0.32053685781249996 0.485185278125 0.324535378125 0.488359775 0.33376641406249996 0.5045937875 0.3407585015625 0.5953417390625 0.3550408203125 0.6822579125 0.36226274062499997 0.77355695625 0.38056648593750003 0.7937662125 0.38173216718749997 0.8199541328125 0.37775694843749996 0.8291502828124999 0.36126018437499996 0.8494341234375 0.3490363828125 0.8393165437500001 0.33790875468750003 0.8292305609374999 0.3339785421875 0.7367547437499999 0.321021428125 0.690463746875 0.3176389046875
7 0.656991421875 0.393862353125 0.655131471875 0.38029004375 0.6254935078125 0.3730235140625 0.6029679890625 0.37585635625 0.587867765625 0.38410453906250003 0.5741825671874999 0.39571154218750004 0.5346424937500001 0.4415914734375 0.5129695203125 0.4715460328125 0.49644286718749997 0.5042197125000001 0.46921025 0.5284390765625 0.4552811 0.5452327875 0.45306532343750006 0.5569314046875 0.4616300953125 0.5636948578125 0.48501954999999997 0.5601994140625 0.49766574375 0.5549443968750001 0.5462527984375 0.5193466609375 0.5724521140625 0.48758712343750005 0.6452723546875 0.41284960625 0.656991421875 0.393862353125
7 0.8367796484375001 0.4587339359375 0.750159221875 0.488504465625 0.5489021000000001 0.5456458515625 0.5255442421875001 0.5563387140625 0.518632759375 0.5616395359374999 0.5183199187499999 0.5663235640625001 0.5376652421875 0.5681518484375 0.7693180859375001 0.523806453125 0.8896894968750001 0.49648140312500005 0.9170541890624999 0.487159553125 0.9320166437499999 0.477906015625 0.9206906953124999 0.46492759687499996 0.9211786 0.4545541875 0.9160322796875 0.4518350625 0.8834896656250001 0.45124037031249997 0.8367796484375001 0.4587339359375
7 0.8056810796875 0.5592458625 0.791450484375 0.55293928125 0.78056945 0.5501743515624999 0.768373871875 0.5517506953125 0.764154675 0.5627638078125 0.7675674296875 0.580700296875 0.8557241 0.7641790171875 0.8710884796875 0.78572586875 0.8882869124999999 0.7997554484375 0.905040428125 0.803571540625 0.9229018312499999 0.8015383249999999 0.9465352375 0.792856175 0.9562135953125 0.7798781578125 0.952938615625 0.762947025 0.9378181859374999 0.73621346875 0.867758590625 0.6499573625 0.8519492921875 0.6181970234375 0.8133130312500001 0.5661692375 0.8056810796875 0.5592458625
7 0.5523065734375 0.6680248734374999 0.5350335578125 0.667384775 0.5229757515625 0.6699664765625 0.529913134375 0.68575523125 0.5734947546875 0.7251019453125 0.608962215625 0.7540065390625 0.66038814375 0.7878925078125001 0.7046959265625 0.8255712640624999 0.7241417296875 0.8350996437499999 0.733814390625 0.8360137875 0.7487395515624999 0.8334549890625 0.7902400562499999 0.8088474625 0.7877917203125 0.7979484671875 0.77259670625 0.78460439375 0.7267993109375 0.756956296875 0.646010965625 0.7178145140625001 0.579283846875 0.676776534375 0.5523065734375 0.6680248734374999
7 0.572845759375 0.6228300484375 0.52873894375 0.6005514859375001 0.5036273171875 0.5914799765625001 0.48041293124999995 0.5892860343749999 0.46075476875000004 0.5921417796874999 0.4371529578125 0.6080213484375 0.43486829531250004 0.6192172874999999 0.4524111609375 0.635760259375 0.48574312812500003 0.6490818296875001 0.5454323796875 0.6666309578125 0.6287177500000001 0.6821926765625 0.7199163093750001 0.6927963234375001 0.7313168421875 0.6923852578125 0.7456909046875 0.6858050375 0.7465921359375 0.67844769375 0.7420341984375 0.6730552546874999 0.7141241046875 0.66446351875 0.6581288515625 0.652969434375 0.631151578125 0.6442177734375 0.572845759375 0.6228300484375