3 0 0.9533469968749999 0.00799449375 0.9559838125000001 0.11151519531250001 0.9540218640625 0.175853359375 0.9406065 0.2244000671875 0.9173370828125 0.289469428125 0.8577071890625 0.30363533125000003 0.8214514562499999 0.296766903125 0.7834916078124999 0.27033863281250003 0.75695698125 0.2090884203125 0.7240530749999999 0.1674609 0.7140278078125 0.037751226562500004 0.7211121671875 0 0.7331638 0 0.9533469968749999
3 0.6200470234375 0.44584939375 0.58009581875 0.4106793796875 0.501730740625 0.387772540625 0.4121741046875 0.39175283437499997 0.3140473453125 0.418545296875 0.275104109375 0.4387489171875 0.2467976859375 0.47563311875 0.2348120828125 0.5144309234375 0.26427754531250003 0.565900809375 0.286698128125 0.5820576640625 0.3769352015625 0.603117371875 0.44265961875000004 0.6041547484375 0.507086009375 0.5894159734375 0.5821745968750001 0.5557305125 0.6123966375000001 0.52535860625 0.627003675 0.4824858328125 0.6200470234375 0.44584939375
3 0.94116859375 0.8102699703124999 0.917865740625 0.807347190625 0.9186597843750001 0.7954365218749999 0.9072289265625001 0.7906666140625 0.915534365625 0.7718246703125 0.9062838078125001 0.7695968359375 0.9011545453125 0.740796096875 0.8604975234375001 0.71621334375 0.8140682703125 0.707720975 0.7432774359375001 0.7121867187500001 0.7121102765625 0.7214888453125 0.6730788109375 0.7430158765625 0.6334672218749999 0.8437378843750001 0.6566564703125 0.8836113359375 0.7086561203125 0.9142874031250001 0.7618027265625 0.9277591703124999 0.8369541593750001 0.9283775656250001 0.8702133906249999 0.92294091875 0.9142230453125 0.8972341765625 0.9406719046875001 0.8454769796875 0.9416037656249999 0.831499075 0.9306828546875 0.8265698406249999 0.94116859375 0.8102699703124999
3 0.88068825625 0.5543386171875 0.8474544046875 0.5241479984375 0.8058268843749999 0.5141227328125 0.71706429375 0.506192359375 0.6744662734375 0.510724575 0.6280998671875 0.5365360640625 0.5954328453125 0.568336121875 0.5962643562500001 0.626356575 0.6383958609375 0.6640686609374999 0.6842075234375 0.6818248859375 0.7356149671875001 0.6861375421875 0.8018687484375 0.6792344703125 0.8354808890625 0.6685041921875 0.8801081312499999 0.63353359375 0.8935682140625 0.6078651234375 0.8954209859375 0.5800735593749999 0.88068825625 0.5543386171875
3 0.5118998296874999 0.6934414640625 0.48538333125 0.66823024375 0.43258963437500003 0.6494648468750001 0.354993221875 0.650274603125 0.31675580000000003 0.6598909625 0.25787442656250004 0.7324407015625 0.2547236296875 0.7444561140625 0.2862183171875 0.7654876234375 0.30566455625 0.7910130765625001 0.3057274015625 0.8253169343750001 0.31253298125 0.8289729234375001 0.37136359375 0.8276777171875 0.43561353125 0.8155857578125 0.47691352187499997 0.795277390625 0.512025525 0.7620491796875 0.5218308265625 0.7207093062500001 0.5118998296874999 0.6934414640625
3 0.3025778109375 0.5905883078125 0.26645784375 0.56844288125 0.2327200109375 0.5105654453125 0.18402222968749998 0.5008544125000001 0.141600665625 0.5027398140625 0.11818420468749999 0.5367677093750001 0.091024734375 0.5564476093749999 0.0066855874999999995 0.5879052328125 0.0015055640625 0.6303590265625 0.01780100625 0.6678998968750001 0.0737201203125 0.7102771453125001 0.1724390890625 0.7098480953124999 0.2162469078125 0.7224154328125 0.2771067453125 0.690681846875 0.3027917328125 0.6578726140625 0.31206767343749997 0.6244731859375 0.299250559375 0.6052505375 0.3025778109375 0.5905883078125
3 0 0.3475742796875 0.0180294296875 0.3472545078125 0.0599216296875 0.3533095515625 0.089588928125 0.36650535781250004 0.13398895625 0.4054361078125 0.14786479531250002 0.4087778609375 0.181918071875 0.39143054374999997 0.2043640359375 0.371960134375 0.22000441718750002 0.348833734375 0.22194541562499998 0.3197187640625 0.211573284375 0.2990679609375 0.17807475156250002 0.27284756718750003 0.104070271875 0.2550248703125 0.0357244171875 0.2580624640625 0 0.266754896875 0 0.3475742796875
3 0.5131241328125 0.3226113265625 0.45275619218749996 0.27647334218749997 0.401701659375 0.2668670546875 0.32610909062500004 0.272865696875 0.2635100890625 0.295440171875 0.23399386562500002 0.31522481562500004 0.22165535468750003 0.359316253125 0.198856484375 0.3840802921875 0.19552923125 0.398742521875 0.21889493125 0.4359691578125 0.25056607343750004 0.45435385000000006 0.2599930890625 0.45393487187500003 0.2922189734375 0.42875185312499997 0.34294597968749996 0.40802450625000003 0.4337377953125 0.38551650312499997 0.5088010015625 0.38745830625 0.5131241328125 0.3226113265625
3 0 0.5815253890625 0.0285139609375 0.577698678125 0.0863994546875 0.555333690625 0.113470696875 0.5369771984375 0.1326147875 0.496541753125 0.1648406734375 0.47135873437500003 0.1619799390625 0.443776659375 0.10947630312500001 0.3854137734375 0.06437045625 0.35707028749999997 0.017852975 0.3499013234375 0 0.3511483546875 0 0.5815253890625
3 0.1979074296875 0 0.14829505468749998 0.04985839375 0.11692606093749999 0.09743460000000001 0.113157671875 0.1187138703125 0.1463032953125 0.1502278953125 0.20180665625 0.16359491718750002 0.2606372671875 0.1622997109375 0.30358819531250003 0.15247386093749998 0.3544916546875 0.12909969999999998 0.4039206328125 0.09259620625000001 0.42951739375000003 0.06111038125 0.43337400937500004 0.0385077046875 0.408081775 0 0.1979074296875 0
3 0.719108021875 0.0878242828125 0.6898818609374999 0.0680114390625 0.64127230625 0.056976996875 0.5942254625000001 0.057748481250000004 0.5679482640625 0.06419430468750001 0.521670084375 0.088682384375 0.48882660937500005 0.12312925781249999 0.48985995468750004 0.1428756296875 0.534877571875 0.1725425234375 0.55308863125 0.2165956875 0.60649991875 0.22609723124999997 0.658436725 0.22246944375000002 0.7109028921875 0.21090120781250002 0.745044396875 0.19223048125 0.7630415328125 0.1689993359375 0.7619199609375 0.15057637343750002 0.719108021875 0.0878242828125
3 0.8068227640625001 0.46393798124999996 0.8110322875 0.43604167499999996 0.8013659734375 0.40480361093750006 0.7882841796875 0.389551184375 0.7292142640625 0.35918934999999996 0.66664064375 0.3461365609375 0.6100785578125001 0.34865043125 0.5598809171875 0.36143732968750003 0.5281843937499999 0.378679903125 0.52521005 0.388048503125 0.57791551875 0.408137309375 0.600336103125 0.4242941625 0.60767104375 0.42000970625 0.6192783578125 0.4221328 0.6301544734375 0.47047041875 0.6194668984375 0.525044371875 0.6866029515625 0.504907221875 0.7710049437500001 0.5077534546875 0.7909176984374999 0.49103460468750004 0.8068227640625001 0.46393798124999996
3 0.9303456578124999 0.197189734375 0.874048253125 0.1957333828125 0.7880581703125 0.216708490625 0.736801803125 0.24537628125 0.7113814953125 0.274215290625 0.7099698609375 0.295389815625 0.8002069328125 0.3164495234375 0.8512360859375001 0.3616830765625 0.8983711578125 0.359588184375 0.9318950703125 0.35018131406249997 0.9707500828125 0.3313010984375 0.975278190625 0.3263826875 0.9823023843750001 0.221019784375 0.958009109375 0.20519665312500002 0.9303456578124999 0.197189734375
3 0.6004251328125 0 0.599317259375 0.016618096875 0.5803496234375001 0.054406726562499994 0.6414487609374999 0.0543301828125 0.7108279625 0.07103896093749999 0.7519514984375 0.053377409375 0.7644410828125 0.0422664234375 0.8096605374999999 0.0336592359375 0.827040084375 0.019691948437500002 0.853140828125 0.015892940624999997 0.8558504890625 0.010494565625 0.8397061234375001 0.005934146875 0.8360297437499999 0 0.6004251328125 0
3 0.7658104171875 0.9381369453125 0.673481271875 0.9132117546874999 0.61229390625 0.914611709375 0.545422534375 0.9307786359374999 0.47905514531250004 0.9746323796875 0.47820259062500003 0.9757835890625 0.7957601234375 0.9616699203125 0.790587753125 0.9541890546875 0.7658104171875 0.9381369453125
3 0.669776940625 0.7220508421875 0.66535349375 0.6826628421875001 0.595029175 0.6448842828125 0.5289518484375 0.6491405390625 0.497343553125 0.6650597046875 0.522889553125 0.7048284125000001 0.52224658125 0.74971953125 0.491495178125 0.7880318859375001 0.43779382968749997 0.8181278296875 0.43962121875 0.82596353125 0.47364911562499995 0.844243478125 0.5342188906249999 0.85210738125 0.595759165625 0.8454137984375001 0.6324338765624999 0.8239915124999999 0.6461586421875001 0.79435281875 0.6497759578125 0.7400931 0.669776940625 0.7220508421875
3 0.9172880343750001 0.3930540859375 0.8665864093750001 0.378154165625 0.8429306453125 0.38052501875 0.8147124484375 0.41608581093749997 0.8140694796875 0.4609769328125 0.7904765625 0.49765164375 0.79239218125 0.5041639375 0.8085365453125 0.50872435625 0.9306719765624999 0.47426741093749997 0.9469927984375 0.4761810140625 0.96595674375 0.46620439375 0.9661752671875 0.46292655624999995 0.9395950078125 0.4461616140625 0.9172880343750001 0.3930540859375
3 0.5457536890625 0.22088014375 0.54472034375 0.201133771875 0.5144608359375 0.16157455625 0.473539134375 0.1409620265625 0.434180140625 0.132155421875 0.3706360203125 0.13366011875 0.322618678125 0.1489890890625 0.29319068125 0.1674503234375 0.2829696234375 0.179779975 0.2782935828125 0.2499205859375 0.285867825 0.27729316875 0.2974751375 0.27941626406250003 0.345316028125 0.2667341078125 0.406591621875 0.2640107484375 0.4574697 0.276263853125 0.48233526250000003 0.29099255625 0.5143846953125 0.26845635 0.5350914953125 0.23982683124999998 0.5457536890625 0.22088014375
3 0.42855535624999996 0.9214583796875001 0.417918540625 0.9047778015624999 0.39314120468749997 0.8887256921875 0.316956425 0.8683609234375 0.2841383296875 0.8671805328125 0.21706512500000003 0.9216215390625001 0.1495761625 0.947052321875 0.1019999546875 0.9557642515625 0.099543378125 0.9926128875 0.41379191875 0.978646284375 0.4231106515625 0.9678823968750001 0.42855535624999996 0.9214583796875001