3 0.7564693218749999 0 0.738852875 0.029364784375 0.7206886796875 0.0826065015625 0.7115205984374999 0.2167674875 0.721276465625 0.2610466453125 0.754373384375 0.3280036953125 0.7813918656250001 0.3581212609375 0.8204860625 0.369037703125 0.8581214203125 0.357914253125 0.9206173375000001 0.29618847656249997 0.9453360703125 0.2480261671875 0.9601064828125001 0.182464746875 0.9636115625 0.075024309375 0.9463589953125 0.018305821875 0.935783421875 0 0.7564693218749999 0
3 0.573561515625 0.3276202078125 0.5572004828125 0.3027016734375 0.50448053125 0.26694645 0.4642517234375 0.27555013281249996 0.42576540781250005 0.3013136765625 0.4043492578125 0.339795675 0.375284534375 0.43915843906249996 0.3698951359375 0.53187903125 0.392425803125 0.6156370671875 0.4281667953125 0.6606738515624999 0.4658933546875 0.6715504171875 0.510366903125 0.66062634375 0.5421568531250001 0.6322234109375 0.5780091406250001 0.5575000546875 0.5941471921875 0.49197850781249997 0.5940154125 0.42353844374999994 0.573561515625 0.3276202078125
3 0.7038728015625 0.9375689765624999 0.7224338375 0.9710372093749999 0.918097515625 0.9630645250000001 0.9232621875 0.9341889359375 0.9236977140624999 0.8559888125 0.9105480609375001 0.79938995 0.8796191140625 0.7422727109375 0.838782425 0.7141964093750001 0.7342240078125 0.74536599375 0.71144021875 0.7838081156250001 0.7013906484375 0.81528906875 0.695768221875 0.8884496640625 0.7038728015625 0.9375689765624999
3 0.6708871796875 0.750851784375 0.6532091359375001 0.7014533421875 0.6148746953125 0.6538967921875 0.5549822765625 0.6472622546875 0.5216828609374999 0.6780653296875 0.49437067656250006 0.723707875 0.48908252812499997 0.76754840625 0.496001871875 0.8606278765625 0.5057577421875 0.904907034375 0.5364536609375 0.942464271875 0.5628136359375 0.9603418859374999 0.591534034375 0.9611792625 0.6182282890625 0.9497368093749999 0.6549721109375 0.9068134078125001 0.66653114375 0.8729323156250001 0.6746051937499999 0.804731503125 0.6708871796875 0.750851784375
3 0.8244471499999999 0.37159734375000003 0.7890303890625 0.36812057343750004 0.762954065625 0.34536293125 0.7416897875 0.3105248328125 0.72923921875 0.312605975 0.6534924015625 0.36661295 0.6430173531250001 0.40541394999999997 0.6410723640625 0.486014215625 0.6596925671875 0.542772578125 0.6853434109375 0.5728502671875 0.713354678125 0.5858877234375 0.756176934375 0.5798038062499999 0.7909858140625 0.5466005921875 0.81254379375 0.5056785765625 0.82594656875 0.44007728281249997 0.8281245859374999 0.3790370171875 0.8244471499999999 0.37159734375000003
3 0.7071340296875 0.2215278921875 0.7089878203125 0.1189276109375 0.6660337843749999 0.0565714640625 0.627506890625 0.035894959375 0.5836006484375 0.037058971875 0.5499163328125001 0.12162214062500001 0.5292093109375 0.147904059375 0.49374192499999997 0.1688673234375 0.491189053125 0.2127876046875 0.50051944375 0.26438680937500003 0.559793934375 0.305221440625 0.5821421953125 0.34497944375 0.5973280421875 0.342978053125 0.616991653125 0.35821627500000003 0.6516080828125 0.35189310625000003 0.68584965625 0.32844995312499997 0.71948335 0.2683268171875 0.7071340296875 0.2215278921875
3 0.25164010625 0 0.242633309375 0.034450109374999996 0.23852034687499998 0.10521056250000001 0.2558641140625 0.1839290640625 0.28245711875 0.22136667499999998 0.3036301953125 0.23420475624999998 0.33371823125 0.23508200937499998 0.35781903593750003 0.2211197953125 0.378242403125 0.1997179046875 0.39663962656249996 0.1660361890625 0.3933876703125 0.15127646875 0.3538274171875 0.1012400265625 0.3406271421875 0.069081196875 0.33497418749999996 0.0249216640625 0.335756978125 0 0.25164010625 0
3 0.42369868750000006 0.2425938 0.3855972734375 0.21459725000000002 0.37041142968749996 0.21659863906250001 0.34451750937500003 0.2378410265625 0.29881815 0.246285209375 0.2779693015625 0.2750071453125 0.2537672515625 0.33784942500000004 0.24649353437500002 0.4158501734375 0.25568209999999997 0.46988939375000005 0.302455396875 0.537245196875 0.36946965781249996 0.5391990796874999 0.368537546875 0.46095907656249996 0.393073875 0.3687967359375 0.415199159375 0.3181146578125 0.4416603859375 0.287112209375 0.4422276890625 0.277352146875 0.42369868750000006 0.2425938
3 0.3398011984375 0 0.3377094609375 0.025001415625000002 0.34444640312499997 0.074080853125 0.37306555 0.1237982953125 0.43257306875 0.1841929265625 0.4610098140625 0.1899103359375 0.487471040625 0.158907884375 0.5294929640625 0.1430240296875 0.548832346875 0.116702234375 0.5727507468749999 0.0587399859375 0.5814983953125 0 0.3398011984375 0
3 0.0089553609375 0.4250687203125 0.0102670140625 0.42607175937499997 0.0336586859375 0.424309621875 0.066532621875 0.4008265953125 0.1049277359375 0.353063034375 0.1297882953125 0.3024607078125 0.14054699531249998 0.25877967812499997 0.142725015625 0.1977394109375 0.12971718906250002 0.1387005359375 0.0976536328125 0.1011034234375 0.07562959999999999 0.102905434375 0.026060353125 0.1307899921875 0.0089553609375 0.4250687203125
3 0.1924264265625 0.5682552796875 0.147203171875 0.5449393828125 0.117216384375 0.49518206875 0.0968436390625 0.492143925 0.060808948437499996 0.52286725 0.034864403125 0.5685496703124999 0.0278337640625 0.595230340625 0.026364875 0.6440705296875 0.037062904687499995 0.6957096078125 0.0571013703125 0.7280678140625 0.121279109375 0.7788220078125 0.1402842140625 0.7818202765625 0.16452684374999998 0.76541804375 0.1842917046875 0.7317762015625 0.19698535 0.678374984375 0.201473165625 0.6247345140625 0.1924264265625 0.5682552796875
3 0.5099414234374999 0.6679463921875 0.4534427859375 0.6736315578125 0.4036911390625 0.6575160828125 0.40166499375000003 0.6452362546875 0.406193384375 0.6380358328125 0.3898323546875 0.6131173000000001 0.36984451093750004 0.5563190625 0.36012921875 0.558479953125 0.34187382187500004 0.5897216546874999 0.32795436875 0.64064298125 0.3245505375 0.6992033578125 0.337132884375 0.76556228125 0.367636353125 0.8299995656249999 0.38319705000000004 0.8451181609375 0.41531123125 0.85827524375 0.444173453125 0.8566726062500001 0.4723771734375 0.8428300140625 0.4899234375 0.823788390625 0.48819099374999997 0.7357484515625 0.5099414234374999 0.6679463921875
3 0.33512722031250003 0.94148265625 0.33796374687499997 0.89268234375 0.291990784375 0.8351264781250001 0.271536884375 0.739208240625 0.2496546765625 0.738570240625 0.219516015625 0.76213301875 0.18918490625 0.81257584375 0.1662998640625 0.8998980281250001 0.16699895 0.9585780312500001 0.1702787625 0.9708944109375001 0.32493582656250003 0.975403625 0.33512722031250003 0.94148265625
3 0.0398893828125 0.717789375 0.0236296 0.6439907781249999 0.024581806249999998 0.580470621875 0.00683828125 0.5876804671875 0.008991525 0.7727297937500001 0.00941644375 0.770672215625 0.02106668125 0.7587911390625 0.0398893828125 0.717789375
3 1 0.5513203484375 0.9761336249999999 0.5666637031249999 0.9299075390624999 0.6313079984375001 0.9122600234375 0.6992296828125 0.909940178125 0.762709965625 0.9343551640625 0.8611878421875 0.9505743687500001 0.8885463921874999 0.9806828359375 0.9126412140625 1 0.5803037328125 1 0.5513203484375
3 0.8232012453124999 0.510877609375 0.8151372421874999 0.50819834375 0.7832966671875 0.561041309375 0.7433008890624999 0.58920499375 0.696943021875 0.585409221875 0.656248159375 0.5548929046875 0.6393604015625 0.5861744828125001 0.6340216265625 0.6544550453125 0.672021790625 0.731331659375 0.7126254515625 0.739847959375 0.73153935625 0.7208462124999999 0.7876125140625 0.72248109375 0.81840968125 0.7111582671875001 0.8410516453125 0.675156159375 0.8488420421875 0.611835378125 0.8415884218749999 0.548075971875 0.8232012453124999 0.510877609375
3 0.48591172499999996 0.84566878125 0.4792153640625 0.8430293890625 0.44101270000000004 0.8639129000000001 0.3946548359375 0.86011713125 0.3575361578125 0.8859205484375 0.3547502578125 0.91028083125 0.3694093734375 0.9644795515625001 0.39418804218750003 0.9774227578125 0.4552636828125 0.9792034921875 0.4903894953125 0.8629083921875 0.48591172499999996 0.84566878125
3 0.24347460625 0.42065045625 0.2471620890625 0.3572100484375 0.26093971875 0.30872873749999996 0.2589135734375 0.296448909375 0.23076047968750002 0.28585146875 0.158275665625 0.2837380859375 0.14539961875000001 0.293139271875 0.125918409375 0.3219010828125 0.10940550468750002 0.37030264375 0.10694383437499999 0.436222940625 0.11547389062499999 0.47802220625 0.136170865625 0.522620365625 0.176582075 0.558016715625 0.19695481875 0.561054859375 0.21666905625 0.551853046875 0.2465240640625 0.5331703 0.27025001406250004 0.5020881 0.255398446875 0.47476942656250004 0.24347460625 0.42065045625
3 1 0.1738512875 0.9620414265624999 0.1727445578125 0.9523667124999999 0.22134549531249997 0.9251457296875 0.2889880546875 0.8679785390625 0.3533133484375 0.8687282484375001 0.387553315625 0.888665465625 0.4687915859375 0.9048846703125 0.49615013281250003 0.9219548328125 0.5088685890625 0.969963990625 0.5078242046875 1 0.48480635625 1 0.1738512875