3 0.0861574609375 0.2808856140625 0.2213672421875 0.2951115328125 0.2657067234375 0.286944590625 0.33234477500000004 0.256135003125 0.3620475734375 0.23006907499999998 0.372158446875 0.191135859375 0.36012343750000003 0.1528492296875 0.2966119171875 0.08765973906249999 0.2475939390625 0.060990534375 0.1812898875 0.043683753125 0.0730953421875 0.036152328125 0.016405935937499998 0.0513995046875 0.0013257578125000001 0.0596590828125 0.0054178703125 0.243804196875 0.032174701562500005 0.2606228625 0.0861574609375 0.2808856140625
3 0.45267578437499995 0.64175079375 0.5461000421875 0.6506297828125 0.629881028125 0.6310790734375 0.6744018234375 0.5967918140624999 0.684503153125 0.5592333515625 0.6725158578125 0.5140729546875 0.6432234046875 0.481024490625 0.5672283625000001 0.44216177968750003 0.5009338515625 0.4234802453125 0.43206629375 0.42106209375 0.3360021875 0.4380697609375 0.3112927984375 0.45360498125 0.276491621875 0.5053239078125 0.28604901250000003 0.5461263859375001 0.3128352203125 0.5858149609375001 0.3520381515625 0.6088000265625 0.45267578437499995 0.64175079375
3 0.7464185140625 0.14554135937499998 0.7190788203125 0.1855884796875 0.7527825734375 0.2919661890625 0.791975959375 0.3163260078125 0.8238796359375 0.327612078125 0.8976260890625 0.335996559375 0.9468730937500001 0.32967168281250003 0.98013675625 0.31224127031250004 0.9677385015625 0.1150498625 0.9385658125 0.10877651562499999 0.859864125 0.10542373281249999 0.8032033484375001 0.11654665156249999 0.7464185140625 0.14554135937499998
3 0.7805863468750001 0.5394761765625 0.87409649375 0.535982384375 0.9184359750000001 0.5278154390625 0.9555429999999999 0.4983262203125 0.972943590625 0.47246675781249997 0.9731439890625 0.4435969375 0.961032634375 0.41630833593750005 0.917017609375 0.377733665625 0.8826649453125001 0.3648391875 0.8138546453125001 0.3541725140625 0.759719203125 0.355905815625 0.71040539375 0.3718539640625 0.66340698125 0.4086570703125 0.6580700312500001 0.468678903125 0.6898114765625001 0.5033357781250001 0.7363518359375 0.5325208328125 0.7805863468750001 0.5394761765625
3 0.41273202812500004 0.37107646562499996 0.4938827078125 0.3760376578125 0.55058165625 0.359415728125 0.580274909375 0.3347245546875 0.592767975 0.3070230203125 0.5856882031249999 0.2637046953125 0.55149776875 0.2274394078125 0.5098363015625 0.20422068124999998 0.443522709375 0.188288653125 0.3820498375 0.18382196875 0.374645609375 0.18724525625 0.37193896249999997 0.22275518437500003 0.34962130625 0.24814733437499997 0.3150396140625 0.26824693593750004 0.3174122640625 0.2808533734375 0.373452753125 0.3590894234375 0.41273202812500004 0.37107646562499996
3 0.1561475515625 0.47600289531250006 0.17803578281250002 0.512474646875 0.222289378125 0.51668048125 0.27400446093749997 0.509214509375 0.31377041875 0.45108912968750003 0.35327872031249996 0.43008209375 0.35092515625 0.4147261453125 0.3658194984375 0.3955067921875 0.35868246875 0.3604369859375 0.334326165625 0.32510633125 0.27307278125 0.2890203171875 0.22625567812499997 0.2997031109375 0.12296865781249999 0.2940137515625 0.0611808703125 0.33491392656249996 0.0412358640625 0.372912515625 0.043389028125 0.4171382796875 0.1292372890625 0.4541861140625 0.1561475515625 0.47600289531250006
3 0.119685925 0.76692890625 0.1985116703125 0.75240989375 0.23559006562499998 0.7270449359375 0.24803541718750002 0.7062171703125 0.24824535937499997 0.675972596875 0.233656390625 0.6511998453125 0.211663190625 0.6298503796875 0.17735824218750001 0.610082134375 0.1625784140625 0.6128044484374999 0.11311192187500001 0.6507486515625 0.0810460203125 0.6628333890625 0.036735165624999996 0.666876071875 0.01478610625 0.6653747703125 0.0166832015625 0.7507440578125 0.0483884625 0.760152834375 0.119685925 0.76692890625
3 0.3534469734375 0.760256553125 0.43210094843749997 0.7704831015625 0.48627456249999995 0.7632507875 0.55300804375 0.7186936671875 0.5534756421875 0.6513307546875 0.4747644078125 0.649352725 0.38147375 0.6212271921875 0.3299781515625 0.5970738359375 0.2981889921875 0.569290725 0.288354859375 0.5683560984375 0.253792253125 0.5857061906250001 0.22647164687500002 0.6230038062500001 0.228825209375 0.63835975 0.2507802359375 0.665208228125 0.26029945468750004 0.7115097203125 0.289668253125 0.7335601578125 0.3534469734375 0.760256553125
3 0.0859917140625 0.6591764453125 0.1353818640625 0.6322302703125 0.1948256296875 0.574599396875 0.1999430953125 0.5461968921875 0.16815393437499998 0.51841378125 0.1512304890625 0.47553557812499997 0.12431067968750001 0.45509355156250003 0.06544902500000001 0.42886447031249997 0.0092990515625 0.4184573421875 0.0146993203125 0.6614694390625 0.036754253125000004 0.6641265671875 0.0859917140625 0.6591764453125
3 0.44683499062500004 1 0.445373009375 0.9849718187500001 0.42100716406250005 0.951015915625 0.3720846140625 0.9105991765624999 0.3206081015625 0.8836963140625 0.2764117625 0.871241959375 0.214938890625 0.8667752703125 0.1558195828125 0.87766453125 0.118703015625 0.9085285000000001 0.12100885937500001 0.9307582109375 0.15017725937499998 0.9816784703125 0.3429554796875 1 0.44683499062500004 1
3 0.6696161468749999 1 0.7184037890625 0.9916612609375001 0.75051740625 0.97270275625 0.8001556671875001 0.9100129906250001 0.8027478015625 0.8910001031249999 0.7857002953125 0.8659936921875 0.7514048890625 0.84485069375 0.697383959375 0.8300869531249999 0.6433057718749999 0.82357173125 0.586673625 0.8305703890625 0.56422236875 0.875209084375 0.5148226796875 0.9035300140625001 0.512221003125 0.923917659375 0.5439433640625 0.9613240390625 0.5904932656249999 0.9891343406249999 0.617498959375 0.9972035859374999 0.6591943953125 1 0.6696161468749999 1
3 0.5706949171875 0.6515916046875 0.5730866515625 0.6614485375 0.6049330687500001 0.680983125 0.6564859203125 0.6968879578125 0.71549071875 0.7024957406250001 0.7819856281249999 0.6923074546875 0.8461460593749999 0.664013715625 0.8610117718750001 0.6489186234375001 0.8735334671875 0.61709283125 0.8712753328125 0.5879893546875 0.856714990625 0.5590923390625 0.8371612390625 0.540726040625 0.74860633125 0.539188134375 0.6798914609375 0.514773928125 0.686875803125 0.5718397890625 0.67177151875 0.6213037156250001 0.6594597671875 0.6228849359375 0.6521127953125 0.6180597046874999 0.6274034078125 0.6335949203125 0.5706949171875 0.6515916046875
3 0.8326032828125 0.84293811875 0.9209864171875 0.8692215875 0.9800198453125001 0.87070510625 0.9923403437499999 0.867863696875 0.993419478125 0.7124020062499999 0.9590572703125 0.70088228125 0.9098866078125001 0.696209128125 0.8529968015625 0.7403261234375 0.7569326953125 0.75733379375 0.7567800124999999 0.779329846875 0.78116494375 0.81053624375 0.8326032828125 0.84293811875
3 0.7616549859374999 1 0.7405592171875 0.98963991875 0.6843128859375 1 0.7616549859374999 1
3 0.633631359375 0.09080100468749999 0.702374859375 0.11109095 0.7663062640625 0.11579129375 0.86485753125 0.09489302187500001 0.892025453125 0.0795914625 0.91559853125 0.050191646874999996 0.6349102296875 0.02351519375 0.5536647718750001 0.020506103125 0.567546790625 0.041874896875 0.633631359375 0.09080100468749999
3 0.594711196875 0.38149335624999997 0.6635405828125001 0.389410525 0.7400509375000001 0.3540365546875 0.747712821875 0.3134949265625 0.7281686140625 0.2937538734375 0.7285598703125 0.23738898437499997 0.7164771453125 0.2059761234375 0.6797422890625 0.1818499609375 0.61584905625 0.171650603125 0.5518508515625 0.1765735328125 0.5148297109375 0.19368996875 0.5123139234375 0.2017048328125 0.566201253125 0.23571511875 0.5954364515624999 0.277012103125 0.5926534625000001 0.3235200609375 0.5628552359375 0.36333352343750003 0.594711196875 0.38149335624999997
3 0.9814321828124999 0.6672416109375 0.99390269375 0.6427894953125 0.9943288546875 0.5813960984375 0.8765168546875 0.541715053125 0.8592689515625 0.545578465625 0.856762703125 0.552218571875 0.8786318453125 0.5914398328125 0.87584885625 0.6379477875 0.9026446078125 0.6762616078125 0.9272203984375 0.6799729375 0.9814321828124999 0.6672416109375
3 0.310878940625 0.867639396875 0.34025728125 0.88831508125 0.3893325171875 0.9067357656249999 0.45572245312500004 0.911669765625 0.49759385937499995 0.90464391875 0.5420096859375 0.8854789468750001 0.576724978125 0.8461328 0.5793266546875 0.8257451578125 0.5696261203125 0.8055639796875 0.5501582546875 0.7748248984375 0.518350009375 0.749791296875 0.49119163125 0.763718103125 0.43699893124999994 0.7736999234375 0.3730770671875 0.7676248265625001 0.323982746875 0.7519536484375 0.311670996875 0.75353486875 0.3016364625 0.7814700578125 0.30113069375 0.8543319859375 0.310878940625 0.867639396875
3 0.22058824531250001 0.05292128593749999 0.2892649453125 0.0828345078125 0.355273171875 0.1427586421875 0.38971171875 0.14328033906249998 0.4710150859375 0.126245478125 0.49818300625 0.1109439203125 0.5105997296875 0.09424041250000001 0.508475196875 0.045890387500000004 0.48712067968749995 0.01804150625 0.17170835 0.00635956875 0.17146529531250002 0.0413743703125 0.22058824531250001 0.05292128593749999