3 0.9107502468750001 0.8457271203125 0.9036113921875 0.7792494015625 0.8843606703125 0.7302135046875 0.8285654984375 0.6669226734375 0.7918747859375 0.6551359671875 0.7510956859375 0.6656043203124999 0.720234478125 0.69565418125 0.6788632859375 0.7628505640625 0.663756503125 0.8074633562500001 0.6570979296874999 0.9431950125 0.667338971875 0.98923558125 0.88817249375 0.9859639734375 0.9015425859375 0.9543699390624999 0.9107502468750001 0.8457271203125
3 0.430247265625 0.354702621875 0.38880645625 0.39970554375 0.35611341875 0.48403574843749997 0.3505553484375 0.5778281703125 0.368120509375 0.678676190625 0.3851842890625 0.7178802703125 0.4209974109375 0.7444763062499999 0.46060639062500003 0.7537537265625 0.51809415625 0.7183772890625 0.537574825 0.693428140625 0.569613184375 0.5967773625 0.577866609375 0.5276055562499999 0.569341753125 0.46114837187499996 0.541997934375 0.3851057671875 0.5132610843750001 0.3559388421875 0.46964036406250004 0.3442548015625 0.430247265625 0.354702621875
3 0.8463461390625 0 0.8439099625 0.0107247828125 0.83143595 0.0109095828125 0.8251606203125 0.023332824999999998 0.80619539375 0.016215628125 0.8028383328125 0.026129579687499998 0.77190750625 0.0339859796875 0.741554709375 0.0788246359375 0.7275413984375 0.1283533359375 0.7245394484375 0.2023794515625 0.7309540125 0.23434313125 0.7494037953125 0.2735266796875 0.8513061890625 0.30654178125 0.895881146875 0.2787548078125 0.933895275 0.221472378125 0.9538913859375 0.1644568796875 0.96272986875 0.0854121859375 0.9606195765625 0.050918684375 0.9383043203125 0.00686029375 0.9231281203125 0 0.8463461390625 0
3 0.5730476 0.07145681875 0.537589590625 0.10897294375 0.5224828109375 0.153585734375 0.5044507281249999 0.24756295625 0.504589959375 0.2919498796875 0.52675895 0.338476490625 0.5567355390625 0.3700911046875 0.6180121296875 0.3642511953125 0.66237120625 0.31673898125 0.6860865265625 0.2670665484375 0.6962343625 0.2126630046875 0.696171778125 0.14361439843749998 0.688517478125 0.1092030296875 0.6565002125 0.0652883734375 0.6308975109375 0.0533374 0.60179148125 0.0537686 0.5730476 0.07145681875
3 0.6795671859375 0.447185128125 0.6500919796875 0.4772144546875 0.6245518624999999 0.5343120859375 0.6169531125 0.6158044671875 0.6229288828125 0.6551728140625 0.6930228609375 0.7108536453125 0.705350609375 0.713137065625 0.7309603421875 0.678232896875 0.759996753125 0.655608234375 0.79617905625 0.6526061453125 0.8007758546874999 0.6451398796875 0.8058184796875001 0.5834138046875 0.800065625 0.5169155546875001 0.7831481124999999 0.47524325312500004 0.7519317875 0.44118095 0.709404540625 0.4344128203125 0.6795671859375 0.447185128125
3 0.5483006890625 0.6760068546875 0.521012425 0.7158680015625001 0.456302121875 0.7562835484375 0.440756546875 0.808301003125 0.4381237765625 0.8527289937500001 0.471457425 0.8744296546875001 0.4892525296875 0.901292625 0.513239284375 0.987249184375 0.5574450640624999 0.9890603359375 0.598809225 0.9687190953125 0.649589896875 0.906315421875 0.659891028125 0.8025885140625 0.6779160796875 0.7554664343749999 0.651080671875 0.694212625 0.6192792890625001 0.6700232109375001 0.5850680500000001 0.6631318796875 0.5634004406249999 0.6782492109375 0.5483006890625 0.6760068546875
3 0.2887907390625 0.9190587578124999 0.334682084375 0.8690577906250001 0.33971767656249996 0.8541868625 0.32513336875 0.8198781593750001 0.3070457359375 0.79795163125 0.2843613015625 0.78349136875 0.2538692703125 0.7839431015625 0.2309619234375 0.79661274375 0.199661921875 0.8340672687499999 0.17280541875 0.9133788953125 0.16856373281249998 0.9849573234375001 0.170232425 0.9966001234374999 0.26085797187500004 0.995257521875 0.2716432796875 0.9513715078124999 0.2887907390625 0.9190587578124999
3 0.288638146875 0.47763721718749996 0.23340694062499998 0.5450389359375001 0.21771509843749998 0.5995246125 0.21580662187500002 0.6784666390625 0.23279375156249998 0.7423324 0.25044259062499996 0.7716635953125001 0.29559557812500004 0.780858878125 0.31922721875 0.8027032734375 0.3343269671875 0.8049456296875 0.3761299234375 0.7771997234375 0.39896765312500004 0.7423366203125 0.3995527125 0.7324637328125 0.37650613437499997 0.7007464531250001 0.360173678125 0.649201265625 0.3463277296875 0.555696309375 0.35655221406250004 0.47663108281250005 0.288638146875 0.47763721718749996
3 0.48757399843749993 0.9062496031249999 0.47116489531249994 0.8793660984375 0.43060870781249994 0.862704546875 0.4075621296875 0.830987265625 0.37816356875 0.836354909375 0.31089714687500003 0.8965367625 0.2760938140625 0.9463734640625001 0.2636361828125 0.9952163640625 0.505683009375 0.991630484375 0.5048536593749999 0.965178921875 0.48757399843749993 0.9062496031249999
3 0 0.9083983765625 0.008017518749999999 0.91335414375 0.030047276562500003 0.9154938312500001 0.066891284375 0.8779571734375 0.08703366093750001 0.8184734515625 0.09207628749999999 0.7567473765625 0.0863930484375 0.7124425875 0.067288590625 0.6609384687500001 0.034177854687499995 0.6121079015625 0.0037624734375000003 0.5878979515625 0 0.58755744375 0 0.9083983765625
3 0.0634793734375 0.28122246875 0.03940190625 0.31363788125 0.0224703265625 0.365675871875 0.0181590265625 0.4150608375 0.0220941171875 0.44212914375 0.042877106250000005 0.4886762875 0.07562569531249999 0.5202498328125 0.09656198125 0.5174736109375 0.132751315625 0.46761637812499995 0.181191746875 0.44470425 0.1970298546875 0.3877503515625 0.19886168437500001 0.3334700078125 0.192377503125 0.279312865625 0.17640719375 0.245024696875 0.153869025 0.22809621249999998 0.134318740625 0.2308519 0.0634793734375 0.28122246875
3 0.46966849218749995 0.156834221875 0.44070872968749997 0.15479720156250001 0.4067133703125 0.167631109375 0.3892037625 0.182686840625 0.350750840625 0.2473739359375 0.33016966875 0.314262321875 0.326659309375 0.373499640625 0.33467575312500003 0.425168028125 0.349406325 0.45700850937500004 0.358962071875 0.459332996875 0.3858881890625 0.40221483437499994 0.40536885624999996 0.3772656828125 0.401649646875 0.36992261875 0.40515297656250004 0.35754044375 0.4573126171875 0.341971378125 0.5136998796875 0.34853417656249996 0.4997772796875 0.279690903125 0.5119728265625 0.1907322578125 0.49651092812500003 0.1712328859375 0.46966849218749995 0.156834221875
3 0.2277075015625 0 0.21327933125 0.020067459375 0.2018221421875 0.049829853125000004 0.194153778125 0.109128771875 0.2069062578125 0.19771781875 0.2315547203125 0.24913980468750002 0.2591980984375 0.27339082187499997 0.28137412031250003 0.2730622875 0.3134124828125 0.17641151093750002 0.366672625 0.1189032109375 0.369597925 0.069538778125 0.36332962812499997 0.0351068765625 0.349297678125 0 0.2277075015625 0
3 0 0.42413051093750004 0.013123432812499999 0.429931765625 0.019698325 0.3657169375 0.044876295312499995 0.29136228750000004 0.030730782812500003 0.2496489203125 0.020374096875 0.2374720796875 0.0162231234375 0.190678534375 0.0033869671875 0.173606315625 0.0022238765625 0.1464969453125 0 0.1455138734375 0 0.42413051093750004
3 0.9652719296875001 0.15935616875 0.928929296875 0.25853676875 0.9237404078125 0.32273106406249996 0.9335050015625 0.3916359359375 0.9720499109375 0.4568429359375 0.9915885015624999 0.127129221875 0.9848988609375 0.13193879687500001 0.9652719296875001 0.15935616875
3 0.7269352437500001 0.27879165625 0.6849164062499999 0.286812321875 0.6374161484374999 0.363963728125 0.6347067296875 0.43305340000000003 0.6480512984375 0.4649144140625 0.692772525 0.4346592203125 0.7400428359375 0.431492865625 0.7770956953125 0.46053658906250006 0.8029838937499999 0.514406265625 0.8114461671875001 0.5118148453125 0.8344301625 0.47448351874999994 0.8493210640625 0.410145490625 0.8489659484375001 0.3460333265625 0.830369903125 0.3093180015625 0.8006091968750001 0.297428628125 0.743783140625 0.2982704953125 0.7269352437500001 0.27879165625
3 0.47855307812500003 0 0.46538531718750004 0.018798610937499998 0.4069503484375 0.046790917187499996 0.3857145 0.1013587265625 0.38563785156249997 0.126020409375 0.420064971875 0.1526369796875 0.467335284375 0.149470625 0.5034409359375001 0.17113021875 0.5105172078125 0.1685593296875 0.5170850687499999 0.15119964531250002 0.49405255312499996 0.025772076562500003 0.49784840937499997 0.00845345625 0.49410214999999996 0 0.47855307812500003 0
3 0.18491095468750002 0.45204731562499995 0.1639746703125 0.4548235359375 0.11896091718749999 0.4900151734375 0.092766125 0.5347922296875 0.0791916078125 0.5769162640625 0.07385645156250001 0.6435787828125 0.0847911671875 0.69273788125 0.1010540046875 0.7220896078125 0.11294295781250001 0.7317776953124999 0.1864010296875 0.7306894265625 0.21609211875 0.7203853390625 0.2195954484375 0.7080031640625 0.211432734375 0.658803 0.21523562499999999 0.5946292359375 0.2336994703125 0.5401024921875 0.2519404015625 0.5127056546875 0.23166582343750003 0.48094730625000004 0.203729915625 0.4616327328125 0.18491095468750002 0.45204731562499995
3 0.9109457359375 0.5152728859375 0.8921963937499999 0.527880928125 0.8725694624999999 0.5552983 0.842794690625 0.6371192140625 0.837974978125 0.671715384375 0.888079878125 0.737556565625 0.9075464828124999 0.80631770625 0.9115511890624999 0.8555794734375001 0.9484534765625 0.8550327734375 0.9680395765625001 0.5245173265624999 0.959309521875 0.517022440625 0.9109457359375 0.5152728859375