3 1 0.6716825 0.977897775 0.665765025 0.8409173546875 0.6655374546874999 0.7966694796875 0.6784469765625001 0.7311401578125001 0.7166039 0.7025776718750001 0.7460909546875001 0.6944297859375 0.7865450078125 0.708561853125 0.82402441875 0.7759702125 0.8833319640624999 0.8267570843750001 0.905181271875 0.8944706328124999 0.9157459984375 1 0.9121621 1 0.6716825
3 0.589694671875 0.33902570625 0.4950967734375 0.33983025312500004 0.4117046734375 0.3683910515625 0.368642525 0.4077494703125 0.360432234375 0.446811478125 0.3748763328125 0.49125112499999996 0.40612229375000003 0.5216220921875 0.4847296140625 0.5529828343750001 0.552505571875 0.5649396078125 0.6220220703125 0.560170640625 0.717923665625 0.53289603125 0.742006565625 0.51458769375 0.7743621640625 0.4586094 0.7625947046875 0.4183247234375 0.733526125 0.3809723453125 0.692821740625 0.36182244531249996 0.589694671875 0.33902570625
3 0.319720165625 0.8718939718750001 0.3451691671875 0.8285076171875 0.3056368234375 0.7244005 0.26487003124999997 0.70385855 0.23213315156249997 0.6957815046875 0.1573881921875 0.6950246265625 0.108099075 0.7065844484375 0.075496315625 0.7277067359375 0.0983192125 0.9259362375 0.1280417875 0.9292272921875 0.2075159546875 0.9243736406249999 0.2640237015625 0.9071821109375 0.319720165625 0.8718939718750001
3 0.2646554484375 0.47687018437499995 0.17061920625 0.49020315468750003 0.1263713328125 0.5031126796875001 0.0905278109375 0.5368393953124999 0.074350009375 0.564828540625 0.075660546875 0.59406153125 0.089293365625 0.6204045640625 0.13566305781250002 0.654824640625 0.1709517609375 0.66427255625 0.240842696875 0.667855875 0.29529786874999997 0.6604298484375 0.34415014374999997 0.639125696875 0.3895768984375 0.5969620124999999 0.39180985 0.535669596875 0.35801206093750004 0.5039277531249999 0.30958979375 0.479273178125 0.2646554484375 0.47687018437499995
3 0.6441216437499999 0.6087229125 0.5620956484375 0.6122056921875 0.5058375265625 0.6349654078125 0.4772126375 0.6630604140624999 0.46607608125000005 0.692399265625 0.47547893593749996 0.73548920625 0.5118285484375 0.768601925 0.5550223546875 0.78773065625 0.6226734953124999 0.7969033343749999 0.6848465499999999 0.7949819796875001 0.6921275875 0.790742321875 0.6929944390625 0.7545279265625 0.714151071875 0.726496434375 0.7479420234374999 0.7025352218750001 0.74489094375 0.6900279703125001 0.684326778125 0.6167364390625 0.6441216437499999 0.6087229125
3 1 0.5189535828125 0.9254122468749999 0.4949243359375 0.8971549546875 0.4756685703125 0.8731900250000001 0.44105794375 0.8283804921875 0.4414390453125 0.7766643640625001 0.4544120859375 0.7396419609375 0.5173929609375 0.7009345812500001 0.5427885625 0.7041104734375 0.5580799109375 0.6901100578125 0.5790876500000001 0.699138475 0.6138253109375 0.725530415625 0.6470227171875 0.7891388171875 0.677118446875 0.8357512984375 0.6614036546875 0.9401196531249999 0.6563382796874999 1 0.6086651078124999 1 0.5189535828125
3 1 0.1786094109375 0.990844959375 0.1768600890625 0.9186518234375001 0.177474084375 0.8399889375 0.20042434843749998 0.8039582 0.22997492187500002 0.7925096093749999 0.2523535359375 0.7938825515625 0.28297857187500003 0.8098799718749999 0.306516340625 0.8331584296875001 0.325814446875 0.8687591640625 0.3422226015625 0.8835084562500001 0.337919425 0.931362225 0.29434252031249997 0.9630381937499999 0.278754765625 1 0.2714902 1 0.1786094109375
3 0.6834676078124999 0.2087184390625 0.60368140625 0.20661185624999998 0.549475859375 0.2196060703125 0.48457059999999996 0.2716834640625 0.487628515625 0.3398937703125 0.5670402828125 0.33364806874999997 0.6625118734375001 0.35233217968749997 0.715663353125 0.3713762234375 0.7491491078125 0.3961578328125 0.7591067796875001 0.3960731421875 0.7930225421875 0.374896025 0.8185963578125 0.3342937640625 0.8154204671875 0.31900241875 0.791892384375 0.2941361203125 0.779875296875 0.24828325625 0.7491285859375 0.22904866250000003 0.6834676078124999 0.2087184390625
3 1 0.27437089062500003 0.9582465765625001 0.28297325 0.9098935546875 0.31541377656249997 0.8530182109375 0.379956078125 0.849349909375 0.4092314109375 0.8828356671875 0.4340130203125 0.902133790625 0.47562622499999996 0.930328678125 0.49348994375000005 0.9910108171875001 0.5138625140624999 1 0.51459385 1 0.27437089062500003
3 0.58654590625 0 0.605401421875 0.0227769515625 0.6568123609375001 0.05854673125 0.7100886531249999 0.080374865625 0.7552726234375 0.088346046875 0.8174456796875 0.0864246953125 0.8764428421874999 0.0692119953125 0.9122239562500001 0.034093234374999996 0.9087360375 0.0118416546875 0.900903775 0 0.58654590625 0
3 0.3496834421875 0 0.303620134375 0.0128103734375 0.2722561984375 0.035358365625 0.225525746875 0.1039921203125 0.22391001875 0.12350195 0.24239685937500002 0.1470185453125 0.2780600015625 0.16481874531250001 0.3332640515625 0.1740972859375 0.388093665625 0.1750235421875 0.4447886296875 0.16200815625 0.4650715765625 0.1144880046875 0.5133621890625 0.08065543124999999 0.5149155109375 0.05975355 0.480992909375 0.025227614062499997 0.43263304687500004 0.0019650859375 0.4224552234375 0 0.3496834421875 0
3 0.47026499531250004 0.341434021875 0.46733873125000003 0.33171086562499996 0.43422741406250004 0.3152815390625 0.381450375 0.30458978281250004 0.32170433125 0.305097915625 0.255238909375 0.3223741328125 0.19207419375 0.35772578906249997 0.1778865609375 0.3745573859375 0.16693722187499999 0.4080723796875 0.1707371765625 0.4372841921875 0.18692181875 0.464998103125 0.20758604374999998 0.4815332875 0.2968930765625 0.473810853125 0.367408075 0.491314640625 0.3573811546875 0.4343042265625 0.370008628125 0.3826714515625 0.38233090625 0.379781496875 0.38998638125 0.38389411875 0.41406928125000003 0.3655857859375 0.47026499531250004 0.341434021875
3 0.1963460375 0.1752617609375 0.10591569062499999 0.157927346875 0.046356865625 0.16261162499999998 0.03409179375 0.1667776234375 0.041148924999999996 0.324194946875 0.0763752234375 0.3322508171875 0.1261635921875 0.331827371875 0.181173584375 0.2812267171875 0.2770751796875 0.25395210156250003 0.27607667343750003 0.23167934843750002 0.249871953125 0.20265808281250003 0.1963460375 0.1752617609375
3 0.23735658593750003 0 0.238333596875 0.00083243125 0.2814025875 0.017177065624999998 0.34027762031250003 0 0.23735658593750003 0
3 0.43623041875 0.9154655546875 0.3659026390625 0.9021379062499999 0.301240165625 0.9040804328125001 0.20303637187499998 0.935552359375 0.176464053125 0.9538818656249999 0.15425243125000002 0.9861000640625001 0.301337253125 0.9848491218750001 0.514795940625 0.9706185421875 0.5053793203125 0.9580473625 0.43623041875 0.9154655546875
3 0.46021671093750005 0.617249896875 0.3904505875 0.616450671875 0.3152132171875 0.660260471875 0.30961715624999997 0.7020854 0.33034378750000004 0.720012634375 0.332902453125 0.7770865640625 0.3467224890625 0.8076057390625 0.3849998640625 0.8281688609375 0.4499119625 0.8317945234374999 0.5141375890625 0.8201076703125001 0.55054276875 0.7989093781250001 0.552657746875 0.790535921875 0.49658000625 0.7617687234375 0.46495960312499995 0.7230454734375 0.46532720312500003 0.6756947 0.4932656234375 0.6322871734375 0.46021671093750005 0.617249896875
3 0.055593025 0.3686345921875 0.0443089609375 0.39468315 0.047095895312500004 0.45684884531250003 0.1678801609375 0.484656140625 0.1850564640625 0.47893974375 0.1872338515625 0.4719583390625 0.1631441125 0.43456361718750003 0.1635117078125 0.3872128453125 0.1345055375 0.3512525140625 0.10954894531249999 0.350072190625 0.055593025 0.3686345921875
3 0.7207327968749999 0.0956026953125 0.6900484921875 0.07776015 0.6396360578125 0.064263125 0.5724841671875 0.066226825 0.53066330625 0.077723128125 0.48691468593750004 0.10176903125 0.45399742656250003 0.1452189015625 0.45244410312500005 0.1661207796875 0.46327547031250005 0.18552475 0.48450135312500003 0.21458835937499998 0.517862296875 0.236585875 0.544497021875 0.21964841562499998 0.59857775625 0.20387010781249998 0.6633026359375 0.20331962812499998 0.71359025625 0.21403255937500001 0.7259125359375 0.21114260312500002 0.734559671875 0.181824925 0.7312521296875001 0.10804643124999999 0.7207327968749999 0.0956026953125
3 0.8543903140625 0.9105165656249999 0.7836256875000001 0.8874445890624999 0.713977534375 0.8337264046874999 0.6792504921875 0.8368069109375 0.5982229984375 0.8625624437500001 0.57165068125 0.8808919484375 0.5600148703125 0.899094421875 0.564688515625 0.9477948984375001 0.580993978125 0.9662053390625 0.9057237078125 0.944556690625 0.9044907156249999 0.9170533546874999 0.8543903140625 0.9105165656249999