3 0.8923076921875 1 0.9115384609375001 0.9703196343749999 0.93076923125 0.91780821875 0.9333333328125001 0.8173515984374999 0.9230769234375 0.7557077624999999 0.902564103125 0.7100456625 0.847435896875 0.65068493125 0.8128205124999999 0.6392694062500001 0.775641025 0.6484018265625 0.7487179484375 0.6757990875 0.7141025640625001 0.7374429218749999 0.7025641031250001 0.7785388125 0.703846153125 0.9041095890624999 0.7179487171875001 0.9543379 0.7423076921875 1 0.8923076921875 1
3 0.603846153125 0.5821917812499999 0.6076923078124999 0.518264840625 0.596153846875 0.4566210046875 0.5666666671875 0.3858447484375 0.5384615390625 0.3584474890625 0.497435896875 0.34703196406250003 0.4615384609375 0.35616438281249996 0.425641025 0.39726027343750003 0.4 0.4748858453125 0.4 0.5616438359375 0.421794871875 0.6552511421875 0.4397435890625 0.691780821875 0.474358975 0.7168949765625 0.5115384609375 0.726027396875 0.5628205125 0.6940639265625 0.5794871796875001 0.6712328765625 0.603846153125 0.5821917812499999
3 0.9397435890624999 0.11415525156249999 0.9358974359375001 0.08219178125 0.9128205125 0.041095890625 0.852564103125 0.0136986296875 0.8448717953125 0.029680365625 0.8294871796875001 0.0205479453125 0.825641025 0.0433789953125 0.8141025640624999 0.0433789953125 0.8089743593750001 0.0547945203125 0.791025640625 0.04794520625 0.7884615390625 0.057077625 0.7602564109375 0.063926940625 0.734615384375 0.10502283125 0.724358975 0.15068493125 0.725641025 0.2191780828125 0.7333333328125 0.248858446875 0.752564103125 0.28538812812500003 0.8487179484375 0.3173515984375 0.8884615390624999 0.2922374421875 0.9205128203124999 0.239726028125 0.9358974359375001 0.1872146125 0.9397435890624999 0.11415525156249999
3 0.7 0.2283105015625 0.6961538468749999 0.1643835609375 0.6871794875 0.132420090625 0.6551282046875 0.0913242015625 0.6307692312500001 0.0799086765625 0.603846153125 0.0799086765625 0.578205128125 0.0958904109375 0.5474358968749999 0.1301369859375 0.5358974359374999 0.1712328765625 0.524358975 0.25799086718750003 0.5269230765625 0.2990867578125 0.55 0.342465753125 0.5794871796875001 0.37214611875000003 0.6358974359375 0.36757990937499996 0.674358975 0.3242009125 0.69358974375 0.2785388125 0.7 0.2283105015625
3 0.8205128203125 0.6301369859375 0.821794871875 0.5730593609375 0.8128205124999999 0.511415525 0.7948717953125 0.4726027390625 0.7641025640625 0.44063926875000003 0.724358975 0.4337899546875 0.697435896875 0.4452054796875 0.671794871875 0.4726027390625 0.6512820515625 0.5251141546875 0.6487179484375 0.6004566203125 0.6564102562499999 0.6369863015624999 0.724358975 0.6894977171875001 0.7358974359375 0.691780821875 0.7576923078125 0.6598173515625 0.7833333328125 0.6392694062500001 0.8166666671874999 0.6369863015624999 0.8205128203125 0.6301369859375
3 0.6987179484375 0.773972603125 0.7128205125 0.7305936078124999 0.684615384375 0.67351598125 0.653846153125 0.65068493125 0.6217948718749999 0.6438356171875 0.602564103125 0.657534246875 0.5884615390625 0.6552511421875 0.565384615625 0.691780821875 0.5076923078125 0.7283105015625 0.49615384687499997 0.7762557078125 0.49615384687499997 0.8173515984374999 0.528205128125 0.8378995437500001 0.546153846875 0.8630136984375 0.5730769234374999 0.942922375 0.6141025640625 0.9452054796875 0.6512820515625 0.9269406390625001 0.6948717953125 0.8698630140624999 0.6987179484375 0.773972603125
3 0.40512820468750005 0.8173515984374999 0.3897435890625 0.7853881281249999 0.37179487187500004 0.7648401828125 0.35 0.751141553125 0.321794871875 0.751141553125 0.3012820515625 0.7625570781250001 0.274358975 0.796803653125 0.253846153125 0.8698630140624999 0.253846153125 0.9360730593750001 0.26538461562500004 0.993150684375 0.3384615390625 0.995433790625 0.3397435890625 0.947488584375 0.347435896875 0.90639269375 0.3615384609375 0.8767123281250001 0.4012820515625 0.8310502281250001 0.40512820468750005 0.8173515984374999
3 0.45384615312500004 0.7146118718750001 0.45384615312500004 0.7054794515625 0.43076923125000005 0.6757990875 0.4128205125 0.62785388125 0.3948717953125 0.5410958906250001 0.4 0.46803652968750004 0.3371794875 0.46803652968750004 0.28974358906250003 0.529680365625 0.278205128125 0.5799086765625 0.28076923125 0.6529680359375 0.3 0.7123287671874999 0.3179487171875 0.739726028125 0.3602564109375 0.748858446875 0.38333333281250004 0.7694063921875001 0.39743589687499997 0.7716894984375 0.43461538437499997 0.7465753421875 0.45384615312500004 0.7146118718750001
3 0.4397435890625 0.8013698625 0.38076923125 0.8561643828125 0.35128205156250003 0.901826484375 0.3423076921875 0.947488584375 0.34358974375 0.9977168953125 0.5705128203125 0.993150684375 0.5641025640625 0.9223744296874999 0.5448717953125 0.867579909375 0.528205128125 0.842465753125 0.48974358906250004 0.8264840187500001 0.46666666718750005 0.796803653125 0.4397435890625 0.8013698625
3 0 0.7853881281249999 0.05641025625 0.8401826484375 0.1012820515625 0.867579909375 0.121794871875 0.8698630140624999 0.153846153125 0.8356164390625 0.16923076875 0.7808219171874999 0.17051282031249998 0.7237442921875 0.16282051250000001 0.6826484015625 0.1423076921875 0.634703196875 0.108974359375 0.5890410953125 0.07948717968749999 0.5662100453125001 0.057692307812499996 0.563926940625 0.008974359375000001 0.598173515625 0 0.6118721468749999 0 0.7853881281249999
3 0.24743589687499998 0.38356164375 0.24615384687500003 0.3333333328125 0.2371794875 0.2831050234375 0.22051282031250002 0.25114155312499997 0.19871794843749999 0.2351598171875 0.18076923125 0.237442921875 0.1179487171875 0.2831050234375 0.09743589687500001 0.3127853875 0.084615384375 0.36073059375 0.08333333281250001 0.40639269375 0.08846153906250001 0.43150685 0.11025641093750001 0.4748858453125 0.1423076921875 0.504566209375 0.1615384609375 0.5022831046875 0.1923076921875 0.4566210046875 0.23589743593749998 0.43607305937499996 0.24743589687499998 0.38356164375
3 0.4384615390625 0.3584474890625 0.4858974359375 0.34474885781250003 0.5384615390625 0.3515981734375 0.521794871875 0.2876712328125 0.528205128125 0.20547945156249997 0.5128205125 0.1872146125 0.4871794875 0.17351598125 0.46025641093749997 0.1712328765625 0.42948717968750005 0.1826484015625 0.4141025640625 0.19634703125 0.3820512828125 0.2557077625 0.36666666718749996 0.3173515984375 0.36666666718749996 0.37214611875000003 0.3769230765625 0.4200913234375 0.3923076921875 0.4497716890625 0.4012820515625 0.45205479375 0.4230769234375 0.3995433796875 0.4397435890625 0.376712328125 0.43589743593749997 0.3698630140625 0.4384615390625 0.3584474890625
3 0.3897435890625 0.0913242015625 0.3820512828125 0.05936073125 0.365384615625 0.02283105 0.3397435890625 0 0.2666666671875 0.0068493156250000005 0.24230769218749998 0.0433789953125 0.23333333281250002 0.07077625625 0.2294871796875 0.12557077656249999 0.24615384687500003 0.20776255781250003 0.271794871875 0.2557077625 0.2987179484375 0.2785388125 0.31923076875 0.2785388125 0.34358974375 0.1894977171875 0.3897435890625 0.1369863015625 0.3897435890625 0.0913242015625
3 0 0.4041095890625 0.04358974375 0.4041095890625 0.07948717968749999 0.4200913234375 0.0820512828125 0.36073059375 0.1012820515625 0.2922374421875 0.0858974359375 0.2534246578125 0.075641025 0.24200913281249997 0.06923076875 0.1986301375 0.05641025625 0.1826484015625 0.053846153125 0.157534246875 0.048717948437500005 0.1552511421875 0.04358974375 0.1712328765625 0.0333333328125 0.17808219218750002 0 0.15981735156250002 0 0.4041095890625
3 0.9461538468749999 0.1826484015625 0.9179487171874999 0.273972603125 0.9166666671874999 0.3333333328125 0.9294871796875 0.39726027343750003 0.9692307687499999 0.458904109375 0.9987179484375 0.47945205468749996 0.9987179484375 0.20547945156249997 1 0.13018951406249998 0.9628205124999999 0.157534246875 0.9461538468749999 0.1826484015625
3 0.8423076921874999 0.4726027390625 0.852564103125 0.41324200937500005 0.8487179484375 0.353881278125 0.8294871796875001 0.31963470312500003 0.8012820515625 0.308219178125 0.7487179484375 0.308219178125 0.7320512828125 0.2899543375 0.69358974375 0.296803653125 0.653846153125 0.36757990937499996 0.6551282046875 0.43150685 0.66923076875 0.46118721406249996 0.708974359375 0.4337899546875 0.752564103125 0.43150685 0.7884615390625 0.458904109375 0.815384615625 0.5091324203125 0.8230769234374999 0.506849315625 0.8423076921874999 0.4726027390625
3 0.5051282046875001 0.0365296796875 0.4948717953125 0.015981735937499998 0.475641025 0.0456621 0.4230769234375 0.07077625625 0.40641025624999993 0.12100456562499999 0.4076923078125 0.1438356171875 0.44102564062500005 0.168949771875 0.48461538437499996 0.1666666671875 0.51923076875 0.1872146125 0.525641025 0.18493150625000002 0.5307692312500001 0.168949771875 0.502564103125 0.052511415625 0.5051282046875001 0.0365296796875
3 0.275641025 0.634703196875 0.275641025 0.575342465625 0.28974358906250003 0.5251141546875 0.3051282046875 0.5 0.284615384375 0.470319634375 0.2576923078125 0.45205479375 0.2397435890625 0.44292237500000003 0.22051282031250002 0.4452054796875 0.18076923125 0.47716895 0.15897435937499999 0.518264840625 0.1487179484375 0.557077625 0.147435896875 0.6187214609375 0.1602564109375 0.6643835609375001 0.1769230765625 0.691780821875 0.18846153906250002 0.7009132421875 0.25641025625 0.7009132421875 0.2833333328125 0.691780821875 0.2858974359375 0.680365296875 0.275641025 0.634703196875
3 0.915384615625 0.511415525 0.8987179484375 0.52283105 0.8820512828125 0.54794520625 0.8589743593750001 0.623287671875 0.85641025625 0.6552511421875 0.90641025625 0.7168949765625 0.928205128125 0.7808219171874999 0.934615384375 0.8264840187500001 0.9987179484375 0.8264840187500001 0.9987179484375 0.5456621 0.9602564109375 0.5136986296875 0.915384615625 0.511415525