5 0.3525026671875 0.64737539375 0.3989302328125 0.6349197953125 0.445696975 0.6105222671874999 0.49736690625 0.54938059375 0.5245048484375 0.5281394953125 0.52746520625 0.4918545265625 0.516887465625 0.47359641718749995 0.4501832265625 0.42708727968750004 0.384265578125 0.4293220328125 0.3393799328125 0.43844776406249997 0.279013353125 0.4660595328125 0.2333106390625 0.5124464 0.211723765625 0.559064515625 0.21619556874999998 0.60545470625 0.2441201 0.6329574953125 0.2863845625 0.6481747999999999 0.3525026671875 0.64737539375
5 0.30320616875 0.4381008890625 0.3525788578125 0.432362834375 0.419976684375 0.41198560000000006 0.45254221406250006 0.386496278125 0.47446825937500003 0.3279362328125 0.49886153593750004 0.301412934375 0.491706809375 0.2645531625 0.47041261093750003 0.24141421875 0.4148874828125 0.21746922500000002 0.360626840625 0.21694891093750002 0.3021413546875 0.2292888828125 0.2472023625 0.2526524328125 0.20284111249999998 0.2942740890625 0.1891642953125 0.325678221875 0.18720622343749999 0.3691399109375 0.20776033124999999 0.40135009843749997 0.2559150359375 0.4300024921875 0.30320616875 0.4381008890625
5 0.63707023125 0 0.580752459375 0.0255477640625 0.5183813078124999 0.0388060921875 0.4937875734375 0.06389404531250001 0.500664865625 0.1275083671875 0.53093314375 0.157422665625 0.5780238234375 0.1640857171875 0.6891662921874999 0.1407833046875 0.7444444578125 0.1054778265625 0.7653529812500001 0.08274356875 0.7790298 0.0513394359375 0.7793072343749999 0.0245848875 0.7695431671875 0 0.63707023125 0
5 0.2622452546875 0 0.199555615625 0.0148163203125 0.16293485000000002 0.0516431171875 0.1450331890625 0.0959075359375 0.15627404218750002 0.133284296875 0.1871436953125 0.1675046296875 0.23295465 0.1937455109375 0.29270461875 0.2048302203125 0.33276405 0.204258740625 0.39279145625 0.188588903125 0.4469286171875 0.1594839796875 0.4752075609375 0.1320423234375 0.48620145625 0.1101686109375 0.48521440781249997 0.059989378125000006 0.46660313281250004 0.0273200140625 0.4221908609375 0 0.2622452546875 0
5 0.12122683281249999 0.3565620453125 0.1807915859375 0.3232089 0.18984264374999998 0.3017943625 0.2297168546875 0.25678502812500004 0.23548361718750002 0.24059487812499997 0.22464368124999998 0.20608880468750002 0.1391894484375 0.1402875796875 0.07475198125 0.12437984843750001 0.0019525156250000003 0.13179480937500002 0.00559155 0.3774295859375 0.029913621875 0.37814337343750004 0.12122683281249999 0.3565620453125
5 0.12895088125 0.110087540625 0.13806368125 0.10348562343750001 0.1601901875 0.04636091875 0.189393471875 0.0172180828125 0.0009150203125000001 0.061763832812499996 0.0019136406250000002 0.1291707921875 0.10429540781249999 0.1203628765625 0.12895088125 0.110087540625
5 0.7697325687500001 0.200326165625 0.8602287125 0.21600596875 0.9301707468749999 0.1994755890625 0.9724652953125 0.1717967046875 0.9514184531250001 0.021094078125 0.908598325 0.016268529687499998 0.8483704609375 0.0305030234375 0.782175378125 0.05949232343750001 0.7394177859375 0.112596734375 0.7321708421875 0.1469293671875 0.7341754171875 0.161282809375 0.7697325687500001 0.200326165625
5 0.8006182468749999 0.37836664999999997 0.8103941578124999 0.3908833828125 0.8415412484375 0.3983491640625 0.883343053125 0.3958831640625 0.9554283796874999 0.3803289515625 0.998576728125 0.35876356875000004 0.977245171875 0.20602226250000003 0.917172278125 0.2069958625 0.8454878656249999 0.22542076249999998 0.8008644203124999 0.250794459375 0.78498256875 0.2664098078125 0.79776534375 0.300456703125 0.8006182468749999 0.37836664999999997
5 1 0.39378685 0.9972919265625 0.3926755703125 0.9447736593749999 0.3902607359375 0.8826029640625 0.40495440625 0.8181502578125001 0.4320491859375 0.8068171890625001 0.4658648296875 0.7758553218750001 0.502836903125 0.7783995265625 0.50668375625 0.7634582265625001 0.5146632078125 0.8231929578124999 0.5687504296875 0.888570971875 0.5770222640625 0.9461159109375 0.572318190625 0.9906006421875 0.5603217703125 0.997797853125 0.5564208671875 1 0.4466387546875 1 0.39378685
5 0.8163934312500001 0.663768884375 0.7895176875 0.701257946875 0.8057852140625 0.731515796875 0.839337790625 0.7562057109375 0.8971449281250001 0.767749596875 0.9348606078125 0.7647666078124999 0.9890595109375001 0.7504743031250001 0.9939476640624999 0.748361696875 0.99736674375 0.5779126359375 0.9721745859375 0.5720902640625 0.8682020828124999 0.5892499375 0.8344338109375 0.606127190625 0.8163934312500001 0.663768884375
5 0.802701375 0.7381755296875 0.7664658734375001 0.7230160359375 0.6547220328125001 0.7420124171875 0.5940162765625 0.781566115625 0.5918425109375 0.8665949734374999 0.612997990625 0.903111190625 0.6375764859374999 0.9210257453124999 0.668276421875 0.9300799312500001 0.8045134171875 0.8978811359375 0.8285138796875 0.8655197937500001 0.8351594499999999 0.8268811265625 0.828683071875 0.7661374953125 0.820248625 0.7488555531250001 0.802701375 0.7381755296875
5 0.370960775 0.9232472078124999 0.429646715625 0.9123425781250001 0.48901100937499997 0.8775540906250001 0.5343128109374999 0.8282965359375 0.5580429734375 0.782654584375 0.5604637015625 0.7568762015625 0.5574568390625 0.7353460421875 0.4999888796875 0.7118602218750001 0.455858559375 0.6689122015625 0.4111116328125 0.664660659375 0.347059840625 0.6946261234375 0.314694771875 0.7215507890625 0.2566567015625 0.7945765812500001 0.2520157046875 0.8475686890624999 0.2792618859375 0.8989553375 0.303038553125 0.9111285171875 0.370960775 0.9232472078124999
5 0.0736758671875 0.8926836796875 0.127674309375 0.8769560328124999 0.2180622140625 0.8200080875 0.2624234640625 0.7783864296874999 0.2908411265625 0.7375675015625001 0.300971453125 0.6951397906250001 0.2912725171875 0.6544331671875 0.2577816796875 0.644555871875 0.1948243921875 0.61050565625 0.1425065828125 0.6095261671875 0.015482265625 0.6484439296875 0.0096637890625 0.65230578125 0.0108146109375 0.7299862359375 0.0338514546875 0.894937978125 0.0736758671875 0.8926836796875
5 0.112562240625 0.6106724484375 0.1671003171875 0.5844382109375 0.2116620265625 0.544251896875 0.24350270156249998 0.48483130625 0.2474653484375 0.455723059375 0.2380286140625 0.4312643984375 0.190413540625 0.39210541718749997 0.1354897859375 0.37246645625 0.061600345312500006 0.37510257187499996 0.0058395124999999996 0.39416710625 0.00933333125 0.6299998796875 0.0391354515625 0.6309918703124999 0.112562240625 0.6106724484375
5 0.3227290921875 0.922784709375 0.28475121406250004 0.909519734375 0.271089634375 0.8979213578125 0.24264070937499999 0.83792264375 0.22529391875 0.8286779640624999 0.12827568281249999 0.8812620624999999 0.0379647578125 0.9100201125 0.036262475 0.9122017046875 0.0482132578125 0.9977734375 0.3168529484375 0.979864125 0.31828855312500004 0.9772121609375001 0.3227290921875 0.922784709375
5 0.5912106625 0.9482939625 0.589406546875 0.935375865625 0.5513051875 0.8924856562500001 0.5210986453124999 0.8773839734375001 0.49309713750000006 0.8780710796875001 0.4413037234375 0.9095875156250001 0.3587641359375 0.9365088578125 0.32321514218749997 0.979439978125 0.38381496875 0.9753999890625 0.5224659140625 0.964541371875 0.5912106625 0.9482939625
5 0.9938597281250001 0.752745446875 0.935261521875 0.7676372953125 0.86505729375 0.7679197125 0.8381198078125 0.79059615625 0.835082471875 0.85507101875 0.8194628187499999 0.88693433125 0.821959596875 0.8937578374999999 0.991836490625 0.8536084515625 0.9938597281250001 0.752745446875
5 0.817147971875 0.4248724640625 0.8127379093749999 0.393294890625 0.80081870625 0.3798019953125 0.7570588265625 0.425729684375 0.6897227390625 0.4609195375 0.619780703125 0.47744991875 0.541604678125 0.4781337 0.5513036125 0.518840325 0.632902653125 0.4995548828125 0.69493463125 0.49823848593750003 0.752942225 0.5112177171875001 0.7735115718750001 0.5004253921874999 0.8031319781249999 0.4682185296875 0.817147971875 0.4248724640625
5 0.7714597078125001 0.24143415468749999 0.76819065 0.20365603124999998 0.749980290625 0.17385735468750002 0.7088568328125 0.1524394953125 0.670339321875 0.1496811109375 0.6137966703125 0.1615619046875 0.5592585921875 0.18779614218750001 0.530979646875 0.21523779375 0.5150208203125 0.2590430375 0.5170871359375 0.288209096875 0.5852250515625 0.2587606203125 0.637681578125 0.246362834375 0.6911403890625001 0.24114176718749997 0.7397729875 0.2444749578125 0.76703440625 0.2528590953125 0.7714597078125001 0.24143415468749999