5 0.49000000000000005 0.6766666671875 0.48875 0.6383333328125 0.47750000000000004 0.5833333328125 0.425 0.5333333328125 0.40750000000000003 0.5266666671875 0.3775 0.5333333328125 0.365 0.5583333328125 0.32375 0.6083333328125 0.3125 0.65 0.31124999999999997 0.6900000000000001 0.32375 0.745 0.34500000000000003 0.7783333328125 0.37374999999999997 0.7983333328125 0.41375 0.7966666671875 0.44875 0.7733333328125 0.47874999999999995 0.73 0.49000000000000005 0.6766666671875
5 0.665 0.7316666671875 0.67375 0.6833333328125 0.6725 0.6333333328124999 0.66125 0.5883333328125 0.63 0.545 0.60625 0.53 0.57375 0.5283333328125 0.55625 0.5516666671875 0.51125 0.5766666671875 0.49625 0.6066666671875 0.4925 0.665 0.49749999999999994 0.7066666671874999 0.51375 0.745 0.5475 0.7816666671875 0.57875 0.795 0.615 0.7883333328125001 0.63875 0.7733333328125 0.665 0.7316666671875
5 0.81875 0.315 0.8099999999999999 0.29 0.78 0.27 0.75125 0.2633333328125 0.72875 0.2666666671875 0.705 0.2816666671875 0.6900000000000001 0.3016666671875 0.67125 0.3516666671875 0.67375 0.44666666718750003 0.68875 0.485 0.72 0.5066666671875 0.775 0.505 0.79125 0.48166666718749995 0.79 0.42833333281249997 0.80625 0.35 0.81875 0.315
5 0.8775000000000001 0.74 0.8862500000000001 0.6950000000000001 0.8787499999999999 0.635 0.8474999999999999 0.5616666671874999 0.81125 0.5233333328125 0.78 0.5116666671875 0.7375 0.5166666671875 0.7212500000000001 0.5283333328125 0.70375 0.5549999999999999 0.6900000000000001 0.6033333328125 0.68875 0.655 0.69625 0.6883333328125001 0.7175 0.7366666671875 0.74875 0.7716666671875 0.7837500000000001 0.7933333328125001 0.8175000000000001 0.7983333328125 0.85125 0.7783333328125 0.8775000000000001 0.74
5 0.78125 0.8083333328125001 0.70875 0.745 0.6775 0.74 0.665 0.7466666671875 0.635 0.7849999999999999 0.61875 0.795 0.6025 0.8483333328124999 0.6025 0.9266666671875001 0.61875 0.9866666671875001 0.62625 0.9983333328124999 0.80375 0.9983333328124999 0.81125 0.975 0.8162499999999999 0.925 0.8074999999999999 0.86 0.78125 0.8083333328125001
5 0.9712500000000001 0.7933333328125001 0.92125 0.7533333328125 0.8800000000000001 0.745 0.85625 0.78 0.8125 0.805 0.8087500000000001 0.8133333328125 0.805 0.835 0.81875 0.9261904765625 0.81875 0.9633333328125 0.8375 0.9883333328124999 0.85 0.9983333328124999 0.99875 0.9983333328124999 0.99875 0.8266666671875 0.9712500000000001 0.7933333328125001
5 0.91875 0.5583333328125 0.885 0.5700000000000001 0.8787499999999999 0.5900000000000001 0.8825 0.6433333328125 0.8975 0.705 0.915 0.7416666671875001 0.9637499999999999 0.78 0.99875 0.7866666671875 0.99875 0.52 0.9712500000000001 0.5116666671875 0.91875 0.5583333328125
5 0.7325 0.155 0.7175 0.11333333281249999 0.70375 0.0966666671875 0.66125 0.0816666671875 0.61625 0.0866666671875 0.5912499999999999 0.11333333281249999 0.57375 0.1583333328125 0.57375 0.21833333281249998 0.605 0.2916666671875 0.645 0.3166666671875 0.6575 0.3166666671875 0.6849999999999999 0.3066666671875 0.7212500000000001 0.265 0.7325 0.2066666671875 0.7325 0.155
5 0.56875 0.2316666671875 0.5700000000000001 0.16999999999999998 0.55625 0.10833333281249999 0.53125 0.0733333328125 0.505 0.058333332812500006 0.48 0.058333332812500006 0.4575 0.06833333281250001 0.42874999999999996 0.10833333281249999 0.41624999999999995 0.1583333328125 0.4175 0.22000000000000003 0.42374999999999996 0.255 0.43624999999999997 0.27999999999999997 0.44875 0.2866666671875 0.515 0.27999999999999997 0.54625 0.2866666671875 0.55625 0.2716666671875 0.56875 0.2316666671875
5 0.9175000000000001 0.175 0.9199999999999999 0.13333333281249998 0.91625 0.1 0.90625 0.0783333328125 0.89125 0.0633333328125 0.8612500000000001 0.048333332812500004 0.8262499999999999 0.05 0.805 0.0633333328125 0.7725 0.10333333281249998 0.75125 0.1583333328125 0.74875 0.1916666671875 0.7474999999999999 0.2266666671875 0.75625 0.25666666718750003 0.7975 0.275 0.8162499999999999 0.29500000000000004 0.8262499999999999 0.2966666671875 0.88375 0.255 0.9 0.225 0.9175000000000001 0.175
5 0.65 0 0.645 0.01 0.65 0.075 0.6837500000000001 0.08 0.7025 0.0916666671875 0.73 0.1366666671875 0.75875 0.12166666718750001 0.7975 0.0633333328125 0.79 0 0.65 0
5 0.4 0.2783333328125 0.41 0.2216666671875 0.41 0.16833333281250001 0.3975 0.125 0.38125 0.10166666718749999 0.335 0.07666666718750001 0.29874999999999996 0.07666666718750001 0.27 0.1066666671875 0.2575 0.15 0.25625 0.1883333328125 0.26375000000000004 0.2366666671875 0.28375 0.29 0.34125 0.3333333328125 0.34500000000000003 0.32 0.34875 0.32166666718750003 0.37374999999999997 0.2916666671875 0.4 0.2783333328125
5 0.2575 0.255 0.25125000000000003 0.1666666671875 0.22999999999999998 0.1233333328125 0.20375000000000001 0.0966666671875 0.1875 0.0883333328125 0.15875 0.0883333328125 0.12875 0.0983333328125 0.10625 0.1266666671875 0.0975 0.17333333281250002 0.09625 0.22000000000000003 0.10124999999999999 0.25166666718749997 0.12250000000000001 0.2983333328125 0.15 0.3233333328125 0.17875000000000002 0.3333333328125 0.205 0.3066666671875 0.25 0.28500000000000003 0.2575 0.255
5 0 0.42833333281249997 0.008749999999999999 0.4583333328125 0.02375 0.485 0.04375 0.5033333328125 0.07875 0.5166666671875 0.15 0.505 0.17124999999999999 0.45 0.16499999999999998 0.355 0.145 0.3266666671875 0.1325 0.3133333328125 0.11625 0.3083333328125 0.06375 0.31 0.0325 0.32 0.008749999999999999 0.34500000000000003 0 0.3633333328125 0 0.42833333281249997
5 0.28500000000000003 0.6433333328125 0.2725 0.6066666671875 0.22749999999999998 0.575 0.19624999999999998 0.53 0.1775 0.53 0.15625 0.5349999999999999 0.12250000000000001 0.5599999999999999 0.09 0.6033333328125 0.0725 0.6566666671875 0.075 0.7066666671874999 0.09875 0.7616666671875 0.11374999999999999 0.78 0.1625 0.7966666671875 0.20625 0.7866666671875 0.25625 0.73 0.2725 0.7 0.28500000000000003 0.6433333328125
5 0.3175 0.7416666671875001 0.28125 0.7383333328125 0.2475 0.7516666671875 0.21875 0.78 0.1925 0.8216666671875 0.1625 0.9033333328125 0.16 0.95 0.16875 0.9983333328124999 0.36625 0.9983333328124999 0.3775 0.97 0.385 0.86 0.37374999999999997 0.8166666671874999 0.3325 0.7683333328125 0.3175 0.7416666671875001
5 0.51625 0.76 0.49375 0.755 0.47000000000000003 0.7616666671875 0.42625 0.795 0.40125 0.8366666671875 0.39 0.885 0.3875 0.9483333328124999 0.40125 0.9983333328124999 0.58 0.9983333328124999 0.5912499999999999 0.9733333328124999 0.59875 0.9 0.5862499999999999 0.8383333328125 0.5587500000000001 0.795 0.51625 0.76
5 0 0.9983333328124999 0.1375 0.9983333328124999 0.1525 0.9816666671875 0.15875 0.9033333328125 0.18375 0.8166666671874999 0.17250000000000001 0.8033333328125 0.11625 0.7866666671875 0.10375000000000001 0.7766666671875 0.08499999999999999 0.7466666671875 0.04 0.7566666671875 0.0075 0.7816666671875 0 0.7883333328125001 0 0.9983333328124999
5 0 0.7783333328125 0.0325 0.7583333328124999 0.06625 0.7183333328125 0.0725 0.6466666671875 0.08875 0.6 0.08375 0.5766666671875 0.065 0.5533333328125 0.021249999999999998 0.5266666671875 0 0.5266666671875 0 0.7783333328125
5 0 0.3266666671875 0.01625 0.32999999999999996 0.04 0.3133333328125 0.09375 0.30333333281249997 0.1075 0.2783333328125 0.09375 0.22000000000000003 0.095 0.1483333328125 0.06 0.1066666671875 0.01875 0.0916666671875 0 0.0916666671875 0 0.3266666671875
5 0.20750000000000002 0 0.1975 0.04 0.19875 0.09 0.23083333437500003 0.11944444531250001 0.25125000000000003 0.155 0.265 0.1116666671875 0.28500000000000003 0.08333333281250001 0.30375 0.0716666671875 0.32875 0.06999999999999999 0.32999999999999996 0.0283333328125 0.31625000000000003 0 0.20750000000000002 0
5 0.35125 0 0.34750000000000003 0.0166666671875 0.34625 0.07666666718750001 0.38625 0.10333333281249998 0.40374999999999994 0.1316666671875 0.41125 0.155 0.44000000000000006 0.08499999999999999 0.47874999999999995 0.0533333328125 0.47375 0.02 0.45999999999999996 0 0.35125 0
5 0.475 0 0.47125000000000006 0.005 0.48250000000000004 0.0516666671875 0.505 0.0566666671875 0.53625 0.075 0.5575 0.11333333281249999 0.5675 0.1483333328125 0.6025 0.0933333328125 0.64375 0.075 0.64 0.02 0.61625 0 0.475 0
5 0.93 0.0866666671875 0.9225 0.11333333281249999 0.91625 0.20166666718749998 0.925 0.2483333328125 0.95875 0.2533333328125 0.99875 0.2816666671875 0.99875 0.03 0.97 0.0416666671875 0.95 0.0616666671875 0.93 0.0866666671875
5 0.4175 0.3283333328125 0.44749999999999995 0.2866666671875 0.43375 0.2783333328125 0.40625 0.2783333328125 0.3725 0.29500000000000004 0.35125 0.3233333328125 0.34625 0.3416666671875 0.36875 0.3883333328125 0.38 0.44000000000000006 0.38 0.51 0.41624999999999995 0.5133333328125 0.40125 0.4483333328125 0.40125 0.3883333328125 0.4175 0.3283333328125
5 0.64 0.4916666671875 0.6575 0.465 0.66875 0.4166666671875 0.6675 0.36833333281249997 0.6575 0.3366666671875 0.63125 0.305 0.6025 0.29333333281249996 0.5700000000000001 0.29500000000000004 0.56125 0.3 0.57375 0.32166666718750003 0.5862499999999999 0.3616666671875 0.5925 0.4066666671875 0.5925 0.4516666671875 0.58125 0.5116666671875 0.60625 0.51 0.64 0.4916666671875