5 0.272280278125 0.48755437187500006 0.22666025156249997 0.5301751078125 0.20475246249999998 0.574604296875 0.20847419375 0.62051775625 0.235534596875 0.6493948406250001 0.2768759265625 0.6671304640625 0.34190836406249997 0.6706790453125 0.3877468703125 0.661473965625 0.4340929046875 0.640547384375 0.4857960796875 0.5838079281249999 0.5127930921875 0.564698521875 0.5162329546875 0.5292098296875001 0.506096765625 0.5105612578125001 0.44117715625000004 0.4604508515625 0.3763209359375 0.45832693750000003 0.332047271875 0.46435850156249997 0.272280278125 0.48755437187500006
5 0.24410634843749998 0.2756034953125 0.1998749453125 0.313626053125 0.1859675875 0.3436123390625 0.1834088203125 0.3862243546875 0.20315253906250003 0.41924750624999996 0.2500906203125 0.4505814109375 0.29647891249999997 0.4616458234375 0.345115796875 0.45923988437499996 0.411691946875 0.44361945468749997 0.4440883609375 0.420688165625 0.46650367499999995 0.3645374734375 0.49087853125 0.3400535921875 0.484379553125 0.303336490625 0.46377586875 0.2791855125 0.40952110468749997 0.25199767500000003 0.3561685671875 0.24792865625 0.298473940625 0.2562295078125 0.24410634843749998 0.2756034953125
5 0.5754294359375 0.0741355421875 0.5139002515625 0.08308476249999999 0.4893491765625 0.1061439796875 0.4951855375 0.16915341718750002 0.52451565625 0.200555646875 0.5707277328125 0.21019539375 0.6803651421875 0.19456624218750002 0.7352402625 0.16347075312499998 0.7561329953125 0.1424845671875 0.7700403546875 0.1124982796875 0.770702971875 0.086205946875 0.7589808109375 0.054735390625000005 0.7317441890625 0.0244336421875 0.7017514515625 0.019323746875 0.6632507578125 0.0403782578125 0.5754294359375 0.0741355421875
5 0.48097517968750003 0.10174205624999999 0.463148740625 0.068394721875 0.41394094062500003 0.034535671875 0.335827028125 0.015745446875 0.20071538125 0.038590840625 0.1641658546875 0.07240558281250001 0.145916409375 0.11476174218749999 0.156426165625 0.152255140625 0.18628494375 0.18793136562499999 0.23095330625 0.216740125 0.28955015624999997 0.2315580921875 0.3289530765625 0.233622403125 0.3882125453125 0.2221480375 0.441875259375 0.1970753921875 0.470084675 0.171943140625 0.4812147890625 0.1511532109375 0.48097517968750003 0.10174205624999999
5 0 0.3820194875 0.02859551875 0.3847662515625 0.1187076890625 0.369529609375 0.177769809375 0.34063508124999997 0.186982640625 0.320169334375 0.2268508265625 0.27852115 0.23275775625 0.2629777671875 0.2226004390625 0.228333696875 0.1395230828125 0.15802212499999999 0.07638679375 0.138153865625 0.00037933125 0.1408243828125 0 0.1409273671875 0 0.3820194875
5 0 0.1381806484375 0.10549843437499999 0.1361404359375 0.1298944203125 0.12765205 0.1389521640625 0.12175713749999999 0.1615436984375 0.067031109375 0.1906868984375 0.040286509375 0 0.0725288609375 0 0.1381806484375
5 0.897969471875 0.086503965625 0.8385337859374999 0.09655366562499999 0.77301495 0.1207220859375 0.7301932984375 0.17014196406249998 0.7225664375 0.2034296921875 0.724328628125 0.21767634062500002 0.75872684375 0.2584028578125 0.8474926515625001 0.2797553859375 0.9165147390625 0.268084765625 0.9585106078125 0.2436380890625 0.94000864375 0.094056725 0.897969471875 0.086503965625
5 0.9627125265625001 0.277609 0.9036224359375 0.2746280484375 0.832859284375 0.28804751562500003 0.7886067531250001 0.3100745796875 0.7727609828124999 0.324389553125 0.7848355828125 0.35870943906249997 0.7865060734375 0.43551340937500005 0.7959373859375 0.448463321875 0.82645878125 0.4578472109375 0.8676027609375 0.4581626734375 0.9387183484375001 0.447592534375 0.9814647796875 0.42921387343750006 0.9627125265625001 0.277609
5 0.7256834249999999 0 0.72178421875 0.007209734375 0.7251112515625 0.01828286875 0.750761903125 0.035762634375000005 0.777667215625 0.079210553125 0.8134117921874999 0.0833478953125 0.853498459375 0.0751153703125 0.8914916265624999 0.06578236093749999 0.933501140625 0.0414460109375 0.928374615625 0 0.7256834249999999 0
5 0.870104909375 0.6366382859375 0.9267633500000001 0.6357849421874999 0.9706845765625 0.6269040484375 0.9778191734374999 0.6235397359375 0.9833819546875 0.46424248281249997 0.9797072390625001 0.4624788296875 0.9280957609374999 0.4566609625 0.8667427953125 0.467034846875 0.8029650203124999 0.48945441875 0.79132738125 0.5219658500000001 0.7603407203125 0.5562944578125 0.7627866562500001 0.5602442671875 0.7479770734375 0.5671117328124999 0.8059324374999999 0.6242175343749999 0.870104909375 0.6366382859375
5 0.9663987 0.8137997218749999 0.97123650625 0.8120426453125 0.9770821062499999 0.6446465578125 0.9523928703125 0.6372692109375 0.8498959234375001 0.6473276343750001 0.8164421953125001 0.6617109328125 0.7978614390625001 0.7172132578125 0.77088555625 0.7523181625 0.786442278125 0.7831403484374999 0.8190783015624999 0.8096202171875 0.8757578734375 0.8247623687500001 0.9128910734375 0.8243015343750001 0.9663987 0.8137997218749999
5 0.6483227484375 0.9693939500000001 0.7827678203125 0.946661265625 0.8068414359375 0.916410475 0.8139396390625 0.8788487515625001 0.808455715625 0.8186886437500001 0.8004130281249999 0.801140553125 0.7833125937500001 0.7894873765625 0.747899325 0.7722038640625 0.63773325625 0.7835590234375001 0.5774587343750001 0.8184763937499999 0.5740822624999999 0.9019515765625 0.5943546390625001 0.9392487218750001 0.6182642265625 0.9584773343749999 0.6483227484375 0.9693939500000001
5 0.335867475 0.7167887562499999 0.30364728125 0.741144709375 0.2455085171875 0.8091535562500001 0.2401725046875 0.8609619281249999 0.266217853125 0.9132820171875 0.2894225640625 0.9268119718750001 0.356040975 0.9431825343750001 0.41391181875000005 0.9363063468749999 0.47279771875 0.9059871562499999 0.5180653078125 0.8605170890625 0.5420665953125 0.8171883796875001 0.5448227109375 0.791996525 0.5421794234374999 0.7706265546875 0.48600738125 0.7437628984375 0.4432351671875 0.698634459375 0.39929281250000004 0.69151985625 0.335867475 0.7167887562499999
5 0 0.6916210390625 0.0249388453125 0.8932421625 0.0641351640625 0.8936361749999999 0.1174665703125 0.8817096984375 0.20718404375000002 0.83163273125 0.251415446875 0.7936101718749999 0.279956171875 0.7553317546875 0.29053649843749996 0.71427233125 0.28159158125 0.6736054203124999 0.24880046875 0.661696384375 0.1873841125 0.6240837796875 0.135948853125 0.619690578125 0.010465675 0.6496347046875 0 0.6558224484374999 0 0.6916210390625
5 0 0.630624871875 0.0339805640625 0.63402299375 0.106484775 0.618854675 0.1604999296875 0.596631359375 0.20490755312500003 0.5600334640625 0.2370854875 0.5036865171875 0.24140644375 0.47532114999999997 0.2324826609375 0.4506497359375 0.1862283265625 0.4090189921875 0.13250221874999998 0.3861051484375 0.05980066093750001 0.3838533046875 0 0.40022939218750003 0 0.630624871875
5 0.0380388890625 0.9991510375000001 0.3015607609375 0.9960846828125 0.303456703125 0.9927986671875001 0.3086164953125 0.93956563125 0.271462165625 0.9240309671875 0.25819629375 0.9117294234375001 0.23109363125 0.8508613437499999 0.21416941875 0.8406328328124999 0.117995228125 0.8859836921875001 0.028764153125000004 0.9083436578124999 0.0270583375 0.9103774421875 0.0380388890625 0.9991510375000001
5 0.5722706328125 0.98225324375 0.5706846624999999 0.9694312625 0.5338405078124999 0.924754934375 0.504355296875 0.9079235359375 0.4768084984375 0.9067634531250001 0.42541550156249996 0.93436124375 0.343853546875 0.9554244765625001 0.3076433421875 0.99601390625 0.5044300828125 0.993724084375 0.5722706328125 0.98225324375
5 0.8442002953125 0.8228259874999999 0.8173795 0.8433600578125 0.8134532421875 0.9065657500000001 0.7976286015625 0.936876221875 0.79998453125 0.9437501734374999 0.9676270375 0.9154042890625 0.9710861640624999 0.8163478765625 0.9132435109375001 0.8271508640624999 0.8442002953125 0.8228259874999999
5 0.5392825765625 0.5573106171875 0.619808346875 0.54369489375 0.6808300046875 0.5464671765625 0.7376857953125 0.56303399375 0.7580709999999999 0.5537693124999999 0.7876690390625 0.524038884375 0.8020839265624999 0.48233109374999994 0.7982071046875 0.45098846562499995 0.78668229375 0.43693807500000004 0.742979546875 0.47923462812500006 0.6762483078125 0.509425890625 0.6072262187499999 0.5210965109375 0.5303376609375 0.5166437046875 0.5392825765625 0.5573106171875
5 0.5089940187499999 0.3282637640625 0.576430134375 0.3037711609375 0.6281966999999999 0.2950181953125 0.6808443609375 0.2933885515625 0.728621278125 0.2998547875 0.7553081125000001 0.3098870453125 0.75982641875 0.298941840625 0.757162003125 0.261576371875 0.7396880015625 0.2310783671875 0.699559075 0.20731989999999997 0.6617209984375 0.2020820765625 0.605943653125 0.21005874375000003 0.551928496875 0.232282059375 0.52371908125 0.257414309375 0.5073869156249999 0.299446284375 0.5089940187499999 0.3282637640625