5 0.5198493828124999 0.6100288078125 0.5705753078125 0.6520534984374999 0.6143086421875 0.6624074078125 0.6568962968750001 0.66216049375 0.7163530859375 0.646654321875 0.7532518515625 0.62267078125 0.77640246875 0.591213990625 0.7771530875 0.54861316875 0.7544765421874999 0.5122016453125 0.7101506171875 0.4819135796875 0.653972840625 0.472020575 0.6130049375 0.4748683140625 0.5536271609375001 0.48904115312499996 0.4969753078125 0.5470164609375 0.488758025 0.5659465015625 0.49397283906249995 0.5976831265625 0.5198493828124999 0.6100288078125
5 0.50104444375 0.388547325 0.5248271609375 0.40629218125 0.5486493828125 0.4533045265625 0.579701234375 0.4681193421875 0.6416864203125 0.46981481562500005 0.6864469140625 0.462835390625 0.7283629625 0.4439876546875 0.7696074078125 0.4065390953125 0.7858049390625 0.3726790125 0.780985184375 0.3342757203125 0.76648641875 0.3095349796875 0.723701234375 0.2831810703125 0.6726987640625001 0.2757572015625 0.61928641875 0.27906584375 0.5705753078125 0.292843621875 0.522377778125 0.3278888890625 0.50487654375 0.35381481406250004 0.50104444375 0.388547325
5 0.266614815625 0.2735020578125 0.3187629640625 0.29152674843750004 0.4202543203125 0.2851069953125 0.4620913578125 0.2675925921875 0.48717777812499996 0.2334032921875 0.4888765421875 0.17480246875 0.465014815625 0.158390946875 0.40804691249999997 0.161831275 0.32551851875 0.1475925921875 0.288975309375 0.13564197656250002 0.26175555625 0.14596296250000002 0.2385259265625 0.1787530859375 0.2295975296875 0.209683128125 0.23173086406249999 0.23355144062500002 0.2462296296875 0.25829218125 0.266614815625 0.2735020578125
5 0.4989506171875 0.21434156249999997 0.5103679015625 0.2312139921875 0.5377061734375 0.248827159375 0.5883925921875 0.2615843625 0.6434246906250001 0.2608765421875 0.679454321875 0.2515596703125 0.7323530875 0.2269835390625 0.771661728125 0.1922674890625 0.7969851859375 0.15407818906249998 0.8044518515625001 0.11788065781249998 0.7852518515625 0.08267078125 0.746022221875 0.05618518593750001 0.698575309375 0.048629629687499995 0.634101234375 0.059 0.5539037046875 0.095230453125 0.51072345625 0.13541152343750001 0.49630370468749996 0.1692057609375 0.4989506171875 0.21434156249999997
5 0.8695975312499999 0.1261111109375 0.8128271609375 0.1561522640625 0.7406888890625 0.2359876546875 0.733380246875 0.26951851875 0.739701234375 0.282588478125 0.7786938265625001 0.313074075 0.7883333343750001 0.3300123453125 0.8441950609375001 0.3452386828125 0.9277506171875001 0.3421440328125 0.9784401921875 0.326784721875 0.99084444375 0.11746296249999999 0.93948395 0.11420987656249999 0.8695975312499999 0.1261111109375
5 0.7705137984375 0 0.7630098765625 0.00899176875 0.7515135796875 0.05332098750000001 0.7873456796875 0.0772716046875 0.8112469125 0.1229506171875 0.8198987656250001 0.1266213984375 0.8427728390624999 0.12976543125 0.9409118171875 0.1114961796875 0.9805308640625 0.11002880781249999 0.9917876546875 0.10154629531249999 0.9978052125 0 0.7705137984375 0
5 0.5382416078125 0 0.5548518515625 0.019362140625 0.5651629640625 0.054901234374999996 0.586101234375 0.060777778125 0.6432271609375 0.0546707828125 0.7099530875 0.03623456875 0.7501703703125 0.0161193421875 0.76341490625 0 0.5382416078125 0
5 0.1063777765625 0.403164609375 0.1703777765625 0.4007942390625 0.250575309375 0.3645637859375 0.279770371875 0.320909465625 0.2805604953125 0.3075761328125 0.27163209843749997 0.27863785937499996 0.2294790125 0.24161728437500002 0.16796790156250002 0.2319218109375 0.11285679062500001 0.2339629640625 0.06746419687500001 0.2516090546875 0.048817284375 0.26693415625 0.030130864062500002 0.3128600828125 0.032619753125 0.3606625515625 0.059483949999999994 0.3862757203125 0.1063777765625 0.403164609375
5 0 0.522984253125 0.0030296281250000003 0.5307201640625 0.043879012499999995 0.559806584375 0.096422221875 0.571164609375 0.1622790125 0.5673950624999999 0.20000740781249998 0.5593456796875 0.22746419687500002 0.5450246921875 0.23536543281250003 0.5314279828124999 0.23244197500000002 0.46102469218750003 0.24152839531249998 0.42742798281249994 0.2261604953125 0.41735390937499994 0.1842839515625 0.40560082187499996 0.1185851859375 0.406703703125 0.051938271875 0.423806584375 0.0130246921875 0.4518559671875 0 0.4729446046875 0 0.522984253125
5 0.0067827156250000005 0.1381111109375 0.019661728125 0.160251028125 0.060274075 0.1933374484375 0.1175975296875 0.21383127656249998 0.15299506093749998 0.21518106874999998 0.19024938281249998 0.2151316875 0.2228024703125 0.20461316875 0.2449654328125 0.1598888890625 0.26748395 0.139098765625 0.2698938265625 0.12836625625 0.2290839515625 0.0686790125 0.1981111109375 0.0525308640625 0.14588395 0.03583950625 0.10159753125 0.034818931250000004 0.06580493750000001 0.040135803125 0.042061728124999996 0.051658435937500004 0.0251135796875 0.068251028125 0.007217284374999999 0.1008436203125 0.0067827156250000005 0.1381111109375
5 0 0.3276542171875 0.022308642187499998 0.3251234578125 0.029775309374999996 0.2889259265625 0.043404939062499995 0.26846502031249997 0.0931432109375 0.23735390937499998 0.0789604953125 0.20727983593750002 0.0191876546875 0.16825102812499998 0 0.1712131171875 0 0.3276542171875
5 0.0018839515625000002 0.6997242796875 0.032066667187499995 0.7292057609375 0.077498765625 0.740827159375 0.11830864062499999 0.7406460906250001 0.170338271875 0.7307366265625 0.2284913578125 0.7072962953124999 0.2783481484375 0.644251028125 0.2643629625 0.640777778125 0.26637777812499996 0.636711934375 0.23595802500000002 0.6112304515625 0.2233950609375 0.5837572015625 0.16358271562499999 0.57532921875 0.1066938265625 0.5774362140625 0.05968148125 0.59248148125 0.03376543125 0.610736625 0.004175309375 0.6610576140625 0.0018839515625000002 0.6997242796875
5 0.014249381250000002 0.880201646875 0.043049382812499995 0.9030823046875 0.0922740734375 0.9105720171874999 0.1419728390625 0.9100617281250001 0.1760666671875 0.9034773656249999 0.22718765468750002 0.8789670781250001 0.2555925921875 0.8486460906250001 0.2680765421875 0.8175843609375001 0.2412913578125 0.7906378593750001 0.2210246921875 0.7434938265625 0.189498765625 0.7366790125 0.0948814828125 0.746835390625 0.0473160484375 0.7712139921875 0.0172123453125 0.800267490625 0.007296296874999999 0.8179300406250001 0.0054790125 0.8485967078125001 0.014249381250000002 0.880201646875
5 0.44087654218749994 0.9548683125 0.4573111109375 0.9170082296875 0.4493703703125 0.8414691359375001 0.3920469140625 0.8209753078125 0.29031851875000003 0.8313950625000001 0.2588320984375 0.8538477359375 0.243819753125 0.8677078187499999 0.23745925781250002 0.8852386828125001 0.23591851875 0.9411728390625 0.2446098765625 0.9741111109375 0.2591793375 0.988205978125 0.41025925937499996 0.9826104250000001 0.420056790625 0.9769259265624999 0.44087654218749994 0.9548683125
5 0.506298765625 0.8686296296875 0.550466665625 0.9015843625000001 0.6062493828125 0.9181440328124999 0.6597407421875 0.9135020578124999 0.7199086421875001 0.8859958859375 0.740412346875 0.8692716046875001 0.76127160625 0.81661316875 0.7533703703125 0.7703415640625 0.69608641875 0.7192469140625 0.6651135796875 0.703098765625 0.605459259375 0.692004115625 0.565558025 0.7067860078125 0.528935803125 0.7560370359374999 0.47896049375 0.7911481484375 0.477775309375 0.8111481484375 0.48176543125000004 0.8336172828124999 0.506298765625 0.8686296296875
5 0.8428913578125 0.5767777765625001 0.795958025 0.5904897109375 0.7417950609374999 0.6363991765625 0.71240246875 0.653452675 0.7065555546875 0.6922510281250001 0.7186444453124999 0.7277242796875 0.7470493828125 0.7572716046875 0.7898345671875 0.783625515625 0.8750493828125 0.812399178125 0.9246691359374999 0.813222221875 0.9499373343749999 0.807770434375 0.9633310093749999 0.581752178125 0.9597506171875001 0.5804320984375 0.8428913578125 0.5767777765625001
5 0.8990691359375 0.3471975296875 0.832501234375 0.362967078125 0.784540740625 0.3940123453125 0.7445209875 0.44072839531249997 0.7377654328125 0.464925925 0.7433753078125 0.48999588593750004 0.7761654328125001 0.535345678125 0.8190296296874999 0.5603662546875 0.869874075 0.570456790625 0.9372716046875 0.5706214000000001 0.9644857609375 0.562265740625 0.9769254328124999 0.3523462953125 0.9768172843749999 0.3523004109375 0.8990691359375 0.3471975296875
5 0.7839481484374999 0.7931563781250001 0.7690148140625 0.805683128125 0.74768148125 0.8663415640625001 0.7362246906250001 0.8800699578125 0.70303950625 0.90125514375 0.710861728125 0.94886008125 0.7269544156250001 0.970880975 0.940740740625 0.9629629625 0.9492365640625 0.819595940625 0.8748123453125001 0.816399178125 0.7839481484374999 0.7931563781250001
5 0.6716320984374999 0.9223744843749999 0.5955827171875 0.9185390953124999 0.5468321 0.9030493828124999 0.5216271609375001 0.9093045265624999 0.4955530859375 0.9302263375000001 0.46434321093750003 0.9779465015625 0.46418518593749997 0.98061316875 0.7203219375 0.971126621875 0.71216543125 0.9567942374999999 0.6716320984374999 0.9223744843749999
5 0.23070370312500002 0.9094362140625 0.204906171875 0.8957572015625 0.14181481406250002 0.9127283953124999 0.0654493828125 0.9142263375 0.01879259375 0.9532057609375 0.0001851859375 0.9977983531250001 0.2525360625 0.988452025 0.2379728390625 0.9663744843750001 0.23070370312500002 0.9094362140625
5 0 0.8064703421875 0.0097851859375 0.8058641968750001 0.0432205765625 0.7704787375000001 0.0824370375 0.747296296875 0.0370839515625 0.7343415624999999 0.008125925 0.714127571875 0 0.7000260015624999 0 0.8064703421875
5 0 0.649136890625 0.0048864203125 0.6490576140625001 0.035859259375 0.6053374484375 0.0671876546875 0.5855514390625001 0.09255061718749999 0.5766296296875 0.019701234375 0.5487283953125 0 0.5235221609375 0 0.649136890625
5 0 0.470371328125 0.01511851875 0.446456790625 0.057350617187499994 0.4222757203125 0.09531605 0.4102263375 0.038861728125 0.37506584374999996 0.02191358125 0.3317901234375 0 0.3340865671875 0 0.470371328125
5 0.021529565625 0 0.0270493828125 0.0056502062499999995 0.0524518515625 0.025995884375 0.080422221875 0.032942387499999996 0.1742493828125 0.0361193421875 0.2245802453125 0.0249423859375 0.22972525156249998 0 0.021529565625 0
5 0.2875530859375 0.638588478125 0.3387530859375 0.61274485625 0.394575309375 0.5987037046875 0.4692419765625 0.5959382718749999 0.4750888890625 0.5571399171875 0.4048074078125 0.57570781875 0.34080740781249996 0.5780781890625 0.27783456875 0.5631152265625 0.23528642031250002 0.5327613171875 0.22552839374999997 0.5477572015625001 0.22379012187499997 0.5770905359375 0.2394345671875 0.6124321 0.26831357968749997 0.6339794234375 0.2875530859375 0.638588478125
5 0.2521950609375 0.36716460781250004 0.25191851875000004 0.40176543281250005 0.256698765625 0.410901234375 0.2806 0.39671193437499996 0.324056790625 0.3817983546875 0.372451853125 0.373353909375 0.420451853125 0.37157613125 0.48374074218749996 0.3812057609375 0.48354321093749997 0.3546049375 0.4661209875 0.3193292171875 0.4387827171875 0.30171605 0.387938271875 0.291625515625 0.336303703125 0.2948683125 0.301893828125 0.306786009375 0.266456790625 0.3360370375 0.2521950609375 0.36716460781250004