5 0.599523809375 0.67761744375 0.6533766234375 0.7223985890625 0.697186146875 0.7356902359374999 0.738802309375 0.7385281390625 0.795367965625 0.7276575281250001 0.8290187578125 0.7068622734375001 0.8484704171875 0.67776174375 0.844891775 0.6361391703125 0.8190331890625 0.5988776640625 0.7726262625 0.5660413671875 0.7166955265625 0.5523007859375 0.67692640625 0.55212441875 0.6203030296875001 0.561696328125 0.5707792203125 0.61431778125 0.5646608953125 0.632243065625 0.5729725828125 0.66366843125 0.599523809375 0.67761744375
5 0.5587157281249999 0.459579925 0.583766234375 0.4786596125 0.6118181828125 0.526374859375 0.6436796546875 0.5431136765625 0.704458875 0.5492544484375 0.7475180375 0.5456629796875 0.7865945156249999 0.5302549296875 0.8231313140625 0.49660092968749997 0.835541125 0.4646464640625 0.8269408374999999 0.42672759375 0.8102597406250001 0.40147506718750003 0.7657575765625 0.37259900625000003 0.715137084375 0.361648228125 0.6632467531249999 0.36102292812500003 0.6170129875 0.37097963749999996 0.57343434375 0.4017797015625 0.558946609375 0.42587782656249995 0.5587157281249999 0.459579925
5 0.317849928125 0.3300785640625 0.37066378125 0.3514830859375 0.4692496390625 0.3525412859375 0.5083838375 0.3384319390625 0.529451659375 0.306798140625 0.5251803765624999 0.24959115 0.500187590625 0.231810165625 0.44483405468750004 0.2310565984375 0.3626984125 0.2111592109375 0.325757575 0.196825396875 0.300187590625 0.20495430468750003 0.28079365 0.235353534375 0.2751948046875 0.26496713125000004 0.27969697031249996 0.288472021875 0.296378065625 0.313724546875 0.317849928125 0.3300785640625
5 0.539033190625 0.28900112187500004 0.5519047625 0.30633317187500003 0.5804184703125 0.325541125 0.631269840625 0.3416867078125 0.6850072140625 0.3449735453125 0.719292928125 0.3384640046875 0.7685281390625 0.3182459515625 0.8034487734375 0.2871252203125 0.824343434375 0.25159531875 0.827979796875 0.21672278281250001 0.8056421359374999 0.1808882484375 0.764603175 0.1521404515625 0.7174458875 0.1413179421875 0.6554545453125 0.146801346875 0.580707071875 0.176447009375 0.5425541109375 0.212634278125 0.5318759015625 0.244652878125 0.539033190625 0.28900112187500004
5 1 0.2284020671875 0.95963925 0.2228956234375 0.8925108234374999 0.2294853296875 0.8400432890625 0.2547699203125 0.7775901875 0.327657528125 0.7738383843750001 0.35993265937499996 0.7813419921875 0.3731762078125 0.8225541125 0.40582010625000003 0.8336940828125 0.42308802187500005 0.8898557 0.44202340781249994 0.97124098125 0.445037678125 1 0.43823200625 1 0.2284020671875
5 1 0.037037037499999995 0.8467729234375 0.031361959375 0.8156854250000001 0.05679012343749999 0.7764357859375 0.1071989734375 0.7696825390625001 0.14973545 0.8071428562499999 0.1757575765625 0.8351370843750001 0.2221741234375 0.843968253125 0.22639089218750003 0.8666522359375 0.23112073125000002 0.9607606671875001 0.22034402968750003 0.9993506484375001 0.22177328749999997 1 0.221294359375 1 0.037037037499999995
5 0.5739538234375 0.10229276875 0.587633478125 0.1378066375 0.6087012984375 0.1450697453125 0.66393939375 0.143225909375 0.7273160187500001 0.13001442968750002 0.764603175 0.1132435453125 0.80217893125 0.06406926406249999 0.8072047015624999 0.0298964703125 0.5299291625 0.019627006250000002 0.5230447328125 0.0459515796875 0.5739538234375 0.10229276875
5 0.17430014375 0.4453423109375 0.23663780625 0.4476511140625 0.31138528125 0.41800545156249996 0.3355122671875 0.3774090109375 0.334935065625 0.3644219984375 0.3232756140625 0.33546576875 0.27831168906250003 0.2962000953125 0.2171861484375 0.282267115625 0.16350649374999998 0.28027898125 0.12090909062499999 0.2942600609375 0.10422799375 0.307904440625 0.0906060609375 0.351483084375 0.0978787890625 0.39842873125 0.1267388171875 0.4254288921875 0.17430014375 0.4453423109375
5 0.086161615625 0.5626583296875001 0.1290476171875 0.5940676609375 0.18157287187499999 0.608978675 0.245584415625 0.610052909375 0.2816594515625 0.6049062046875 0.3070562765625 0.59288119375 0.313405484375 0.5801507124999999 0.3034199140625 0.5110630109375001 0.3089033203125 0.4788520125 0.29285714375 0.4678852015625 0.2507215015625 0.4533589875 0.1865945171875 0.44968735000000004 0.12316017187499999 0.461600128125 0.0879509375 0.486227353125 0.0735786421875 0.5129228796875 0.07473304375 0.53889690625 0.086161615625 0.5626583296875001
5 0.0500865796875 0.17883597812500002 0.064920634375 0.20142696875000002 0.10797979687499999 0.236732403125 0.1661038953125 0.26092672656250004 0.20085137187500002 0.2648067984375 0.237272728125 0.2674523015625 0.26803751875000004 0.2595157921875 0.2851803765625 0.21736411875 0.3050937953125 0.1986531984375 0.3063636359375 0.1883277203125 0.2604184703125 0.1269841265625 0.228499278125 0.10894660781250001 0.1757431453125 0.08884078906250001 0.1323376609375 0.0846400515625 0.0978787875 0.0872534875 0.0758297265625 0.0968093625 0.0609379515625 0.11181657812500001 0.0467388171875 0.142408209375 0.0500865796875 0.17883597812500002
5 0.084199134375 0.3629148640625 0.0878354984375 0.328042328125 0.09909090937500001 0.3090107421875 0.144574315625 0.2821709140625 0.1276623375 0.251723584375 0.06526695625 0.2092191765625 0.0095014046875 0.2137816140625 0.016233765625 0.365259740625 0.016897546875 0.365608465625 0.084199134375 0.3629148640625
5 0.102150071875 0.7279140609375 0.134646465625 0.7589385921875 0.18024531093750001 0.7735930734375 0.2201298703125 0.7763668421875 0.27 0.770434503125 0.324487734375 0.7517075515625 0.36685425625 0.6936347609375 0.3528282828125 0.6892255890625 0.354386725 0.68539361875 0.32206349218749997 0.658265190625 0.30699855625 0.630479396875 0.2476623390625 0.6179092515625 0.19225108125 0.6158569828125 0.1478066375 0.627176528125 0.12431457500000001 0.6431617765625 0.10047619062499999 0.6902517234375 0.102150071875 0.7279140609375
5 0.13251082187500002 0.9053711718749999 0.1629870125 0.9298380625 0.21187590156249997 0.9407247078125 0.2604184703125 0.9438191437500001 0.2930880234375 0.9398428734375001 0.3405916296875 0.9195606859375 0.3652958140625 0.8919512578125 0.3743578640625 0.8624659296875 0.345440115625 0.83416706875 0.3208513703125 0.7865800875 0.28933621875000004 0.777633478125 0.197849928125 0.7807279140625 0.15380952187500002 0.8011383671875001 0.12731601718750002 0.827384959375 0.11940836875000001 0.8439474109375 0.1207359296875 0.873817540625 0.13251082187500002 0.9053711718749999
5 0.5603781484375 1 0.5694516609375 0.9734167062499999 0.5540404046875 0.8989417984375001 0.49591630625 0.874747475 0.3975036078125 0.8775853781249999 0.3689898984375 0.8972743296875001 0.3557142859375 0.9097482765624999 0.351269840625 0.92643899375 0.3554256859375 0.9810485796874999 0.36225152656250004 1 0.5603781484375 1
5 0.6124531015625 0.9296296296875 0.65897546875 0.96506333125 0.71519480625 0.9852974187499999 0.7670274171875 0.9846240187499999 0.82307359375 0.9620650953125001 0.8414285703125 0.9471861468749999 0.8564935078125 0.8971781312499999 0.84408369375 0.851338784375 0.7829004328125 0.7972101968749999 0.750981240625 0.7791726796875 0.69152958125 0.7640051296875 0.6540115453124999 0.7755812093750001 0.6231890328125 0.8211159218749999 0.5778787875 0.8518518515625001 0.5787445890625 0.8713323718750001 0.5849206359375 0.8936026937499999 0.6124531015625 0.9296296296875
5 1 0.6776755359375 0.9120202031250001 0.66844636875 0.8675180375 0.6784672109375001 0.8192063484375 0.7194644859375 0.7921933625 0.7340227671874999 0.7904040390625 0.7715568390625 0.8058152968750001 0.807134840625 0.8365800859375 0.8380952374999999 0.8810822515625001 0.8669713 0.9673160171875 0.9012826687500001 1 0.904237078125 1 0.6776755359375
5 1 0.4557141171875 0.9437085140624999 0.4479076484375 0.88021645 0.45852172500000005 0.8364646453125 0.485425684375 0.8020634921875001 0.5282347281249999 0.7979076484375 0.5514189515625 0.8059307375 0.5763508093749999 0.842582971875 0.623088021875 0.8870274171875 0.650665384375 0.937763346875 0.664213565625 1 0.6689669968749999 1 0.4557141171875
5 1 1 1 0.9089634046875 0.9674891765625 0.9051787718750001 0.8762914859375 0.875869809375 0.862958153125 0.887045053125 0.8482395390624999 0.944845278125 0.8384271296874999 0.957447490625 0.8081241 0.9757736093749999 0.8145317328124999 1 1 1
5 0.7864271953124999 1 0.77955266875 0.9941638609375 0.7048051953125001 0.9849126187499999 0.6555699859375 0.9662337671874999 0.6315584421875 0.9705307031249999 0.6081818171875 0.9891133562500001 0.601887915625 1 0.7864271953124999 1
5 0.35864592812499996 1 0.347113996875 0.9496232171875001 0.3205050484375 0.9343755 0.2605339109375 0.946416546875 0.18601731562499998 0.9423601093749999 0.144343434375 0.9771204109375 0.13694075625 1 0.35864592812499996 1
5 0.120620490625 0.8323232328125 0.14973064062500002 0.800122921875 0.18572871562499998 0.7802789812500001 0.14007215 0.7643257984375 0.10971139999999999 0.7424563078124999 0.0967243875 0.72252685625 0.0938383828125 0.6964886953125 0.05049061875000001 0.693586659375 0.031218487499999996 0.702415965625 0.0365584421875 0.822564934375 0.0687301578125 0.8316979328125 0.120620490625 0.8323232328125
5 0.0999567109375 0.6785634125 0.1258152953125 0.6380311046875 0.15444444531249998 0.620939553125 0.1783405484375 0.6140452140625 0.1042857140625 0.58148148125 0.069595959375 0.5400032078125 0.0351948046875 0.54391534375 0.0244931453125 0.5510957796875 0.0299098125 0.6729707796875 0.037561328125 0.674955909375 0.0999567109375 0.6785634125
5 0.0718470421875 0.512858746875 0.089451659375 0.48109668125000005 0.1282972578125 0.4604938265625 0.164199134375 0.45145101875 0.1054401140625 0.41297097968749996 0.084487734375 0.3694083703125 0.0275180375 0.3711880703125 0.0170616890625 0.38388798749999997 0.024222582812499997 0.5450081171875001 0.067691196875 0.53604296875 0.0718470421875 0.512858746875
5 0.056493506250000006 0.05071348437499999 0.0833910546875 0.07245470468750001 0.1114430015625 0.081273046875 0.20350649375000002 0.091165625 0.2515873015625 0.0838704515625 0.255223665625 0.048997915625 0.2815205640625 0.0104266875 0.0222190859375 0.0008229296875 0.034790765625 0.0291646625 0.056493506250000006 0.05071348437499999
5 0.3752813859375 0.6887606234375 0.4227272734375 0.667179734375 0.47588744531250005 0.6574795578125 0.54861471875 0.660173159375 0.5504040406249999 0.6226390890625 0.48356421406249994 0.6357223015625 0.4212265515625 0.6334135 0.358138528125 0.61422158125 0.3134632046875 0.5814494140625001 0.3054401140625 0.5954144609375 0.3067099546875 0.623985890625 0.32558441562499996 0.659692159375 0.356002884375 0.6828603484375 0.3752813859375 0.6887606234375
5 0.313232321875 0.42066698750000003 0.316464646875 0.4544973546875 0.32206349218749997 0.46378066406249996 0.3439971140625 0.45162738437499994 0.38497835625 0.44017957343749997 0.43144300312499995 0.43541766875 0.47819624843749997 0.4371492703125 0.541053390625 0.451146384375 0.5381673890625 0.42510822499999995 0.517561328125 0.389337821875 0.48904761875 0.3701298703125 0.43831168906249995 0.3565816890625 0.3881529578125 0.356020521875 0.3557142859375 0.3651915984375 0.32402597499999997 0.391245790625 0.313232321875 0.42066698750000003