12 0 0.341714203125 0.0179408375 0.35457191093749996 0.0723593078125 0.36467676718750003 0.14788023125 0.3389028390625 0.18315873124999998 0.30867291875 0.23480663906250002 0.2355993265625 0.2692539671875 0.15546849375 0.28125974062500003 0.10011880625 0.2885093796875 0.022558440625000002 0.2868084421875 0.00212450625 0 0 0 0.341714203125
12 0 0.820528584375 0.019533909375 0.7828470421875 0.049963925 0.6694232796875 0.05739826875 0.5890923515625001 0.0549971140625 0.5003727765625 0.0354184703125 0.41984174999999996 0.0043650796875000005 0.37110293437499997 0 0.36702833125 0 0.820528584375
12 0.267406925 0.1831741234375 0.29040259687500003 0.27481818125 0.31730014375 0.323526215625 0.38102308749999997 0.3655772015625 0.4277532453125 0.41304617656250003 0.461946609375 0.41468542656249996 0.512163059375 0.394267915625 0.612873015625 0.286908609375 0.6439725828125 0.2414021171875 0.6738484859375 0.13629004218750002 0.6808706421874999 0.0050434859375 0.2927204921875 0.0021683 0.286523809375 0.0835262140625 0.267406925 0.1831741234375
12 0.1784487734375 0.3169538234375 0.132595959375 0.34987734531250003 0.0857734484375 0.366162096875 0.0022640703125000002 0.35584175 0.0374963921875 0.41985714218750003 0.0584141421875 0.5114858109375 0.0663564203125 0.5170885046875 0.1762785 0.380692159375 0.251753246875 0.324426646875 0.2402785 0.23148196250000003 0.1784487734375 0.3169538234375
12 0.0673722953125 0.5642188546875 0.0547662328125 0.722125540625 0.0603535359375 0.79423713125 0.09163780625 0.8706969703125 0.1917012984375 0.9601399703125001 0.2523535359375 0.9702910046875 0.2916262625 0.9581082249999999 0.3550259734375 0.9114550265625001 0.4285613265625 0.8219119765625 0.45003318906249995 0.7804920625 0.46901154375000004 0.7141063 0.4801861484375 0.6088557 0.470396825 0.506221740625 0.42322799375000003 0.4185565171875 0.3607979796875 0.35711159375 0.31032756093749997 0.3345622890625 0.2731096671875 0.3315146703125 0.20232178906249998 0.3642534875 0.0974790765625 0.4868278015625 0.0673722953125 0.5642188546875
12 0.70460173125 0.11157046718750001 0.743897546875 0.2393703703125 0.8428297265625 0.33019095625 0.8730750359374999 0.344274653125 0.9074531015625 0.34314333750000003 0.9799206343750001 0.3085978828125 1 0.0074074078125 0.699791846875 0.0051836437499999995 0.6969365078124999 0.0394434828125 0.70460173125 0.11157046718750001
12 0.48720490625 0.6283112078124999 0.50101154375 0.76423809375 0.5478109671875 0.8574444453125001 0.632728715625 0.9245998078125 0.7081111109375 0.9320880234375 0.7762438671874999 0.8923997124999999 0.841098125 0.8083362187500001 0.8753607499999999 0.7309759515625001 0.9021428578125 0.5787181343750001 0.892538240625 0.47331361406249994 0.8504256859374999 0.35658056718750003 0.805380953125 0.29942231874999997 0.765669553125 0.2714088484375 0.6874473296875 0.259741703125 0.627787878125 0.28147522812500003 0.5970346328125 0.3061948046875 0.5272857156249999 0.4013097640625 0.4957012984375 0.5008653187500001 0.48720490625 0.6283112078124999
12 0 1 0.1885527203125 1 0.1574848484375 0.9432549296875001 0.1047056265625 0.8929692156250001 0.060468975 0.870466090625 0.0043650796875000005 0.8700505062499999 0 0.8720954531249999 0 1
12 0.656229390625 1 0.6505757578125 0.9843285234374999 0.5985122656249999 0.9077147671875 0.5391298703125 0.8629240015624999 0.48205627812499996 0.8458696484375 0.40577344843749996 0.8674800375 0.35428715781250003 0.922537278125 0.290702740625 0.9719610390625 0.2713728 1 0.656229390625 1
12 0.9338271593749999 1 0.9458955484375 0.8189741749999999 0.91892785 0.8102987015625001 0.8726594515625001 0.818271765625 0.8275454546875001 0.840113034375 0.7956839828125 0.8814559890625 0.7349393937500001 0.9350586812499999 0.700047578125 1 0.9338271593749999 1
12 0.9341890328125 0.40986772499999996 0.9086075046875 0.4817484375 0.904128428125 0.5177503609375 0.9075454531249999 0.6536002890625 0.9354819624999999 0.7646844640625 0.9482611828125 0.783489659375 0.978331584375 0.33243364531249997 0.9537676765624999 0.3656618578125 0.9341890328125 0.40986772499999996