12 0 0.172805246875 0.037674484375 0.179648240625 0.0549637078125 0.076633165625 0.08249999999999999 0 0.040665828125 0.0075376890625 0 0.059799753125 0 0.172805246875
12 0 0.46301717499999995 0.0756393078125 0.49623115625 0.14997766562499998 0.451005025 0.1083431046875 0.4120603015625 0.075376884375 0.3580402015625 0.056437743750000005 0.3103015078125 0.03758654375 0.221105528125 0 0.2301232921875 0 0.46301717499999995
12 0.1328964265625 0.4321608046875 0.17233807968749998 0.45728643281250003 0.2347543265625 0.4610552765625 0.270838915625 0.44974874375 0.308766053125 0.3555276375 0.392498603125 0.2625628140625 0.4000670015625 0.146984925 0.380801228125 0.0389447234375 0.3640549984375 0.005025125 0.3491666671875 0 0.087444165625 0.0025125625 0.0548520390625 0.08165829218750001 0.041286990625 0.1670854265625 0.043112785937499995 0.23492462343749998 0.064380234375 0.327889446875 0.1116764375 0.4120603015625 0.1328964265625 0.4321608046875
12 0 0.9987437187499999 0.1144723625 0.9987437187499999 0.140421553125 0.9560301499999999 0.170988275 0.8555276375 0.1764433265625 0.7600502515625001 0.165064209375 0.672110553125 0.13690675624999998 0.5891959796874999 0.0958305421875 0.525125628125 0.04177973125 0.4824120609375 0 0.4701419484375 0 0.9987437187499999
12 0.176666665625 0.75 0.17409826875 0.8655778890624999 0.2396328859375 0.8040201 0.318412896875 0.7839195984375 0.32299832500000003 0.7650753765625 0.2957258515625 0.7173366828125001 0.2738442203125 0.65201005 0.26512841875 0.59422110625 0.26402847500000004 0.49371859218749997 0.22533640312499997 0.472361809375 0.1439489125 0.4597989953125 0.098502234375 0.479899496875 0.0754718046875 0.50376884375 0.1337967625 0.579145728125 0.160566721875 0.6494974874999999 0.176666665625 0.75
12 0.4358570640625 0.0364321609375 0.44663875 0.00125628125 0.3675 0 0.38563372500000004 0.0464824125 0.40534617500000003 0.1344221109375 0.4311836953125 0.09673366875 0.4358570640625 0.0364321609375
12 0.4525 0 0.43574539375 0.0414572859375 0.43371161249999995 0.0954773875 0.4826032953125 0.070351759375 0.5193257953125 0.0678391953125 0.5821007828125 0.0929648234375 0.6286795093750001 0.1344221109375 0.6304103859375 0.0565326640625 0.6391666671875 0 0.4525 0
12 0.6478168625 0.39824120625 0.6641010609375 0.3404522609375 0.6640536015625 0.2675879390625 0.6315661640625 0.1545226125 0.604931603125 0.1155778890625 0.5457691234375 0.077889446875 0.49426996093750003 0.070351759375 0.43698911249999994 0.09798995 0.4052345046875 0.1394472359375 0.3983040203125 0.26381909531250003 0.4486390296875 0.24874371874999998 0.5036390296875 0.24874371874999998 0.5499148515625001 0.2663316578125 0.5891331656250001 0.3015075375 0.6478168625 0.39824120625
12 0.276756003125 0.44597990000000004 0.2657426015625 0.5665829140625 0.283174203125 0.6821608046875001 0.320693746875 0.7562814078125 0.3499120609375 0.7914572859375 0.41246370624999995 0.8266331656249999 0.46654662187499996 0.830402009375 0.5413553890625 0.8015075375 0.577137075 0.7663316578125 0.612448353125 0.7148241203125 0.644458403125 0.624371859375 0.6528643203125 0.471105528125 0.6411501953125 0.39824120625 0.6205443875000001 0.3505025125 0.5890773312500001 0.3040201 0.5284156906249999 0.2587939703125 0.46697236249999996 0.24874371874999998 0.42513819062499997 0.25628140781250003 0.366023171875 0.29145728593750003 0.3086543828125 0.36055276406250003 0.276756003125 0.44597990000000004
12 0.48444444531249997 1 0.48969570156250003 0.9886934671875001 0.47753489687500006 0.9359296484374999 0.42540619843750005 0.84422110625 0.37124371875 0.8065326640625001 0.328301228125 0.7889447234375 0.264856225 0.7939698500000001 0.21246370625000002 0.8266331656249999 0.16704075937500001 0.8831658296875 0.1314740359375 0.9836683421875 0.135277778125 1 0.48444444531249997 1
12 0.6321328859374999 0.0540201 0.6363428250000001 0.1645728640625 0.6659436078125001 0.25753768906249996 0.6812465109375 0.2814070359375 0.7018285875 0.29271356718749997 0.76158989375 0.1909547734375 0.8397640984375 0.123115578125 0.8783766046875 0.1105527640625 0.9267099390625001 0.1105527640625 0.9862074265624999 0.1331658296875 0.9980737015625 0.0866834171875 0.9999162484375 0.0037688437499999996 0.6441108328125 0.0025125625 0.6321328859374999 0.0540201
12 0.8799874375 0.11306532656249998 0.8413749312500001 0.125628140625 0.787148240625 0.16582914531249998 0.7261111109375 0.25 0.680376884375 0.3580402015625 0.670982690625 0.40577889375 0.6696426578125 0.46608040156249997 0.68390843125 0.574120603125 0.7309254593750001 0.670854271875 0.7601996093750001 0.7035175875 0.8126954218750001 0.7412060296874999 0.8524162484375 0.75376884375 0.889944165625 0.7525125625 0.9460287546874999 0.7412060296874999 0.9841150203125 0.7148241203125 0.9967336687499999 0.146984925 0.9432091 0.1180904515625 0.8799874375 0.11306532656249998
12 0.751005025 0.70477386875 0.70912339375 0.6394472359375001 0.6806867671875 0.569095478125 0.6701367953124999 0.518844221875 0.66628559375 0.429648240625 0.6502568390625 0.4384422109375 0.65441931875 0.47613065312499997 0.6481825796875 0.6067839203125 0.6406225578125 0.646984925 0.6086683421875 0.7349246234375 0.6218900046875 0.7399497484374999 0.6918662765625 0.7035175875 0.751005025 0.70477386875
12 0.8449678953124999 0.7889447234375 0.7813637625000001 0.726130653125 0.710199609375 0.7035175875 0.654808765625 0.7211055281250001 0.59024706875 0.776381909375 0.5426549421875 0.8555276375 0.508029034375 0.9886934671875001 0.5102777781250001 1 0.916139028125 0.9987437187499999 0.9151982140625 0.9660804015625001 0.8952624234375 0.8881909546875001 0.8449678953124999 0.7889447234375
12 0.9353266328125001 0.8103015078125001 0.914154103125 0.8630653265625 0.9127024 0.928391959375 0.925277778125 1 0.9778056953125001 0.9987437187499999 0.9829745953125 0.728643215625 0.9353266328125001 0.8103015078125001