12 0 0.3266666671875 0.065 0.37066666718749997 0.118 0.38 0.189 0.3546666671875 0.221 0.3253333328125 0.266 0.25466666718750003 0.294 0.17733333281250002 0.302 0.124 0.304 0.049333332812500005 0.29700000000000004 0.0026666671875 0 0.004 0 0.3266666671875
12 0.001 0.3413333328125 0.004 0.9133333328125 0.057999999999999996 0.8626666671875001 0.094 0.7826666671875 0.11599999999999999 0.6733333328125 0.118 0.596 0.11000000000000001 0.5106666671875 0.086 0.43333333281249997 0.053000000000000005 0.3866666671875 0.001 0.3413333328125
12 0.294 0.20400000000000001 0.322 0.292 0.351 0.3386666671875 0.41500000000000004 0.3786666671875 0.46299999999999997 0.42400000000000004 0.496 0.42533333281249996 0.5429999999999999 0.40533333281250006 0.633 0.30133333281249997 0.6599999999999999 0.2573333328125 0.682 0.156 0.6799999999999999 0.004 0.307 0.0026666671875 0.306 0.10800000000000001 0.294 0.20400000000000001
12 0.088 0.43333333281249997 0.11399999999999999 0.5213333328124999 0.122 0.5266666671875 0.219 0.3946666671875 0.288 0.33999999999999997 0.271 0.2506666671875 0.217 0.3333333328125 0.175 0.3653333328125 0.131 0.38133333281250004 0.05 0.372 0.088 0.43333333281249997
12 0.45899999999999996 0.42933333281249997 0.395 0.37066666718749997 0.34500000000000003 0.3493333328125 0.309 0.3466666671875 0.24300000000000002 0.3786666671875 0.15 0.49733333281250003 0.126 0.572 0.124 0.724 0.134 0.7933333328125001 0.16899999999999998 0.8666666671875 0.271 0.952 0.32999999999999996 0.9613333328125 0.367 0.9493333328125001 0.425 0.9039999999999999 0.49000000000000005 0.8173333328125001 0.508 0.7773333328125 0.522 0.7133333328125 0.526 0.612 0.51 0.5133333328125 0.45899999999999996 0.42933333281249997
12 1 0.004 0.6990000000000001 0.0026666671875 0.6980000000000001 0.0626666671875 0.71 0.132 0.756 0.25466666718750003 0.857 0.3413333328125 0.8869999999999999 0.3546666671875 0.9199999999999999 0.3533333328125 1 0.3133333328125 1 0.004
12 0.779 0.2853333328125 0.7030000000000001 0.2746666671875 0.647 0.296 0.619 0.32 0.558 0.41200000000000003 0.534 0.508 0.534 0.6306666671875 0.5559999999999999 0.7613333328125 0.607 0.8506666671875 0.693 0.9146666671875 0.766 0.9213333328125 0.829 0.8826666671875 0.8859999999999999 0.8013333328125001 0.914 0.7266666671875 0.93 0.58 0.914 0.47866666718750006 0.866 0.36666666718749996 0.819 0.312 0.779 0.2853333328125
12 0 0.9986666671875 0.006 1 0.274 0.9960000000000001 0.23700000000000002 0.9359999999999999 0.183 0.8880000000000001 0.13899999999999998 0.8666666671875 0.08499999999999999 0.8666666671875 0.047 0.8853333328125 0 0.932 0 0.9986666671875
12 0.367 0.9626666671875 0.348 0.9933333328125 0.716 1 0.722 0.9906666671875 0.714 0.9720000000000001 0.659 0.8986666671875 0.599 0.8560000000000001 0.5429999999999999 0.8400000000000001 0.471 0.8613333328125 0.425 0.9146666671875 0.367 0.9626666671875
12 1 0.8146666671875 0.961 0.8026666671875 0.917 0.8106666671875 0.875 0.8320000000000001 0.8470000000000001 0.8720000000000001 0.792 0.924 0.762 0.9880000000000001 0.763 1 1 0.9986666671875 1 0.8146666671875
12 1 0.7933333328125001 0.999 0.3253333328125 0.966 0.37466666718749997 0.95 0.41733333281249996 0.93 0.48666666718749996 0.9279999999999999 0.5213333328124999 0.9400000000000001 0.6519999999999999 0.974 0.7586666671875 1 0.7933333328125001