12 0 0.172110553125 0.0416666671875 0.179648240625 0.0566666671875 0.076633165625 0.08249999999999999 0 0.0408333328125 0.0075376890625 0 0.0615577890625 0 0.172110553125
12 0.0866666671875 0.49623115625 0.16 0.451005025 0.11750000000000001 0.4120603015625 0.08333333281250001 0.3580402015625 0.0633333328125 0.3103015078125 0.042499999999999996 0.221105528125 0.0008333328124999999 0.231155778125 0 0.45854271406249997 0.0866666671875 0.49623115625
12 0.0875 0.0025125625 0.0566666671875 0.08165829218750001 0.045 0.1670854265625 0.048333332812500004 0.23492462343749998 0.0716666671875 0.327889446875 0.1208333328125 0.4120603015625 0.14250000000000002 0.4321608046875 0.1825 0.45728643281250003 0.24500000000000002 0.4610552765625 0.2808333328125 0.44974874375 0.3166666671875 0.3555276375 0.3983333328125 0.2625628140625 0.4033333328125 0.146984925 0.38166666718750003 0.0389447234375 0.3641666671875 0.005025125 0.3491666671875 0 0.0875 0.0025125625
12 0.0008333328124999999 0.4673366828125 0 0.9987437187499999 0.1366666671875 0.9987437187499999 0.1616666671875 0.9560301499999999 0.19 0.8555276375 0.1933333328125 0.7600502515625001 0.18 0.672110553125 0.15 0.5891959796874999 0.1075 0.525125628125 0.052500000000000005 0.4824120609375 0.0008333328124999999 0.4673366828125
12 0.23583333281250002 0.472361809375 0.1541666671875 0.4597989953125 0.10916666718750001 0.479899496875 0.0866666671875 0.50376884375 0.14666666718750002 0.579145728125 0.175 0.6494974874999999 0.1933333328125 0.75 0.1933333328125 0.8655778890624999 0.2575 0.8040201 0.3358333328125 0.7839195984375 0.33999999999999997 0.7650753765625 0.3116666671875 0.7173366828125001 0.2883333328125 0.65201005 0.2783333328125 0.59422110625 0.275 0.49371859218749997 0.23583333281250002 0.472361809375
12 0.43666666718749997 0.0364321609375 0.44666666718750003 0.00125628125 0.3675 0 0.3866666671875 0.0464824125 0.40833333281249995 0.1344221109375 0.43333333281249997 0.09673366875 0.43666666718749997 0.0364321609375
12 0.4525 0 0.43666666718749997 0.0414572859375 0.43583333281250003 0.0954773875 0.4841666671875 0.070351759375 0.5208333328125 0.0678391953125 0.5841666671875 0.0929648234375 0.6316666671875 0.1344221109375 0.6316666671875 0.0565326640625 0.6391666671875 0 0.4525 0
12 0.40833333281249995 0.1394472359375 0.40416666718750005 0.26381909531250003 0.45416666718750004 0.24874371874999998 0.5091666671875 0.24874371874999998 0.5558333328125 0.2663316578125 0.5958333328125 0.3015075375 0.6566666671875 0.39824120625 0.6716666671875 0.3404522609375 0.67 0.2675879390625 0.635 0.1545226125 0.6075 0.1155778890625 0.5475 0.077889446875 0.49583333281249997 0.070351759375 0.43916666718749997 0.09798995 0.40833333281249995 0.1394472359375
12 0.5958333328125 0.3040201 0.5341666671875 0.2587939703125 0.4725 0.24874371874999998 0.4308333328125 0.25628140781250003 0.3725 0.29145728593750003 0.3166666671875 0.36055276406250003 0.2866666671875 0.44597990000000004 0.2783333328125 0.5665829140625 0.2983333328125 0.6821608046875001 0.3375 0.7562814078125 0.3675 0.7914572859375 0.4308333328125 0.8266331656249999 0.485 0.830402009375 0.5591666671875 0.8015075375 0.5941666671875 0.7663316578125 0.6283333328125 0.7148241203125 0.6583333328125 0.624371859375 0.6633333328125001 0.471105528125 0.65 0.39824120625 0.6283333328125 0.3505025125 0.5958333328125 0.3040201
12 0.5066666671875 1 0.5116666671875 0.9886934671875001 0.49833333281250003 0.9359296484374999 0.4441666671875 0.84422110625 0.3891666671875 0.8065326640625001 0.3458333328125 0.7889447234375 0.28250000000000003 0.7939698500000001 0.2308333328125 0.8266331656249999 0.1866666671875 0.8831658296875 0.1533333328125 0.9836683421875 0.1575 1 0.5066666671875 1
12 1 0.0037688437499999996 0.6441666671874999 0.0025125625 0.6333333328124999 0.0540201 0.64 0.1645728640625 0.6716666671875 0.25753768906249996 0.6875 0.2814070359375 0.7083333328125 0.29271356718749997 0.7658333328125 0.1909547734375 0.8425 0.123115578125 0.8808333328125 0.1105527640625 0.9291666671875 0.1105527640625 0.9891666671875001 0.1331658296875 1 0.0866834171875 1 0.0037688437499999996
12 1 0.146984925 0.9458333328125 0.1180904515625 0.8825 0.11306532656249998 0.8441666671875 0.125628140625 0.7908333328125 0.16582914531249998 0.7316666671875 0.25 0.6883333328125001 0.3580402015625 0.6799999999999999 0.40577889375 0.6799999999999999 0.46608040156249997 0.6966666671875 0.574120603125 0.7458333328125 0.670854271875 0.7758333328125 0.7035175875 0.8291666671875 0.7412060296874999 0.8691666671875 0.75376884375 0.9066666671875 0.7525125625 0.9625 0.7412060296874999 1 0.7148241203125 1 0.146984925
12 0.665 0.47613065312499997 0.6616666671875 0.6067839203125 0.655 0.646984925 0.625 0.7349246234375 0.6383333328125 0.7399497484374999 0.7075 0.7035175875 0.7666666671875 0.70477386875 0.7233333328125 0.6394472359375001 0.6933333328125 0.569095478125 0.6816666671875 0.518844221875 0.6758333328125 0.429648240625 0.6599999999999999 0.4384422109375 0.665 0.47613065312499997
12 0.5616666671874999 0.8555276375 0.53 0.9886934671875001 0.5325 1 0.9383333328125 0.9987437187499999 0.9366666671875 0.9660804015625001 0.915 0.8881909546875001 0.8625 0.7889447234375 0.7975 0.726130653125 0.7258333328125001 0.7035175875 0.6708333328125 0.7211055281250001 0.6075 0.776381909375 0.5616666671874999 0.8555276375
12 0.9533333328125 0.8103015078125001 0.9333333328125001 0.8630653265625 0.9333333328125001 0.928391959375 0.9475 1 1 0.9987437187499999 0.9991666671875 0.728643215625 0.9533333328125 0.8103015078125001