12 0.354571721875 0.2418951296875 0.3125355296875 0.30519188124999996 0.29423561875000004 0.4121873765625 0.31933099375 0.49355967968750003 0.3868974890625 0.5617850328125 0.5397392078125 0.62723185 0.5851867093750001 0.629925034375 0.686424271875 0.6077295312500001 0.78389038125 0.5524166421875 0.8530265375000001 0.4593982953125 0.8569542421874999 0.40637427031250006 0.8377096921874999 0.3300478109375 0.7598277984374999 0.2330164109375 0.651278375 0.18585808125 0.5482196375 0.17661814375 0.4391809765625 0.1920858546875 0.354571721875 0.2418951296875
12 0.5528133109375 0.170624859375 0.6515094171875 0.1827390203125 0.748357190625 0.2198056640625 0.82021153125 0.20213443749999999 0.891501846875 0.16406690156249998 0.965462715625 0.0619362078125 0.9653318765625001 0.057204851562500006 0.495696690625 0.029374618749999998 0.517633578125 0.057327446875 0.5528133109375 0.170624859375
12 0.7641904296875001 0.2301421859375 0.819824234375 0.2913949109375 0.8585715328125 0.3845408484375 0.8571581296874999 0.45964313125 0.805703546875 0.5380455171875 0.909326309375 0.5676817625 0.9628773578125 0.560414921875 0.99110679375 0.17931754687499998 0.90194634375 0.16311945781249998 0.7641904296875001 0.2301421859375
12 0.87696670625 0.5563659015625 0.79892855625 0.5454759140625 0.68619323125 0.6108485921875 0.5636045890625 0.6411770999999999 0.6194694328125 0.699310765625 0.639407109375 0.7662800437499999 0.6288063546875 0.8533688984375001 0.601937434375 0.8799714328125001 0.6068640921874999 0.897493515625 0.7564983859375001 0.950219259375 0.797814296875 0.952667609375 0.90318345 0.9307169421875001 0.9368851812500001 0.9113093187500001 0.9594904140624999 0.6061386640624999 0.9210279578125 0.5777734484375 0.87696670625 0.5563659015625
12 0.815529578125 1 0.7957349234375 0.9807391515624999 0.732170921875 0.942512128125 0.5850509296874999 0.9118646437500001 0.4621021484375 0.9750657031250001 0.44840867500000003 1 0.815529578125 1
12 0.17718529375 0.61984455625 0.1165433625 0.7102335109375 0.1131796796875 0.783653846875 0.116720090625 0.81989029375 0.17556131875 0.8938640984375 0.2781308203125 0.9657300765624999 0.368101659375 0.9835926875000001 0.4562513234375 0.9700198625 0.5663432484375 0.912322415625 0.6292684375 0.8471307796875 0.638713984375 0.775637225 0.6226768593750001 0.71203184375 0.5709436046875 0.6541430125 0.4555172484375 0.58778065 0.3164293984375 0.5607418953125001 0.218630303125 0.5925394140625 0.17718529375 0.61984455625
12 0 0.6231040328125 0.0005529796875000001 0.6234748390625 0.1504454703125 0.616693596875 0.19751026249999998 0.5975533609375 0.24401103124999998 0.5580168125 0.260333509375 0.5057272921875 0.2511733171875 0.461325940625 0.23752139374999998 0.4495523078125 0.1525791546875 0.4758462109375 0.0463129921875 0.45388519687500006 0 0.47350499375000005 0 0.6231040328125
12 0 0.43009031093749994 0.11562587656250001 0.470523634375 0.22030190312500003 0.45793014843749996 0.275990021875 0.40640702968750003 0.2778383546875 0.381454546875 0.2529468640625 0.35335110468750003 0.13382384218750001 0.3368937078125 0.0009469578124999999 0.282028246875 0 0.282170078125 0 0.43009031093749994
12 0.30288609843750003 0.32341657343749997 0.310252271875 0.2799945640625 0.156744584375 0.1675170046875 0.11396763750000001 0.100760665625 0.081145946875 0.0956829234375 0.047964121875 0.12347773437500001 0.036799340624999996 0.1901702796875 0.04285405 0.24848498437500002 0.1138590125 0.3263123515625 0.2325199484375 0.34900786875 0.30288609843750003 0.32341657343749997
12 0.9910351171875 0.18028517500000002 1 0.059259259375 0.9634346640624999 0.057092425 0.906308978125 0.16024523125 0.9910351171875 0.18028517500000002
12 0.9303155015625 1 0.9366393625 0.9146278703125 0.8859639625 0.9390947828125 0.7762321765625 0.9639196765625 0.8180685234375 1 0.9303155015625 1