12 0.1807112140625 0.616488959375 0.24101175625 0.654356878125 0.34220757812499997 0.6686288859375 0.418625634375 0.6427019984375 0.48204904375 0.577099909375 0.5416632124999999 0.431178315625 0.5435708859374999 0.388255675 0.52122106875 0.2934279625 0.46768043125 0.2030786421875 0.378962646875 0.1404891375 0.3288844 0.1382634375 0.257145146875 0.158533621875 0.166689453125 0.23466357499999999 0.1237118515625 0.33831714375 0.11643045156250001 0.4357376796875 0.1325418609375 0.5381076593749999 0.1807112140625 0.616488959375
12 0 0.4714513 0.00431619375 0.46789760156250004 0.1107123171875 0.43157377343750003 0.12076607187499999 0.3381862203125 0.154386059375 0.24584605625 0.136713828125 0.1785945984375 0.0998073171875 0.11244316875 0.00242561875 0.0455588359375 0 0.045697559375 0 0.4714513
12 0.09876798906249999 0.10262256249999999 0.1639170984375 0.23063059218749998 0.220928671875 0.17647283281249998 0.3082639453125 0.1373469734375 0.379136071875 0.13658707812499998 0.453818659375 0.1829137328125 0.48033433593749997 0.08439317187499999 0.4707393265625 0.020921748437500002 0.1151466671875 0.0051176296875 0.11488672656250001 0.005594796875 0.09876798906249999 0.10262256249999999
12 0.47010959999999996 0.115216865625 0.4609229703125 0.18909412812499998 0.524166846875 0.2935588859375 0.554486878125 0.408289659375 0.608552675 0.35400097812500003 0.6714545875 0.3333380203125 0.75376298125 0.3409059359375 0.779234446875 0.3654965984375 0.7956963703125 0.3603635921875 0.8433539968750001 0.2178203609375 0.8450882453125 0.178799778125 0.822911853125 0.0800700078125 0.7960417484375 0.0353796328125 0.524903596875 0.0233290484375 0.4896919484375 0.0730797671875 0.47010959999999996 0.115216865625
12 0.8716002578125 0.179978090625 0.8364218890625 0.24097086406249998 0.8095581421875 0.3805285 0.87089556875 0.49468294375 0.97754771875 0.54962076875 0.9980316640625 0.08873201875 0.9258394796875 0.121787346875 0.8716002578125 0.179978090625
12 0.5397445484375 0.7731975765625 0.625863403125 0.8278520390624999 0.6951759281250001 0.8289777140625001 0.729312525 0.8246302468750001 0.79828064375 0.7670941234375 0.8646510546874999 0.6683899984375 0.880249515625 0.583068409375 0.8662167625 0.5003396437500001 0.8102506203125 0.3981532234375 0.747871425 0.3406440890625 0.6802919265625 0.333730790625 0.6205092171875 0.3506226125 0.5666168453125 0.4010092375 0.5056177203125001 0.5116813812500001 0.4820466 0.643565825 0.5134071812500001 0.7348842484375 0.5397445484375 0.7731975765625
12 0.5067797546875 1 0.54563 0.9396242109375 0.5371443953124999 0.7984954937500001 0.5184316156250001 0.7546563890625 0.48048455625 0.711917309375 0.43092658437500003 0.6979854343749999 0.3891654 0.7078586796875 0.37824818437499996 0.72105765 0.40423748125000003 0.8004080531250001 0.3849995390625 0.9012069500000001 0.42888840781250004 1 0.5067797546875 1
12 0.30059131250000004 1 0.332492121875 0.986843025 0.358831934375 0.9586904390625 0.3997308796875 0.8353956546875001 0.386391825 0.7370586546875 0.337008496875 0.6859917624999999 0.3134422625 0.6849443734375 0.287275878125 0.709194903125 0.2734092203125 0.821961825 0.22349951250000002 0.9487658984375 0.2316419296875 0.997999859375 0.239318003125 1 0.30059131250000004 1
12 0.25833958125 0.6629465359375 0.21727209687500001 0.65721155 0.1132978125 0.805071346875 0.0509149546875 0.8472610859374999 0.046581776562499996 0.8783466296875 0.073265990625 0.9088558390625 0.1363401109375 0.917523784375 0.1912705859375 0.9101907234375 0.26370475781249997 0.8410793453125001 0.283462975 0.728574271875 0.25833958125 0.6629465359375
12 0 0.048705309375 0.095995634375 0.098589578125 0.11657956875 0.005181314062499999 0 0 0 0.048705309375
12 0.8560042390625 0.1988337640625 0.91682871875 0.125296634375 0.9980188703125 0.0890198578125 1 0.04444444375 0.800499353125 0.0355777484375 0.8310554921875 0.0960710125 0.8560042390625 0.1988337640625
12 0.5283117015625 0.0234805203125 0.4759549640625 0.0211535546875 0.48691959218749997 0.0690467859375 0.5283117015625 0.0234805203125