12 0.053100371874999996 0 0.0413527953125 0.0022808890625000003 0 0.0545288 0 0.1713462328125 0.0344285796875 0.1771108125 0.054317796875000005 0.0722348296875 0.0817419125 0 0.053100371874999996 0
12 0 0.46983640624999995 0.06584917500000001 0.4980416046875 0.1423884859375 0.450993934375 0.100972234375 0.41207066406250004 0.068702240625 0.3577073109375 0.050540178125 0.30951185937500003 0.0334033484375 0.21921361093749997 0 0.22767485625 0 0.46983640624999995
12 0.0874653671875 0 0.0540909125 0.0773397203125 0.038382034375 0.1642984234375 0.038705342187500005 0.233164265625 0.05821169375 0.3272535546875 0.1043584765625 0.41202049843750005 0.1254615234375 0.43211397500000004 0.1649620234375 0.457036421875 0.22828392343749998 0.45992446718749996 0.265196528125 0.447899175 0.3058527203125 0.3516432046875 0.39301303593750003 0.25597366875 0.4033107328125 0.138485959375 0.3861781578125 0.029056917187499996 0.372372840625 0 0.0874653671875 0
12 0 0.9993415640625001 0.1001478390625 0.9978578921875 0.1212797671875 0.9640102484374999 0.154600515625 0.8614860421874999 0.1622975546875 0.7644429749999999 0.15272305 0.675308075 0.125990446875 0.591528896875 0.0857086125 0.5270811796875 0.0317641109375 0.4845173671875 0 0.47560417812500005 0 0.9993415640625001
12 0.16275132187500002 0.754233196875 0.15753299062499998 0.8716456546875 0.2254975046875 0.8081450515625 0.305981759375 0.78654658125 0.3110653796875 0.7673405343749999 0.284437709375 0.7192705015625 0.26368349687500003 0.653258103125 0.25613393125 0.594702375 0.25728536874999997 0.4926547484375 0.218461265625 0.4715484265625 0.1360655140625 0.460015284375 0.0894436921875 0.4811120890625 0.06550885 0.5056989390625 0.12305797031250001 0.5813692828125 0.1486646640625 0.6524113218750001 0.16275132187500002 0.754233196875
12 0.3773549359375 0 0.390917196875 0.0366390015625 0.40895730781250006 0.1256484859375 0.4360557625 0.08698556406249999 0.442164615625 0.0256767234375 0.450569928125 0 0.3773549359375 0
12 0.45498805156250005 0 0.44193773125 0.0307816125 0.4386521671875 0.08567171875 0.48888711718750005 0.059419854687499996 0.526249234375 0.056315576562500004 0.589453440625 0.0808868609375 0.635835615625 0.1222873265625 0.6393523171875 0.0431615390625 0.6469817109375 0 0.45498805156250005 0
12 0.64932103125 0.38991777656250004 0.6671682921875 0.33098579687499996 0.6687649890625 0.2569899828125 0.6383143234374999 0.14265671562499999 0.6121361671875001 0.10350769687500001 0.552885415625 0.0661240234375 0.5007389671875 0.059244271875 0.4419249703125 0.0881739953125 0.4087304234375 0.130753375 0.3988822421875 0.2571620984375 0.45035654531249997 0.24109493125 0.5062295609375 0.24026718281249998 0.5528428734374999 0.2574319640625 0.59188960625 0.29256419375 0.64932103125 0.38991777656250004
12 0.27129261875 0.44398271562499997 0.25738179375 0.56662548125 0.27248092343749997 0.683736940625 0.30892274375 0.7584446046875 0.337810746875 0.7937273312500001 0.40056118281249997 0.8285083921874999 0.45541747499999996 0.831521853125 0.5320659734375 0.8010525328125 0.5692097171875 0.76479155625 0.606244271875 0.71195223125 0.640804375 0.619612721875 0.6528037 0.4638383421875 0.6425485453124999 0.39001810937500003 0.6226933609375 0.341847740625 0.5917761640625 0.2951166375 0.53117261875 0.2501007140625 0.4689808828125 0.240819015625 0.426312515625 0.2491034328125 0.3654650671875 0.2857155734375 0.30562583593750003 0.3567480953125 0.27129261875 0.44398271562499997
12 0.464197884375 0.9385238687499999 0.4133120625 0.846174840625 0.3591406765625 0.8087159187499999 0.3159136078125 0.7915009703125 0.2513480984375 0.7975590234375 0.1973865796875 0.8315183875000001 0.14996641093750002 0.8896131015625001 0.111566296875 0.9922125578125 0.112720796875 0.9976716265625001 0.47517813281250004 0.9923018875 0.475360578125 0.9919245406250001 0.464197884375 0.9385238687499999
12 0.6514663374999999 0 0.6411588796875 0.040584009375 0.6429399203124999 0.1527912453125 0.670911878125 0.24675512031250002 0.6859188359374999 0.2707650546875 0.7065723671875 0.2819375140625 0.769579465625 0.17769812812500002 0.8505259984375 0.1076282890625 0.89003500625 0.09428915 0.9391355359375 0.09356173437500001 0.9942807515625001 0.113868284375 0.9993415640625001 0 0.6514663374999999 0
12 0.8916146859375 0.0968165109375 0.8521056781249999 0.11015565000000001 0.7961107109375 0.1517974296875 0.7322045859374999 0.2381947859375 0.683305415625 0.348602078125 0.6726844109375001 0.39722394375 0.669961803125 0.45848261875 0.6820150140625 0.5679869109375 0.7275945875 0.6655160765625 0.7565960296875 0.698246359375 0.8090742953125 0.735730365625 0.8491420078124999 0.747890590625 0.8872939656250001 0.7460499953124999 0.94452403125 0.733723703125 0.9674410859375 0.7177607625 0.9939516062499999 0.12127405625000001 0.955726428125 0.100968234375 0.8916146859375 0.0968165109375
12 0.7472271421875 0.6996605406249999 0.7061554671875 0.6339491421875 0.6788556531250001 0.5629321875 0.6692726421875 0.5120588749999999 0.6673739046875 0.42153487656250005 0.650892203125 0.430706725 0.6542699390625 0.4689181484375 0.6449847125 0.6016954421875 0.636397153125 0.642634890625 0.6019504921875 0.7324219578125 0.6152685828125 0.7373261796875 0.6871780421875 0.6992747734375 0.7472271421875 0.6996605406249999
12 0.88963370625 0.8837565953125001 0.8407813328125 0.7837251515625 0.7775856343750001 0.7208922796875 0.7058023796875 0.6989988578124999 0.6491352703125 0.7176937203125 0.5823009234375001 0.77480066875 0.532166653125 0.8558924687499999 0.493984915625 0.9916486250000001 0.49405114687499996 0.9920222875 0.9082812375 0.9858855453125001 0.9081275874999999 0.9625562999999999 0.88963370625 0.8837565953125001
12 0.9093924640625 0.8579562328125 0.906442971875 0.9243197953125 0.9158970578125001 0.98577271875 0.95555555625 0.9851851859374999 0.9661236109375 0.7474039265625 0.9320922062499999 0.8040538921874999 0.9093924640625 0.8579562328125