12 0.3338028171875 0.14925373125000002 0.2661971828125 0.171641790625 0.1830985921875 0.248134328125 0.1464788734375 0.348880596875 0.14366197187500002 0.4421641796875 0.16338028124999998 0.5391791046875001 0.21267605625 0.6119402984375 0.2718309859375 0.6455223875 0.369014084375 0.654850746875 0.44084507031250003 0.626865671875 0.49859155 0.5615671640625 0.549295775 0.41977611875000004 0.549295775 0.37873134375 0.5239436625 0.28917910468749997 0.46901408437500003 0.20522388125000002 0.381690140625 0.14925373125000002 0.3338028171875 0.14925373125000002
12 0 0.0764925375 0.0028169015625 0.5093283578125 0.03802816875 0.477611940625 0.13802816874999999 0.4384328359375 0.14366197187500002 0.348880596875 0.17183098593749999 0.25932835781249997 0.1521126765625 0.19589552187499998 0.11408450781249999 0.13432835781250002 0.018309859375 0.07462686562500001 0 0.0764925375
12 0.1239436625 0.0317164171875 0.11267605624999999 0.125 0.180281690625 0.24440298437500002 0.232394365625 0.1902985078125 0.31408450781249997 0.14925373125000002 0.381690140625 0.1455223875 0.45492957812499996 0.1865671640625 0.47605633750000004 0.0914179109375 0.4591549296875 0.005597015625 0.13943662031249998 0 0.1239436625 0.0317164171875
12 0.8028169015625 0.07276119375 0.76197183125 0.011194029687499999 0.5591549296875 0 0.5169014078124999 0.029850746875 0.48450704218749996 0.08022388124999999 0.467605634375 0.12126865625000001 0.46197183124999996 0.1921641796875 0.5267605640624999 0.28917910468749997 0.5605633796875 0.397388059375 0.6098591546875001 0.3432835828125 0.669014084375 0.320895521875 0.7478873234375001 0.324626865625 0.7732394359375 0.347014925 0.7887323937499999 0.3414179109375 0.8281690140625001 0.20335820937500002 0.8281690140625001 0.1660447765625 0.8028169015625 0.07276119375
12 1 0.06529850781249999 0.9901408453125 0.0634328359375 0.9028169015625 0.1082089546875 0.8535211265625 0.1660447765625 0.8225352109375 0.22574626874999998 0.8028169015625 0.3600746265625 0.8661971828125001 0.46641791093749996 1 0.5279850749999999 1 0.06529850781249999
12 0.6774647890625001 0.320895521875 0.6211267609375 0.3395522390625 0.5718309859375 0.3899253734375 0.518309859375 0.498134328125 0.50140845 0.625 0.5352112671875 0.7108208953124999 0.5619718312499999 0.74626865625 0.6464788734375 0.79477611875 0.7126760562500001 0.7929104484375 0.745070421875 0.7873134328125 0.8084507046875 0.7294776125 0.867605634375 0.6324626859375 0.8788732390625 0.550373134375 0.86197183125 0.47201492500000003 0.8042253515625 0.376865671875 0.742253521875 0.324626865625 0.6774647890625001 0.320895521875
12 0.405633803125 0.7033582093749999 0.4338028171875 0.7779850749999999 0.419718309375 0.875 0.46901408437500003 0.9738805968750001 0.5154929578125 0.9794776125 0.53661971875 0.970149253125 0.5746478875000001 0.904850746875 0.5605633796875 0.7705223875 0.5408450703125001 0.7294776125 0.5028169015625 0.6902985078125 0.45492957812499996 0.679104478125 0.41549295781250006 0.6902985078125 0.405633803125 0.7033582093749999
12 0.30985915468749997 0.804104478125 0.267605634375 0.9272388062499999 0.2774647890625 0.9738805968750001 0.32112676093750003 0.9832089546875 0.37323943593750003 0.9589552234375001 0.3971830984375 0.9309701499999999 0.430985915625 0.8115671640625 0.41408450781250006 0.7182835828125 0.3647887328125 0.6716417906250001 0.342253521875 0.6716417906250001 0.318309859375 0.695895521875 0.30985915468749997 0.804104478125
12 0.0957746484375 0.8675373140625 0.1225352109375 0.8955223875 0.1830985921875 0.9011194031249999 0.23521126718750002 0.8917910453125 0.30140845 0.8227611937500001 0.3154929578125 0.7145522390625 0.28873239375000004 0.6529850749999999 0.249295775 0.64925373125 0.156338028125 0.79477611875 0.09859155 0.8376865671875 0.0957746484375 0.8675373140625
12 0.1098591546875 0.12126865625000001 0.130985915625 0 0 0.001865671875 0.00140845 0.070895521875 0.1098591546875 0.12126865625000001
12 0.9985915500000001 0.059701492187500003 1 0.001865671875 0.76197183125 0 0.81126760625 0.0876865671875 0.8394366203124999 0.1847014921875 0.894366196875 0.1119402984375 0.9985915500000001 0.059701492187500003
12 0.4605633796875 0 0.48169014062500004 0.0764925375 0.543661971875 0.001865671875 0.4605633796875 0