0 0.34476379687500003 0.308309975 0.378749946875 0.253572771875 0.4276777140625 0.151701284375 0.442306440625 0.072472440625 0.4325706484375 0.02713495 0.4280079109375 0.0174399859375 0.321165825 0.0130865046875 0.28798824375 0.0410005484375 0.254821690625 0.09809551093749999 0.2396764046875 0.151576 0.23528031562499999 0.19092038281249998 0.2365220328125 0.26381346250000004 0.24697312187499998 0.3008105234375 0.2663305484375 0.32530216562500003 0.2964371703125 0.33565769687499997 0.3181441578125 0.32878185000000004 0.34476379687500003 0.308309975
0 0.8354105781250001 0.6556911015625 0.8667391999999999 0.6279694046875 0.9043067718750001 0.5592726375 0.924364709375 0.49219612343749997 0.93151769375 0.40879184375 0.9237241328125 0.34477927343750003 0.9020072875 0.2961699671875 0.868622278125 0.276383403125 0.8068839984375 0.3171401609375 0.7858972390625001 0.343418159375 0.7328764171875 0.4612434328125 0.7181433921875 0.5297740906249999 0.7235824625 0.59741156875 0.7476537999999999 0.642395965625 0.78769495 0.66400020625 0.8354105781250001 0.6556911015625
0 0.5905737796875 0.6272413953125 0.642690425 0.607330484375 0.6700253609375 0.5785181828125 0.7043194765624999 0.5281329625 0.7226388515625 0.47338531718750004 0.722321028125 0.4135481828125 0.7141250625 0.3899706 0.6902623203125 0.3663825765625 0.6484826078125 0.35710720937499996 0.61008558125 0.3679610625 0.5834659421875 0.3884329359375 0.557258565625 0.423954978125 0.5339222421875001 0.4816004625 0.519084921875 0.5394329328125 0.5264662203125 0.588395334375 0.5541189796875 0.6194201687499999 0.5905737796875 0.6272413953125
0 0.409213825 0.5457060546875 0.469312909375 0.5002337796874999 0.5155831515625 0.42537779843749995 0.53830354375 0.35902835 0.5417708125 0.27888544843749996 0.5380801625 0.2544042484375 0.51544435 0.2204815734375 0.4639337765625 0.19361129375 0.43239655781249997 0.199936615625 0.40260283125 0.22167564374999998 0.324904596875 0.34129771249999996 0.30157320468750004 0.42668577343749997 0.29984449999999996 0.4944998015625 0.3230962421875 0.5371264375 0.36313739218749996 0.558730678125 0.409213825 0.5457060546875
0 0 0.824148040625 0.028864406250000002 0.8622256374999999 0.05364611406250001 0.871127028125 0.08671822812499999 0.858819034375 0.122855203125 0.8068031250000001 0.15816765156249998 0.72468688125 0.17760472968750002 0.6211638234375 0.171966921875 0.587615125 0.1114407859375 0.534809503125 0.058295946875000004 0.5309662828125 0.01539853125 0.5704663296875 0 0.5982586171875 0 0.824148040625
0 0.5443232546875 0.8130676843750001 0.5484261671875 0.8525990515625 0.5613360484375 0.8966693906250001 0.5854073843750001 0.9416537859374999 0.6183850578125 0.9741327609375 0.64019634375 0.9779551 0.678181109375 0.9520510796874999 0.6917964296875 0.9322958343750001 0.7031566265625 0.8991211124999999 0.7265873890625001 0.7966886609375 0.72872835625 0.7439248 0.7177656328124999 0.708921959375 0.67925445 0.6535924734375 0.65334518125 0.6379813421875 0.6072687484375 0.651005965625 0.580649109375 0.6714778406249999 0.5646792984375 0.6948579953125 0.5510689078125 0.7423558156250001 0.5443232546875 0.8130676843750001
0 0.5186275109375 0.8465955015625 0.5343936546875 0.8295615515625 0.562016840625 0.694130925 0.561703946875 0.662036365625 0.550741225 0.6270335265625 0.5289250109375 0.595468609375 0.513248375 0.539973015625 0.48938563437499993 0.51638499375 0.4564128890625 0.5116485953125001 0.40870219218750004 0.547700278125 0.38566890468750004 0.5819551671875 0.3678660921875 0.6624511640625 0.38314032187499997 0.7583817453125 0.44889693125 0.8574284734375001 0.49036867968750003 0.8623518593749999 0.5186275109375 0.8465955015625
0 0.1799887953125 0.7839943734375 0.21265850625 0.8121213671874999 0.2424571609375 0.8181249156250001 0.27286681874999996 0.805089853125 0.32436260625 0.7487324015625 0.3530238421875 0.692541059375 0.365303003125 0.644679703125 0.36488581249999996 0.6018869578125 0.3513649296875 0.576855234375 0.3254556625 0.5612441031250001 0.2966753390625 0.5235095296875001 0.279369371875 0.5187835734374999 0.23390886875 0.540512159375 0.20473107031249999 0.57095515 0.18436023906250001 0.605937109375 0.167580690625 0.682444659375 0.1680028125 0.7529799796875001 0.1799887953125 0.7839943734375
0 0 0.5730337578125 0.0164217953125 0.5664778828125 0.055325525 0.52588723125 0.0712904078125 0.47476450000000003 0.072000778125 0.43868149531249995 0.0607251625 0.3715840953125 0.050582037499999996 0.338939015625 0.026964845312500003 0.2977368234375 0 0.40283959999999996 0 0.5730337578125
0 0.4513712703125 1 0.459159140625 0.9839994734375 0.46642135468749996 0.9390359578125 0.46067925 0.8947890734374999 0.4337368578125 0.8276812343750001 0.39901569375 0.7797885578125 0.3647067921875 0.7469460484375 0.33572773125 0.74330025625 0.3151483046875 0.7568858421875 0.2960044046875 0.78153315 0.2874060328125 0.798390553125 0.27523116875000003 0.8569500953125001 0.283432065625 0.9082702546875 0.30762847656250003 0.9874318609375001 0.3536517140625 1 0.4513712703125 1
0 0.8382216937500001 0.9167995484375 0.885008496875 0.8676919203125 0.922268103125 0.794643175 0.9277917546875001 0.7620085328124999 0.92173675625 0.6856670890625 0.90872750625 0.6586411437499999 0.8881431515625 0.6444841515624999 0.8568096000000001 0.6444632718750001 0.7991643734375 0.669266246875 0.75882511875 0.6987951765625 0.7341526390625 0.72833455 0.7071503109374999 0.9002117171874999 0.7243569109375 0.9219820656250001 0.7609160078125 0.940501478125 0.7989056999999999 0.9423400328125 0.8382216937500001 0.9167995484375