0 0.31081081093749996 0.33874239375 0.32972972968750003 0.2778904671875 0.3513513515625 0.16835699843750002 0.3459459453125 0.0892494921875 0.325675675 0.048681542187499996 0.3054054046875 0.024340770312500003 0.28513513437500004 0.0121703859375 0.2675675671875 0.0121703859375 0.2445945953125 0.024340770312500003 0.1918918921875 0.09939148125 0.174324325 0.1622718046875 0.1729729734375 0.21703853906249998 0.178378378125 0.25557809374999996 0.197297296875 0.3245436109375 0.21621621562499999 0.356997971875 0.240540540625 0.37525355 0.271621621875 0.377281946875 0.290540540625 0.3651115625 0.31081081093749996 0.33874239375
0 0.9054054046875001 0.36308316406249996 0.8918918921874999 0.2819472609375 0.86891891875 0.22312373281250003 0.8364864859375001 0.18255578125 0.8 0.17241379375000002 0.7513513515625 0.22718052812499998 0.7378378375 0.257606490625 0.716216215625 0.383367140625 0.71891891875 0.45233265781250004 0.740540540625 0.51521298125 0.774324325 0.5517241375 0.8175675671875 0.561866125 0.8608108109374999 0.54158215 0.883783784375 0.5070993921875 0.902702703125 0.43204868125000007 0.9054054046875001 0.36308316406249996
0 0.709459459375 0.3975659234375 0.6945945953125 0.34077079062500004 0.68108108125 0.320486815625 0.652702703125 0.30425963437500003 0.6108108109375 0.3062880328125 0.5770270265625 0.3265720078125 0.55675675625 0.3529411765625 0.540540540625 0.393509128125 0.5324324328125 0.4543610546875 0.5324324328125 0.513184584375 0.5513513515625 0.55780933125 0.585135134375 0.580121703125 0.6216216218749999 0.57809330625 0.666216215625 0.5456389453125 0.6851351343750001 0.5111561859375 0.7054054046875 0.4543610546875 0.709459459375 0.3975659234375
0 0.5067567562499999 0.3367139953125 0.49054054062499997 0.2596348890625 0.48108108125 0.237322515625 0.4513513515625 0.210953346875 0.3959459453125 0.1987829609375 0.3675675671875 0.21298174374999998 0.3445945953125 0.24137931093749998 0.3 0.37525355 0.2986486484375 0.4624746453125 0.3135135140625 0.5273833671875 0.3459459453125 0.561866125 0.3891891890625 0.5720081140625 0.42972972968749995 0.5476673421875 0.475675675 0.48884381406250005 0.5013513515625 0.4056795125 0.5067567562499999 0.3367139953125
0 0.221621621875 0.87018255625 0.23513513437500003 0.7829614609375 0.228378378125 0.679513184375 0.21486486562499998 0.649087221875 0.14459459531250002 0.6146044625 0.09324324375000001 0.6247464500000001 0.06216216249999999 0.6734279921875 0.0459459453125 0.7363083171875 0.0445945953125 0.79107505 0.05 0.82758620625 0.0635135140625 0.8681541578124999 0.083783784375 0.898580121875 0.1459459453125 0.9472616640625 0.17162162187500002 0.9492900609375001 0.2 0.9290060859375 0.221621621875 0.87018255625
0 0.783783784375 0.8640973625000001 0.7918918921875 0.841784990625 0.7945945953125 0.8073022312499999 0.7918918921875 0.7038539546875 0.78108108125 0.653144015625 0.7621621625 0.6227180531250001 0.7121621625000001 0.580121703125 0.683783784375 0.5720081140625 0.64324324375 0.596348884375 0.6229729734375 0.6227180531250001 0.6135135140625 0.649087221875 0.6121621625 0.6977687625 0.6229729734375 0.7667342796875001 0.6364864859375 0.8032454359375001 0.6594594593750001 0.841784990625 0.69324324375 0.8782961453125001 0.7324324328125 0.90060851875 0.7540540546875001 0.898580121875 0.783783784375 0.8640973625000001
0 0.6027027031250001 0.6186612578124999 0.583783784375 0.58823529375 0.5554054046875 0.5638945234375 0.5270270265625 0.51521298125 0.4986486484375 0.4989858015625 0.466216215625 0.5030425968750001 0.42972972968749995 0.549695740625 0.416216215625 0.58823529375 0.41891891875000004 0.669371196875 0.45675675625 0.7565922921875 0.54324324375 0.8336714000000001 0.583783784375 0.82758620625 0.60675675625 0.8052738343750001 0.6175675671875 0.7849898578125 0.6108108109375 0.649087221875 0.6027027031250001 0.6186612578124999
0 0.41216216250000004 0.7018255578125 0.41216216250000004 0.653144015625 0.4013513515625 0.612576065625 0.3824324328125 0.5922920890625 0.3540540546875 0.5841784984375 0.3175675671875 0.5557809328125 0.3 0.5557809328125 0.2621621625 0.58823529375 0.2418918921875 0.6247464500000001 0.23108108125000001 0.6632860046875 0.233783784375 0.7403651109375 0.2513513515625 0.8073022312499999 0.2702702703125 0.8336714000000001 0.3081081078125 0.851926978125 0.3378378375 0.8498985796875 0.3635135140625 0.8296146046875 0.3986486484375 0.7626774843749999 0.41216216250000004 0.7018255578125
0 0.039189189062500004 0.44421906718750004 0.0013513515625 0.4056795125 0 0.679513184375 0.04324324375 0.6835699796875 0.06216216249999999 0.669371196875 0.0891891890625 0.6206896546875 0.0918918921875 0.5679513187499999 0.083783784375 0.5334685593749999 0.05675675625 0.4726166328125 0.039189189062500004 0.44421906718750004
0 0.5635135140624999 0.8661257609374999 0.5216216218749999 0.8093306281249999 0.4770270265625 0.772819471875 0.43648648593750006 0.7505071 0.4081081078125 0.75456389375 0.3918918921875 0.772819471875 0.3797297296875 0.8012170390625 0.375675675 0.8194726171875001 0.37837837812499997 0.8782961453125001 0.3986486484375 0.924949290625 0.4445945953125 1 0.574324325 0.997971603125 0.583783784375 0.9513184578124999 0.5797297296874999 0.9066937125000001 0.5635135140624999 0.8661257609374999
0 0.9743243250000001 0.6186612578124999 0.95 0.5476673421875 0.93108108125 0.5253549703125 0.9081081078125001 0.5172413796875001 0.878378378125 0.5253549703125 0.8297297296874999 0.5638945234375 0.7986486484374999 0.6024340765625 0.7824324328125 0.6369168359375 0.7986486484374999 0.8073022312499999 0.8202702703125 0.8235294124999999 0.8594594593749999 0.8316430015625 0.8959459453124999 0.8235294124999999 0.9270270265624999 0.789046653125 0.9594594593749999 0.7302231234375001 0.9770270265625 0.65111561875 0.9743243250000001 0.6186612578124999