0 0.29024194531249997 0.1357034359375 0.2674254546875 0.051754796874999995 0.2567759796875 0.03796254375 0.117795128125 0.0650082703125 0.1047433046875 0.09474469375 0.0994808703125 0.1660264796875 0.109825875 0.22520554062499998 0.123908146875 0.2655263046875 0.159002984375 0.33575368125 0.186237025 0.3667159734375 0.21619885156250002 0.3812827921875 0.2498979421875 0.37699131406249997 0.26752434062499997 0.3599629421875 0.283539953125 0.3273833859375 0.2906852921875 0.2580015640625 0.29024194531249997 0.1357034359375
0 0.9158105437499999 0.43098107656250007 0.9329716937500001 0.3891130859375 0.937060053125 0.304461509375 0.9251042609375 0.229731265625 0.8931739171874999 0.1452898078125 0.8559240640624999 0.086813684375 0.812481275 0.0499401109375 0.771250578125 0.0466317296875 0.7309789203125 0.1156608125 0.72306768125 0.151196009375 0.7270047140625 0.2909452890625 0.74474526875 0.3645498171875 0.7814223546875 0.42767015625000004 0.8254379125 0.4598995140625 0.873899559375 0.4618007484375 0.9158105437499999 0.43098107656250007
0 0.6676956406250001 0.52005913125 0.708432546875 0.47586966875 0.7212551265625 0.4348459671875 0.7307200765624999 0.36954550468749997 0.7228307390625 0.30762219062499996 0.6946947375 0.24963888750000002 0.675865725 0.2306392421875 0.6420020375 0.21909810468750002 0.597606846875 0.23000380312500002 0.5658191968749999 0.258853471875 0.5498035828125001 0.291433028125 0.54118351875 0.338438053125 0.5456077046875001 0.4055684421875 0.5582723234375 0.468828859375 0.588126628125 0.5128795125 0.629085209375 0.5298391140625001 0.6676956406250001 0.52005913125
0 0.4557859390625 0.527301171875 0.49229179375000004 0.45447216093750004 0.5018642609375 0.3596878625 0.4928008515625 0.284394759375 0.45885155 0.204878946875 0.44392439531249994 0.18285362031250002 0.406430965625 0.16068694375 0.34451689218750003 0.15913717968750002 0.3172038703125 0.180316946875 0.2987325875 0.21564075625 0.279831228125 0.36889990625 0.29716360937499997 0.462981265625 0.3270464546875 0.5296901453125 0.3691791109375 0.5600195375 0.4176407578125 0.561920771875 0.4557859390625 0.527301171875
0 0.2781972890625 1 0.2920352328125 0.985246159375 0.3025096609375 0.9174828734375 0.2981929921875 0.8208686515625001 0.26868978125 0.711024715625 0.2476772140625 0.6811181015625001 0.1650512265625 0.658668725 0.112279546875 0.680270003125 0.08949823125 0.7390963265625 0.08568198593750001 0.8100966812499999 0.096026990625 0.8692757406249999 0.1096725484375 0.9074151125000001 0.1328686734375 0.9482286953125 0.16111219375000002 0.9767281625 0.20658723124999998 1 0.2781972890625 1
0 0.70975595 0.7226473203125 0.7320786515625 0.759098115625 0.764961396875 0.7957603015625 0.8089769531250001 0.8279896578124999 0.855720296875 0.8438235421875 0.87842263125 0.83713928125 0.9028147343749999 0.7938641453125 0.9066880562499999 0.7681802390625 0.9021563499999999 0.7305336875 0.8769917093749999 0.619845465625 0.8545044125000001 0.5675620546875 0.8277070828124999 0.5387811578124999 0.7650271078124999 0.5033847687499999 0.732910265625 0.50056920625 0.6947650859375 0.5351888078125 0.678749471875 0.567768365625 0.67430338125 0.5980964890625 0.683338253125 0.6507313671875 0.70975595 0.7226473203125
0 0.7006991734375 0.7674709515625 0.7079015875 0.74340558125 0.671411 0.598659346875 0.6561831953125 0.5676270156250001 0.6293858640625001 0.53884611875 0.593775334375 0.51857940625 0.552924271875 0.47213596874999997 0.5190605859375 0.46059483281249997 0.4852254375 0.471711921875 0.45622265000000006 0.529482565625 0.45005825312500003 0.5737433375000001 0.47041907343749995 0.6604362296875 0.5296909765625 0.74635614375 0.638842178125 0.8112376359375 0.6809177562500001 0.7962505796875 0.7006991734375 0.7674709515625
0 0.3467117171875 0.8680863343749999 0.3911354484375 0.8798388609375 0.42251492500000004 0.8714660249999999 0.445625434375 0.8443049328125 0.46881492187499996 0.7650017796874999 0.47017549687500004 0.6967456765625 0.4596944328125 0.644392225 0.4393906921875 0.6030157843749999 0.4147769171875 0.58514185625 0.38266007343749997 0.58232629375 0.3374989796875 0.5593853703125 0.3186985046875 0.56304395 0.2851925484375 0.6058262671875 0.2713604890625 0.6493127921874999 0.2680884765625 0.69301070625 0.28757587500000004 0.7753408109375 0.32078781093750003 0.843668225 0.3467117171875 0.8680863343749999
0 0.0031890109375000003 0.548144525 0.0449123921875 0.7565549609375 0.0714351203125 0.753943303125 0.088624809375 0.7347335375 0.1070675546875 0.6767515046875 0.09860544843749999 0.6194724078125 0.08250422187499999 0.5840772890625 0.0404790828125 0.5242640625 0.015564654687500002 0.49738312812499996 0.002842771875 0.4886309 0.0031890109375000003 0.548144525
0 0.5037517984375001 0.9395132796875 0.5584867234375 0.9991195562499999 0.7074953171875 0.9701224281249999 0.7075571265625 0.9293155984375 0.6936109140625 0.8821692234375 0.667522409375 0.8419185 0.6104626 0.789563778125 0.55487751875 0.7595858546875001 0.5066879875 0.7440334 0.47719141093750006 0.7543062 0.463767525 0.77731589375 0.45686576562500003 0.8103882703125 0.4564575921875 0.8308651015624999 0.472014590625 0.8935626609374999 0.5037517984375001 0.9395132796875
0 1 0.4387243890625 0.9928867171875 0.4031931765625 0.9875187546875 0.3988956078125 0.9611866734375001 0.3949543296875 0.9311173296874999 0.409871346875 0.8873519828124999 0.4614492796875 0.8623871140625001 0.5093686328125 0.8524569140624999 0.5498294765625 0.906494921875 0.7296894 0.9331276546874999 0.7426376828125 0.9768140203125 0.7432018109375 1 0.733054659375 1 0.4387243890625