0 0.0507972359375 0.6867345578124999 0.08115164687500001 0.721278978125 0.1411495015625 0.7566905390625001 0.19639063125 0.7736859859375 0.2366241734375 0.7793361187500001 0.310599534375 0.7802687703125 0.3475546953125 0.7707653999999999 0.3712697796875 0.7518379093750001 0.37997726875 0.7215651046875 0.3716855234375 0.6993065984375 0.34928619843750003 0.671648225 0.2916341890625 0.6354750250000001 0.185200246875 0.5827043015625 0.10383315625 0.5654585875 0.05836211718749999 0.5739842625 0.0487879390625 0.5783276046875 0.0507972359375 0.6867345578124999
0 0.3034075 0.10519418437500001 0.2853166359375 0.1385135421875 0.3304369640625 0.20245856875 0.3583954734375 0.22456941874999997 0.48128283906249997 0.2819783734375 0.551788209375 0.299008025 0.6201718671875 0.2955185046875 0.6644212109375001 0.2724191109375 0.683957903125 0.2323926734375 0.6726444328125 0.18366955000000001 0.6425967296875 0.1510092265625 0.570547975 0.11077757656250001 0.50119926875 0.08838225937500001 0.4160405015625 0.07860527187500001 0.35148103124999996 0.084595765625 0.3034075 0.10519418437500001
0 0.41000751874999997 0.29888206093749997 0.3874816171875 0.32241357812500004 0.38057415625 0.3645772734375 0.3939117890625 0.4039104765625 0.41631111093750006 0.43156885312500004 0.4539746765625 0.45926143125 0.5139400125 0.48470329687499997 0.5735836640625 0.501516884375 0.6228788921875 0.49549218906250003 0.6527314921875 0.4683343421875 0.6584822906250001 0.4315363125 0.6351179171875 0.377993103125 0.6042027171875 0.34935702968750004 0.5509532296875 0.313001971875 0.4942337515625 0.29274391093749996 0.43346595312499997 0.2912656859375 0.41000751874999997 0.29888206093749997
0 0.24978874687500002 0.4956148265625 0.225592884375 0.547134234375 0.23391714531250002 0.5793624359375 0.257794815625 0.610283421875 0.383993071875 0.692815578125 0.472141046875 0.7190874859374999 0.54113555625 0.7228848296875 0.583039053125 0.700547071875 0.6025757453125 0.6605206328125 0.5865705875 0.6133207875 0.536758571875 0.5508990375 0.4579289359375 0.5016411859375001 0.3891585578125 0.47656303906249997 0.3075348171875 0.4706284375 0.282887203125 0.47364078593750003 0.24978874687500002 0.4956148265625
0 0.93381086875 1 0.93856210625 0.9843275828125 0.9240678109375 0.9503600453125 0.8690508093749999 0.9120837906249999 0.783505328125 0.873739134375 0.6771689375000001 0.85087749375 0.6434271140625001 0.8555949765624999 0.5934269750000001 0.915492396875 0.5927220640625 0.969365125 0.6219487406249999 1 0.93381086875 1
0 1 0.37547469218749996 0.9831737328125 0.35231514218750004 0.962285271875 0.337889075 0.9279000843749999 0.32535 0.8224311921874999 0.2984641109375 0.7687009234375 0.29470096875 0.7338024375 0.304784121875 0.679913075 0.342241178125 0.66561388125 0.3680918125 0.681619040625 0.4152916578125 0.704018365625 0.4429500328125 0.7287310140625001 0.4598770734375 0.7778021125000001 0.475133184375 0.8500424796875 0.4841143328125 0.889954334375 0.48113618750000003 0.933947028125 0.46934790312499997 0.9781963703125 0.4462485078125 1 0.423380159375 1 0.37547469218749996
0 0.574483678125 0.50746233125 0.551957778125 0.5309938484375001 0.5491311546875 0.5643474046875 0.5886272640625 0.61390056875 0.62481248125 0.638330534375 0.707657921875 0.6588388546874999 0.8041917015625 0.6462096828125 0.9008520609374999 0.5823906171875 0.9033570015624999 0.54040878125 0.8856493640625 0.51122713125 0.8673959140624999 0.4946980109375 0.7281526828125 0.4625599078125 0.6955675234375 0.46191172343750003 0.6606690375000001 0.4719948734375 0.6299164234375 0.49320727499999995 0.574483678125 0.50746233125
0 0.6897586703125 0.6609077078125 0.646311790625 0.6600434625 0.6216966937499999 0.673025509375 0.6073975015624999 0.6988761390625 0.5707965390624999 0.726977484375 0.5670373843750001 0.7444158984375 0.5918475859375001 0.7912520265625 0.6245302984375 0.8218092968749999 0.6612938500000001 0.8435564296875 0.74002593125 0.8629051921875 0.8116554468749999 0.8645994796875 0.842440578125 0.853356775 0.8690473203125 0.8210151187499999 0.8733522875 0.790924175 0.8582796625 0.7596394703125 0.79792760625 0.7056299328125 0.7391189359375 0.6748223999999999 0.6897586703125 0.6609077078125
0 0.6174429765625 1 0.5877412109375 0.9722298171875 0.534845925 0.9544727328124999 0.498147409375 0.952664990625 0.43066376406250007 0.96209995625 0.39811112187500003 0.97142146875 0.357676678125 0.994173353125 0.37834582499999997 1 0.6174429765625 1
0 1 0.570319846875 0.982699934375 0.5670444078125 0.9380963937500001 0.5715458296875 0.871545278125 0.5968959359375 0.8249826109375 0.6307266640625 0.7936841828125 0.66459159375 0.7917250578125 0.6939209015625 0.8067651671875 0.7152359125000001 0.8329561625 0.7354255640625 0.8505987640624999 0.7446678265625 0.9108207484375 0.75879858125 0.9624618203124999 0.7520122437500001 1 0.7414594828125 1 0.570319846875
0 0.6580851015625 0.129762625 0.6599501640625001 0.1615929046875 0.6886170734375 0.220899703125 0.7210431359375 0.26276808281249997 0.7525366671875 0.288721321875 0.92876758125 0.3213257515625 0.9498476546875001 0.3045013171875 0.9664601734374999 0.26791935 0.9660409359375001 0.2293819875 0.9377282296875 0.1886731625 0.8850245546875 0.1396655765625 0.8085732828125 0.0996157828125 0.77508810625 0.0930221546875 0.6978994046875 0.096875390625 0.6712276312500001 0.10927765781250001 0.6580851015625 0.129762625