0 0.9977803937499999 0.285356109375 0.9972566 0.2676780546875 0.9843247109375 0.24456059843750003 0.9072305999999999 0.19152643281249998 0.8434310078125 0.173848378125 0.7882795375 0.1724885265625 0.7496587625 0.177927928125 0.6808235859375 0.1969658328125 0.6487291953125001 0.21600373906249998 0.63108405625 0.240481046875 0.6299696140625 0.27175760625 0.6427806296874999 0.2907955125 0.66992001875 0.31119326875 0.7317187484375001 0.330231175 0.8425857765625 0.35198878125 0.922029646875 0.3465493796875 0.9622483624999999 0.326151621875 0.9861378437500001 0.305753865625 0.9977803937499999 0.285356109375
0 0.764298440625 0.7409060000000001 0.637102171875 0.7191483937500001 0.56778349375 0.72186809375 0.5051523671875 0.7436257015625001 0.46941887656250003 0.7776219625 0.46050244375 0.8211371749999999 0.4822033296875 0.8646523890625 0.5175879234375 0.8877698453124999 0.5936747359375001 0.9068077515624999 0.6631545812499999 0.9095274515625 0.7443978546875 0.8959289484375 0.80290638125 0.872811490625 0.8427624734375 0.8401750796874999 0.8518803671875 0.80345911875 0.7953186796875 0.7545045046875 0.764298440625 0.7409060000000001
0 0.66296505625 0.5586860437500001 0.6216584562499999 0.5423678390625 0.5601820640625 0.5342087375 0.5009885749999999 0.5342087375 0.45664725468749995 0.55324664375 0.4352018484375 0.587242903125 0.438330884375 0.6239588640625 0.4723189921875 0.668833928125 0.507582709375 0.6878718328125 0.565339421875 0.7082695890624999 0.6226126296875 0.7123491421875 0.6793217546875 0.6973907875 0.6993303828124999 0.6837922828125 0.7148134921875 0.655235425 0.7115232890625001 0.6130800609375 0.690104446875 0.5790838 0.66296505625 0.5586860437500001
0 0.7689027453125 0.3451895296875 0.6328568984375 0.30031446562499997 0.5450469499999999 0.2989546140625 0.4801732078125 0.3139129703125 0.4464405828125 0.3465493796875 0.43752414687499996 0.3900645921875 0.4632267609375 0.4308601046875 0.523790171875 0.47709501875000004 0.6082430640625 0.502932178125 0.6778034953125001 0.508371578125 0.7548838734375 0.4920533734375 0.7770545328125 0.48253442187499995 0.8027031250000001 0.45261771250000005 0.8132980875 0.39686384375 0.798163875 0.3683069859375 0.7689027453125 0.3451895296875
0 0.325715778125 0.0609807921875 0.2619564765625 0.0446625859375 0.20680500624999998 0.0433027375 0.1702253875 0.0487421390625 0.129805209375 0.06234064375 0.099792265625 0.0827384 0.0526579765625 0.1452915171875 0.05138236875 0.1711286765625 0.07264004375000001 0.199685534375 0.132478203125 0.2214431421875 0.2206507765625 0.2350416453125 0.3245482125 0.22824239375 0.3547626140625 0.21464389062499997 0.3873670703125 0.14393166875000002 0.37563020625 0.0922573515625 0.325715778125 0.0609807921875
0 0.438989284375 0.7150688421875 0.4463077734375 0.6865119843749999 0.4206051609375 0.6457164718749999 0.3934657703125 0.625318715625 0.3666487140625 0.6157997625 0.3176207078125 0.6144399125 0.24854378124999998 0.625318715625 0.21220591406249997 0.63891721875 0.1741089328125 0.6620346765625 0.13837544531249998 0.6960309375 0.11709120625 0.7354665984375 0.11977703125000001 0.75722420625 0.155363084375 0.787140915625 0.1780575359375 0.7953000171875 0.2128377515625 0.79801971875 0.3168560625 0.7953000171875 0.367562596875 0.7844212140625 0.39761583125 0.7653833078125001 0.438989284375 0.7150688421875
0 0.46118560625000005 0.4308601046875 0.42200074687500005 0.41726159999999995 0.3404351390625 0.41998130156249996 0.25379365468750004 0.4580571125 0.178808453125 0.545087540625 0.186140675 0.585883053125 0.20927833749999997 0.609000509375 0.2300122203125 0.6198793125 0.36656812968749997 0.6130800609375 0.39694370156250003 0.604920959375 0.42699693906249997 0.585883053125 0.45064466562499994 0.55732619375 0.4987862515625 0.528769334375 0.5142693609375 0.5002124765625 0.509220046875 0.467576065625 0.46118560625000005 0.4308601046875
0 0.4511941234375 0.30031446562499997 0.417407475 0.2622386546875 0.3800623109375 0.2418408984375 0.340958034375 0.23096209375 0.2634747359375 0.23368179531250002 0.1966404234375 0.25135985 0.170669496875 0.27039775625 0.153427275 0.30847356718749996 0.1563548515625 0.3383902765625 0.17753194375 0.3642274359375 0.2459376421875 0.3995835453125 0.307575203125 0.41318204999999997 0.35656291875 0.41318204999999997 0.397063678125 0.402303246875 0.416911140625 0.383265340625 0.42422963124999996 0.3547084828125 0.4517179171875 0.31799252031249997 0.4511941234375 0.30031446562499997
0 0.31763797031249996 0 0.3149459171875 0.0419428875 0.3297980875 0.0609807921875 0.3795916390625 0.0881778 0.432742246875 0.09089750156250001 0.4672001265625 0.0827384 0.5276289328125 0.055541390625 0.55568130625 0.037863334375 0.5931249546874999 0 0.31763797031249996 0
0 0.10641476093749999 0.5818035015625 0.1467543546875 0.565485296875 0.20265764062499997 0.523329934375 0.23806879531249997 0.47845486875 0.259312740625 0.43765935625 0.2543843046875 0.4091024984375 0.2355304078125 0.39278429375 0.2065916140625 0.38054564062499996 0.18810034375 0.3764660875 0.128987440625 0.3791857890625 0.0826452578125 0.3995835453125 0.0131238734375 0.44293073125 0.01709353125 0.57690665625 0.0616302328125 0.585883053125 0.10641476093749999 0.5818035015625
0 0.4191152609375 0.8020992687499999 0.38393212656250003 0.7857810640625 0.212958628125 0.8020992687499999 0.19727405781250001 0.8238568765625001 0.19027790312499998 0.8632925374999999 0.199530403125 0.9000084984375001 0.235156746875 0.9312850578124999 0.29531724062500003 0.9639214687500001 0.375446071875 0.9815995234375 0.40802396406249997 0.9788798234374999 0.4787391296875 0.9544025156249999 0.50062774375 0.9353646093749999 0.5081074015625 0.9122471531249999 0.4990563625 0.8823304437499999 0.4588239140625 0.8333758281250001 0.4191152609375 0.8020992687499999