0 0.78296290625 0.1284132546875 0.73908275625 0.1425851671875 0.66300025 0.17888925 0.62983971875 0.2078285109375 0.6147974515625 0.2403016015625 0.6206146015625 0.2774988484375 0.6399142703125 0.29743665468749997 0.6762624125000001 0.31610984375 0.7527913859375001 0.3262278890625 0.8872628546874999 0.329725128125 0.97883409375 0.307370078125 0.9936538468749999 0.2961086984375 0.9593845109375 0.14239630781249998 0.926259403125 0.127074903125 0.8477024703125 0.1189655015625 0.78296290625 0.1284132546875
0 1 0.8610390640625001 0.9236631265625 0.81503738125 0.8843288546875 0.8051799140625 0.7307809484375001 0.8049559281249999 0.650419290625 0.8220662296875 0.5822036374999999 0.8603418078124999 0.5481965515625 0.9076936859375 0.54768484375 0.9609228968749999 0.5769409859375 1 0.8748903562500001 1 0.8963661171874999 0.9924307578124999 0.95945606875 0.9533740109375 0.9985888562499999 0.9068033015625 1 0.8789874984375 1 0.8610390640625001
0 0.7954306437499999 0.75068553125 0.8070185703125 0.71382315 0.7935795453125001 0.6646483625 0.7608191046874999 0.6287528796874999 0.7244709625 0.6100796875000001 0.672500725 0.5990690421875 0.5988245171875 0.60174685625 0.529672440625 0.6136124078125 0.4822045859375 0.6450066078125001 0.46488938125 0.6894943875 0.4769020234375 0.7322712484375 0.5268225531249999 0.7785076453124999 0.5723523171875 0.7939447265624999 0.6444687765625 0.806480565625 0.7123060890625 0.7998226171875 0.7751510578125 0.7707719203125001 0.7954306437499999 0.75068553125
0 0.8635752999999999 0.4566791 0.8632621968749999 0.388645390625 0.8390818078125 0.3579203640625 0.7996359171874999 0.336457365625 0.6304876671875 0.3106788140625 0.527595234375 0.326673078125 0.45521204531250004 0.357360403125 0.42323291875 0.4027036421875 0.42272121250000005 0.45593285312500004 0.4620337375 0.499007434375 0.5433100703125 0.5415242734375 0.647852121875 0.5551389999999999 0.730353353125 0.5476255953125 0.816687271875 0.512883846875 0.8404212 0.49718674375000005 0.8635752999999999 0.4566791
0 0.134075634375 0.3161442125 0.2539049296875 0.2872797984375 0.2861072890625 0.2651476265625 0.308101734375 0.1750188875 0.2826283234375 0.116284353125 0.21719731250000002 0.08931603125000001 0.1389969796875 0.0828061109375 0.0742574140625 0.0922538640625 0.0327618171875 0.106016615625 0.0036144484375 0.12198765 0.009313228125 0.3143214640625 0.027973837499999998 0.31774314062500003 0.134075634375 0.3161442125
0 0.1834713453125 0.981900228125 0.21184101718749998 0.9869963937499999 0.253091634375 0.9832396890625 0.373990715625 0.9591737203124999 0.4307518109375 0.9361489421875 0.461527784375 0.9076188390625 0.4984093859375 0.8398457046875001 0.5004590921875 0.8046199546875 0.461146565625 0.7615453750000001 0.42479841875 0.7428721828125 0.3913030421875 0.7369948468749999 0.333717140625 0.7452151312499999 0.255495059375 0.7719223234375 0.2161390375 0.79528196875 0.17689463125 0.8302471468749999 0.142887546875 0.8775990218749999 0.1269987265625 0.92848473125 0.1350888125 0.9536672875000001 0.1834713453125 0.981900228125
0 0.5258615046874999 0.6076236359375 0.537449428125 0.57076125625 0.5241220203125 0.5331919984375 0.4596491828125 0.4994165921875 0.4107766921875 0.49119575 0.31610770781249997 0.5107609937500001 0.22355655 0.573140240625 0.1557656140625 0.6910550578125 0.1736171484375 0.7378120484374999 0.20590937656250002 0.76050251875 0.2326076859375 0.7692068078125 0.39058985 0.7337958828125 0.42421859375000004 0.7180616375 0.45499456718750003 0.6895315328125 0.4761207109375 0.6510325265625 0.5258615046874999 0.6076236359375
0 0.3334011640625 0.499490325 0.3782394859375 0.4785113328125 0.3970926890625 0.45202701406249995 0.3991423953125 0.41680126093750003 0.4228980703125 0.367887046875 0.418262325 0.3470937796875 0.3701247734375 0.308854790625 0.3218538578125 0.2922273828125 0.27369455781249996 0.2872055109375 0.1837946828125 0.3059524390625 0.10974013125 0.3402478828125 0.0837332671875 0.367959671875 0.0722569578125 0.41642758437499994 0.08248661874999999 0.45120703281249996 0.11310748281250001 0.47750562499999993 0.20106926875000003 0.5055899796875 0.2761718578125 0.5093100921875 0.3334011640625 0.499490325
0 0.2002822015625 0.0689690671875 0.2219664234375 0.0884977171875 0.2863276421875 0.11066759374999999 0.34903925 0.1032284765625 0.3874371015625 0.08667591875 0.45184181562500003 0.042411565624999994 0.480589834375 0.015890103125 0.48167730937500003 0.0142719203125 0.3649944609375 0.01081465 0.1965461 0.039718085937499994 0.2002822015625 0.0689690671875
0 0.0795497390625 0.7489707250000001 0.12296167656250001 0.7215938000000001 0.178674734375 0.660553459375 0.2098290515625 0.600405725 0.2253612765625 0.5479205359375 0.21310365625 0.5151497265625 0.18736351874999999 0.49963835312500005 0.15077039375 0.49097121250000003 0.128239615625 0.4898551765625 0.05980073125 0.5049196921875 0.015839625 0.5345873671875 0.0225954765625 0.762597346875 0.0281593296875 0.762770621875 0.0795497390625 0.7489707250000001
0 0.5768449343750001 1 0.5485096515625 0.9757273906249999 0.4950014140625 0.9467132859375 0.45018484062499997 0.9344751671875 0.254161421875 0.9880381359375001 0.2486204171875 1 0.5768449343750001 1