0 0.096557640625 0.23188415 0.10930590468750001 0.27366600625 0.1422110421875 0.3471516078125 0.16862855000000002 0.38034441406249997 0.1984232984375 0.3971183625 0.232709915625 0.3950476046875 0.251198096875 0.3789936515625 0.26863836406249997 0.34708291875 0.278476375 0.27730523281249997 0.2826143109375 0.15342909531249999 0.2626575703125 0.0668774625 0.25239058281250004 0.052191671875 0.11063610625 0.0701970765625 0.09630377968750001 0.09942877343749999 0.08830124843750001 0.17125759062499998 0.096557640625 0.23188415
0 0.81468089375 0.1018368234375 0.773052371875 0.0957030578125 0.7296819515624999 0.16288716406249998 0.7203377921875 0.19833808125000002 0.7190832453125 0.34012213125 0.7342877609375 0.4158560359375 0.76906173125 0.48225145625000004 0.8124256578125 0.5178602953125 0.8614294375 0.5230572687499999 0.9050268578124999 0.49467690781250007 0.9239755328125 0.45343750156249996 0.931290575 0.36799039218749996 0.921986265625 0.2915070546875 0.8928187875000001 0.2038410828125 0.857290615625 0.142109996875 0.81468089375 0.1018368234375
0 0.66955875625 0.27560029375 0.6356992734375 0.2616269109375 0.5903330921875 0.2696735109375 0.5570610359375 0.2967423640625 0.5396207671875 0.328653096875 0.529128625 0.3756711765625 0.5310910296875 0.443949996875 0.541543325 0.508866175 0.5701233734375 0.5554899125 0.610964334375 0.575429328125 0.6504303109375 0.568132159375 0.6933402375 0.52613350625 0.707863759375 0.485456178125 0.71989766875 0.41996811093749997 0.7142309515624999 0.3567283453125 0.6879135125 0.2961115984375 0.66955875625 0.27560029375
0 0.39933705 0.186572834375 0.33669738125 0.1808236 0.308244259375 0.2004275484375 0.28821431249999996 0.23495148906250002 0.263325578125 0.38887458750000004 0.27734875468750003 0.48531696875 0.305107890625 0.554887671875 0.34663634062500004 0.5884453796875 0.3956401203125 0.5936423515625 0.43556658906249995 0.56115973125 0.4752660578125 0.48987336406250004 0.4885146625 0.3945355078125 0.482160459375 0.3176774515625 0.450763728125 0.234863171875 0.4364737015625 0.2115513046875 0.39933705 0.186572834375
0 0.25524825 1 0.2657160046875 0.9459326750000001 0.26496829375000003 0.84780406875 0.23921141562499998 0.734577925 0.21905454062500002 0.7028741765625 0.1362246375 0.6745625046875 0.08197478750000001 0.692874571875 0.056698768749999996 0.750907553125 0.050171287499999995 0.8225490093750001 0.0584276796875 0.8831755671874999 0.0708155171875 0.9227189359375 0.092774515625 0.9656151296875001 0.1203066515625 0.996382084375 0.1264429625 1 0.25524825 1
0 0.8782563031249999 0.861276078125 0.8831419515625001 0.83552855 0.879964846875 0.797099521875 0.8586331250000001 0.683311303125 0.8378221124999999 0.6288479484375 0.8117650281250001 0.597893634375 0.7496192078125 0.5578176296875 0.7172014234375 0.5527982015624999 0.67727495625 0.5852808234375 0.6598346875 0.6171915578125 0.6541948359374999 0.6476034234375 0.66136995625 0.701514515625 0.6854247859375 0.7761242703125 0.7066629343749999 0.8145434859374999 0.7385868703125 0.8538896812500001 0.78195079375 0.8894985203125 0.8286919640624999 0.9086885015625 0.8519323671875 0.9034522765625 0.8782563031249999 0.861276078125
0 0.536003540625 0.5118540968749999 0.5021440593750001 0.4978807140625 0.46746366093749997 0.5068542953125 0.4359270125 0.5633982203125 0.42802454843750004 0.6078030937500001 0.44539160781250003 0.696967934375 0.5021912875 0.7879769203125 0.6102907140625 0.8610485546875 0.653460996875 0.8487123343749999 0.674572215625 0.8209038625 0.68276839375 0.7970201046875001 0.65124473125 0.647978140625 0.6369880640625001 0.6155249578124999 0.6109309781250001 0.5845706421875 0.575629803125 0.561643303125 0.536003540625 0.5118540968749999
0 0.43513295625000004 0.6799968140625 0.41612406562500004 0.6367259046875 0.3918691015625 0.616964034375 0.359451315625 0.61194460625 0.31457898125 0.585664440625 0.29540330625 0.5881001015625 0.2598686375 0.6291619609375 0.2442304890625 0.6722651390625 0.23927813125 0.7162952953125 0.25592434375 0.8009831593750001 0.2869940046875 0.8724176328125001 0.31233024062500003 0.8988949703125 0.3568755078125 0.9137953328125 0.388966225 0.90743495625 0.41338797187500004 0.88149025625 0.4398453296875 0.8027488 0.44378313125 0.7337205484375 0.43513295625000004 0.6799968140625
0 0 0.6979192265624999 0.01089375 0.7655771671875 0.0378501625 0.764723015625 0.0559779203125 0.7464305734375001 0.076828784375 0.6889596703125 0.070407865625 0.630384240625 0.055430349999999996 0.5934540796875 0.01511659375 0.5300465828125 0 0.5120082390625 0 0.6979192265624999
0 0.674878553125 1 0.67544685625 0.9852601578125 0.663092375 0.9365754781250001 0.638183275 0.8940540015625 0.5823647984375 0.8371844234375001 0.5272004546875 0.803074453125 0.4789842390625 0.78407183125 0.44872899843749997 0.7924833359375001 0.43427219062500005 0.8148780375 0.426042659375 0.847903109375 0.42486131718750003 0.8686115859375001 0.43826371406250003 0.933153046875 0.46867924062500005 0.9818279140625 0.48376937187499996 1 0.674878553125 1
0 0.9788461609375 0.4670263546875 0.9523285828124999 0.46125749374999997 0.9213191390625 0.47433333437499997 0.8750653249999999 0.52360953125 0.8479871890625 0.570450065625 0.836413771875 0.610752678125 0.8843900031249999 0.7965374453125 0.9108742234375 0.811447621875 0.9550924234375 0.81496818125 0.972520771875 0.8086058265625 0.98483336875 0.47616572343749997 0.9841208874999999 0.4717407171875 0.9788461609375 0.4670263546875