0 0.9017360359375 0.2017156359375 0.8477467843750001 0.188985375 0.8075653734375001 0.1865611828125 0.7324776703125 0.1917278546875 0.6936930515624999 0.2044552671875 0.6671648078125 0.2256795640625 0.6544444078125 0.25720993281250004 0.6600302234375001 0.279178253125 0.6792685328125 0.3054760125 0.733258459375 0.3375253234375 0.8347217515625 0.3824339203125 0.91523991875 0.3932589375 0.9625572625000001 0.3808225390625 0.9714555578124999 0.3763147765625 0.9792885296874999 0.25882020781250004 0.9582081734375001 0.232795840625 0.9017360359375 0.2017156359375
0 0.6535352249999999 0.878197821875 0.676184465625 0.842791025 0.6384832484375 0.781440578125 0.6128843984375 0.7612484796875 0.495286403125 0.712979553125 0.42578316875000005 0.7014764437500001 0.3558152375 0.7106815359375 0.3078778453125 0.737849496875 0.2829017421875 0.78020203125 0.2881782046875 0.8288551875 0.314553121875 0.85961140625 0.382660915625 0.8946010062499999 0.45030265937499997 0.91166070625 0.5356299015625 0.9145708734375001 0.60202953125 0.9031365515625 0.6535352249999999 0.878197821875
0 0.569908059375 0.689882978125 0.5958155828125 0.6640711968749999 0.6082252859375 0.6205875609375 0.5996912140624999 0.581658446875 0.58045290625 0.5553606875 0.5457006140625 0.530290084375 0.487987709375 0.50935395625 0.429499409375 0.4971727625 0.37861376406249997 0.507379928125 0.3447942375 0.5374881765625 0.3342460234375 0.5754152203125 0.35115814375 0.62797776875 0.378929175 0.65456654375 0.428420053125 0.687164921875 0.4834954015625 0.703093521875 0.5450859578125 0.699574046875 0.569908059375 0.689882978125
0 0.7579306015625 0.47641001875000005 0.7891118921875 0.4219751921875 0.7847668484375 0.389862790625 0.7644424437499999 0.360366696875 0.6466884265624999 0.2868020828125 0.5604297671875 0.2673511625 0.49077185625 0.269190471875 0.44531667812500003 0.2953893265625 0.420340575 0.33774186093749997 0.43058145937500003 0.3844568015625 0.47324710156250005 0.4438690328125 0.5470953828125 0.487484540625 0.6138063859375 0.507322534375 0.69603069375 0.5066143265624999 0.7214735171875 0.50151074375 0.7579306015625 0.47641001875000005
0 0.1439477203125 0 0.13099256875 0.0099875625 0.12013365625000001 0.0359613359375 0.1305292171875 0.069333859375 0.1815715625 0.1037414265625 0.26364186875 0.13569467968749999 0.3688274671875 0.15017104375 0.403733759375 0.14258018125 0.4622193640625 0.077485178125 0.46981932187500003 0.022597340625 0.4495503765625 0 0.1439477203125 0
0 0 0.6868772703125 0.0134201796875 0.695842525 0.046775678125 0.7057615234375 0.15056515937499998 0.7244053296875 0.20470908593749998 0.7237931765625001 0.24147686875000002 0.71064571875 0.301049240625 0.6680681046875 0.3188894109375 0.640576159375 0.3086485234375 0.5938612203125 0.2894102140625 0.5675634609375 0.26644892656249997 0.5523788875 0.218510190625 0.54090875 0.1462147203125 0.53774053125 0.1052579171875 0.5440712703125 0.0590266640625 0.5597060078125 0.011089275 0.5868739671875 0 0.5979582156250001 0 0.6868772703125
0 0.4293440609375 0.4911961265625 0.45525158125000004 0.46538434687499997 0.4623868421875 0.43120470781250003 0.4285646234375 0.3840367578125 0.39489842343750003 0.36216449375000004 0.3132941609375 0.348141140625 0.213539703125 0.3689755140625 0.10711603750000001 0.441919428125 0.0992053796875 0.4848539984375 0.11347926875 0.5130899703125 0.12992466875 0.528403565625 0.267379671875 0.549600590625 0.30042447499999997 0.547566321875 0.33719225625 0.5344188640625 0.37116713125 0.5102872484375001 0.4293440609375 0.4911961265625
0 0.3317557265625 0.344555728125 0.375815465625 0.3418433703125 0.40249905625000004 0.32659570625 0.4203392265625 0.2991037609375 0.4611400109375 0.2674773375 0.46718985 0.2494184125 0.4479508671875 0.20380160468750003 0.41862836718749996 0.17540363750000001 0.384031425 0.15630966875000002 0.3064608390625 0.14312640000000001 0.23385534843750003 0.14732396406249998 0.2011212421875 0.1613115 0.169939275 0.1964272796875 0.1617179234375 0.2274085796875 0.173044228125 0.25800280625 0.2275002015625 0.3079820203125 0.283351615625 0.33447473906249997 0.3317557265625 0.344555728125
0 0.45535177656250003 0 0.47524911562499994 0.019269978125 0.52675615625 0.032969348437500004 0.5638346359375 0.031775160937500005 0.633647221875 0.016593434375 0.667932790625 0.0044150875 0.675266240625 0 0.45535177656250003 0
0 0 0.4618722453125 0.0219448171875 0.46430494375000003 0.0678660421875 0.4560359921875 0.138764046875 0.424733553125 0.190424415625 0.3864524078125 0.226570803125 0.34939841718750003 0.23230994531250002 0.3193862234375 0.21974287343749999 0.2989360734375 0.1956954921875 0.2805531625 0.1789400671875 0.2726053453125 0.1195210234375 0.263202446875 0.066153165625 0.274378721875 0 0.2975568515625 0 0.4618722453125
0 0 0.8136519890624999 0.019320734375000002 0.8456784125000001 0.06664009843749999 0.891199165625 0.13924693906250002 0.9256396984374999 0.1724470921875 0.9295820625 0.251413121875 0.9192788406249999 0.28011355 0.90445121875 0.2960922328125 0.8825158671875 0.2982630703125 0.8502744421875 0.2766965515625 0.7922843234375 0.2490801953125 0.7523531343750001 0.2203784171875 0.7285426562499999 0.0453795609375 0.7099289671875 0.0217989015625 0.7287950078125001 0.00023575156249999997 0.7674001390625 0 0.769454175 0 0.8136519890624999