4 0.4500714875 0.154564121875 0.42844778906250003 0.104936175 0.40242323437499994 0.086195084375 0.3663882609375 0.0803805078125 0.34033749062499996 0.092693575 0.3201064671875 0.12075679531250001 0.30423697656250004 0.1645143984375 0.2985749875 0.20866237812500002 0.3045787078125 0.2532565015625 0.3282911859375 0.296309653125 0.3476552390625 0.3081413421875 0.3807737828125 0.31384438124999997 0.402239721875 0.3035741953125 0.425176984375 0.2778327015625 0.4491783 0.225513190625 0.45441991249999997 0.18578558437499998 0.4500714875 0.154564121875
4 0.1737467171875 0.2593440828125 0.1604388171875 0.22999819999999999 0.13170802343750002 0.20893538281250001 0.104212146875 0.205665603125 0.0702397375 0.22433039375 0.0470922859375 0.25228207812500003 0.032891198437500005 0.2938852609375 0.028687421875 0.33808900625 0.035939170312500004 0.3849490875 0.047788853125 0.4142392015625 0.08381071875 0.4355808578125 0.1129749984375 0.43669621718749996 0.1365297203125 0.419851240625 0.15842914531250002 0.38963360156250004 0.1747190140625 0.3414556234375 0.178922790625 0.297251875 0.1737467171875 0.2593440828125
4 0.24735398593750002 0.4240896109375 0.21381506093749997 0.42280694687500003 0.182969271875 0.43937308281250004 0.1598218203125 0.467324765625 0.1424941171875 0.5110266015625 0.1376597734375 0.561860909375 0.1459624640625 0.5976700515625 0.164262465625 0.63607975625 0.1923758 0.6482460546875 0.23654259843749997 0.6454987203125 0.2680189546875 0.622302021875 0.300165203125 0.5458935203124999 0.3018598234375 0.5126849421874999 0.2945949671875 0.48135194375 0.2729581640625 0.44725107499999994 0.24735398593750002 0.4240896109375
4 0.66739780625 0.10076523906249998 0.6511734796875001 0.0713078203125 0.6153618046875 0.047755976562500004 0.58307090625 0.048739267187500004 0.55493135625 0.0676271296875 0.5380371375 0.0913815109375 0.5196584890625 0.14613428125 0.5141935796875 0.20359915156250002 0.52249626875 0.2394082953125 0.5424646734375 0.2756635828125 0.5801549406250001 0.2948508171875 0.6099497875 0.289335615625 0.63996793125 0.266083146875 0.6656245390625 0.22713629531250001 0.674189853125 0.1986269296875 0.6779732515625 0.15884356093750002 0.66739780625 0.10076523906249998
4 0.8011331171875 0.11031627343749999 0.764020984375 0.1466067921875 0.752539246875 0.1750046203125 0.7480990656250001 0.252472715625 0.7593181828125 0.28839339062499997 0.7867878453125 0.32271733125 0.8036558453125 0.330017109375 0.8480328328125 0.3250595875 0.8711802828125 0.2971079046875 0.8893356359375 0.2600924 0.8969024343750001 0.18052565625 0.887141528125 0.1446607453125 0.866332371875 0.11724620781249999 0.8496745578124999 0.1077362421875 0.8011331171875 0.11031627343749999
4 0.9413454218749999 0.3441558203125 0.925686121875 0.38570323906250004 0.9196037515625 0.43427158906249996 0.9220735875000001 0.46985766093750003 0.940583775 0.5060571796875 0.967435978125 0.5314846 0.9777988734375 0.5327637625 0.9856762968749999 0.3200733046875 0.962193903125 0.3249891203125 0.9413454218749999 0.3441558203125
4 0.73820708125 0.37187859843750004 0.7228235093750001 0.3335804296875 0.7043002125 0.3129079921875 0.658057740625 0.30670303906249996 0.635343775 0.31470726875 0.604695065625 0.3445902984375 0.58403055625 0.3926009734375 0.5775278109374999 0.44558970000000003 0.582086425 0.47460097812499996 0.5951841359375 0.5061570484375 0.6234945515625 0.5316402375 0.6503598625 0.5415405796874999 0.6755698796875 0.5380682609375 0.7039196203125 0.5169702125 0.7320853875 0.46702819218749997 0.7408871031250001 0.40525448124999996 0.73820708125 0.37187859843750004
4 0.27236784375 0.89974656875 0.2838495828125 0.8713487421874999 0.29077270624999996 0.8139396375000001 0.2866344703125 0.7805079875 0.26355255781250003 0.730824275 0.237738190625 0.70987299375 0.2014930296875 0.7062686078125 0.1739840453125 0.71852590625 0.1479201640625 0.746366053125 0.128713871875 0.7944324953125 0.12326206718749999 0.8363702875 0.131972028125 0.883286134375 0.15672234375 0.930815428125 0.1637474015625 0.9377387718750001 0.2366581015625 0.9405271734375 0.240878378125 0.93847035 0.27236784375 0.89974656875
4 0 0.7571593062499999 0.0139484484375 0.770079365625 0.054147876562499996 0.778271434375 0.071028984375 0.7700441328125 0.10042966874999999 0.737895146875 0.1192155859375 0.6942490796875 0.1250877671875 0.6478909140625 0.1184534796875 0.60992735 0.102439340625 0.57825974375 0.07537695 0.555042509375 0.0439268078125 0.547185053125 0.016417821875 0.5594423515625 0.001402196875 0.578832125 0 0.58231891875 0 0.7571593062499999
4 0.78803586875 0.32498328593750003 0.7617749093749999 0.339506540625 0.7413336984375001 0.36977994999999997 0.7390216203125 0.3940920078125 0.7479155515625 0.4698518265625 0.758937590625 0.4924556125 0.7674766859375 0.4950004078125 0.79770501875 0.46953775468750003 0.8314541296875 0.46861023125 0.8576888734375 0.48514113437499995 0.865400321875 0.48099959999999997 0.8767111968749999 0.408230721875 0.86840850625 0.3724215796875 0.8519739906250001 0.3451743453125 0.78803586875 0.32498328593750003
4 0.523981621875 0.7008560734375 0.54507961875 0.632897946875 0.602251909375 0.5241731546875 0.5870785265625 0.4836648 0.5450136156250001 0.46431025937500003 0.50812478125 0.4828635125 0.48100995625 0.5217545968749999 0.46952821718750004 0.550152421875 0.4636560375 0.596510590625 0.46737389843750005 0.634362615625 0.49066599687499995 0.6818361421875 0.523981621875 0.7008560734375
4 0.46803022031249997 0.350454809375 0.46465408906250005 0.40134488749999997 0.47545282968749997 0.44168593906250003 0.49501396406250003 0.46683452187499996 0.519173034375 0.4744131375 0.5539730890625 0.46243467968749996 0.576069596875 0.44553393281250003 0.5861193390625 0.3860261796875 0.6167942625 0.3250889875 0.6053649578125 0.29137849843749997 0.560370509375 0.287439503125 0.52956404375 0.2574244015625 0.49078350937500004 0.2958693421875 0.46803022031249997 0.350454809375
4 0.8563626640625 0.8222607406250001 0.8501356437500001 0.7954038859375 0.8312050781250001 0.763624740625 0.8145472671875 0.754114775 0.7732968953125 0.7569736453125 0.739101190625 0.7933757015625 0.7290776671875 0.821829296875 0.717963871875 0.9079150671875 0.722942865625 0.9325059703124999 0.72818444375 0.9403903796874999 0.8311788484375 0.9371164953125 0.8375243140625 0.9280151265625 0.8550884203125 0.851048946875 0.8563626640625 0.8222607406250001