4 0.20814241249999998 0.655648246875 0.16404857343749998 0.6866956359375 0.1497362375 0.715423134375 0.14895762968749998 0.75095691875 0.1640120578125 0.7731642453124999 0.1931968859375 0.78651110625 0.2366503609375 0.7923975984375 0.27913611562499996 0.7884834296875 0.3205159046875 0.7733685046875001 0.35811936875 0.7417181640625 0.36677080625 0.7207882765625 0.3678259078125 0.6880546796875 0.355303590625 0.6697819234375 0.3279596484375 0.6533691578124999 0.2753454421875 0.6415450484375 0.2370944390625 0.6449277906249999 0.20814241249999998 0.655648246875
4 0.48228688125 1 0.506364346875 0.9839241671875 0.521826340625 0.9451302953124999 0.5190614265625 0.91712840625 0.5000487359375 0.8982526953125 0.46860828750000005 0.883771453125 0.4209200625 0.8784163859375 0.3785725546875 0.8837306500000001 0.3434066453125 0.8966483406249999 0.3174014671875 0.91550365 0.3012482484375 0.9472970515625001 0.30175753906249997 0.9741645578125 0.32185232343750003 1 0.48228688125 1
4 0.4895420671875 0.7918455234375 0.4927217171875 0.8240476937500001 0.512425634375 0.849923875 0.541886953125 0.866070925 0.5854786734374999 0.8733575140625 0.6341783078125001 0.8672461109375 0.66695035 0.8517939437500001 0.7008720484375 0.8262754046874999 0.7086940109375 0.7969449515625 0.700311890625 0.7554735453125 0.6742558484375001 0.7303945015625 0.59779753125 0.7158928609374999 0.566175146875 0.7212786515625 0.5374996078125001 0.734799296875 0.508089153125 0.7625866 0.4895420671875 0.7918455234375
4 0.1288102765625 0.46007453125 0.103081590625 0.481730028125 0.0855022234375 0.5207896125 0.090661003125 0.5513259749999999 0.11220580468750001 0.5741362578125 0.136879390625 0.5852143562500001 0.1910579875 0.591172375 0.24610974843750003 0.584263834375 0.27888179062499996 0.56881166875 0.310547865625 0.5421587484375 0.32375423593749997 0.502230496875 0.314637196875 0.475025746875 0.2887194 0.45134679999999994 0.2485329578125 0.43512821874999996 0.2204540921875 0.43298211249999996 0.1823413359375 0.43776494843749997 0.1288102765625 0.46007453125
4 0.1203264265625 0.3307344203125 0.1595014578125 0.3584194671875 0.18785681406250002 0.3633657609375 0.2616884625 0.3512656125 0.2941840140625 0.3330132578125 0.32304148593750004 0.299625578125 0.32773466406249996 0.28202730625 0.3172351671875 0.2408216140625 0.287773846875 0.224674565625 0.25039600625 0.21519074531250001 0.1741704921875 0.22475641875000002 0.14153669687499998 0.24160867812500003 0.11834012187500001 0.2671987484375 0.1115295671875 0.2850627328125 0.1203264265625 0.3307344203125
4 0.2957197078125 0.06634124375 0.28748300625 0.0914714125 0.3022172546875 0.1321456796875 0.3230708265625 0.1479554890625 0.364406925 0.15410769375 0.41112743125 0.1496621 0.44445245624999996 0.139810309375 0.47625677812499995 0.11455748437499999 0.49678299375 0.0836327515625 0.496411946875 0.0581653390625 0.4836131390625 0.037092396875 0.42579646406249994 0.0159990484375 0.370329965625 0.018707307812499997 0.3370049421875 0.028559096875000002 0.310861515625 0.0460143125 0.2957197078125 0.06634124375
4 0.375888490625 0.335517009375 0.3416903 0.358235359375 0.3245693640625 0.38022809999999996 0.32475847343750003 0.4255625453125 0.3353016578125 0.445501109375 0.3675715828125 0.46838291718749997 0.41567454687499994 0.4779382671875 0.4666298015625 0.4729612453125 0.493464453125 0.462506503125 0.5215870078125 0.443385478125 0.5419749781250001 0.41106065156250005 0.5478178125000001 0.3833960078125 0.5412328859375 0.3601258296875 0.5175707093749999 0.3375812625 0.46665914375 0.3212911546875 0.40709613750000007 0.32593093125 0.375888490625 0.335517009375
4 0.821409853125 0.6793266984375 0.7774542609374999 0.7117741828125 0.7610245484375 0.74076739375 0.7623633171875001 0.7760354656249999 0.777555990625 0.7996428859375 0.8072938031250001 0.8185901250000001 0.8552585171875 0.8267453796875 0.8956268984375001 0.8230969234375 0.938847571875 0.804916096875 0.9805475421875001 0.77133423125 0.9955511046875 0.7496072093749999 0.9967444515624999 0.718273703125 0.97676404375 0.6895973328125 0.93602461875 0.6677783765624999 0.9076692625 0.6628320796875 0.85247925625 0.6683405296875 0.821409853125 0.6793266984375
4 0.7472020234375 1 0.760776759375 0.998773128125 0.7980600421874999 0.9855897265625 0.8342373593750001 0.9612055671874999 0.8472617937500001 0.9411443500000001 0.8497430406250001 0.901144565625 0.8397528375000001 0.8868063796874999 0.8055037828125 0.8655903781250001 0.7617738171874999 0.856903696875 0.7171706875 0.8610835781249999 0.682143025 0.8754013640625 0.6542969624999999 0.8973225765624999 0.6358881234375 0.9279815953125 0.6325774 0.9595808109374999 0.6477700750000001 0.98318823125 0.668070665625 0.9933976625 0.706363465625 1 0.7472020234375 1
4 0.3250206140625 0.297959775 0.3421924203125 0.319901384375 0.3734946234375 0.33298253125 0.3967857546875 0.33005968750000003 0.467255815625 0.305624403125 0.4871853578125 0.2903664203125 0.4884732609375 0.28170014062500004 0.46043808750000004 0.25828690625 0.45514106249999997 0.2263504484375 0.4673360203125 0.1978886640625 0.46241004218750004 0.1914196171875 0.3921219171875 0.19598786875000002 0.3593498765625 0.2114400359375 0.3357385625 0.23282981875000003 0.3250206140625 0.297959775
4 0.7150102656249999 0.47014040625 0.6479891703125 0.46437656875 0.5376965375 0.43285920781250004 0.501380971875 0.4558432703125 0.4885893390625 0.499971809375 0.5109636140625 0.5311826546875 0.551288303125 0.5488013281249999 0.5796436578125 0.5537476234375001 0.6242467875 0.5495677421875 0.6595509390625 0.5380501453125001 0.7013891578125 0.5058683765625 0.7150102656249999 0.47014040625
4 0.3910153078125 0.59726313125 0.439576696875 0.5897516328125 0.4763069984375 0.570967853125 0.49752444375 0.547043590625 0.5015263937500001 0.522444846875 0.485642490625 0.4918369546875 0.46676804687500006 0.47436134062499996 0.4091841734375 0.4773353109375 0.347547484375 0.4609736765625 0.317169309375 0.4789603140625 0.3193375484375 0.5226289562499999 0.2949913171875 0.5582854 0.3364219734375 0.5871048234375 0.3910153078125 0.59726313125
4 0.734125328125 0.16440880625 0.7273147718749999 0.182272790625 0.7354204015625 0.2209440078125 0.77431894375 0.245828865625 0.8025360546875 0.249375065625 0.8853901875 0.2418124421875 0.9079900890625 0.2318891265625 0.929484025 0.2107650546875 0.9371677421875001 0.18003450625 0.932838434375 0.15789871093750002 0.9088997687499999 0.132553953125 0.8887374250000001 0.1237446171875 0.8136615656249999 0.12324391562499999 0.786273928125 0.12809828125 0.7616948984375 0.13968740468750002 0.734125328125 0.16440880625