4 0.1286348734375 0.5503206171875 0.07400348906250001 0.571347315625 0.051292712500000004 0.5979265125000001 0.040989590625 0.6353549093749999 0.050884668749999994 0.66292606875 0.07799634062500001 0.684912496875 0.1220961890625 0.7028343765625 0.1677949515625 0.7101150078125 0.215321040625 0.70523421875 0.263291765625 0.6818232734375 0.27797138593750004 0.6619808984375 0.28781767343750003 0.6275928562499999 0.2795337046875 0.6048702546875 0.255175225 0.58013149375 0.2030320234375 0.5534566359374999 0.161925978125 0.5467520484375 0.1286348734375 0.5503206171875
4 0.2064738 0.841970153125 0.1741085578125 0.8549478140625 0.1486445875 0.8842793406249999 0.142008321875 0.9128746937500001 0.1576503984375 0.9489108109375 0.18430523906250001 0.973937596875 0.22633714375 0.9900512750000001 0.27226431875 0.9958117296875001 0.3223151875 0.989698784375 0.3544520109375 0.978241303125 0.3810580609375 0.9413088859375 0.38562638437499996 0.9109053312500001 0.3706817578125 0.8857984812499999 0.3415021421875 0.8620038531249999 0.29280957500000004 0.843505928125 0.24688239531249997 0.8377454734375 0.2064738 0.841970153125
4 0.38804138125 0.7702649703125 0.3827878109375 0.8052290624999999 0.39659035781249996 0.837936796875 0.42324519687500006 0.8629635828125 0.46711663124999997 0.8824056375 0.5199328828125 0.8890301624999999 0.5585019531250001 0.881477103125 0.600966296875 0.863570821875 0.6170164125 0.83460738125 0.6192761796874999 0.788426003125 0.59858455625 0.7548542 0.52209506875 0.7189303812500001 0.487421271875 0.716130215625 0.453673334375 0.7227391421875 0.415344875 0.7442618203125 0.38804138125 0.7702649703125
4 0.0974571640625 0.32183020625 0.0646350890625 0.33784821875 0.035732681249999995 0.3744926125 0.033003884375 0.40822455 0.049559625 0.43817995156249995 0.0725354109375 0.4565499796875 0.12788863749999999 0.47743215 0.18759396718750002 0.48492074062499996 0.22616303906250002 0.47736768281249997 0.266559440625 0.4576532015625 0.2910975453125 0.4189125859375 0.2887767921875 0.3876449609375 0.26785675000000003 0.355593334375 0.22994853124999998 0.32760625781249997 0.20100953124999998 0.3177812484375 0.1596750734375 0.3125968421875 0.0974571640625 0.32183020625
4 0.123064165625 0.182549896875 0.1568486953125 0.22241037343749998 0.1853308640625 0.2352757328125 0.2661602578125 0.24231617343749998 0.3051861578125 0.23172276093750002 0.34442828125 0.2041193703125 0.3540583515625 0.18674130625000002 0.3540217578125 0.14027190312499999 0.32736691875 0.115245121875 0.2906129796875 0.095146953125 0.20794406250000003 0.0847781359375 0.1691465734375 0.093851371875 0.137935609375 0.1147179421875 0.1260091796875 0.13180798437500002 0.123064165625 0.182549896875
4 0.4267468109375 0.0611103640625 0.4770382875 0.06896704375 0.51469369375 0.06749469531249999 0.554861678125 0.04930039375 0.567425884375 0.0378283921875 0.37005466249999996 0.024670310937500002 0.38494331718749997 0.043476509375 0.4267468109375 0.0611103640625
4 0.3903920515625 0.2563492265625 0.3483845421875 0.2712151484375 0.3245194859375 0.289905434375 0.31261744999999996 0.337975078125 0.3183766453125 0.3619298359375 0.3461857625 0.39484553125 0.39419308124999997 0.4179039875 0.44907727499999994 0.426336709375 0.48007202343750005 0.42248011874999997 0.5147336250000001 0.40979048125000006 0.5447903109375 0.381035 0.558315653125 0.3533037140625 0.5576060093749999 0.32688464375000004 0.5387539109375 0.29664121718750003 0.48959231562500005 0.26569385 0.42575109843750003 0.2545888578125 0.3903920515625 0.2563492265625
4 0.8904261515625 0.7589333109374999 0.861943984375 0.746067946875 0.8024670687500001 0.737059178125 0.7668796046875 0.7403397234375 0.7120198046875 0.762886603125 0.6870126671875 0.7891777765625 0.67900590625 0.8268941968749999 0.6886725703125001 0.85598553125 0.7148705750000001 0.8840526734375 0.7631063109375 0.9055909484375 0.8065087125 0.9125835609375 0.85678799375 0.9049504390625 0.9095798531250001 0.8805953625 0.9176681125 0.873478496875 0.92908891875 0.7974696078125 0.9274207062500001 0.7930010968750001 0.8904261515625 0.7589333109374999
4 0.732006784375 1 0.73745051875 0.9829120578125 0.7307776593749999 0.9650380109375 0.7004437671875 0.9333544703125 0.6568007515625001 0.9123922375 0.60880563125 0.90482358125 0.5681686171875 0.9105684390625 0.5330501828124999 0.92629843125 0.505518271875 0.9538217578125 0.4936040421875 0.9864016015624999 0.4981226078125 1 0.732006784375 1
4 0.34695305625 0.20288721562499998 0.35914449375 0.230746396875 0.3885525265625 0.2530208484375 0.41381247187500003 0.25618909843750004 0.49440125 0.24925991875000003 0.5194205859375 0.23845854531250002 0.523087440625 0.2296255015625 0.4998710421875 0.19728585 0.5028282546875 0.16203373906250002 0.5232426718750001 0.135166521875 0.5197920359375 0.1269895859375 0.444697440625 0.1129243015625 0.40612837031250004 0.12047736093750001 0.37560265312499996 0.13678339687500002 0.34695305625 0.20288721562499998
4 0.7108865828125001 0.4901509078125 0.6419836203125 0.466020421875 0.5344749921874999 0.402973596875 0.490171125 0.4175514984375 0.4649477671875 0.46085265 0.4801330109375 0.49992911875 0.5178128125 0.529436375 0.5462949796875 0.5423017375 0.5942901015625 0.5498703921875 0.6344702828125001 0.547165890625 0.6870337265625001 0.5243309921875 0.7108865828125001 0.4901509078125
4 0.33642485781250003 0.537662175 0.389469528125 0.542766521875 0.43308814843750004 0.5327491546875 0.4617743390625 0.5131147375 0.4725464875 0.48813578281250003 0.4640219046875 0.451443559375 0.4488488609375 0.4278568890625 0.387532421875 0.4155197390625 0.3271174453125 0.3816120828125 0.2903879 0.39249351718750003 0.2810106421875 0.4393310078125 0.24590440624999998 0.47055079843750003 0.28175687968749996 0.5122194734375001 0.33642485781250003 0.537662175
4 0.877085959375 0.147022246875 0.84815915625 0.1526870421875 0.8125838890624999 0.17145738906250002 0.8006574593750001 0.1885474296875 0.798854525 0.2316884546875 0.8330958875000001 0.26850857499999997 0.861806471875 0.2798537578125 0.9509076343749999 0.294127003125 0.9773096656250001 0.2896943625 0.986199365625 0.2844687328125 0.9947585890624999 0.176873753125 0.9859406875 0.16996840625 0.907167040625 0.1492463671875 0.877085959375 0.147022246875