4 0.332138453125 0.6400433375000001 0.3400689765625 0.6066310703125 0.331207975 0.5854933156250001 0.30693570000000003 0.5634550265625 0.2560907328125 0.5413368578125 0.21661509687499997 0.53755730625 0.185025740625 0.5430757078124999 0.1338298046875 0.5665955515625 0.1133030609375 0.59338035625 0.1050658140625 0.6297204125 0.1156683421875 0.6553784968749999 0.14244895156249998 0.6746176453125 0.18525428125 0.688901753125 0.2291331375 0.6929386 0.27423888125 0.685264296875 0.3189833453125 0.6598946156250001 0.332138453125 0.6400433375000001
4 0.4422602390625 0.8998092718749999 0.4453274578125 0.8705313921875 0.4300149875 0.8475437984375 0.401186128125 0.826712109375 0.3539775765625 0.8121707046875001 0.3099453578125 0.8095977515625 0.271597809375 0.8161941046875001 0.24128989843749998 0.8306245203125 0.21825481875000002 0.8602084640625 0.21313935 0.887893803125 0.22957990625 0.9212573031250001 0.2560537953125 0.943424240625 0.2968108734375 0.95611580625 0.3408430890625 0.958688759375 0.38830380625 0.9496792078125 0.41845835625000005 0.9367126890625 0.4422602390625 0.8998092718749999
4 0.6629050296875 0.7389053640625 0.6417545312499999 0.7082123593749999 0.5673052875 0.6788234906249999 0.5341277640625 0.6783576671875 0.5022316859375 0.686803859375 0.46660038593750003 0.709760340625 0.4416704203125 0.73628785 0.43814311874999995 0.769957415625 0.452688784375 0.8002644765625 0.479162671875 0.8224314140625 0.5218146406249999 0.8381794140625001 0.5724516890625 0.8411383125 0.60890435 0.8314855234375 0.6486321484375 0.8117141218749999 0.662707421875 0.7830794812499999 0.6629050296875 0.7389053640625
4 0.3343533765625 0.4074616015625 0.3308157640625 0.3777977765625 0.309511903125 0.348568665625 0.272183321875 0.324294596875 0.2441758234375 0.3167665984375 0.20454683125 0.314450940625 0.1456179765625 0.3272089359375 0.11500334375000001 0.3445671375 0.08899985 0.3813419046875 0.08782751875 0.41367622343750005 0.1048815203125 0.44118414375 0.12756562968750002 0.457238209375 0.18122565156249998 0.47362944999999995 0.23846753281250002 0.47697428906250006 0.2749201953125 0.46732150156249996 0.3125997453125 0.4459575578125 0.3343533765625 0.4074616015625
4 0.35606576562500003 0.115632096875 0.320171990625 0.0988061421875 0.24091400156249998 0.09417482499999999 0.20430797812499998 0.10529150937500001 0.175434871875 0.12717004062499998 0.164788096875 0.1442221796875 0.1641304078125 0.19278797812499998 0.1980304890625 0.228644553125 0.2257312640625 0.2391003359375 0.3030943671875 0.2406752171875 0.3398537484375 0.228094640625 0.3760984921875 0.19928258125 0.38454365625000003 0.182101796875 0.3825396515625 0.13779903124999998 0.35606576562500003 0.115632096875
4 0.38673997187500003 0 0.3900985875 0.0233580015625 0.40791939062499993 0.043546453125 0.4485231109375 0.0577019109375 0.49680518593749995 0.06199605625 0.5326444046875001 0.0581988421875 0.57017059375 0.0382987953125 0.59745553125 0.0104360390625 0.5994304296874999 0 0.38673997187500003 0
4 0.57462536875 0.355223028125 0.5863456703125001 0.32792363125 0.5845495859375001 0.30278013593750003 0.565293975 0.275143565625 0.5171107015625 0.2487623640625 0.45577231874999996 0.242232440625 0.4221347125 0.2461583 0.38271363593749996 0.2630019109375 0.3607520859375 0.28233859843750003 0.3514413109375 0.3289259140625 0.357947340625 0.35139891562500003 0.385856034375 0.3810139703125 0.432604503125 0.3999470546875 0.4852898 0.4044984921875 0.5146775484375 0.39885144375000003 0.5471870703125 0.3845496765625 0.57462536875 0.355223028125
4 0.846678321875 0.8453794765625 0.8942923984375 0.8349060312500001 0.9435934453125 0.8083297515625001 0.9510034218750001 0.8010302499999999 0.9586714703125001 0.7278355484375 0.956891603125 0.7236811921874999 0.9201764656250001 0.693551546875 0.892475690625 0.6830957625 0.83538716875 0.678287028125 0.8015962015625 0.68367678125 0.75024690625 0.7086605203125 0.7275185484375 0.735316678125 0.721482915625 0.77178538125 0.7319320828125 0.798907359375 0.758099246875 0.8240020859375001 0.8050010765625 0.8414712734375 0.846678321875 0.8453794765625
4 0.5614539453125 0.9038284593749999 0.5514751734375001 0.9356481859375 0.561924340625 0.9627701656250001 0.5803585890625 0.9771030406250001 0.6210448562499999 0.9923671484375 0.7195105984375 0.9912213968750001 0.755512734375 0.9755550578125 0.7729177015625 0.9574249703125 0.7838166421875 0.9168218781249999 0.7766971687499999 0.900204453125 0.746433503125 0.8719246453125 0.703934896875 0.8547127515625 0.6578544296875 0.8505472546874999 0.6193535171875 0.8586075015624999 0.5865372734375 0.87583705625 0.5614539453125 0.9038284593749999
4 0.5253376359375 0.1490889203125 0.5436627703125 0.12217546875 0.540026353125 0.1145987015625 0.467833278125 0.1059616453125 0.4313806171875 0.115614434375 0.40296759375 0.133101284375 0.3784534640625 0.1979473359375 0.391257603125 0.22373406875000001 0.420239825 0.2431018640625 0.4444575421875 0.2445169890625 0.5209992812500001 0.232788178125 0.5443956390625 0.2208996078125 0.547517415625 0.212244890625 0.5240119453125 0.18288713125 0.5253376359375 0.1490889203125
4 0.518017553125 0.4726893828125 0.5551927734375 0.4984273484375 0.5828935468750001 0.5088831328125 0.628974015625 0.513048628125 0.6671682046875 0.50791616875 0.716315890625 0.482803784375 0.7376094390625 0.448699509375 0.6708931140625001 0.43007248750000004 0.565720121875 0.37679549375 0.5240974359374999 0.3935104578125 0.50188371875 0.4363980984375 0.518017553125 0.4726893828125
4 0.42615303125 0.398097215625 0.36711506250000003 0.36960888281250004 0.332557290625 0.38231810624999996 0.325601490625 0.42757017656249996 0.293453246875 0.4595673171875 0.3294015796875 0.49701643281249996 0.38260151875 0.517799353125 0.4333919296875 0.5192943578125 0.474554534375 0.5069710765625 0.50107266875 0.4864277890625 0.5102846359375001 0.461927534375 0.5006022734375 0.4274860859375 0.485136440625 0.40596238749999997 0.42615303125 0.398097215625
4 0.958145115625 0.24654927187500003 0.9831296421875001 0.240644925 0.9913838703125 0.23509763437500003 0.994985171875 0.13196984843749998 0.986285353125 0.1259465984375 0.9103025015625 0.111196671875 0.8815281984375 0.11098814374999999 0.8541887031250001 0.1182277375 0.8210657359375 0.1383850796875 0.8104189609375 0.15543721562499999 0.810528075 0.196683546875 0.8447348796874999 0.22961233281250001 0.8725890156249999 0.23860422187500002 0.958145115625 0.24654927187500003