4 0.12077631874999999 0.63527911875 0.0740283890625 0.6710252624999999 0.0582805046875 0.70206219375 0.0563781390625 0.7391501765624999 0.0713288734375 0.761132896875 0.10122702187499999 0.7727951765625 0.1461730578125 0.7755853515625 0.190415775 0.7682371921875 0.23385469374999998 0.749302365625 0.2738808109375 0.7134273656250001 0.28350973125 0.6909515749999999 0.2856130484375 0.6567602578125 0.2731708484375 0.6386827140625 0.24527886406250002 0.6236839390625 0.19100200625 0.615411396875 0.1511735171875 0.6218799078125 0.12077631874999999 0.63527911875
4 0.4203805796875 0.9544108781249999 0.43763225781250004 0.9127957890625 0.435622771875 0.883829121875 0.41645875937500004 0.8656227171875001 0.38425302499999997 0.852951928125 0.3348927671875 0.8510414015625001 0.2907505265625 0.85983789375 0.253832465625 0.8760049140625 0.22624522656249998 0.8976543031249999 0.208491178125 0.9320277234375001 0.20819307656250002 0.9599858843750001 0.23010172812500002 0.9876812140625001 0.384062596875 0.9785576078125 0.39269286718749996 0.9746119312499999 0.4203805796875 0.9544108781249999
4 0.40882271406250004 0.7555493828125 0.411133625 0.7888610484374999 0.43080000625 0.8143091171875 0.46089910312500004 0.8288680656249999 0.5059456140624999 0.8331065750000001 0.556709190625 0.8229906093749999 0.5912191890625 0.8043667484375 0.6272329812499999 0.775164728125 0.6362590546875 0.7439989375 0.628830603125 0.701428584375 0.602542884375 0.6772999875 0.5235858984374999 0.6680721843749999 0.49057969375 0.6761178875 0.4603834421875 0.6924137640625 0.428984825 0.723632803125 0.40882271406250004 0.7555493828125
4 0.048936396874999996 0.5673671890625 0.1050184671875 0.5694065734375 0.162403378125 0.557971134375 0.1969133796875 0.5393472734375 0.2306195828125 0.5091367453125 0.24556367343750002 0.46651315000000004 0.2369328515625 0.4388659546875 0.21074560625 0.41618569218749996 0.1695104765625 0.4023775328125 0.14041612187500002 0.4023019203125 0.10068810624999999 0.4102187625 0.0444084078125 0.437585871875 0.017022117187499998 0.462131925 0.0105790421875 0.47605689062499995 0.0121326171875 0.5459677390625 0.0236534203125 0.557721928125 0.048936396874999996 0.5673671890625
4 0.0395789984375 0.30345955 0.07941081093749999 0.3292942 0.10870611562500002 0.332266478125 0.1857540875 0.31397595312500004 0.2200631390625 0.2924554234375 0.2510598609375 0.2554430515625 0.25647550625000004 0.23674357812500002 0.2468399390625 0.19461305 0.21674084218749998 0.1800541046875 0.17821519375 0.173047790625 0.098759159375 0.1888814765625 0.06434963593750001 0.20895366875 0.0394718796875 0.2374049015625 0.031849121875000004 0.2565441984375 0.0395789984375 0.30345955
4 0.2404399125 0 0.22986643125 0.014451028125000001 0.22053893125 0.04127181875 0.23458872187500002 0.0825226984375 0.25575889375 0.0973926109375 0.29849781875 0.100622609375 0.3471547578125 0.09239480312500001 0.3820666546875 0.07956427187500001 0.41587333437499996 0.0508020796875 0.43814208125 0.016997340625 0.43839763437499996 0 0.2404399125 0
4 0.304837665625 0.2887770890625 0.26862292499999996 0.3150824421875 0.2501655578125 0.3393175296875 0.24896651093750002 0.3865438484375 0.2593020734375 0.40650955 0.292110653125 0.4278703390625 0.3417723375 0.4341258640625 0.3948435 0.42501840625 0.42303358593749996 0.41205902187500004 0.45282793750000006 0.3899698078125 0.474996209375 0.35471673593749997 0.481915646875 0.3254391046875 0.475793359375 0.3016970859375 0.45191370312499995 0.2800253328125 0.3995425359375 0.2669679640625 0.3375424484375 0.2763863859375 0.304837665625 0.2887770890625
4 0.7569369312500001 0.6127607734375 0.710289478125 0.64995525 0.69233448125 0.6814320046875 0.6926392265625 0.7180801640625 0.7076904359375 0.7415112171875 0.73799048125 0.75896683125 0.7875516874999999 0.763774021875 0.8295872921875 0.7568656875 0.875032378125 0.7345943703125 0.9193722453125 0.696391384375 0.9356225 0.6725961265625 0.9378262921875 0.6398531390625 0.9179589609375001 0.6115084015625001 0.8763219328125 0.5919069125 0.847026628125 0.5889346296875 0.7895412421875 0.5989217359375 0.7569369312500001 0.6127607734375
4 0.6062704 0.8277977999999999 0.5766769968750001 0.8527836796875 0.5566153625 0.8861485921875 0.552204459375 0.9193314015625 0.56725566875 0.9427624546875 0.588023946875 0.951839034375 0.6420998531250001 0.9572149078125 0.6841354578125001 0.9503065734374999 0.723260628125 0.9336997312499999 0.7615820046875 0.9055062218750001 0.7757256234375001 0.8835991171875 0.779533678125 0.8417263078125 0.769600015625 0.8275539375 0.734684796875 0.8080813046875001 0.6895378109375 0.8023944640625 0.6430879843749999 0.810182446875 0.6062704 0.8277977999999999
4 0.253166496875 0.253554896875 0.2703243453125 0.27509778906250004 0.3024296046875 0.2863202453125 0.3267078390625 0.281482175 0.4006444296875 0.250596471875 0.42181128125 0.23316322500000003 0.42341555 0.2240334 0.3950211921875 0.201792959375 0.3905031734375 0.1689211171875 0.40404394374999997 0.13832401249999998 0.39912735 0.1319619921875 0.3259912296875 0.14213120625 0.29148123125000003 0.16075506875 0.26630205 0.18486129843750002 0.253166496875 0.253554896875
4 0.6528779859375 0.40296541875 0.58345276875 0.402116646875 0.4698819875 0.37776121093750004 0.4314601359375 0.4045063875 0.41681746875 0.45147498593749996 0.439092859375 0.482276565625 0.4804284671875 0.49753305625 0.50972376875 0.5005053359375 0.556173596875 0.4927173515625 0.5931921296875 0.47799866562500004 0.637632471875 0.44124401874999997 0.6528779859375 0.40296541875
4 0.3124903234375 0.5603662203125 0.363153428125 0.54880191875 0.40187670000000003 0.5264017437499999 0.42464781875 0.4998386703125 0.42956109218750005 0.473897528125 0.4140075125 0.44322480937500003 0.394943975 0.426466740625 0.3350505265625 0.433997003125 0.271543325 0.42169042812499996 0.23944138593750003 0.44277112812499997 0.24034897656249998 0.4881092890625 0.213967428125 0.527138678125 0.2561068296875 0.5539818328125 0.3124903234375 0.5603662203125
4 0.682140065625 0.0829061109375 0.6745173078125 0.10204540937499999 0.6817448109375001 0.14171909375 0.7213756765625 0.1646570765625 0.75057050625 0.166181021875 0.8368488265625 0.1519245296875 0.8606246875 0.13984479375 0.8835967531250001 0.1161783890625 0.8925223546875 0.0835642640625 0.8887076515624999 0.06083075624999999 0.8646270484375 0.036262334375 0.8439592453125 0.0286340890625 0.766007003125 0.033889615625 0.7374150187499999 0.0410556703125 0.7115325203125 0.05502356562500001 0.682140065625 0.0829061109375