4 0.3199842140625 0.6742855390625 0.32256657187500004 0.643559534375 0.31170681718750004 0.6265897109375 0.28685061875 0.611570984375 0.23806210625 0.6012086734375 0.2020096578125 0.6049141046875001 0.17432473125 0.6153746796874999 0.1314445703125 0.64511686875 0.116618890625 0.6722685390625001 0.11415972031249999 0.7056178937500001 0.12720374375000001 0.7262440171875 0.15393625 0.7383606625 0.19441883124999998 0.74327950625 0.234470265625 0.73901661875 0.27402895781250003 0.724260321875 0.3108490484375 0.69404264375 0.3199842140625 0.6742855390625
4 0.45454662968750004 0.8826126640625 0.4533147796875 0.8563791437500001 0.4363949546875 0.838933828125 0.40760136406249997 0.8257842359374999 0.3631198 0.8214228468749999 0.323129959375 0.8269974109374999 0.2895081484375 0.8396058468750001 0.26419227031250003 0.8576577500000001 0.24749028437499998 0.8877115 0.24666104843749997 0.912912071875 0.2660115125 0.9392603906250001 0.2928672046875 0.9540003875 0.3312887 0.957886284375 0.3712785421875 0.9523117203125 0.412775134375 0.9359650203125 0.4381526046875 0.91922479375 0.45454662968750004 0.8826126640625
4 0.631231984375 0.7021919015625 0.608005721875 0.679024390625 0.536976428125 0.6664813875 0.507045640625 0.6719739859375 0.47948389843749994 0.6850579125 0.450538590625 0.711537328125 0.4317139265625 0.739246453125 0.4331305546875 0.7694150015625 0.45035834062499996 0.79341869375 0.47721403125000006 0.8081586921874999 0.5177582046875 0.8143892140625001 0.563746521875 0.807978465625 0.5952456546875 0.7930254062500001 0.6283131328125 0.7686118859375 0.6370787421874999 0.740984725 0.631231984375 0.7021919015625
4 0.29025768125 0.4698280140625 0.28302735625 0.4444306765625 0.2598626859375 0.42257484375 0.22294794218749997 0.40791680937499997 0.19670817499999999 0.40629357187500004 0.16071731875 0.4113106796875 0.1094080421875 0.43298604999999996 0.0842153484375 0.4536613046875 0.06582183281250001 0.4905521609375 0.069176359375 0.5191303046875 0.088280453125 0.5402319203125 0.110890790625 0.55028266875 0.1614324234375 0.5551195484375 0.21341921562500002 0.547872615625 0.24491835 0.53291955625 0.2759247421875 0.5074730890625 0.29025768125 0.4698280140625
4 0.270002809375 0.20991939999999998 0.23539551875 0.2015410203125 0.1634138046875 0.211575234375 0.131976265625 0.22783996874999998 0.108967840625 0.252171525 0.10170898125000001 0.26902654843749996 0.10774051874999999 0.3117544 0.143148509375 0.33718456875 0.1695114625 0.3414311578125 0.23937049843749997 0.3290523203125 0.270746446875 0.3114759078125 0.29944538593750003 0.2797497875 0.3047047515625 0.2631734921875 0.2968585 0.224659396875 0.270002809375 0.20991939999999998
4 0.47385181718749997 0.050797015625 0.462868878125 0.031203842187500004 0.4096502359375 0.012217253124999999 0.3574786640625 0.0155291578125 0.3257331609375 0.0252355140625 0.3003556890625 0.041975740625 0.28516045624999997 0.061257353125000004 0.27621006718749996 0.0849494859375 0.288055303125 0.1229061265625 0.3068514328125 0.1374493609375 0.345334521875 0.14264693281250002 0.3893849390625 0.1378265890625 0.4211304421875 0.1281202328125 0.452198428125 0.10398544218750001 0.472960990625 0.0746859109375 0.47385181718749997 0.050797015625
4 0.4994321765625 0.381257403125 0.5062598875 0.355220646875 0.5012138312500001 0.3334796125 0.480110246875 0.3126567265625 0.43313645 0.29808065781250004 0.3770274859375 0.30326169375 0.34728147656249997 0.312689321875 0.31409081250000004 0.33447948906249997 0.29695768125 0.35535150781249997 0.29492965625 0.3978825953125 0.3038515109375 0.41644282343750005 0.33301465625 0.437462471875 0.377681 0.4457588875 0.4257304015625 0.44038108749999993 0.451415834375 0.4301992421875 0.47873120625 0.411868609375 0.4994321765625 0.381257403125
4 0.9085169203125 0.6925842859375 0.9111608703125 0.6631699546875 0.8938098999999999 0.6365429078125 0.8566487859375 0.616638171875 0.8302858328125 0.61239158125 0.7782374484375 0.6183268390625 0.7485530296875 0.6290661421875 0.7057344624999999 0.6601200078125 0.6889092906250001 0.6875504046875001 0.6884496125 0.7206210328125 0.7015552281249999 0.74255883125 0.7285341046875 0.75992218125 0.7731388531250001 0.7669069203125 0.8111907953124999 0.7629227609375 0.8526257968750001 0.745264384375 0.8933832796875001 0.713177571875 0.9085169203125 0.6925842859375
4 0.760070825 0.87434955625 0.7643447109375 0.8367864421875 0.7556692265625 0.82347291875 0.72456818125 0.8040436734374999 0.6839624140625 0.7965014765625 0.6419114890625 0.8010430921875 0.6083512718749999 0.8149632046875 0.5811590859375 0.8359171875 0.562396015625 0.8649379890625 0.5577525734375001 0.894631046875 0.570858190625 0.9165688453125 0.5894079515625 0.9258653765625 0.638073278125 0.9336043343749999 0.6761252203125 0.9296201749999999 0.711746521875 0.9167330124999999 0.7468750828124999 0.893352440625 0.760070825 0.87434955625
4 0.42694866875 0.2091654171875 0.43977485468750005 0.1822924765625 0.43546790937499996 0.1762915515625 0.36929989375 0.18155455468749998 0.3378007625 0.1965076140625 0.3146075578125 0.216904140625 0.301383284375 0.2781593875 0.31642680156249997 0.2985067796875 0.3451587984375 0.310344696875 0.3671532125 0.3072786875 0.43445842343749996 0.28337349375 0.45389901093749996 0.26878112656250003 0.45552895 0.2606323421875 0.4303647875 0.2390552359375 0.42694866875 0.2091654171875
4 0.46449291875 0.49438940000000003 0.5014692562499999 0.5103591078124999 0.5278322078125 0.5146056984375 0.5698831328125 0.51006408125 0.603566534375 0.49876732187500006 0.6443856109375 0.4679921875 0.658903328125 0.4342821375 0.59630315 0.42980595 0.4943575875 0.401768728125 0.45916743281250005 0.4238376234375 0.445019271875 0.4654177296875 0.46449291875 0.49438940000000003
4 0.37162093125 0.44528339531250005 0.31458808125000004 0.43078929375 0.28521162499999997 0.448086975 0.28512149999999997 0.48902766093750005 0.2605447296875 0.5228196765625001 0.2980138078125 0.549282790625 0.34874021875 0.5580547 0.39466694375 0.5503322749999999 0.430041875 0.5321984078125 0.45111239999999997 0.5094572562499999 0.45606380468749996 0.4863225796875 0.44265022500000006 0.4578264015625 0.42579199375 0.4416927640625 0.37162093125 0.44528339531250005
4 0.8784643140625 0.1383027921875 0.8572375453125 0.11485655312500001 0.8387493781250001 0.1068716984375 0.768336009375 0.1074454515625 0.742404203125 0.1123805953125 0.7187798546875 0.1235953890625 0.691710853125 0.147172725 0.68445199375 0.1640277484375 0.6901755671875 0.20019722031249998 0.725460375 0.22300403750000003 0.7517617343749999 0.22593895000000003 0.8298651093749999 0.21769190312500003 0.8515515593749999 0.2080675140625 0.8727452687499999 0.187949715625 0.8814492875 0.159010878125 0.8784643140625 0.1383027921875