4 0.612943721875 0.7641414140625 0.600199134375 0.729355459375 0.576233765625 0.7139172671875 0.5187445890625 0.7273237124999999 0.5197142859375 0.7418691671875 0.5567012984375 0.7962491578125 0.5650129859375 0.82709475625 0.5911948046875 0.8132265515625001 0.612943721875 0.7641414140625
4 0.5748484859375 0.5993083203125 0.5619653687499999 0.5937210203125 0.5082164515625001 0.6006782109375 0.5219307359375 0.7125627703124999 0.5633506500000001 0.7083299656250001 0.594658009375 0.6775151515625 0.599922078125 0.6313698890625 0.5748484859375 0.5993083203125
4 0.5080779234375 0.5986002890625 0.5514372296875 0.5921818187500001 0.5867619046875 0.55907359375 0.597982684375 0.5084492546875 0.5641818187500001 0.470584896875 0.49782683906249997 0.4761106296875 0.5080779234375 0.5986002890625
4 0.5821904765625 0.42794901406249997 0.5869004328125 0.40476863906249994 0.5809437234375 0.3779711390625 0.569307359375 0.3598085609375 0.54104761875 0.3425079359375 0.48729870000000003 0.3494651265625 0.499766234375 0.4739249640625 0.5452034625 0.46739875 0.563212121875 0.45603944218750003 0.5821904765625 0.42794901406249997
4 0.483281384375 0.2892053875 0.4929783546875 0.34083020625 0.54492640625 0.3381366046875 0.5666753234375 0.3203280421875 0.5758181812500001 0.3010880234375 0.5774805187500001 0.2634699375 0.570138528125 0.24716979218750001 0.5543463203125001 0.22922270312499998 0.5263636359375 0.21607792187500002 0.49505627656250006 0.21561616093749997 0.48328138593750003 0.22665223750000002 0.483281384375 0.2892053875
4 0.6108658015625 0.2325473796875 0.626935065625 0.2233737375 0.6535324671875 0.1844627234375 0.6442510828125 0.13907166875000002 0.6026926421875001 0.10994997656250001 0.5553160187499999 0.11866185625 0.567645021875 0.17849062031250001 0.5535151515625001 0.2167551703125 0.5817748921875 0.23405579687500003 0.6108658015625 0.2325473796875
4 0.5835757578125 0.417451659375 0.571523809375 0.455608465625 0.5808051953125 0.46972294375 0.62651948125 0.4673525734375 0.6594891781250001 0.43019624843750004 0.658380953125 0.382296296875 0.6187619062499999 0.35098893750000004 0.587454546875 0.3505271765625 0.569307359375 0.3598085609375 0.5812207796875 0.38212698437500003 0.5835757578125 0.417451659375
4 0.60504761875 0.73952958125 0.607679653125 0.7790101015625 0.5970129859375 0.8066695515625 0.608510821875 0.8227542078125 0.6234718625 0.8282337671875 0.6543636359375 0.8224617593750001 0.6934285703125 0.78290428125 0.699246753125 0.7450707078125001 0.673341990625 0.7005416062500001 0.6418961046875 0.698001925 0.5932727265625 0.71928908125 0.60504761875 0.73952958125
4 0.729861471875 0.51620683125 0.7452380953125 0.527920153125 0.7843030296875 0.51963925 0.8032813843750001 0.49154882187500004 0.8079913421875 0.468368446875 0.8021731609374999 0.44364886875 0.7776536796875 0.41989899062499997 0.724043290625 0.428934103125 0.7424675328125 0.45508513749999996 0.7444069265625 0.48417604687500004 0.729861471875 0.51620683125
4 0.7956623375 0.3772631078125 0.791090909375 0.33996825468749997 0.7622770562500001 0.314355940625 0.7189177484375 0.32077441093750003 0.7283376625 0.3682433859375 0.720025975 0.3999509375 0.7401125546875 0.41976046250000004 0.7791774890625 0.4114795578125 0.7956623375 0.3772631078125
4 0.7912294375 0.279493025 0.7863809515625 0.238042328125 0.7617229437499999 0.2122145265625 0.7183636359375 0.21863299687499999 0.7239047609375 0.27047330468749997 0.7151774890625 0.295947090625 0.735125540625 0.3136786921875 0.7762683984375001 0.30529004375 0.7912294375 0.279493025
4 0.7179480515625001 0.21239923125 0.759090909375 0.20401058125 0.7761298703125 0.1781058203125 0.7730822515625 0.132391534375 0.750779221875 0.11061183125 0.7340173171875 0.1093958625 0.7097748921875 0.121078403125 0.7101904765625 0.15858874375 0.69606060625 0.1968532953125 0.7179480515625001 0.21239923125
4 0.752441559375 0.6359721015625001 0.7956623375 0.627475709375 0.8203203468750001 0.5907503609375 0.8179653671875 0.5554256843750001 0.7891515140625 0.529813371875 0.7455151515625 0.5320759984375 0.729584415625 0.5433275609375 0.74357575625 0.565538240625 0.7437142859375 0.6301693125 0.752441559375 0.6359721015625001
4 0.597705628125 0.347910534375 0.63095238125 0.346186628125 0.6574112546875 0.305197690625 0.6546406921875 0.26363925 0.6234718609375001 0.2339788359375 0.5838528140625 0.233948053125 0.565705628125 0.2432294375 0.575541125 0.296932178125 0.5670909078124999 0.3265618078125 0.597705628125 0.347910534375
4 0.597982684375 0.6648321296875 0.5852380953125 0.6925993265625 0.604909090625 0.706175084375 0.6500692640625 0.695493025 0.6788831171874999 0.6585521875 0.6780519484374999 0.61480808125 0.6490995671875 0.5871178453125 0.6076796546875001 0.5913506500000001 0.5814978359375 0.6052188562499999 0.5984906203125 0.6411746046875 0.597982684375 0.6648321296875
4 0.5954891765625 0.5335998078124999 0.5808051937500001 0.56355266875 0.59285714375 0.5879490140625 0.63427705625 0.583716209375 0.6542251078125 0.5701712359375 0.67126406875 0.5442664734375 0.67264935 0.5024925453125 0.6630909093749999 0.48422222187499997 0.6412034625 0.46867628593750005 0.5752640687499999 0.4804357859375 0.5932727265625 0.5003530546875 0.5954891765625 0.5335998078124999
4 0.7881818171874999 0.7342039437500001 0.8136709953124999 0.709946128125 0.8208744593749999 0.692891775 0.818935065625 0.6638008656250001 0.8050822515625 0.643668109375 0.794138528125 0.6358951421875 0.7365108234375 0.647223665625 0.752718615625 0.6714045203125 0.7485627703125 0.7341731593749999 0.7881818171874999 0.7342039437500001
4 0.6575497828125 0.3072756125 0.6928744578125 0.3054439625 0.7241818171875 0.27462915 0.7207186140624999 0.222681096875 0.69162770625 0.1929129390625 0.6542251078125 0.1948523328125 0.638571428125 0.21025974062500002 0.6345541124999999 0.24382972500000002 0.6525627703125 0.26374699375 0.6575497828125 0.3072756125