4 0.804543840625 0.476506921875 0.7698591875 0.4851856578125 0.7536679671875001 0.50695065625 0.7643157015625001 0.5646574375 0.7786288015625 0.565293575 0.8335941312499999 0.5350315953125 0.86421961875 0.5302605609375 0.8517543484375001 0.5031338296875 0.804543840625 0.476506921875
4 0.6411624671875 0.495818246875 0.6351191578125001 0.5078139875 0.6396024140625001 0.5611586796875 0.7499723109375 0.5599318421875 0.747624659375 0.518946396875 0.7187561234375 0.484958465625 0.6737115140625 0.47478026250000005 0.6411624671875 0.495818246875
4 0.6375576859375001 0.561067803125 0.6331501609375 0.5179467515625 0.602206603125 0.47977848749999996 0.553027096875 0.4632843453125 0.5144044484375 0.49222861250000005 0.5169338531250001 0.5577507984375 0.6375576859375001 0.561067803125
4 0.47335841875 0.46996379218750006 0.4508209671875 0.46282996093750006 0.42426979062500003 0.4657380203125 0.405942965625 0.4751437703125 0.387737309375 0.5009073484375001 0.392220565625 0.554252040625 0.5148739796874999 0.55561519375 0.5104513078124999 0.510449415625 0.50009135 0.49159247500000003 0.47335841875 0.46996379218750006
4 0.3329234421875 0.5516166124999999 0.3839962140625 0.5477543484375 0.3836175609375 0.4966361375 0.367093125 0.47341711093749994 0.3486148375 0.46237557812499996 0.311779434375 0.4566503375 0.2954670453125 0.46205750781250005 0.2771705125 0.475552715625 0.2630543140625 0.5014980484375 0.2612367765625 0.5320780984375 0.271551296875 0.5448008515625 0.3329234421875 0.5516166124999999
4 0.2828957515625 0.420617678125 0.27459566875 0.40389634374999994 0.2375785125 0.3736343625 0.1926399234375 0.3777692578125 0.1622567734375 0.415255946875 0.16873932187500001 0.4625573296875 0.2279758609375 0.4570138453125 0.2649021421875 0.4750074546875 0.2831077984375 0.4492438765625 0.2828957515625 0.420617678125
4 0.46311962968750003 0.4674646796875 0.500030765625 0.4834135609375 0.5142832796875 0.47587078437499997 0.5139500640625 0.430886759375 0.47893219687500005 0.39458146875 0.43188829687499997 0.3904465734375 0.399445271875 0.42579765781249995 0.3976277359375 0.4563777078125 0.405942965625 0.4751437703125 0.42835924687500004 0.46591977343749996 0.46311962968750003 0.4674646796875
4 0.7800525375 0.48155058593750005 0.818902378125 0.4832772453125 0.845574725 0.496727015625 0.8618568218749999 0.48723038750000003 0.867884984375 0.4731899171875 0.8635683343749999 0.4423372375 0.8264603015624999 0.3998068859375 0.7895946046875 0.389992190625 0.7447771859375 0.41048491406250004 0.7409149203125 0.4409740859375 0.759680984375 0.49086546093749994 0.7800525375 0.48155058593750005
4 0.5663859890625 0.335102590625 0.5785483375 0.32133475312500004 0.5721263750000001 0.2822122828125 0.54539344375 0.2605836 0.52285599375 0.2534497703125 0.49834954531250003 0.25644870468750003 0.47397940937499994 0.2778501953125 0.48050739531250003 0.3312857640625 0.506967696875 0.3161093359375 0.53559389375 0.3173816125 0.5663859890625 0.335102590625
4 0.43293338124999997 0.255585375 0.396143415625 0.2559943203125 0.36975884375 0.281394390625 0.374166371875 0.3245154421875 0.4211496859375 0.3204714234375 0.45189634375 0.3320582171875 0.4722073125 0.31456443125 0.4657853515625 0.275441959375 0.43293338124999997 0.255585375
4 0.3368159984375 0.2492694359375 0.295936575 0.249496628125 0.26952171406250003 0.270807240625 0.2739292390625 0.3139282921875 0.32503230312500003 0.31415548437499996 0.349644775 0.32546964843750004 0.367911015625 0.307884984375 0.361473909375 0.2667177859375 0.3368159984375 0.2492694359375
4 0.267795053125 0.31365566093749997 0.2613579453125 0.2724884640625 0.236684890625 0.2529953859375 0.1917008640625 0.2509960953125 0.1693603125 0.270443734375 0.167436753125 0.28671068437499997 0.17784215 0.3117018109375 0.21466240625 0.315382321875 0.2515886875 0.33337593125 0.267795053125 0.31365566093749997
4 0.6848742156250001 0.3260603484375 0.6784219609375 0.2828484203125 0.643464678125 0.25472204375 0.6087042953124999 0.2531771390625 0.582319725 0.2785772109375 0.58263779375 0.3215165078125 0.59298260625 0.3383287171875 0.615383740625 0.32705999218750004 0.6788006156249999 0.33396663125 0.6848742156250001 0.3260603484375
4 0.39550727812500003 0.44606318749999996 0.3952649390625 0.4133475328125 0.356203053125 0.382994675 0.315308484375 0.3811771390625 0.28484960312499996 0.40844018593750003 0.28309265156249996 0.44719914687499995 0.29140788125 0.4659652109375 0.34452538125 0.46219382343750004 0.3732273109375 0.4736897421875 0.39550727812500003 0.44606318749999996
4 0.7064574609375 0.4803237484375 0.7331449531249999 0.495818246875 0.7473217375 0.478051828125 0.7388096078124999 0.4327042953125 0.7038220328125 0.4004884625 0.660867590625 0.39653532187499996 0.6324382921875 0.42184451406249995 0.6347859421875001 0.46282996093750006 0.6472512125 0.48995669218750004 0.6832687265625 0.477249084375 0.7064574609375 0.4803237484375
4 0.5775941296875 0.4684643234375 0.6063414984375 0.4860944265625 0.630802509375 0.47696130625000005 0.6284548562500001 0.43597586093749996 0.616035025 0.41498331562499996 0.59136196875 0.3954902375 0.5504371078125 0.3895832453125 0.5320951359375 0.396944265625 0.5158887703125 0.41666453593749997 0.5245523609375 0.48245935468749995 0.544878475 0.46701029375 0.5775941296875 0.4684643234375
4 0.782809134375 0.3017962375 0.7601202218750001 0.2742151234375 0.7437018109375 0.2653091953125 0.7150756125 0.26403691875 0.6947192046875 0.27539652187499997 0.686616021875 0.28525665624999996 0.695219028125 0.342872559375 0.7196497453124999 0.3296499828125 0.7810521828125 0.3405552 0.782809134375 0.3017962375
4 0.35824778125 0.3830855515625 0.357990296875 0.3483251671875 0.329121759375 0.31433723750000003 0.27800354843749997 0.31206531718749997 0.247529521875 0.3372836359375 0.247802153125 0.374088746875 0.262236421875 0.3910827125 0.294997515625 0.3986709265625 0.3153236296875 0.3832218671875 0.35824778125 0.3830855515625