4 0.230209971875 0.6189629625 0.226210253125 0.552570521875 0.2020115015625 0.5315565546875 0.160665209375 0.528802759375 0.1150158546875 0.5678665781250001 0.108519371875 0.60056290625 0.14422724375 0.59977345 0.2143139953125 0.6225238234375 0.230209971875 0.6189629625
4 0.30709654999999997 0.5008069515625 0.259331196875 0.5211195109375 0.23631295625 0.5647263578125 0.24500923281250003 0.610841459375 0.3692803953125 0.5902129171875 0.3595648296875 0.5299072 0.3494621296875 0.5177513625 0.30709654999999997 0.5008069515625
4 0.3645774671875 0.5408001062500001 0.3715512484375 0.5897042234375001 0.50607996875 0.5619715656250001 0.4908034078125 0.48849262187500003 0.439431840625 0.463953015625 0.3887698515625 0.492123925 0.3645774671875 0.5408001062500001
4 0.5002803234375001 0.5079981140625 0.5078024625 0.5591825515625 0.6451503921875 0.5332215203125 0.6354348265625 0.4729158046875 0.6078685046875 0.44784989218750004 0.584689040625 0.4410265421875 0.554071234375 0.4430789296875 0.5307369125 0.45551552968750003 0.50669938125 0.48493176250000003 0.5002803234375001 0.5079981140625
4 0.668710625 0.4222048421875 0.651014725 0.4381846953125 0.63887981875 0.467337775 0.652588734375 0.52434578125 0.7110051453125 0.5184693796875 0.7780340375 0.4986479046875 0.786098165625 0.4824225078125 0.7756019625 0.44872639843749995 0.7525773515624999 0.4226430984375 0.728301171875 0.41125910781249997 0.7084892765624999 0.40848770312499993 0.668710625 0.4222048421875
4 0.766202471875 0.41959093125 0.8026909828125 0.39219186875 0.8707391640625 0.3865610078125 0.8649395234374999 0.332587559375 0.8204579437499999 0.296891890625 0.76885409375 0.301242209375 0.735655725 0.34232319375000003 0.7309591625 0.362600534375 0.7386361546875 0.3945250171875 0.766202471875 0.41959093125
4 0.5045059546874999 0.47581048125000003 0.541542825 0.45069173749999997 0.5801473359375 0.4420439296875 0.6078685046875 0.44784989218750004 0.6120167125 0.42529223125 0.601520509375 0.39159612187500004 0.55531643125 0.35868946875 0.50363515625 0.3726697625 0.474352709375 0.42008301562500006 0.4864165546875 0.4702500609375 0.5045059546874999 0.47581048125000003
4 0.08862367812500001 0.537731328125 0.0992747359375 0.5521674875 0.12018334687500001 0.55949953125 0.14641430312499998 0.53920458125 0.18956052031249998 0.5295393875000001 0.2150108390625 0.53585404375 0.222287965625 0.47654810625 0.2095209078125 0.4433606890625 0.15353020312500001 0.42946844687499997 0.11484826875000001 0.44774622812500003 0.0849400375 0.5025091374999999 0.08862367812500001 0.537731328125
4 0.3715257796875 0.3109436234375 0.3889893984375 0.3238536984375 0.418665346875 0.29798071875 0.45045729687499997 0.290858996875 0.48436524687500004 0.3024885296875 0.47692053593750006 0.24167411875 0.44363837031250003 0.2226949296875 0.41529141562499994 0.2242386234375 0.3919570953125 0.236675225 0.36791956406250004 0.26609145624999997 0.3715257796875 0.3109436234375
4 0.6019012765625 0.27375609375 0.5949274953125 0.22485198125 0.5582777625 0.20182084531250002 0.516854040625 0.20869702656250003 0.4854555953125 0.237359021875 0.48906181093749995 0.2822111890625 0.5167055546875 0.2976471265625 0.548026575 0.27861510625 0.6019012765625 0.27375609375
4 0.7115280312500001 0.24198910156250003 0.7045542499999999 0.1930849875 0.6690012296875001 0.1746144921875 0.623035803125 0.1825080640625 0.6001724125 0.20685495937499998 0.604326984375 0.2539874484375 0.6296998765625 0.26993208125 0.6542083359374999 0.25242614531249996 0.7115280312500001 0.24198910156250003
4 0.7784794984375 0.2317976 0.81880650625 0.2203607796875 0.82358049375 0.19045346406250002 0.8169227890625 0.1727195984375 0.7864598328125 0.15551203281249998 0.736501053125 0.1667033140625 0.7141860203125 0.19333053125 0.7183405921875 0.24046301875 0.7419909875 0.259196665625 0.7784794984375 0.2317976
4 0.3317471296875 0.3246607640625 0.360016659375 0.332747046875 0.36698407187500004 0.31196101249999997 0.355468584375 0.2640742875 0.31881885312499997 0.241043153125 0.2802143390625 0.2496909578125 0.24873846562500002 0.2879829296875 0.253441396875 0.33739573906250003 0.26244738437500004 0.3449909375 0.3317471296875 0.3246607640625
4 0.67325233125 0.4211874546875 0.7339395953125 0.41480235781249997 0.7380877984375 0.392244696875 0.7253981703125 0.3494273078125 0.6836583734375 0.325133240625 0.6382413015624999 0.33530713125 0.6027720765625 0.37689681249999996 0.6115457828124999 0.4133819359375 0.6442021640625 0.4397107796875 0.67325233125 0.4211874546875
4 0.24617700625 0.536081975 0.27185960468750003 0.5135067046875 0.29704759062499997 0.505461178125 0.34100449843749997 0.512436484375 0.347500984375 0.47974015468750003 0.3388047078125 0.43362505625000003 0.2998841203125 0.41110261562500006 0.252744553125 0.4240655203125 0.2223653890625 0.4669181296875 0.22534582187500002 0.5191199546874999 0.24617700625 0.536081975
4 0.3553264640625 0.4227145375 0.347184909375 0.4485699078125 0.3558811875 0.4946850078125 0.385873215625 0.499982275 0.41327831093749995 0.4746179890625 0.44961196875000004 0.46647887656250003 0.47670735625000005 0.47963449375 0.468243359375 0.4046294671875 0.44459296562499995 0.38589582031249997 0.42196185625 0.38135278906250003 0.3776414984375 0.396087321875 0.3553264640625 0.4227145375
4 0.215385240625 0.3483238671875 0.24647398125 0.3581817734375 0.240203409375 0.2922980296875 0.2283782125 0.2829312046875 0.20237953437499998 0.2743362265625 0.170587584375 0.28145794999999996 0.15461418437500002 0.2946487875 0.13676343124999998 0.3298885921875 0.1494530609375 0.3727059828125 0.215385240625 0.3483238671875
4 0.71130211875 0.340569178125 0.74599070625 0.3255891046875 0.757499828125 0.30378568125 0.7476294078125 0.2627399171875 0.70643796875 0.240726171875 0.6496666296875 0.253443534375 0.6266483843749999 0.29705038125 0.635970446875 0.33581582656250003 0.6842067296875001 0.3274135609375 0.71130211875 0.340569178125