4 0.204737446875 0.505246828125 0.16738020468749998 0.503036528125 0.126416709375 0.5386194718749999 0.12076861406249999 0.56819018125 0.15301023593750002 0.5672383765625 0.2164560484375 0.5873148390625 0.23078749375 0.5839927765625 0.22673131875000002 0.52406215 0.204737446875 0.505246828125
4 0.2564316390625 0.49543795468749996 0.23593613593749999 0.53497220625 0.24409801562500003 0.5765594484375 0.3561862578125 0.5570990124999999 0.34700895625 0.5027033921874999 0.33780414062499997 0.49179333593749996 0.2994314765625 0.47677465625000004 0.2564316390625 0.49543795468749996
4 0.35160861250000003 0.5125069765625 0.35823360625 0.5566244328125001 0.4795376734375 0.530679828125 0.46525025312499996 0.464424990625 0.418693696875 0.44260752031250006 0.3731305453125 0.468386878125 0.35160861250000003 0.5125069765625
4 0.5957591359375 0.44939044375000003 0.5706969921875 0.42693843749999993 0.5497185421874999 0.4209314953125 0.52208208125 0.42298977187500003 0.5010926234374999 0.4343770546875 0.47958169687499996 0.46110292968750005 0.4739391046875 0.48197652656249995 0.481074559375 0.5281496156250001 0.6049364374999999 0.5037860640625 0.5957591359375 0.44939044375000003
4 0.724709115625 0.47167456249999995 0.7318830937499999 0.45696786093749997 0.722178821875 0.4266079453125 0.701211378125 0.4032067796875 0.6792120046875 0.3930885703125 0.6613018281249999 0.3907183125 0.6254704640625001 0.4033720234375 0.609596628125 0.4179214125 0.5988329109375 0.44433001718750004 0.6115944484375 0.49572084375000003 0.6643095640625 0.49002323593749997 0.724709115625 0.47167456249999995
4 0.802080475 0.321128190625 0.76167146875 0.2891898671875 0.7150984 0.293463734375 0.6853925765625 0.3307850421875 0.6812868703125 0.349128428125 0.68843333125 0.37790728906250004 0.7134954734375001 0.40035929687499994 0.7462640671874999 0.3753717875 0.807679040625 0.3698314921875 0.802080475 0.321128190625
4 0.5742922375 0.40653941875 0.564587965625 0.37617950312500004 0.5226420703125 0.3467713921875 0.4760635 0.359742371875 0.44993640937499996 0.402756 0.46116656093749997 0.4479799265625 0.47753985156249995 0.45288039687500004 0.5108189078125001 0.4299485203125 0.5456238453125 0.4218806546875 0.5706969921875 0.42693843749999993 0.5742922375 0.40653941875
4 0.216505578125 0.5090408265625 0.222680646875 0.45543441093750003 0.21092902656249998 0.425549075 0.1602722640625 0.41337787812500004 0.1254618265625 0.4301428546875 0.0988187703125 0.4797979625 0.10238099375000001 0.5115816171875001 0.112096271875 0.5245473078125 0.131027371875 0.53102883125 0.15458014375 0.5125254890625001 0.193479778125 0.5035084640624999 0.216505578125 0.5090408265625
4 0.45819184375 0.296492328125 0.45106189375000005 0.241622128125 0.4208786265625 0.22470512812500001 0.3952895140625 0.226288825 0.37430005624999996 0.23767610781249998 0.3527891296875 0.2644019828125 0.3563458515625 0.30488275 0.37220317812500003 0.3164247 0.3988297234375 0.29286093125 0.42749261250000004 0.2862168078125 0.45819184375 0.296492328125
4 0.5242670109375 0.2050873796875 0.48690426249999996 0.2115741921875 0.4587408296875 0.23766817499999998 0.46229755 0.27814894218749997 0.4873651953125 0.2919038375 0.5155231265625 0.2745069671875 0.5641435421875001 0.2697585203125 0.55751855 0.2256410671875 0.5242670109375 0.2050873796875
4 0.6240766609375 0.1797773125 0.5826192156250001 0.1872132859375 0.562134715625 0.2093533140625 0.5662018984375 0.251889715625 0.5892221953125001 0.266119190625 0.611238078125 0.2501460609375 0.6629322703125 0.2403371875 0.6563072765625 0.1962197328125 0.6240766609375 0.1797773125
4 0.7576483125 0.17707656562500002 0.73002285625 0.1617406171875 0.684981171875 0.172181384375 0.6650071343749999 0.1963770453125 0.6690743171875 0.238913446875 0.6905577265625 0.255673134375 0.7233263203125 0.230685625 0.7596681453125 0.220087546875 0.7637793515625 0.1930470484375 0.7576483125 0.17707656562500002
4 0.3415314625 0.2626636171875 0.3082799234375 0.24210993125 0.27347498593749997 0.2501777953125 0.24530604843749998 0.28496889062499997 0.24988369375000002 0.329560925 0.2580675875 0.3363597171875 0.3205144890625 0.3175364609375 0.34609809999999996 0.3246498765625 0.352251153125 0.3058319109375 0.3415314625 0.2626636171875
4 0.676176753125 0.337269209375 0.638320053125 0.31560905 0.59737306875 0.32510065625 0.5656198953125 0.36289654531250004 0.5737872796875 0.3957866734375 0.6034545796875 0.419345153125 0.6295651624999999 0.4024228640625 0.6843276265625 0.396250675 0.6879228703125 0.37585165625 0.676176753125 0.337269209375
4 0.3357788046875 0.45747946562499997 0.327616925 0.415892225 0.2923180359375 0.39581311874999997 0.2498341640625 0.4078349375 0.2226861484375 0.44673729843750004 0.22572690468749998 0.493859546875 0.24465250312500003 0.50903818125 0.2676948109375 0.48847920624999996 0.2903876421875 0.481044996875 0.3301307078125 0.4870501765625 0.3357788046875 0.45747946562499997
4 0.42790401562499997 0.444820465625 0.4524612 0.45651972656249995 0.44431582968749994 0.3888411484375 0.42283242187500003 0.37208145937500003 0.40236443125 0.36813015 0.362438371875 0.381733021875 0.3424643328125 0.4059286828125 0.335284853125 0.42933249531250006 0.34344673281250004 0.4709197359375 0.37056723125 0.4755029390625 0.395146428125 0.45241375 0.42790401562499997 0.444820465625
4 0.22688540937499999 0.280543 0.203349146875 0.2729550046875 0.1746862578125 0.279599128125 0.1603493125 0.29161830312500003 0.14446446875000002 0.3235619171875 0.15621058593749998 0.3621443640625 0.21558921718750002 0.3396844234375 0.24373063906249998 0.348378890625 0.2376271140625 0.2889228453125 0.22688540937499999 0.280543
4 0.6956733484375001 0.25883524062499996 0.6583271093749999 0.23923071562499998 0.6071433796875 0.251095221875 0.5866478734375 0.29062947499999997 0.5953257203125 0.32557523593750004 0.638830515625 0.3176646828125 0.6633876984375 0.3293639453125 0.694613903125 0.31560376093750003 0.7048616562500001 0.29583663437499996 0.6956733484375001 0.25883524062499996