4 0.7981244421875 0.528530325 0.7807479859375 0.5837400234375 0.79488491875 0.610443784375 0.82942593125 0.62930671875 0.8807533546874999 0.616141165625 0.8965601718749999 0.5923592249999999 0.86573706875 0.5786260046875 0.8128514171875001 0.5320528703125 0.7981244421875 0.528530325
4 0.6952691062499999 0.592977315625 0.7425334796875 0.59580163125 0.7759058234375 0.569860546875 0.78290766875 0.5291310484375 0.6700342828125 0.495772221875 0.659459184375 0.548368309375 0.6643013468750001 0.5622477906250001 0.6952691062499999 0.592977315625
4 0.6585798281249999 0.5375569109375 0.6679304265625 0.49526899843749994 0.5440479703125 0.4635173375 0.534107328125 0.5289864640624999 0.5704070531250001 0.569472196875 0.62261383125 0.5671180453125 0.6585798281249999 0.5375569109375
4 0.53210371875 0.5094253 0.54169921875 0.465075753125 0.41595780937500004 0.43075923125 0.40538271249999996 0.48335532187499997 0.42113369843750004 0.514685578125 0.43884388124999996 0.5295227421875001 0.4657041765625 0.5401878859375 0.4895812640625 0.5395384062499999 0.51938035625 0.52546391875 0.53210371875 0.5094253
4 0.3610013015625 0.5109035734375 0.381160484375 0.50512438125 0.40068520625000004 0.486472153125 0.40680769687499996 0.43493125781249997 0.3549460578125 0.41616582968750004 0.291340653125 0.40519247812500003 0.2793519875 0.4150461890625 0.277782346875 0.44647394843750005 0.28932562812499996 0.47679775781249994 0.3065460125 0.49575819687499995 0.3226421421875 0.5059688734375001 0.3610013015625 0.5109035734375
4 0.2767025078125 0.4737784328125 0.2368739453125 0.481213546875 0.1768417953125 0.4583736015625 0.16489754375000001 0.5042815625 0.19180225312500002 0.5510009578124999 0.23735233125000002 0.568256721875 0.2786502875 0.5484517921875 0.289024896875 0.5339715890625001 0.29245349374999996 0.5051086875 0.2767025078125 0.4737784328125
4 0.5184007578125 0.5337104625 0.47881709531250005 0.5390839390625 0.4430515875 0.530529184375 0.42113369843750004 0.514685578125 0.41051418906250003 0.5312274171875 0.40894454687500004 0.562655175 0.43819800937500003 0.607816153125 0.4868315390625 0.617328596875 0.526760340625 0.5908355390625 0.5321481312499999 0.54547955 0.5184007578125 0.5337104625
4 0.8939106875 0.6510914703124999 0.8893134249999999 0.6351503562499999 0.8737070953125 0.6208164109375 0.844887603125 0.62664435625 0.8049143859375001 0.6170831609375 0.7851003484375 0.6017427734374999 0.760288078125 0.6466930468750001 0.7608222921875 0.6786240265625 0.8044131703125 0.7123728796875 0.84326213125 0.713184309375 0.8860294890624999 0.6810095671874999 0.8939106875 0.6510914703124999
4 0.5806141734375 0.720328578125 0.5697053515625 0.702877803125 0.53618835 0.7118225765624999 0.5067344015625 0.704777484375 0.481343503125 0.6817425296875 0.4686645546875 0.7338353984375 0.49121689999999996 0.76255204375 0.5159733421875 0.772713965625 0.5398504281250001 0.772064484375 0.5696495203125 0.757989996875 0.5806141734375 0.720328578125
4 0.37169822343750003 0.65763668125 0.362347625 0.6999245953125001 0.3865140265625 0.7332677328125 0.42413848749999994 0.7443873421875 0.460004240625 0.7338841515625 0.47096889375 0.6962227328124999 0.4521344546875 0.672635803125 0.4193521546875 0.6753956703124999 0.37169822343750003 0.65763668125
4 0.26787470468749996 0.6391637718750001 0.2585241046875 0.6814516828125 0.2831803046875 0.710671546875 0.3250124734375 0.7227976 0.3522179125 0.7123431625000001 0.3634274671875 0.67262010625 0.34669687968749996 0.6495363984375 0.320226140625 0.6538059281249999 0.26787470468749996 0.6391637718750001
4 0.2073527515625 0.6204470953125 0.1692384921875 0.613450759375 0.15578042812499998 0.6356742859375 0.1559250859375 0.6526705921875 0.17661847656250002 0.6788223796875 0.222903253125 0.6898932375 0.25035359218750003 0.677377165625 0.26156314375 0.6376541125 0.2471813109375 0.6130119859375001 0.2073527515625 0.6204470953125
4 0.618973334375 0.7252632796875 0.59730034375 0.7073580359375 0.5848218796875 0.72133501875 0.5796789875 0.7646293734375 0.6038453890625 0.797972509375 0.6396108984375 0.8065272625000001 0.6785601 0.7882807484375001 0.6900145546875 0.7464960578125 0.6846825937500001 0.736739853125 0.618973334375 0.7252632796875
4 0.3567935953125 0.509897134375 0.302828103125 0.490628484375 0.2922085921875 0.5071703234375 0.28965935468750004 0.5468446250000001 0.3177885625 0.583255840625 0.35986563125000004 0.59332025625 0.4032674421875 0.574018546875 0.40718583593749996 0.5410323734375 0.38747204218750003 0.5066340453125 0.3567935953125 0.509897134375
4 0.758484953125 0.5890159953125 0.729420559375 0.5969055765625 0.7053319890624999 0.59326404375 0.66987820625 0.5699423578125 0.6540713921875 0.5937243 0.6470695453124999 0.634453796875 0.6733398 0.668300153125 0.717765621875 0.6768061546874999 0.757204625 0.6544363718749999 0.77100783125 0.611093265625 0.758484953125 0.5890159953125
4 0.62950401875 0.6366129390624999 0.6445761359375 0.619015903125 0.6515779828125 0.5782864062499999 0.6275562390625 0.561939578125 0.5961430937500001 0.5713875749999999 0.5624814390624999 0.5633360421875 0.5434021 0.541810746875 0.5271498968749999 0.6057702109374999 0.5415317296875 0.6304123374999999 0.5594868125 0.6431878656250001 0.6020536796875 0.6491290109375 0.62950401875 0.6366129390624999
4 0.7260249625 0.752989175 0.7024930203124999 0.732519075 0.6872204171875 0.7882319984375 0.6944113328125 0.8005530593750001 0.71398046875 0.8179550843750001 0.7434344171875 0.8250001749999999 0.76124484375 0.8207793953125 0.787570928125 0.7995135609374999 0.790120165625 0.75983925625 0.7260249625 0.752989175
4 0.2989541234375 0.5596689078125 0.2645577671875 0.557802284375 0.247871596875 0.5707728265625 0.2434634046875 0.607882271875 0.2718375109375 0.64223185 0.3244338484375 0.65481236875 0.35780619062499996 0.6288712859375 0.361969484375 0.593823478125 0.3180334609375 0.5811942046875 0.2989541234375 0.5596689078125