4 0.563928296875 0.22201200625 0.5806686484375 0.18818288593750002 0.5645344375 0.1366982078125 0.5399270796875 0.1202610765625 0.5280740203125001 0.1505403328125 0.484830415625 0.20181415781249998 0.482192509375 0.216370928125 0.53817873125 0.2352976328125 0.563928296875 0.22201200625
4 0.552440403125 0.27369586562500003 0.524647390625 0.23970860312500003 0.4836882046875 0.23153691406250002 0.45713824062499997 0.3429181765625 0.5101213890625 0.35499705000000004 0.52365273125 0.3505860796875 0.5524170453125 0.3206641453125 0.552440403125 0.27369586562500003
4 0.4994105390625 0.3555535515625 0.4567613953125 0.3449977171875 0.43246081406250003 0.46738589062499997 0.49822161718749997 0.479212871875 0.5363836703125 0.44427074843750003 0.5309603093749999 0.3922295703125 0.4994105390625 0.3555535515625
4 0.46038969375 0.6060120140625 0.49064970781249995 0.5912560640625 0.5043753078125001 0.5740632531250001 0.5134078796875 0.5476384671875001 0.5113527546875 0.52384971875 0.49558371093750003 0.49376964062499995 0.47886671718749996 0.48063047968749995 0.434150771875 0.4697700359375 0.4074065421875 0.5939331390625 0.46038969375 0.6060120140625
4 0.389306365625 0.7172351359375 0.39982295625000003 0.729460475 0.43120182187499995 0.73195005 0.4607081453125 0.721353175 0.47856734999999995 0.70476958125 0.48778250625 0.68904709375 0.49043208906249997 0.651006184375 0.48348967500000006 0.630767296875 0.463769609375 0.61078030625 0.4120995734375 0.6031651171875 0.396478075 0.6542397609374999 0.389306365625 0.7172351359375
4 0.4954085359375 0.8460317453125 0.540330421875 0.8206262093750001 0.5548213875 0.77579018125 0.532669353125 0.7340939796875 0.5176423171875 0.723338965625 0.48870709687499997 0.719074459375 0.4584470828125 0.7338304078125 0.46819830937500007 0.773698965625 0.44900263437500004 0.8327871546875001 0.4954085359375 0.8460317453125
4 0.5077435453125 0.6023156859375 0.5391224109375 0.6048052609375001 0.5823543375 0.5770155796875 0.5889549421875 0.5288815828125 0.560225659375 0.48835109687499995 0.514756028125 0.48164973125 0.503850915625 0.49498807031250003 0.5115353390624999 0.5345520203125 0.5051289953125 0.5699041765625 0.49064970781249995 0.5912560640625 0.5077435453125 0.6023156859375
4 0.5558436734375001 0.231495878125 0.6020553140625 0.25752230625 0.633811025 0.257932340625 0.6648364046874999 0.21553317500000002 0.663352384375 0.17688305 0.62879954375 0.1333592015625 0.598551209375 0.1246310125 0.5829530671875001 0.128737375 0.5696043093750001 0.143850646875 0.57710615 0.17271229375 0.56994611875 0.212223528125 0.5558436734375001 0.231495878125
4 0.65340263125 0.536244878125 0.7060089374999999 0.550403290625 0.7332658796875 0.528799509375 0.74192160625 0.5044542609375 0.7398664828125 0.48066551406249997 0.7240974375 0.4505854359375 0.6859587406250001 0.43855927499999997 0.66923006875 0.448904253125 0.6801118234375 0.4825341953125 0.6748360109375 0.5116477374999999 0.65340263125 0.536244878125
4 0.7102900890625 0.6321672265625 0.7191400781249999 0.5950401390625 0.7065683640625 0.559026053125 0.6684296671875 0.54699989375 0.6460600171875 0.5650538125 0.65074136875 0.597769928125 0.63587355625 0.6446854953125001 0.6785227015624999 0.65524133125 0.7102900890625 0.6321672265625
4 0.6938915453125001 0.7343692296875 0.7034952234375 0.6930830640625001 0.6914829359375 0.6656917390625 0.6512774375 0.653360971875 0.62928463125 0.6693353531249999 0.6350965140625 0.6958128546875 0.62360861875 0.7474967125 0.6662577609375 0.75805255 0.6938915453125001 0.7343692296875
4 0.643658815625 0.8593407265625 0.668472109375 0.8395118781249999 0.6767626718749999 0.7937620265625001 0.6626835859375 0.7660660953125 0.6224780890625 0.753735328125 0.5987953234375001 0.7673255625000001 0.6085465453125 0.80719411875 0.6038301609375 0.8449304203124999 0.6267475609375001 0.8589834046875 0.643658815625 0.8593407265625
4 0.730115259375 0.4407969578125 0.761882646875 0.417722853125 0.768288990625 0.3823706953125 0.7478269140625 0.34305864218750004 0.7055546140625 0.330423265625 0.6961568781249999 0.3354434515625 0.688608325 0.400518365625 0.672062234375 0.42156564531249996 0.6867124265625 0.4344001984375 0.730115259375 0.4407969578125
4 0.53041996875 0.7230870703125001 0.565007846875 0.6961584968750001 0.572544721875 0.6545677234375 0.55076953125 0.610791984375 0.5177007078125 0.6059182625 0.4846202078125 0.6245286828125 0.489678403125 0.6551652609375 0.4736800609375 0.70831944375 0.4907738984375 0.7193790671875 0.53041996875 0.7230870703125001
4 0.555591021875 0.3616984171875 0.5965502078125 0.3698701078125 0.6286944390625 0.3447164640625 0.63454135625 0.3007415453125 0.609945678125 0.2608202765625 0.5659834218750001 0.24580075468749998 0.5447443 0.25761605625 0.5543129421875 0.2867823125 0.5521088484375001 0.3106550234375 0.530983665625 0.34526128906250003 0.555591021875 0.3616984171875
4 0.5307426921875 0.4519796875 0.5104398421874999 0.4703382140625 0.5750701140625 0.4884038109375 0.5987528796875 0.4748135765625 0.610411678125 0.45731615937500003 0.61381495 0.415116171875 0.5997358625 0.38742024062499997 0.5813289078125 0.3718969328125 0.5403697234375 0.3637252421875 0.5255135921874999 0.38715666875 0.5367721921874999 0.41870707031250004 0.5307426921875 0.4519796875
4 0.7591088703125 0.3276407609375 0.7752781171875001 0.3086730203125 0.7805539296874999 0.27955947812500004 0.775301471875 0.26170474062500004 0.7525783359375 0.23486991562499998 0.7129322625000001 0.2311619109375 0.7098941562500001 0.2947665015625 0.690904421875 0.3175887109375 0.7472674890625 0.3344358765625 0.7591088703125 0.3276407609375
4 0.5939080328124999 0.7708754250000001 0.6264291078124999 0.7436422421875 0.6358502015624999 0.6916537765624999 0.6080571890625001 0.6576665140625 0.572921565625 0.6524881859375 0.5629410453125 0.695853890625 0.5426381953125 0.714212415625 0.5428091015625001 0.7483988578125 0.55670560625 0.7653924890625 0.5939080328124999 0.7708754250000001