4 0.4100697484375 0.224926978125 0.47089060937499994 0.22080641875 0.4896735796875 0.1984634375 0.49135673906250005 0.16051322343750002 0.4545924875 0.11889951406249999 0.424467396875 0.1131617671875 0.4259195453125 0.1459151609375 0.4064792671875 0.21036804843749998 0.4100697484375 0.224926978125
4 0.520022834375 0.294660546875 0.5004161468749999 0.2509781734375 0.45994591093750004 0.23015734375000002 0.4178213890625 0.23844877812499998 0.4392776453125 0.3523161984375 0.49439857031249995 0.34299322499999996 0.50534326875 0.33364230156249997 0.520022834375 0.294660546875
4 0.48450859843750005 0.3476658921875 0.439790571875 0.35439604375 0.4679726171875 0.4776255734375 0.53506409375 0.46311136875000003 0.5565271984375 0.41581581874999995 0.5296529203125 0.3695294421875 0.48450859843750005 0.3476658921875
4 0.5173647296875 0.4719381375 0.470566121875 0.47918685468750005 0.4971805140625 0.60501479375 0.5523014390625 0.5956918203125 0.5747326421875 0.5702318656250001 0.5805192078125 0.5489204234375 0.57801233125 0.5208452890624999 0.5661284078125 0.499522665625 0.5386545734375 0.47767029531249994 0.5173647296875 0.4719381375
4 0.5994974640625 0.6258747578125 0.58447823125 0.60974895625 0.5574884499999999 0.5988143859374999 0.50547395625 0.6117784875 0.5120553625 0.6653303515625 0.531604296875 0.726688625 0.54665240625 0.7339764765625 0.5773481765625 0.72411816875 0.6008052296875 0.7028179078125001 0.6107529546875 0.6804693375 0.6128912890625 0.6622748734374999 0.5994974640625 0.6258747578125
4 0.6038827859375 0.7152969890625 0.6297600890624999 0.74858571875 0.63631261875 0.8109755328125001 0.6857047296875 0.8052881015625 0.71754185625 0.7642376828125 0.712499228125 0.716925359375 0.674138446875 0.6867480140625 0.6554421046875001 0.6825771375 0.626313990625 0.689837034375 0.6038827859375 0.7152969890625
4 0.5469768921875 0.4755960390625 0.5707736156250001 0.509403334375 0.57949335625 0.54476073125 0.5747326421875 0.5702318656250001 0.5955095625 0.5738841781249999 0.6262053328125 0.5640258703125001 0.6554489546875 0.5214141671875 0.6415710796874999 0.4740962546875 0.5974814828125 0.447554446875 0.55170873125 0.45896285625 0.5469768921875 0.4755960390625
4 0.4816977765625 0.0944822796875 0.4686724953125 0.10435176875 0.462373003125 0.12358336249999999 0.48152451875 0.1475099875 0.491270109375 0.1870270765625 0.4859964703125 0.210418365625 0.540546715625 0.21669145156249997 0.5707295609374999 0.20475329687500002 0.58233156875 0.153292459375 0.564776584375 0.11792947499999999 0.5139323234375001 0.0908635125 0.4816977765625 0.0944822796875
4 0.6954997421875 0.352478325 0.6840132390625 0.36858735625 0.708351765625 0.39563654375 0.7155327265625 0.42475440000000003 0.7055561234375001 0.4559409203125 0.761189975 0.448697796875 0.777921240625 0.41803542968749996 0.775927290625 0.392040140625 0.7640433671875 0.3707175171875 0.7365695328124999 0.34886514687500003 0.6954997421875 0.352478325
4 0.7343088484375 0.5635743921875 0.779026871875 0.556844240625 0.799406375 0.5230648999999999 0.7922542890625001 0.4851090921875 0.7653222562499999 0.4564986203125 0.724252465625 0.460111796875 0.7106565078125 0.485577340625 0.72875329375 0.5141822234375 0.7343088484375 0.5635743921875
4 0.765683953125 0.6639311953125 0.8104019812500001 0.6572010421875001 0.826620321875 0.6244588296875 0.8184423828125 0.5823433296875 0.7956426343749999 0.5615336796875 0.7524922625 0.5656654203125 0.738383378125 0.5890511187499999 0.7549413890625 0.6114164609375 0.765683953125 0.6639311953125
4 0.7763976453125 0.72528388125 0.7877108890625 0.7622025609375 0.8152424765624999 0.7663790234375 0.8313741859375 0.7601506671875 0.8465378015624999 0.7320867109375 0.83525343125 0.6863300796875 0.810373103125 0.66603899375 0.76722273125 0.670170734375 0.7505203421875 0.6919951515625 0.7763976453125 0.72528388125
4 0.68210591875 0.3160782109375 0.675264625 0.3420679109375 0.694473890625 0.34831863125 0.7381660640625001 0.3374287875 0.758545565625 0.3036494453125 0.7498258250000001 0.2682920484375 0.7140585484375 0.2396759859375 0.668827596875 0.24432629218750002 0.6620440546874999 0.2526400890625 0.68210591875 0.3160782109375
4 0.600523315625 0.6300344515625 0.6076176484375 0.6856661609375 0.62839456875 0.689318471875 0.6674126578124999 0.6773859078125 0.6888468875 0.6389283078125 0.6785883687500001 0.597331371875 0.6397146609375 0.5650741796875 0.6064253859375001 0.5733712046874999 0.5829394546875 0.6035094140624999 0.600523315625 0.6300344515625
4 0.486422765625 0.2390120671875 0.5076548625 0.262420125 0.5155486 0.28547316093749997 0.5100462328125 0.32584706875 0.5401713234375001 0.3315848171875 0.5822958421875 0.323293384375 0.6021624171875 0.28743419531250003 0.5893103953125001 0.2442759765625 0.549381959375 0.21669703906249999 0.5015575015625 0.21978606250000002 0.486422765625 0.2390120671875
4 0.5926409890625 0.338376465625 0.5687576375 0.331083025 0.5266331171874999 0.339374459375 0.522385328125 0.366925440625 0.546210928125 0.39189478437499997 0.5544177421875001 0.4251723328125 0.5429023625 0.45011931406250005 0.6115326171875 0.441844653125 0.6282350078125 0.4200202375 0.63194099375 0.399227359375 0.6175213171875 0.358667553125 0.5926409890625 0.338376465625
4 0.658027278125 0.20948745937500002 0.64961833125 0.2380755703125 0.7099262656249999 0.2318751640625 0.7182774609375 0.22096295625 0.72563168125 0.1970531015625 0.7184507203125 0.16793524531249998 0.70602499375 0.1533707296875 0.673335271875 0.13723374531250002 0.6343171843750001 0.149166309375 0.658027278125 0.20948745937500002
4 0.675250928125 0.664393853125 0.68969948125 0.6961157109375 0.7099345984375 0.7065261265625 0.7473850343749999 0.6971919734375 0.7667386828125 0.6592529359375 0.7539155359375 0.6072567671875 0.7134452984374999 0.5864359343750001 0.67807544375 0.595251525 0.6867663078125 0.6394468734375 0.675250928125 0.664393853125