4 0.201028484375 0.5097937531250001 0.22161403906250002 0.45310654218749996 0.20909136250000002 0.42784903593749996 0.17575825312499999 0.41236161562499996 0.12379552499999999 0.43040266562499996 0.10662928593750001 0.45561880625000006 0.136557340625 0.46635041250000003 0.1865498734375 0.5076949859375001 0.201028484375 0.5097937531250001
4 0.30740242812499996 0.43570650468750005 0.260434840625 0.4374227125 0.22562408125000002 0.46647451249999994 0.21623878749999997 0.5077363546875 0.326833384375 0.5301610859375 0.340482128125 0.476730571875 0.3364720859375 0.46336259843749994 0.30740242812499996 0.43570650468750005
4 0.340721271875 0.4874208109375 0.32890175781250003 0.5304609109375 0.4505699140625 0.550228596875 0.46434536406250004 0.4840297578125 0.43053396875 0.44716185781249995 0.3783320984375 0.45451266874999996 0.340721271875 0.4874208109375
4 0.46518949374999996 0.5033321546875 0.45300413281249996 0.5484503375 0.5763748140625 0.570595934375 0.5900235609375 0.5171654171875 0.576164203125 0.48745191875 0.5593780765624999 0.474363090625 0.5332209234375 0.46630921406250003 0.50937128125 0.46924540312499996 0.4788239734375 0.486128525 0.46518949374999996 0.5033321546875
4 0.6359078765625 0.4854565703125 0.6154632875 0.4931485734375 0.5948919984375001 0.5136088984375 0.5857458453125 0.565560978125 0.6363576296875 0.5792908234375 0.699140509375 0.5841293703125 0.7116774515625 0.5731599890625 0.7150967703125 0.5416889171875 0.7053741578125 0.5125750703125 0.689319725 0.4953300734375 0.6738702796875 0.48669723125 0.6359078765625 0.4854565703125
4 0.7177843953124999 0.5143740125 0.757941878125 0.5031461734375 0.8164613062500001 0.520153396875 0.8310808875 0.4732569546875 0.8070063703124999 0.4292760140625 0.762599703125 0.4164456421875 0.7202471453125 0.44014198125000004 0.7090468859375 0.45556735000000004 0.7039250406249999 0.484660515625 0.7177843953124999 0.5143740125
4 0.48028735625 0.47781619218750004 0.52007899375 0.46866643750000003 0.55524133125 0.4737634421875 0.576164203125 0.48745191875 0.587730309375 0.46994846562500003 0.5911496281249999 0.43847739375000006 0.56464089375 0.396274715625 0.5167024703124999 0.3914568515625 0.4753207453125 0.4216872625 0.4672721328125 0.4674050921875 0.48028735625 0.47781619218750004
4 0.1127362328125 0.39683282656249996 0.116380428125 0.41227888124999995 0.13109818125 0.42506788906250004 0.16018210625 0.41649709843749994 0.199481190625 0.42219375000000003 0.21833569062499997 0.4355824046875 0.245731353125 0.3884068234375 0.247082296875 0.356635925 0.20560240156249998 0.32718088437500004 0.16690830625 0.33009639218750003 0.12236066875 0.3662612265625 0.1127362328125 0.39683282656249996
4 0.4292543484375 0.2977983234375 0.4391036625 0.3141438484375 0.4730560265625 0.3020165390625 0.5020132484375 0.30621407343749996 0.5259753265625 0.326736446875 0.5416924437499999 0.27360575468750004 0.5208962765625 0.24714895312500001 0.49680749375 0.239394903125 0.47295785468749996 0.24233109062499997 0.44241054531249996 0.2592142125 0.4292543484375 0.2977983234375
4 0.6338965640625001 0.340249203125 0.645716078125 0.2972091015625 0.6235832296875 0.26629630937500004 0.5867183640625 0.25882139843749996 0.5503317828125 0.2727269671875 0.5371755874999999 0.31131107812500003 0.5545667015625 0.3330120640625 0.587421525 0.3271190046875 0.6338965640625001 0.340249203125
4 0.736344375 0.3487063171875 0.748163890625 0.30566621875 0.72529935 0.27890959375 0.6842977375 0.2708350328125 0.6565504921875001 0.2838618140625 0.6430284515625 0.3245240078125 0.65835119375 0.34592517031250003 0.6850009 0.3391326390625 0.736344375 0.3487063171875
4 0.7955954984375 0.36155737656250003 0.8331920546875 0.3648761203125 0.8479240734375001 0.34143823906250004 0.84878246875 0.32451375 0.8296888296875 0.3004348578125 0.784184625 0.293838734375 0.756071534375 0.30894359531250004 0.74254949375 0.3496057875 0.7554380171874999 0.3727852109375 0.7955954984375 0.36155737656250003
4 0.3912919453125 0.29655766093749997 0.4118489703125 0.3123242234375 0.425117603125 0.2971986765625 0.4328003734375 0.253558928125 0.4106675234375 0.2226461359375 0.375505184375 0.21754913125000003 0.335586846875 0.2394672109375 0.3216989578125 0.2822074875 0.3264406921875 0.291419290625 0.3912919453125 0.29655766093749997
4 0.6400446203125 0.48605621718750003 0.692724778125 0.5000858859374999 0.7042908859375 0.4825824328125 0.7091735875 0.44279902812499994 0.683269840625 0.4092085046875 0.64190238125 0.40321202968750003 0.5974814515625 0.42660854375 0.5916279125 0.45985787499999997 0.6092581703125 0.4922491 0.6400446203125 0.48605621718750003
4 0.2441269984375 0.4457143640625 0.2735767703125 0.435065490625 0.29738417500000003 0.436385409375 0.331364509375 0.45622887968750003 0.34853074375 0.43101274062500006 0.35791604062500004 0.3897509 0.3337148171875 0.358538284375 0.289913140625 0.35432006875 0.2492631109375 0.3803943109375 0.2329410046875 0.424912846875 0.2441269984375 0.4457143640625
4 0.3755605625 0.38591523906249997 0.3594918640625 0.40489713125 0.3501065671875 0.446158971875 0.3730978125 0.46014727187500004 0.4049818015625 0.44772013906249997 0.4380757671875 0.45251731875 0.45583272812500003 0.47214022343749995 0.4758132953125 0.40684085625 0.46292477343750005 0.3836614328125 0.44577280156250004 0.3726506859375 0.4036736515625 0.37081037656250004 0.3755605625 0.38591523906249997
4 0.28617077343749997 0.279188565625 0.3084303234375 0.2973330328125 0.32694750625 0.240345996875 0.32050324531249996 0.2287562859375 0.30201459375 0.2132895484375 0.273057371875 0.20909201562500002 0.25504700625 0.21500575937500002 0.227538903125 0.238722778125 0.2226562 0.2785061859375 0.28617077343749997 0.279188565625
4 0.7006609546875 0.43090949375000004 0.7348524609375 0.429472421875 0.752257840625 0.41494652343749994 0.7588430703125 0.37754102500000003 0.7325734749999999 0.3460285875 0.680864153125 0.3385329921875 0.64605339375 0.3675847921875 0.639834009375 0.4029122046875 0.6829039953125 0.4112865890625 0.7006609546875 0.43090949375000004