5 0.5985278140625 0.33730683125 0.588026096875 0.3654541328125 0.590019784375 0.4054613296875 0.59935998125 0.4491033125 0.6185926390625001 0.504865790625 0.6283229671874999 0.5152543984375 0.646515084375 0.517803340625 0.6686971203125001 0.5068419046875 0.6762387000000001 0.49385000156250003 0.6833223859374999 0.471289275 0.6859342015625 0.44305783437499996 0.6820956546875 0.40673158750000005 0.6745958796875 0.3733940765625 0.6639497750000001 0.3438678109375 0.655358790625 0.33161701250000003 0.6509394828125 0.33118540625000004 0.6342875984375 0.345089415625 0.618155034375 0.34583051875000004 0.5985278140625 0.33730683125
5 0.5672259421875 0.5502153328125 0.579259021875 0.5664918218749999 0.5919735546875 0.57133729375 0.6157813234375 0.563709334375 0.6232988359375 0.541105171875 0.626721296875 0.5215331812499999 0.6127667296875 0.49408627968749996 0.6019869921875001 0.4584549703125 0.593262378125 0.44009912343749996 0.588652440625 0.44230878125000006 0.5817068171875001 0.4569891390625 0.5726205734375001 0.46751350937499997 0.547263703125 0.48665934999999994 0.5501864734375 0.503847946875 0.5601270609375 0.5351929671875 0.5672259421875 0.5502153328125
5 0.5619877718749999 0.3960309921875 0.5452307578125 0.399456796875 0.5380463734375 0.3975539015625 0.52777265625 0.390715940625 0.51728424375 0.3769069875 0.5082353703125 0.355087359375 0.5039300609375 0.3371631203125 0.49945818906249995 0.33149241093750004 0.497641828125 0.3308002015625 0.49557783750000006 0.34149557656249996 0.4888513453125 0.34916150625000003 0.48510462031249996 0.36526971874999997 0.48377021249999996 0.3837585953125 0.4842762328125 0.4125519421875 0.4897975109375 0.44346535468750004 0.50101550625 0.4650678140625 0.521696571875 0.4848487828125 0.5410280328125 0.485535534375 0.568525525 0.47054568124999996 0.5838233734375 0.4515328703125 0.5921274703125 0.42797589374999995 0.5883984859375 0.388142434375 0.5848512625 0.3736385375 0.5619877718749999 0.3960309921875
5 0.0514554375 0 0.0547852125 0.043869146875 0.0588188234375 0.0635687078125 0.0678392 0.08976149375 0.0836101328125 0.11790060468750001 0.0960770359375 0.13413365625 0.1176257453125 0.15382776250000002 0.1318038828125 0.1602748203125 0.15338553125 0.1616103484375 0.165289415625 0.1577963671875 0.180015375 0.1467073609375 0.1893207484375 0.129168565625 0.195155528125 0.1119772421875 0.2000745296875 0.0756482625 0.2010036140625 0.052829659375000004 0.2003310296875 0.0362898421875 0.1970795640625 0.0296228875 0.19632591562499999 0.012217123437500001 0.1886780390625 0 0.0514554375 0
5 0 0.21562039375 0.0012702484375 0.2467192640625 0.0066211953125 0.24972524687500003 0.0255998984375 0.251321378125 0.0375848453125 0.24837334531250002 0.048406387499999995 0.237675240625 0.057792826562499997 0.2210023921875 0.0625167640625 0.20130009843750002 0.0647758203125 0.17397803750000002 0.063345153125 0.154017871875 0.058091131250000004 0.13531455781249999 0.0564413328125 0.12236881875000001 0.0527034796875 0.11050619375 0.04771671875 0.104012971875 0.0185934953125 0.11566934531249999 0.004901746875 0.1144179578125 0 0.1123678578125 0 0.21562039375
5 0.0219487796875 0.4789427546875 0.0176149703125 0.4653916734375 0.0108929125 0.4590721875 0.009972996875 0.45978424531249995 0.012259865625 0.5157725203125 0.019148221875 0.5893548140625 0.027881709375 0.5797398234375 0.035804545312500005 0.561465384375 0.04104780625 0.5286001859375 0.0368805609375 0.502795575 0.0219487796875 0.4789427546875
5 0.0227157328125 0.45439226250000003 0.039634878125 0.4526983484375 0.0529783 0.44087369687500005 0.062121543749999994 0.4216030125 0.07032050937499999 0.38756783281249996 0.072174240625 0.35591605 0.067172284375 0.3118397296875 0.05605941875 0.300715478125 0.050857964062500004 0.2872512640625 0.042992128125 0.2967793875 0.0347539015625 0.28361920937499996 0.0228149734375 0.283940453125 0.0060974359375 0.276873571875 0.0027532578125 0.28302702343749997 0.009380525 0.4452790734375 0.0227157328125 0.45439226250000003
5 0.0216125953125 0.6156795359375 0.024235678125 0.6203116578125 0.0339660078125 0.6307002671874999 0.048549468750000005 0.6414770484375001 0.0616978234375 0.6462790875 0.0771533671875 0.6429835796875001 0.0881370375 0.63401736875 0.0959503109375 0.6192501421875 0.1008933765625 0.5925334234374999 0.0996533390625 0.569931990625 0.079182534375 0.5711074328125 0.064923334375 0.563794428125 0.0513455875 0.5450504078125 0.0429737328125 0.5257851828125 0.039170007812500005 0.5506397093750001 0.03102804375 0.5759285734375 0.0261179109375 0.584286715625 0.0192270984375 0.590197353125 0.0216125953125 0.6156795359375
5 0.5770145796875 0.20572938281250003 0.573811246875 0.218286946875 0.5709277359375 0.248293709375 0.5757434984375001 0.281025878125 0.5854408921875 0.30977306250000003 0.6026228625 0.334274659375 0.6201620250000001 0.3438814625 0.6382205140625 0.34032535625000004 0.657260653125 0.3191897515625 0.6672189796875 0.2945930953125 0.6724096765625001 0.2564887921875 0.6704926171875 0.23133296093750003 0.6635077375 0.1988179625 0.6494436 0.1748782703125 0.6363237421875 0.16570307812500001 0.6178510609375001 0.1929002953125 0.609498834375 0.19723275 0.584174896875 0.1980200171875 0.5770145796875 0.20572938281250003
5 0.522876484375 0.18405370468749999 0.5001554953125 0.18458036718749998 0.48933838749999997 0.1812930546875 0.47657129062500003 0.1712084796875 0.46892901875000004 0.1597367609375 0.45933232031250004 0.1554531984375 0.45445068906249997 0.15943818437499999 0.45013650937499994 0.1694847796875 0.44844491093750005 0.2028684546875 0.4497945109375 0.22196267343749998 0.4531511046875 0.23910783593749999 0.46168509062499996 0.2601049515625 0.47677900468749995 0.2856896625 0.499900884375 0.303478140625 0.5169010968750001 0.30265016875 0.5477355515625 0.2812078 0.56086428125 0.2624121578125 0.5672950109375 0.2469092859375 0.5706079125 0.2308445109375 0.5708074125 0.20023240625 0.5734388578125 0.19559864531249999 0.5405581484375 0.1717947171875 0.522876484375 0.18405370468749999
5 0.9370557703125 0.1880379703125 0.9240169796875 0.1797287203125 0.9105202953125 0.16185064531249999 0.9017342484374999 0.16622653437499998 0.8905840109375 0.18744627656249999 0.88613176875 0.20537324531249998 0.8832197609374999 0.2397531640625 0.8876301953124999 0.268155609375 0.9034777593750001 0.3111460828125 0.9203069703125 0.33655706093750004 0.9354863859375 0.3490222984375 0.9418031171875001 0.3510120609375 0.956281446875 0.3513106390625 0.9786541124999999 0.33770793593750004 0.9912153874999999 0.3128506796875 0.9960488890624999 0.2896411734375 0.99730223125 0.27028635156249997 0.9913800625 0.2210577953125 0.9829556421874999 0.19655347031249998 0.9741214625 0.1817048375 0.9589091140624999 0.187598175 0.9370557703125 0.1880379703125