5 0.32993664843750004 0.3909955328125 0.3584879640625 0.4033344 0.3999769078125 0.4034242734375 0.44561956406250003 0.396133471875 0.5043297984375 0.379291775 0.5155972765625 0.3698151765625 0.5192095203125 0.35119242968750003 0.5090611078125 0.3277307234375 0.4960272328125 0.3192571484375 0.473071146875 0.3107425359375 0.44400963437499996 0.30653511093749997 0.40622918593749996 0.30854505468750004 0.3713438140625 0.314490703125 0.3402319125 0.3238852125 0.3270993578125 0.3320870609375 0.3264158953125 0.3366210390625 0.3399046046875 0.3545379546875 0.3398059265625 0.371213375 0.32993664843750004 0.3909955328125
5 0.5484827578125 0.43469265625000003 0.565963953125 0.42315727968749994 0.5716578640625001 0.4103061140625 0.5650446765625 0.385346759375 0.542066928125 0.37638246249999996 0.5220059203125 0.37180355 0.492867390625 0.384721225 0.45543348124999994 0.3939261 0.43597891562499996 0.40193830625000004 0.438017259375 0.4068105234375 0.4528295765625 0.4147601140625 0.46322827968749997 0.42469418281250004 0.481672071875 0.45186869375 0.4996081 0.4497766625 0.53256341875 0.4412072171875 0.5484827578125 0.43469265625000003
5 0.38871904218750003 0.43182470625 0.39136383124999996 0.4492880421875 0.3890102203125 0.45659441875000006 0.38138625937500004 0.4668217875 0.366540240625 0.476896665625 0.3434854734375 0.48505746875 0.3247143703125 0.4885357 0.3186089484375 0.492842890625 0.31779553437499997 0.49467877031249996 0.328747746875 0.4973807609375 0.3363163453125 0.5047281796875 0.352777153125 0.5094556921875 0.37182981718749997 0.5118233421875 0.40163976718749994 0.512845834375 0.4339116203125 0.5088103687500001 0.4568580953125 0.49840115156250003 0.47842802500000003 0.47813605312499996 0.48017519531249997 0.45823855468749997 0.46614501875 0.42907956406250003 0.447299325 0.4122849109375 0.4233782125 0.4024583953125 0.38197590312499996 0.4041672546875 0.3667833421875 0.40704720468750005 0.38871904218750003 0.43182470625
5 0.0454218 0.9249574125000001 0.07537374531249999 0.9102038515625 0.0928332828125 0.8982187953125 0.11435989687499999 0.8770543359375 0.12178892968749999 0.8627798203125 0.1243278546875 0.8405967546875001 0.121021259375 0.8281170796874999 0.1103409953125 0.81233713125 0.0926985734375 0.8018008906249999 0.0752294234375 0.7948621140625 0.03791585 0.7878412499999999 0.014362932812500001 0.7856593453125 0.005818984375 0.7855628968749999 0.0069222234375 0.934500096875 0.0178451234375 0.9328542796875 0.0454218 0.9249574125000001
5 0.20548410625 1 0.20759924375 0.99666400625 0.210268121875 0.9771790421875 0.207861578125 0.96466221875 0.1973762421875 0.9529294171875 0.1806338703125 0.9423560249999999 0.1605078875 0.9364280609375 0.132368084375 0.9326331718749999 0.111645271875 0.93303791875 0.0920174390625 0.9374526624999999 0.07853834374999999 0.9384595859375 0.06606759375 0.94167776875 0.059083778125 0.946471790625 0.069578728125 0.9771284265625001 0.06754999843750001 0.991180046875 0.063298559375 1 0.20548410625 1
5 0.5576190734375001 1 0.55009480625 0.99244036875 0.5316173125 0.9832903249999999 0.4979039390625 0.976120865625 0.47098906874999996 0.979034071875 0.44551571718750005 0.993152203125 0.431266525 0.9968943703124999 0.428017490625 1 0.5576190734375001 1
5 0.4133145765625 1 0.42016269843750004 0.991044596875 0.4193180109375 0.973506959375 0.40780267031250006 0.9591132109375 0.38836015 0.9486512687499999 0.3535951171875 0.9383711765625 0.3209550671875 0.9347620328125 0.2750958234375 0.9375560046875 0.26299326875 0.9484188 0.2487873953125 0.95306033125 0.258221071875 0.9616825 0.24416680624999998 0.9694718140624999 0.2438587625 0.9818002984374999 0.2356524109375 0.9986601671875001 0.2378457671875 1 0.4133145765625 1
5 0.5886049375 1 0.5918653125 0.998376121875 0.6031327906249999 0.9888995218750001 0.6150620765625 0.9744392609375 0.6207343265625 0.9611384109375001 0.6181545093749999 0.945024121875 0.6094692765625 0.9332170234375001 0.5946136390625 0.924368065625 0.5672439359375 0.9178379281250001 0.5437993140625 0.9179044390625 0.5439172234375 0.9390766890625001 0.535588140625 0.9533883546874999 0.51547176875 0.9663842234375 0.495095496875 0.9739838984375 0.520600121875 0.979239284375 0.5463213359375 0.9889915 0.55470335 0.9945030390625 0.5589572484375 1 0.5886049375 1
5 0.1926838015625 0.40612269375 0.20550109062500002 0.41009943125000003 0.23638436093749998 0.4146822421875 0.270499634375 0.41147184374999995 0.3007548 0.40301384531249995 0.3270199109375 0.3866101515625 0.3378975328125 0.369039259375 0.33518776875 0.3502268734375 0.314347046875 0.32945936875 0.289439246875 0.3178712703125 0.250303915625 0.310475021875 0.22418079999999999 0.311102665625 0.1901738234375 0.316561478125 0.16465715 0.32978024375000003 0.15446299375 0.34281715625000003 0.181604065625 0.3633246140625 0.185637440625 0.3721696796875 0.18509354375 0.3983255921875 0.1926838015625 0.40612269375
5 0.16735963125 0.4607865890625 0.16668577812500002 0.48424440156250004 0.1627053390625 0.49522254062500004 0.15158946874999998 0.5078469203125 0.1393136484375 0.5151122515625 0.13436817968749998 0.5247784890625 0.1382282859375 0.5300260890625 0.14838874062500002 0.5350136453125 0.1828288921875 0.5385484890625001 0.2026516546875 0.5381808921875 0.22056602500000003 0.5356391796875 0.24274239999999997 0.5279652046875001 0.270015853125 0.5137727765625 0.28965573125 0.49088388125 0.2897110921875 0.47330909375 0.2691856359375 0.440363003125 0.2504482390625 0.4258167609375 0.234757528125 0.41835400624999997 0.21831837968749998 0.4140761765625 0.1866650140625 0.41222861406250005 0.18201315 0.409266578125 0.1556277046875 0.4418960125 0.16735963125 0.4607865890625
5 0.19369477968749998 0.033904412499999995 0.18440067031250001 0.0469041734375 0.1651843515625 0.0598629 0.16923938593750001 0.0691576421875 0.1905903 0.0817937046875 0.20889452656250002 0.087346284375 0.244299703125 0.09219302812499999 0.27391472499999997 0.0891683765625 0.3192325 0.0751323296875 0.34641931875 0.059141168749999994 0.36012704375000004 0.0441569265625 0.3625239734375 0.03774991875 0.3636093375 0.0228360828125 0.3613937359375 0.018738934375 0.19398719375 0.0100585953125 0.19441194687500002 0.011345962499999999 0.19369477968749998 0.033904412499999995