4 0 0.3164753703125 0.018536803125 0.3111187640625 0.062884134375 0.2921826953125 0.0929744625 0.27299438593750003 0.121296115625 0.24644737499999997 0.1255285625 0.2181172390625 0.1413639671875 0.18555975625 0.1270139046875 0.152106371875 0.09348761718750001 0.1373106984375 0.0887711578125 0.1176874953125 0.075302309375 0.10758885625 0.049870107812499995 0.10094728593749999 0 0.11535832500000001 0 0.3164753703125
4 0.6571042890625 0.6250114796874999 0.7059778062500001 0.5855301921875 0.7260414921875 0.550876434375 0.7208368593750001 0.50953375 0.7059923765625 0.49371167812500005 0.6562438921875 0.47048742656250003 0.6361864484375 0.46579039218749996 0.605411428125 0.46244158906250005 0.5743405859374999 0.4644248015625 0.5193749765625 0.47855945 0.44906630156249994 0.5207371984375 0.4139595328125 0.5518681812499999 0.39556521718750004 0.6000302890625 0.3973297265625 0.6336228515625 0.42357856250000003 0.6575168765625 0.46742939375 0.669329053125 0.5395997953125 0.667711146875 0.593090471875 0.6540027109375 0.6571042890625 0.6250114796874999
4 0.17735133125 0.8012465453125 0.14234594375 0.8131109453124999 0.0868859140625 0.8448769078125 0.05660348750000001 0.8698287625000001 0.087239478125 0.9972922375 0.19776160468749998 0.99471980625 0.23208920000000002 0.983048221875 0.2873527109375 0.9504646250000001 0.3339652171875 0.9081390171875 0.3462591140625 0.8870979921875 0.3488180234375 0.8714933671875 0.3309306203125 0.8233225781250001 0.3002569796875 0.8007071953124999 0.26554949375 0.794122653125 0.2273998 0.7929049171875 0.17735133125 0.8012465453125
4 0.7979591734375 0.9025980234375 0.8113215859375 0.9074808859375001 0.97428801875 0.8603882359374999 0.979248446875 0.689909359375 0.9337774156249999 0.699833521875 0.8779264296875 0.716847284375 0.8464604671875 0.7303121609375001 0.8091919890625 0.7524491734375001 0.77959191875 0.7802400328125 0.7660196078125 0.802524903125 0.755591603125 0.8378919125 0.7596192046875 0.8612118656250001 0.7751504625 0.88645411875 0.7979591734375 0.9025980234375
4 0.750770215625 0.2403061234375 0.8465416515624999 0.21875186562499999 0.9225514609375001 0.18716855625 0.9321117624999999 0.1810053734375 0.8912933890625 0.0111772859375 0.8222871484375001 0.019397146875 0.7680124765625 0.0167181171875 0.7241574843749999 0.0311398046875 0.6966239890625 0.04784041875 0.6631886734375 0.07936281875 0.6490268046875001 0.099194790625 0.6316171671874999 0.138328134375 0.627877059375 0.162143890625 0.6337726328125 0.1866728953125 0.6547112890625 0.2147246765625 0.6892201734375 0.23360851718750003 0.750770215625 0.2403061234375
4 0.5297245328125 0 0.4669439171875 0.0110296171875 0.4271206875 0.022537396874999997 0.37805273281249996 0.0480841203125 0.35445170312499996 0.068020475 0.343732040625 0.0824856359375 0.3331095984375 0.10391807812500001 0.32582798125 0.1392502921875 0.329361165625 0.18020155625 0.356985634375 0.20981901718749998 0.395722803125 0.22660658125 0.44960443593750005 0.2276503453125 0.522858815625 0.21085402812499998 0.57969448125 0.1848115 0.6271902828125 0.1527237078125 0.6459776359375 0.10619686718750002 0.68492173125 0.058217410937500005 0.6821704640624999 0.04677054375 0.661821365625 0.0211716625 0.6360627859375 0.0058801859375 0.61819093125 0 0.5297245328125 0
4 0.49971265468750004 0.46238075156249997 0.569624128125 0.4448015953125 0.6280340265625 0.41218320625000004 0.648885871875 0.3676830515625 0.6725862046875 0.34159704999999996 0.6991371046875 0.3208082671875 0.6859682406250001 0.27914375156250004 0.685087028125 0.2557890046875 0.6557890234375 0.23889705781249998 0.6101674375 0.2328431109375 0.534554828125 0.23982782500000002 0.4770323875 0.2564501703125 0.410658259375 0.28874672968750004 0.37201206249999996 0.3182772375 0.3493936265625 0.3423017609375 0.3511560546875 0.38901125312499996 0.362947203125 0.4380692640625 0.3828060453125 0.4550655953125 0.41515321875 0.46495546875000004 0.4377674921875 0.46716480625 0.49971265468750004 0.46238075156249997
4 0.747062796875 0.6777140125 0.7852104078125001 0.6920486765625 0.8264071875000001 0.699381265625 0.8628854296874999 0.700207578125 0.9089021328125 0.6947798625 0.9797267390625001 0.6734715546875 0.98525550625 0.48346009843750004 0.984252228125 0.48325627187500003 0.939809759375 0.48210812656249996 0.8988074156250001 0.48871010156250005 0.848659646875 0.503201378125 0.8118835078125001 0.520824009375 0.790249746875 0.5358197671875 0.7260331671875 0.60334415625 0.7141323078124999 0.6260204468749999 0.71953554375 0.655063834375 0.747062796875 0.6777140125
4 0.724181846875 0.497199659375 0.75269585625 0.4977041421875 0.8033338828125001 0.4918154171875 0.8916334265625 0.4654249453125 0.921820971875 0.45320391718749997 0.9580075562499999 0.43312838593749997 0.987033403125 0.40951122812499996 0.9506040984374999 0.2579442078125 0.9225410546875 0.252753209375 0.883505984375 0.254414590625 0.8187081734375001 0.2670183546875 0.7632502234375 0.28566738593749996 0.7249991484375 0.3037162328125 0.6934338859375 0.32333075624999996 0.6457394828125 0.36771784687500003 0.631379015625 0.3998491125 0.62999921875 0.42035954062499997 0.64818244375 0.46319831406249995 0.6924242296875 0.48976268593750005 0.724181846875 0.497199659375
4 0 0.44767551718750004 0.0055353171875000004 0.4539089109375 0.0159508296875 0.4972434859375 0.0335486609375 0.5113954984375 0.059996096875 0.5229902265625 0.10453578593749999 0.531105653125 0.1559598890625 0.5284874625 0.2197751046875 0.5117955281250001 0.256354725 0.493355265625 0.2930336484375 0.4687653515625 0.3291250953125 0.42860560625 0.350173459375 0.3849230859375 0.350078321875 0.3648388734375 0.3404468015625 0.3378917609375 0.3295347859375 0.3253054296875 0.293550965625 0.3068478 0.23976863437499998 0.299654390625 0.19168743906250002 0.30305542343749997 0.095423665625 0.3291240625 0.006826220312500001 0.3739634796875 0 0.382901009375 0 0.44767551718750004
4 0.113765940625 0.6088852218749999 0.07118936249999999 0.6220630609375 0.043951684375 0.633431659375 0.020646475 0.648035996875 0.0064397921875 0.661118721875 0.042297984375 0.8103095828125 0.045693296875 0.811310459375 0.0949536078125 0.8128152296875 0.1407737921875 0.8065698781249999 0.1890535875 0.79086955 0.248741903125 0.7570073125000001 0.2971251625 0.708923475 0.312666828125 0.6685810796875 0.3059851765625 0.6407815375 0.2774753296875 0.6140431937499999 0.235099434375 0.6018048046875 0.157914671875 0.6022484515625 0.113765940625 0.6088852218749999
4 0.6881459875 0.8066652984375 0.7518681484374999 0.756772221875 0.780485621875 0.7248931953125 0.7889463531249999 0.6944667828125 0.73379046875 0.6684330078125 0.7134413703125 0.6428341265624999 0.69190899375 0.63856330625 0.640091853125 0.6395462296875001 0.5562171109375 0.6646580609375 0.5288801359375 0.6821763078124999 0.4629921 0.7493092781249999 0.4530564359375 0.7801619046875 0.46023042500000005 0.8034470625000001 0.4821537578125 0.8224700796875 0.5403588125 0.841501778125 0.5990582843750001 0.8429021656250001 0.6468457421875 0.8317162203124999 0.6881459875 0.8066652984375
4 0.368664375 0.9671912828125 0.41654905312499996 0.9629726171874999 0.45932215000000004 0.9506124125 0.513011425 0.9246046796874999 0.5499861687500001 0.8946827515625 0.555592165625 0.8851929828125 0.5444857140625 0.8586720828125 0.54999449375 0.84221503125 0.4804823046875 0.8220786609375 0.46455592812499996 0.80831806875 0.4524668765625 0.777709003125 0.438602909375 0.7790920296875 0.3829484421875 0.796923428125 0.347450715625 0.813302209375 0.335551940625 0.8228615703125 0.350489478125 0.8718847875 0.348815940625 0.8846102984374999 0.331801425 0.912261978125 0.303676290625 0.9396266234375 0.3050519234375 0.9453500578125 0.32078178125 0.9582930171875 0.368664375 0.9671912828125
4 0.3129397515625 0.8075353 0.37793408125 0.79574916875 0.411661053125 0.7851286125 0.44804415625000005 0.7658707140625001 0.5083282734375 0.6951105859375 0.5044971890625 0.6726082671875 0.45926864375000004 0.6681895875 0.4202356546875 0.6567340374999999 0.40155592812499996 0.64464350625 0.388875240625 0.624698471875 0.35249421875000003 0.630839440625 0.3261419203125 0.6393289234374999 0.309621821875 0.6493492937500001 0.30922462031250003 0.6739478875 0.29781402031250004 0.705226728125 0.2549374609375 0.7499704421875 0.2265185859375 0.769550171875 0.22740188125 0.7797879875 0.2431317390625 0.7927309453125 0.29524261875 0.7995329375 0.3129397515625 0.8075353
4 0.41297693750000003 0.5477800140625 0.4530008484375 0.5108560093750001 0.458509628125 0.494398953125 0.454285509375 0.47026136875 0.3973567890625 0.463102753125 0.36795948125 0.4523604546875 0.3530198640625 0.4164541671875 0.342302284375 0.4178023984375 0.330010471875 0.42572649062499995 0.32843623593750004 0.43230235468749995 0.3058178015625 0.4563268765625 0.262746803125 0.48713602656250005 0.21623567812500002 0.5101950578125 0.15890975624999998 0.527635034375 0.1529107203125 0.5354895390625 0.15575920625 0.553903690625 0.1802352046875 0.5966728734375 0.2462100515625 0.602091840625 0.28760335000000004 0.6102420640624999 0.35771134375 0.5934805390625 0.3860309171875 0.5800504609375 0.3981262109375 0.57130873125 0.41297693750000003 0.5477800140625
4 0.284604140625 0.302437803125 0.35313998125 0.2791352125 0.396407496875 0.24914369375 0.4126338578125 0.231338409375 0.3831372515625 0.22674575937500002 0.3637686671875 0.2183519765625 0.3264112953125 0.181053984375 0.3243551296875 0.1265595765625 0.31747487812499997 0.1110593328125 0.2794244859375 0.1036919515625 0.2489432015625 0.1081280640625 0.22721222343749997 0.11615653906250001 0.201842521875 0.12873419218749999 0.179126865625 0.14579143125 0.13988903125000002 0.1859859703125 0.1225766140625 0.23208659687500002 0.1325018703125 0.26681862343749996 0.15127881406250002 0.28587643749999997 0.20220849843750002 0.30088955624999997 0.24252198281249998 0.297984328125 0.284604140625 0.302437803125
4 0.3992031484375 0 0.170241140625 0.0661634890625 0.189854853125 0.078858546875 0.23518061875 0.0902445078125 0.28611238125 0.0921406984375 0.343142484375 0.0800327359375 0.3568120140625 0.0647151453125 0.4053897109375 0.030565873437500002 0.46763277499999995 0.007332871874999999 0.47323340468749997 0 0.3992031484375 0