4 0.7195265375 0.117356071875 0.7430944796875 0.1484903765625 0.7536566109375 0.1777428953125 0.7889270703125 0.19964174375 0.8244418984375 0.2132931703125 0.874754571875 0.223448775 0.9236281859375 0.22706904374999998 0.9596317515624999 0.224225625 0.9957982265625 0.21588392343749999 1 0.0740740734375 0.7575083171875 0.0561117265625 0.72721055625 0.0784344234375 0.7195265375 0.117356071875
4 0.5501794578125 0.6530916062500001 0.544721903125 0.6168700703125001 0.5150990625 0.5696746015625 0.47176445625 0.5444232312499999 0.389358109375 0.5153592687499999 0.3290263453125 0.5127270328125 0.29622671875 0.5176445625 0.2648933015625 0.5281810499999999 0.24501803125000002 0.5377295078125 0.19823512031249998 0.57375494375 0.18620678125 0.5939869609375 0.18976369375 0.6392516234375 0.21819184531250002 0.6716643328125 0.277681896875 0.7027043578125001 0.3506664984375 0.719131325 0.40936913906249994 0.7216428859375 0.48490602968749996 0.7070335953125 0.5280234203124999 0.6845125140625 0.5501794578125 0.6530916062500001
4 0.8547978453124999 0.786781309375 0.8157532562500001 0.782052334375 0.7618022140625 0.7844847015624999 0.72232319375 0.7944178125 0.687595775 0.80929485 0.6605523734375 0.8403537312499999 0.6523796203125001 0.895770225 0.6584345171875 0.91183139375 0.675811803125 0.9314864328124999 0.733564125 0.9660713015625 0.7982130578125 0.9883095515625 0.874673115625 0.9976468265625 0.9206143140625 0.9900291781250001 0.9735607312500001 0.9663993874999999 0.9773348609375001 0.8390225265625 0.9194739296875 0.8081031781249999 0.8547978453124999 0.786781309375
4 0 1 0.2143738625 1 0.22218319062499997 0.9777843765625001 0.2213143265625 0.952005053125 0.2027695046875 0.916650875 0.18379025 0.8959587828125001 0.14691782343749998 0.8730228765625 0.1032845453125 0.857851690625 0.0675796515625 0.8506149265625 0.0057002265625 0.8451128734375001 0 0.8450793546875 0 1
4 0 0.31245552656250003 0.096550846875 0.313665096875 0.15921768281249998 0.292592121875 0.1910669890625 0.2646444078125 0.20678800000000003 0.22999165625 0.20760256093749999 0.20250024687499998 0.1985337921875 0.17795030625 0.171897671875 0.1401599890625 0.15283696093750002 0.1222170359375 0.1111586265625 0.0961699640625 0.0788477359375 0.0845926484375 0.030028424999999997 0.0791396203125 0 0.087264328125 0 0.31245552656250003
4 0.16513682031250002 0.0377177234375 0.14162318125 0.059854153125 0.125983625 0.0917577640625 0.125603496875 0.10458708593749999 0.17659496875 0.146936678125 0.2062721125 0.1922993890625 0.2627211390625 0.2157670203125 0.3275872890625 0.230674228125 0.4075499546875 0.2320054296875 0.4634559421875 0.21869717500000002 0.5001654578125 0.19202786875 0.5225115609375 0.1541923 0.517298375 0.10972334218749999 0.5020389468750001 0.073694134375 0.48631793281249996 0.0532433921875 0.47200882499999997 0.040244368749999995 0.460924015625 0.0341425203125 0.2141410046875 0.015862296875 0.1967146078125 0.0189338125 0.16513682031250002 0.0377177234375
4 0.5265300578125001 0.45939596250000003 0.5435272171875 0.43677683125 0.5451563375 0.3817940140625 0.536847821875 0.3315854234375 0.5080666921875 0.31108565625 0.4613923890625 0.2883420765625 0.385231003125 0.26892461875 0.321695303125 0.264218271875 0.2414068140625 0.2738836328125 0.1951940953125 0.29066508281250003 0.1683407578125 0.31530930156250003 0.172495015625 0.340413596875 0.16782486875 0.387824021875 0.1999999984375 0.4039832375 0.2303559453125 0.42643643906250006 0.26174366718750003 0.46917068593750005 0.32967799375 0.49073390625 0.40632811406249997 0.49365651718750003 0.471900215625 0.4847378375 0.4949794234375 0.4772634921875 0.5265300578125001 0.45939596250000003
4 0 0.8314889671874999 0.0305171609375 0.8340936843750001 0.0796351453125 0.8294665296874999 0.11745789375 0.8203291234375 0.1587832515625 0.803185646875 0.195411309375 0.7792654812500001 0.2191693171875 0.7488816296875 0.2184905171875 0.71668764375 0.20116753593749997 0.6951998453125 0.11960290312499999 0.6377280937500001 0.09380849375 0.6266334812500001 0.05166857500000001 0.6161648734375 0 0.612337571875 0 0.8314889671874999
4 0 0.58571648125 0.0964150859375 0.593764465625 0.150447584375 0.58858295625 0.180043275 0.581591315625 0.21151245156249998 0.5664729265624999 0.251833184375 0.5281320265625 0.2614721484375 0.4783344875 0.2555801609375 0.4567750390625 0.2336413375 0.4257614109375 0.1743142 0.389223103125 0.137170253125 0.375451 0.0934012140625 0.36486171875 0.0315760890625 0.35752690625 0 0.35807785625 0 0.58571648125
4 0.87757838125 0.45876618750000003 0.90261253125 0.44041595312500004 0.917871959375 0.42134166874999995 0.9193110171875001 0.3727735109375 0.9331042375 0.34808026875000003 0.9244698984375 0.30886824062499996 0.900603284375 0.287814121875 0.7985660343750001 0.26005119374999996 0.692618896875 0.2540400390625 0.6417903359375 0.261295659375 0.5873234046875 0.281139253125 0.553844978125 0.30896629062500003 0.545210640625 0.3248577578125 0.54102923125 0.3557733359375 0.545292096875 0.3772121125 0.5767069703125001 0.41902997500000005 0.623028296875 0.4536864984375 0.6665801203124999 0.47160682343750004 0.7086928859375 0.4829918109375 0.778799371875 0.4863481015625 0.832940478125 0.477501071875 0.87757838125 0.45876618750000003
4 0.945729921875 0.5832053515625 0.918279240625 0.57290644375 0.887434559375 0.5669480874999999 0.8402172171875 0.5625321140625 0.7927826578125 0.565447184375 0.71227695 0.5824435875 0.6707886828125 0.60508534375 0.6468949125 0.6400510984375 0.64597174375 0.6712080281249999 0.6709244421875 0.71071043125 0.7317720921875 0.751034934375 0.8013083875 0.7736352109375 0.8550150625 0.7794502671875 0.9041058921875 0.7757394921875 0.9550973656249999 0.762985590625 0.9799957578124999 0.7492172578125 0.98404140625 0.61267659375 0.969786603125 0.597844809375 0.945729921875 0.5832053515625
4 0.52395061875 0.8219695578125 0.50689915625 0.7913179546875 0.4236782484375 0.734641909375 0.3913945109375 0.7221482140625 0.2985617921875 0.714353325 0.24436638125000001 0.725033115625 0.222861990625 0.7344608953125 0.207222434375 0.7663645046875 0.1554164015625 0.8066098171875 0.17083874375000002 0.8371407421875 0.20757540937500002 0.8646585484375 0.2847957234375 0.9034406687500001 0.3332620609375 0.920806640625 0.38547537187500003 0.92191911875 0.44632302343749997 0.9071401296875001 0.5028263546875 0.8736715078125 0.5215340890625 0.8484239109375 0.52395061875 0.8219695578125
4 0.657941590625 1 0.700438675 0.9819853953125 0.7140146781250001 0.9646231953125 0.7142047421875 0.9582085328125001 0.6789614359375 0.9353933046874999 0.6552305796875 0.9097572812499999 0.650723346875 0.89656593125 0.6556378609375 0.8409080828125 0.6411658390625 0.8334073421875001 0.600627890625 0.8239757890625 0.5387756125000001 0.81755735625 0.524032075 0.8192204171874999 0.5180857828125001 0.8545972203125001 0.5044826265625 0.8728758031250001 0.43643969218749995 0.910081596875 0.44575283125 0.9263841156250001 0.43994230312499993 0.95717901875 0.44784353593750004 0.9660298203125001 0.49286156718749996 0.9895691031249999 0.53408430625 1 0.657941590625 1
4 0.758951253125 0.7704976453125 0.7576479578125 0.75938040625 0.7237894015624999 0.7449332765625 0.6694039296875001 0.7069242328125 0.650723346875 0.6761519578125 0.6449671203125 0.65001060625 0.6255805875 0.6430642171875001 0.59628356875 0.6399756765625 0.5570489140625 0.6416613640625 0.5481702109375 0.6658002546875 0.5313359640625 0.682921103125 0.49316024062499997 0.703971453125 0.44700182499999996 0.7189201421875 0.44789784062500004 0.7437830859375001 0.526068475 0.8055953875 0.5681540875 0.81789675625 0.6055967078125 0.8215886765624999 0.6758661078125 0.8194466828125 0.6925645921875 0.8069077359374999 0.7453752484375 0.787859846875 0.758951253125 0.7704976453125
4 0.5358160453124999 0.5868218484375001 0.55031521875 0.593406209375 0.5827347171875 0.6013180031250001 0.659411990625 0.6033242359375001 0.7007644984375 0.585264378125 0.7683186953125001 0.5645534296875 0.784528446875 0.5134058328125 0.78349666875 0.49312479218750005 0.77554113125 0.48610675 0.7120325828125 0.480484021875 0.6585702765625 0.4664215453125 0.6070086109374999 0.4433159375 0.5782274828125 0.422816171875 0.5751593046875 0.41616015937500006 0.5606329796875 0.410492178125 0.549174834375 0.41148020937499996 0.541409359375 0.45315099999999997 0.513116965625 0.47125988281250003 0.45536464375 0.49177850312500004 0.4562063546875 0.518474209375 0.46551949531250003 0.5347767265625001 0.515234821875 0.5650926984375 0.5358160453124999 0.5868218484375001
4 0.7309846859375 0.226575028125 0.746407025 0.20200246093750002 0.74920368125 0.16271878281250002 0.7211556578125 0.1174767484375 0.6715489375 0.08349525625000001 0.6441797125 0.07044720625 0.6150184546874999 0.062776765625 0.59063595 0.05913386875 0.55791778125 0.061302259375 0.519877815625 0.07777070625 0.516076534375 0.0958569625 0.5257698015625001 0.15443365 0.4949522734375 0.20266240624999998 0.47659751406249995 0.21599705781249998 0.4468660640625 0.2275706015625 0.4676373515625 0.2428850875 0.51922616875 0.265074315625 0.595686225 0.27441158906249996 0.638559246875 0.260137928125 0.6811879015625 0.254111690625 0.7309846859375 0.226575028125