4 0 0.3283935578125 0.040233751562499996 0.310071534375 0.0734612859375 0.28826990625 0.105140771875 0.258636659375 0.111037753125 0.22804670625 0.1295960390625 0.19245585781250002 0.1157831578125 0.1571034796875 0.08048790781250001 0.14254889375 0.07635978125000001 0.1216645765625 0.062378553125 0.111356075 0.035385778125 0.10523565937499998 0 0.11662544374999999 0 0.3283935578125
4 0.6475748703125 0.47369492031249993 0.6146876921875 0.47132285312500005 0.5812283796875 0.4746882046875 0.521530321875 0.49205240625 0.44401811562500004 0.5401402156249999 0.404833828125 0.5749657015625 0.382782978125 0.6274149671875 0.3830745296875 0.663417340625 0.41012084218749995 0.6880314046875 0.456645240625 0.6989716140625 0.5342208734375 0.6943639546875 0.5923147703125 0.677516090625 0.6624380624999999 0.643838653125 0.716803959375 0.5994988765625 0.7400027265625 0.5614888296875 0.7363869625 0.5173009937499999 0.7212016953125 0.5009012359375 0.668888896875 0.4779410046875 0.6475748703125 0.47369492031249993
4 0.3161363546875 0.93763655625 0.31962891718750003 0.9207781421875 0.30271994687500003 0.869762525 0.270861140625 0.84669748125 0.233905609375 0.84100719375 0.1929976125 0.841216821875 0.13885618125000002 0.8521647671875 0.1007002671875 0.8662972734375 0.039629825 0.9026140937499999 0.005920940625 0.930612403125 0.0191708046875 0.9976438796875 0.271574575 0.9882955921875001 0.3019306609375 0.960719890625 0.3161363546875 0.93763655625
4 0.8951795921875 0.733671896875 0.8607480203125 0.7493822671875 0.8196716765625001 0.774635771875 0.7865600296874999 0.8056555390625 0.770922178125 0.830125390625 0.758036409375 0.8685181234374999 0.7612483937500001 0.8933994999999999 0.776721553125 0.919887575 0.8004436515625001 0.9363161812499999 0.8145595140624999 0.9410280828124999 0.9585908859375 0.8946680375 0.9667784890625001 0.71044696875 0.955965796875 0.7131808171875 0.8951795921875 0.733671896875
4 0.7723715984374999 0 0.7627843624999999 0.003457309375 0.7324211468749999 0.0224858984375 0.6950130265625 0.0576652234375 0.678859159375 0.0795245359375 0.658296584375 0.12223932343749999 0.6531437421875 0.1479620375 0.658303896875 0.174067434375 0.6794495734375 0.20335739375 0.7156048515625 0.2222628796875 0.7813792078125 0.227007015625 0.8852497093749999 0.200052546875 0.9683783125 0.1631145734375 0.9789385484375 0.156116165625 0.9480796437500001 0 0.7723715984374999 0
4 0.46297369687499995 0 0.4442292296875 0.0060333703124999995 0.39031957500000003 0.035417590625 0.36402471406250003 0.05776440000000001 0.351823309375 0.0737237921875 0.339393784375 0.0971609640625 0.329888346875 0.135391196875 0.33172794843750003 0.1792251890625 0.359978296875 0.2099305125 0.40077405937500005 0.2264167984375 0.4585837171875 0.225394675 0.5380477531250001 0.20444494062500002 0.6003222359375 0.1742193796875 0.652855846875 0.13787371875 0.6752507046875 0.0871648125 0.719359715625 0.034094390625 0.71695164375 0.021911875 0.7000084515625 0 0.46297369687499995 0
4 0.709939646875 0.271289109375 0.7101079984374999 0.24624523437499998 0.6794532296875 0.2292714515625 0.6307525359375 0.2245849984375 0.5492244390625001 0.2350925765625 0.4866620640625 0.2552298171875 0.4138464609375 0.292550471875 0.370937828125 0.32579809531250004 0.345502990625 0.3524958046875 0.3451662921875 0.40258355625000003 0.35548660625 0.45479434999999996 0.376000378125 0.47225563125000003 0.41026359843750004 0.48158913906249995 0.4344419390625 0.48306218437500004 0.50118855625 0.475461303125 0.5771002546874999 0.4538038859375 0.641379025 0.4164543890625 0.6658940640625 0.3678396828125 0.69258905625 0.338885275 0.7220922453124999 0.3155057859375 0.709939646875 0.271289109375
4 0.9284901046874999 0.48786190781250005 0.8739485484375 0.5054174515625001 0.833616340625 0.52580371875 0.8096697765625 0.5427669484375001 0.737489734375 0.6178303390625 0.7236280500000001 0.6426540296875001 0.7280440703125 0.6736266671875 0.7565225437499999 0.696854209375 0.796802290625 0.71072995625 0.8406904921875 0.716965428125 0.879822321875 0.71640195625 0.929495271875 0.708743390625 0.967416171875 0.696099096875 0.9770608234375 0.4790944203125 0.9728345515625 0.479141821875 0.9284901046874999 0.48786190781250005
4 0.9232409265625 0.2368779703125 0.8530578625 0.2529893078125 0.792615665625 0.2752207484375 0.7506792953125 0.29612335624999997 0.715847596875 0.3184413234375 0.66251373125 0.3680021828125 0.6455596109374999 0.40307668906250005 0.643099078125 0.42515618593750004 0.660580184375 0.470434384375 0.7068203421875 0.4972003296875 0.740567546875 0.5039232984375001 0.771162540625 0.5033309859374999 0.8258199890625001 0.49499358281249994 0.921897790625 0.46314303125 0.954897203125 0.44881918125000003 0.9790257703125 0.43488314375000003 0.9878245437500001 0.23691073437500001 0.965237071875 0.2335414609375 0.9232409265625 0.2368779703125
4 0 0.5473425015625 0.02611708125 0.5580334078125 0.0735576203125 0.5649765578125 0.1289030890625 0.5601198734375 0.198226128125 0.5396576343749999 0.2383863296875 0.518401190625 0.27894665937499996 0.49053714531250003 0.31961922343750004 0.44597718124999997 0.344306265625 0.39823265625 0.3451626359375 0.3766695 0.33610613125 0.3481160625 0.3249892203125 0.3350345234375 0.287229778125 0.3166453734375 0.22982024843749999 0.311059903125 0.17802711875 0.3166242703125 0.07341248125 0.3484459765625 0 0.3874420640625 0 0.5473425015625
4 0 0.8681883609375 0.0498232828125 0.8678645812499999 0.09932422656249999 0.8593358359375 0.1519176109375 0.8405562718749999 0.21762854062499998 0.8018202546875 0.271878546875 0.7482623375 0.2904929484375 0.7043235328125 0.28464476875 0.6747374140625 0.255306271875 0.6471589718749999 0.2103860390625 0.6357024234375 0.1274818984375 0.6392485609375 0.079757121875 0.6481311484375001 0.0334083859375 0.6639751734375 0.0036172999999999995 0.67726634375 0 0.6796020656249999 0 0.8681883609375
4 0.6991654734375 0.657006721875 0.6434759953125 0.660123046875 0.55221068125 0.6904245812500001 0.522019471875 0.710323346875 0.448063259375 0.7850328984375 0.43592162968750003 0.8185583875000001 0.44251394375 0.843277265625 0.46514789375000004 0.8628327484374999 0.5267416671875 0.8809545796875 0.5897078234375 0.880123796875 0.6415570703125 0.866211471875 0.6871018953125 0.8376685875 0.757909553125 0.781557815625 0.790161171875 0.74618715 0.8006986375 0.7131779984375 0.7427133203125 0.6874158890625 0.7220836609375 0.6607364671875 0.6991654734375 0.657006721875
4 0.5345416765625 0.937678771875 0.54101444375 0.9272654593749999 0.5303537765625 0.8992283578125001 0.5370546671875001 0.8813372656249999 0.46337172656250003 0.8624789078124999 0.44692630937500005 0.8483358453125 0.4354056125 0.8159478484375 0.420452125 0.817984365625 0.359837925 0.8393456265625 0.3209378734375 0.858345371875 0.3077044390625 0.8690836875000001 0.32140508749999996 0.9211319828125 0.3190006671875 0.9348635203125 0.2994103546875 0.9652332875 0.2757486140625 0.9881409984375 0.4748227171875 0.9807678828125 0.4934092109375 0.9712802359375001 0.5345416765625 0.937678771875
4 0.44793640156250003 0.698072590625 0.4065685046875 0.6873237234375 0.387086765625 0.6750835203125 0.3744218078125 0.6541703609375 0.33506185624999996 0.6622116109375 0.3063589203125 0.6723758984375 0.2881409921875 0.6837930546875 0.2865404828125 0.7102234484375 0.272794690625 0.7442652796875 0.2246173265625 0.7940174796874999 0.193165959375 0.8161729484375 0.19362585937500001 0.8271314468750001 0.209899271875 0.8404043265625001 0.265532634375 0.8456359609374999 0.28415435 0.8535252625 0.35450941875 0.83828410625 0.39123317343749997 0.8255381156249999 0.431221371875 0.8034114890625 0.4993330625 0.7250298796875 0.49629308281249995 0.7010186843749999 0.44793640156250003 0.698072590625
4 0.34585796874999997 0.43197832968750005 0.334284815625 0.4338523484375 0.32070737031249996 0.4428503015625 0.3187030796875 0.449974240625 0.29326824375 0.4766719515625 0.24554712343750001 0.5114685921875 0.19450178437500001 0.5380797765625001 0.1321114140625 0.559087196875 0.1252946359375 0.5677601531249999 0.1274745859375 0.5874204515625 0.1517163546875 0.632373646875 0.22230320468749998 0.635568765625 0.26636340937499997 0.6426744171875 0.3424471140625 0.6218871765625 0.373498353125 0.6063393109375 0.386903790625 0.596471171875 0.40397380156249996 0.570614803125 0.44871471874999996 0.5293730609375 0.455415609375 0.5114819640625 0.45203162187499996 0.4857304078125 0.39124176093749996 0.48030743437499995 0.3601868640625 0.46994125000000003 0.34585796874999997 0.43197832968750005
4 0.3285196203125 0.1802578671875 0.328912434375 0.121822159375 0.3222640015625 0.105451240625 0.2817561328125 0.099053271875 0.2488128375 0.10502916250000001 0.22509439375 0.1145146140625 0.1972514859375 0.1290298046875 0.17204476875000002 0.148249734375 0.12799187343750001 0.192972196875 0.10720117968750001 0.24316476250000002 0.11620156718750001 0.2800661578125 0.1354551828125 0.2997841421875 0.1894282671875 0.3138800703125 0.23285656875 0.3091570421875 0.2778329171875 0.312265634375 0.35254058125 0.2845169578125 0.40043370468750006 0.25059049375 0.41870775312499997 0.23082538125 0.38725273125 0.22706679531249999 0.36685485 0.2188236515625 0.3285196203125 0.1802578671875
4 0.3623318953125 0 0.16630334062500002 0.06309661718750001 0.186759165625 0.07594883125 0.234887728125 0.0863727 0.28948905625 0.08638325625 0.3513072953125 0.0711132546875 0.366717025 0.0541211796875 0.42051078906250006 0.015518821875 0.4589614046875 0 0.3623318953125 0